    473.33760002
    473.59623353
    473.46225036
    473.54899950
    473.28851770
    473.31761001
    472.58803774
    472.58803774
    472.34747565
    472.34408184
    471.89232177
    472.68380489
    472.68380489
    472.14535562
    472.47452304
    472.47452304
    471.51497455
    471.34101306
    471.34101306
    471.56754146
    471.56754146
    471.54351923
    470.25718783
    470.25718783
    470.25718783
    470.25718783
    472.44166204
    473.14300195
    473.09313297
    472.15885589
    472.37589042
    472.67430645
    472.86851957
    472.93267135
    472.29618241
    472.29618241
    472.29618241
    471.72433023
    472.48745174
    472.53402551
    472.53402551
    472.53402551
    472.53402551
    471.80832294
    472.39920674
    472.39920674
    472.48826086
    473.08911277
    473.31441693
    473.45339605
    472.24415911
    472.18925648
    471.27752441
    471.27752441
    471.84375037
    471.84375037
    471.84375037
    471.53621681
    471.89276737
    471.89276737
    471.01629436
    471.59079699
    472.32889250
    472.32889250
    472.41626836
    472.21196980
    472.63992342
    472.28197503
    472.68887287
    472.68887287
    473.04225350
    473.04225350
    473.12234986
    473.12234986
    473.12234986
    473.22946068
    473.15569060
    473.41438171
    473.47775131
    473.40914671
    473.23759785
    473.22101073
    473.10244457
    473.58216922
    473.59314752
    473.44921865
    473.54237486
    473.54113657
    473.60650565
    473.25580227
    473.25580227
    472.23191874
    472.23191874
    472.60841728
    472.61797148
    472.93901496
    473.03268495
    473.03268495
    473.03268495
    473.12660369
    471.70313727
    471.98934905
    471.98934905
    470.10740929
    471.66767205
    470.86694766
    471.03961701
    470.82563575
    471.80180592
    472.91266978
    472.91266978
    472.91266978
    472.96319632
    472.67332614
    472.67332614
    473.02478377
    473.56226993
    473.53961945
    473.61486577
    473.61108147
    473.56593848
    473.54342285
    471.10715235
    471.10715235
    471.10715235
    471.75737859
    471.80867425
    472.08518309
    472.36090792
    472.36090792
    472.36090792
    472.36090792
    473.60391646
    473.31187253
    473.31187253
    473.34013505
    472.76136060
    472.76136060
    473.40854516
    473.26289188
    473.15682163
    472.63761278
    471.94435731
    471.94435731
    471.94435731
    472.71870200
    472.71870200
    472.71870200
    472.87433320
    473.17717566
    473.20291830
    472.85209112
    473.25427796
    473.24631495
    472.64579652
    473.54163326
    473.54163326
    473.54163326
    473.53951373
    473.52620342
    473.39921410
    472.79272155
    472.77819544
    472.91303301
    472.91303301
    473.12990656
    473.39272091
    473.36659217
    473.21090756
    473.13191530
    473.13191530
    473.53203027
    473.11626619
    473.23484110
    473.21728584
    473.48552499
    473.57550405
    473.53421460
    473.53550542
    472.40622919
    472.40622919
    472.37938465
    472.37938465
    472.37938465
    471.69606938
    472.71474260
    472.71474260
    472.72889360
    472.86586672
    472.86586672
    472.72261473
    473.38487202
    473.07894294
    473.12238348
    472.05338430
    472.02793308
    472.02793308
    473.04706920
    473.17601896
    473.17601896
    471.61056893
    471.61056893
    470.35432377
    470.35432377
    470.05924465
    469.63007588
    469.63007588
    471.69552298
    472.45409646
    472.45409646
    472.45409646
    473.05854469
    473.14425962
    473.37901046
    473.37255243
    473.37255243
    473.23605166
    473.44338673
    472.96009566
    472.96009566
    472.95220489
    472.75750774
    472.85599441
    472.34667341
    471.65330558
    471.65330558
    471.65330558
    471.63087893
    471.63087893
    471.60937490
    471.60937490
    471.90633263
    471.90633263
    471.90633263
    471.90633263
    471.88985615
    472.40871455
    473.44776062
    473.45176671
    472.81700647
    472.81700647
    472.72389835
    472.40703877
    472.93698412
    472.81509715
    473.01338105
    473.01338105
    473.01338105
    472.87713228
    472.87713228
    471.57306883
    471.65703175
    473.54809008
    473.52989245
    473.53553556
    473.61499186
    473.60481929
    473.57275559
    473.56361729
    472.17188045
    472.17188045
    472.17188045
    472.87596933
    473.51068477
    473.09646710
    473.09646710
    473.09646710
    473.09646710
    473.60676516
    473.54098564
    473.45619723
    471.75938316
    472.15121655
    471.39265331
    469.52524652
    469.58585452
    469.58585452
    469.86349848
    471.54303122
    471.54303122
    471.54303122
    472.99975430
    473.35840233
    473.04878207
    473.04878207
    473.04878207
    472.94326889
    472.94326889
    472.94326889
    473.12723300
    473.12723300
    473.29136973
    472.03377672
    472.03377672
    472.03377672
    472.71898515
    473.01287488
    471.91497274
    470.37824515
    472.45355647
    473.29525823
    473.32778674
    473.41865589
    471.79307748
    470.75935553
    470.98846869
    470.98846869
    473.21754014
    472.84459019
    471.74007768
    471.58663715
    471.58663715
    471.57715735
    473.30986695
    473.14068221
    473.15152979
    473.15540863
    473.26623877
    473.49181486
    473.49181486
    473.22312315
    473.11396400
    472.84673789
    472.82800300
    473.41977915
    473.39495539
    473.39495539
    473.39495539
    472.81162236
    472.81162236
    472.81162236
    472.81162236
    472.81162236
    473.43850050
    473.37797556
    473.01200926
    473.00461016
    473.55868088
    473.50513669
    473.03241430
    473.03241430
    473.47343842
    473.45294518
    473.55819413
    473.42461712
    473.42262742
    473.41513742
    473.43207643
    473.43207643
    473.50485081
    471.19188456
    471.19188456
    471.65918790
    473.19446763
    473.19446763
    472.88143790
    472.72428685
    472.76036293
    473.06669732
    473.05182996
    473.05182996
    472.97371460
    472.97371460
    473.10214573
    473.47251620
    473.34711319
    473.59887275
    473.59887275
    473.59477301
    473.52833805
    473.02641733
    473.02641733
    473.16617520
    473.39180261
    473.00143829
    473.00143829
    473.00143829
    472.81198371
    472.75649972
    471.92408135
    471.92408135
    472.80515332
    472.80515332
    472.15815971
    471.94531951
    472.18647833
    472.18647833
    470.78533564
    470.78533564
    472.22017644
    473.31780572
    473.31780572
    472.94421632
    472.94421632
    472.94421632
    472.94421632
    472.94421632
    472.62246184
    472.09922576
    471.64525153
    473.48423119
    473.50349855
    473.55309129
    473.21377895
    473.47624660
    473.35245275
    473.26367433
    473.33542829
    473.51224907
    473.46691071
    473.39992428
    471.56421001
    472.85678569
    473.13683647
    473.13683647
    471.96710908
    473.02263598
    471.44931955
    470.77671659
    469.31135368
    471.97413398
    472.58495756
    473.47472859
    473.54463732
    473.56662181
    473.59161759
    473.45302068
    473.45292857
    473.32842734
    473.02428237
    473.33228598
    473.33228598
    473.33228598
    473.32029981
    473.06844094
    472.92260058
    472.92260058
    473.24727749
    472.68017180
    472.74214100
    468.73174649
    470.93601333
    470.93601333
    470.75690379
    470.78960488
    471.29559633
    471.29559633
    472.03140889
    473.13503070
    471.80954087
    472.93354227
    472.93354227
    472.97164929
    473.02883752
    473.16171912
    472.64029431
    473.04610828
    472.58822791
    471.96344256
    470.00818290
    470.00818290
    473.28602218
    473.28602218
    473.29656383
    473.43834317
    473.44649256
    473.52963132
    473.48363213
    473.50529694
    472.90200176
    472.69909758
    472.63399668
    471.06573850
    469.29264744
    468.52015312
    470.39990542
    471.02545555
    473.10938863
    472.52211151
    472.32245985
    472.37451617
    472.93502781
    473.04245100
    473.04245100
    472.73471392
    472.16036633
    471.57326785
    471.28589125
    471.51926665
    471.51926665
    471.51926665
    471.27889296
    472.15544700
    472.15544700
    472.15544700
    472.17971784
    472.43569090
    472.98657275
    473.09139809
    473.09139809
    473.53308428
    473.44936721
    473.44936721
    473.44936721
    473.61123626
    473.44603107
    473.56342642
    473.50010279
    472.60313591
    473.27055346
    472.25661382
    472.64192625
    472.33079354
    472.33079354
    473.13649489
    473.13649489
    472.14144344
    472.14144344
    471.85344766
    471.54798353
    471.54798353
    469.25923438
    469.25923438
    469.77539910
    471.29249233
    472.45867726
    472.45867726
    473.26178045
    473.16273711
    472.53456973
    472.72743661
    472.50669057
    472.50669057
    473.05218348
    473.05218348
    472.31859995
    473.17283276
    473.17283276
    472.54479617
    470.94086500
    470.94086500
    473.21287402
    472.79069470
    473.28897352
    473.10041182
    473.49224438
    473.29694211
    473.29694211
    473.33072709
    473.19580480
    472.25272614
    471.70292577
    471.70292577
    471.70292577
    472.57096459
    471.92374768
    471.92374768
    471.88715921
    471.88715921
    471.88715921
    471.88715921
    471.47315534
    471.47315534
    471.47315534
    471.90663973
    473.25867123
    473.24988171
    473.34475269
    473.59963220
    473.52526469
    473.52526469
    473.58586300
    473.31418135
    473.31418135
    472.50225213
    472.65232255
    472.65232255
    471.45752635
    471.45752635
    471.35838016
    471.35838016
    471.35838016
    471.35838016
    471.35838016
    471.35838016
    473.31258470
    473.31258470
    473.33952380
    473.33952380
    473.10204534
    473.51539175
    473.51539175
    473.51266063
    473.55317668
    473.55317668
    473.02347237
    473.02347237
    472.53716242
    472.20922472
    472.20922472
    473.48399041
    473.48399041
    473.23478665
    473.23478665
    473.07477744
    473.52387723
    473.49824658
    473.07524585
    473.07524585
    473.46593618
    473.46593618
    473.59750294
    473.61536586
    473.56606044
    473.47800189
    473.23505196
    473.39338549
    473.45606327
    473.41931505
    473.22848627
    473.48916581
    473.49684969
    473.49684969
    473.53166552
    473.46641499
    473.50908552
    473.16451078
    472.70755432
    473.41053710
    473.37550390
    473.33472506
    472.84264416
    472.32657844
    471.87216710
    471.78130823
    471.78130823
    471.05461831
    471.05461831
    471.05461831
    470.88158926
    470.88158926
    470.88158926
    469.64097941
    471.07107713
    471.07107713
    471.82561606
    473.05015762
    472.90191688
    472.37387493
    472.37387493
    471.52201798
    471.31553416
    470.72905285
    470.96199157
    470.96199157
    471.63189825
    471.63189825
    472.17473733
    472.17473733
    471.96494852
    471.29320088
    471.29320088
    472.55078298
    472.55078298
    471.97720412
    472.17103159
    472.34296045
    473.10725328
    473.10725328
    473.25424716
    472.32135501
    472.32135501
    472.32135501
    473.12011069
    473.55992352
    473.58372081
    473.40237364
    473.43131314
    473.43131314
    473.43131314
    472.87049054
    471.98020551
    470.57785982
    472.21230176
    473.06230081
    473.12961194
    473.16772852
    473.16772852
    473.25439189
    472.65660112
    472.56464344
    472.56464344
    473.18175409
    472.80104333
    472.77846901
    472.85580477
    473.55034603
    473.38185600
    473.38185600
    473.24165858
    472.21287717
    472.21287717
    472.21287717
    472.62471024
    473.10156404
    473.10156404
    472.73627512
    472.54754249
    472.96147580
    472.96147580
    472.50476660
    472.72700326
    473.40540471
    473.27090913
    473.27090913
    473.02986583
    473.11614414
    471.61297923
    471.88249857
    472.46756034
    471.86730707
    471.93250820
    470.56117079
    471.22392163
    471.10311793
    471.09486363
    472.84216724
    473.37863584
    473.47989522
    473.43459881
    473.09818667
    472.98845211
    472.87758370
    473.36996701
    473.35425016
    472.01607327
    472.01607327
    472.01607327
    472.58992965
    472.58992965
    472.58992965
    472.46594176
    473.14665104
    473.14665104
    473.14665104
    472.46226255
    472.46226255
    472.09381533
    472.09381533
    473.18987452
    473.28097501
    472.72115404
    472.69748863
    472.53905008
    472.53905008
    472.19116757
    472.89827718
    472.89827718
    472.89827718
    473.32856756
    473.33264805
    473.11209943
    473.16701404
    473.19238699
    473.43019232
    473.47875671
    473.51043446
    473.55670831
    473.61254683
    473.49216298
    472.23669644
    471.29364383
    471.29364383
    471.29364383
    471.35894140
    472.73302141
    473.42247358
    473.42247358
    473.58668367
    473.28361713
    473.28361713
    473.17763394
    471.68326699
    472.91239396
    472.95561503
    473.55337157
    473.55391191
    473.55880457
    473.57534485
    473.57534485
    472.93604735
    472.93604735
    473.58116502
    473.61262800
    472.81009111
    472.61521865
    473.22531099
    473.25895697
    473.25895697
    473.26284380
    472.83979699
    472.83979699
    472.79252937
    472.79011853
    473.56710020
    473.06142558
    473.06142558
    473.04389896
    473.00906987
    473.13342210
    473.13342210
    473.13342210
    473.61235937
    473.59435948
    473.42642507
    473.41110494
    473.41110494
    473.41110494
    473.44090620
    473.59439018
    473.51887459
    473.25366391
    473.40507326
    473.59867491
    473.59867491
    473.59380415
    473.56153696
    473.60043869
    473.60043869
    473.57434637
    473.58374506
    473.43586206
    473.20170721
    473.20170721
    473.20447840
    473.20447840
    472.34416585
    472.34416585
    472.34416585
    473.10478428
    473.10478428
    472.49779282
    472.49779282
    472.93722996
    472.78114842
    472.78114842
    472.78114842
    472.82149906
    473.01279279
    471.65627729
    473.41801545
    473.40717979
    473.26021154
    472.79398446
    472.78467501
    473.21810904
    473.17028030
    473.16285989
    473.16285989
    473.34030078
    473.46269285
    472.34367139
    472.34367139
    472.34367139
    472.34367139
    472.91271622
    473.12327919
    473.36491196
    473.36278798
    473.20148745
    473.33777765
    473.37613101
    473.53285923
    473.41192779
    473.57871267
    473.04732929
    472.75099244
    472.63100009
    473.03816632
    472.99167845
    473.34099669
    473.34099669
    472.94890258
    472.93457388
    472.93457388
    472.93457388
    472.16442908
    472.81815136
    472.81815136
    472.35037045
    473.33590422
    473.13299253
    473.49879679
    473.26786764
    473.53946037
    473.48207006
    473.55260330
    473.57015401
    473.60015885
    473.50669910
    473.17451576
    473.07834432
    472.95931224
    473.06711521
    472.71735785
    473.10559711
    473.14285671
    473.11182375
    472.98678882
    473.30173509
    472.52453950
    472.58818708
    471.78983885
    471.78983885
    471.78983885
    471.78983885
    472.00823715
    471.79956553
    471.79956553
    471.64399584
    472.66219213
    473.49888318
    473.49888318
    473.50071410
    473.50071410
    473.36635595
    473.09292465
    473.08846483
    473.28661353
    473.28661353
    473.28661353
    473.23103684
    473.35803019
    473.35803019
    473.59395518
    473.52040035
    473.46263879
    473.52896120
    473.44923868
    473.59825995
    473.56026714
    473.56111300
    473.26575620
    473.29547259
    473.26128928
    473.26128928
    473.27956141
    473.29889920
    471.21736174
    472.20663457
    470.58049287
    470.58049287
    470.77525934
    470.77525934
    472.28334590
    472.02224868
    472.02224868
    471.77533492
    471.77533492
    473.12665588
    473.09730218
    473.23777732
    472.91092770
    472.91092770
    472.91092770
    473.23098530
    473.31348794
    473.24375829
    473.26368028
    472.96400910
    472.94992444
    473.08587028
    472.62351104
    472.03628136
    471.98345652
    471.98345652
    472.90985405
    473.28052662
    472.90557615
    472.75091425
    471.50618809
    471.50618809
    471.09823836
    472.62274923
    472.62274923
    473.25430228
    473.08852101
    473.08852101
    472.42495618
    470.25622395
    470.25622395
    470.25622395
    471.16310446
    471.16310446
    471.16310446
    471.16310446
    471.16310446
    471.16310446
    472.13265172
    472.13265172
    473.42605148
    473.25317718
    473.36097243
    473.33797118
    473.33797118
    473.42974096
    473.43466091
    473.43466091
    473.43466091
    473.51737033
    472.76026580
    473.02349855
    473.16944397
    473.16944397
    473.19088031
    473.47338404
    473.47338404
    473.26552186
    473.03375349
    471.91290312
    471.91290312
    471.68804448
    471.68804448
    472.35018684
    472.88887882
    472.61320553
    472.22054590
    472.62329621
    472.79341016
    473.28498002
    473.28498002
    473.28498002
    473.35256631
    473.34904763
    473.34904763
    473.28554576
    473.28045367
    473.58181145
    473.58181145
    473.09706127
    472.78560076
    472.78560076
    472.61641576
    472.61641576
    472.61641576
    473.01515099
    472.99959281
    473.45905330
    472.97430611
    472.28842920
    472.03601968
    470.55480004
    469.79234170
    472.42829733
    472.40772781
    472.26227512
    472.45366107
    472.45366107
    470.79762953
    470.18150551
    470.18150551
    471.87310243
    471.05828744
    471.05828744
    471.05828744
    471.05828744
    472.81815683
    472.90871868
    472.45468530
    472.82086591
    472.82086591
    473.46129332
    473.53641075
    473.53239500
    473.53239500
    472.70633742
    472.05042495
    472.15773599
    472.24574812
    473.01043370
    472.62630001
    472.62630001
    471.38750560
    471.38750560
    471.67739721
    471.73980009
    472.65741683
    472.96284134
    472.64817039
    472.64817039
    472.86487265
    472.87159916
    471.77199607
    472.18419762
    471.05906025
    471.05906025
    470.78173569
    470.78173569
    470.78173569
    470.78173569
    471.68953106
    471.68953106
    471.68953106
    472.06442892
    471.10372001
    471.10372001
    471.02627150
    471.43686009
    471.43686009
    473.03048257
    472.36140930
    472.36140930
    471.74384653
    472.10294252
    472.92001659
    472.92001659
    473.33155547
    473.30396263
    473.50238136
    473.50991884
    473.50991884
    473.52550047
    473.51514647
    473.51389140
    473.48067615
    473.47335342
    473.47335342
    472.58963078
    472.58963078
    472.72958436
    472.65244302
    472.97582312
    473.11689451
    473.30107099
    472.45848495
    472.45848495
    473.58058703
    473.58651175
    473.59900924
    473.56978928
    473.56558167
    473.58515745
    473.46485392
    473.54494189
    473.41928045
    473.38749942
    472.91867077
    472.91867077
    472.91867077
    471.79992309
    473.59166849
    473.59166849
    471.94541233
    471.94541233
    471.94541233
    471.94541233
    471.94541233
    471.94541233
    471.60289357
    471.60289357
    473.43749153
    473.52961550
    473.27928487
    473.30513469
    473.38196155
    473.45393288
    473.56221931
    473.56708354
    473.50417840
    473.38133575
    473.35645395
    473.35645395
    469.89536989
    470.53318889
    470.53318889
    470.53318889
    470.53318889
    470.53318889
    470.53318889
    470.53318889
    470.53318889
    472.99477038
    472.99477038
    473.38807949
    473.37763899
    473.41472622
    473.49167175
    473.55505556
    473.25411849
    472.07067950
    473.31186633
    473.06839285
    473.14990252
    473.10930532
    472.93405006
    472.93405006
    472.93943365
    472.08352368
    472.08352368
    469.91038441
    473.43299474
    473.34403601
    473.24606230
    473.24606230
    472.79847089
    472.79847089
    472.23725712
    472.26069300
    471.86181942
    471.86181942
    471.57767228
    471.14771206
    471.14771206
    471.14771206
    470.21124127
    470.89386871
    472.41845716
    472.32809821
    472.32809821
    472.79971125
    472.79971125
    472.46317552
    472.31121672
    472.54644929
    471.70684209
    472.06520055
    472.06520055
    472.59137192
    470.66251726
    472.22475800
    472.22475800
    471.91844282
    470.92327667
    471.55224004
    471.91722165
    472.24954438
    471.49653529
    472.82957547
    472.02198372
    472.02198372
    472.02198372
    473.30346912
    472.88822104
    472.88822104
    473.53885723
    472.70493438
    471.97971703
    471.97971703
    471.97971703
    470.88863753
    471.53363227
    472.40629661
    472.23414620
    472.05929518
    472.53493568
    472.53493568
    472.85457592
    472.85457592
    473.50745819
    473.43437198
    473.53684865
    473.42491136
    472.81796800
    473.08955447
    472.82397961
    473.10305815
    473.10305815
    472.55128088
    472.35000147
    472.31675547
    472.33604358
    473.04579607
    473.18443743
    472.97383923
    473.23681373
    473.28337726
    473.28337726
    473.12613494
    472.78899484
    473.18974036
    473.55962755
    472.99431779
    472.47644309
    472.30920268
    472.20144768
    471.59032746
    471.59032746
    472.26394118
    472.24735477
    472.24735477
    471.62868364
    471.62868364
    471.62868364
    472.03711964
    473.25134959
    473.18309143
    472.47155231
    473.13679389
    472.61928591
    472.38284138
    472.55753226
    472.56333541
    472.71968472
    472.44784918
    472.81945316
    473.28637315
    472.31618602
    471.80699192
    471.80699192
    472.65053574
    472.17442224
    472.17442224
    472.17442224
    473.32015317
    473.45235027
    473.07351478
    473.07351478
    473.07351478
    473.07351478
    472.26264420
    472.26264420
    471.06257901
    471.13131341
    473.18208358
    473.18208358
    473.19531445
    472.86750835
    472.86750835
    472.86750835
    472.86750835
    472.92166497
    472.92166497
    472.96396942
    473.13824631
    473.22168045
    472.98310535
    472.93289753
    473.09711675
    473.26725456
    472.74911815
    472.74911815
    472.74911815
    473.39902207
    473.39902207
    473.37357639
    473.41503972
    473.57988809
    473.58752757
    473.53747333
    473.53747333
    471.58156705
    470.77722226
    468.65632643
    468.65632643
    470.74919064
    470.74919064
    470.74919064
    469.61435488
    469.77331997
    469.77331997
    469.77331997
    469.81214192
    469.38029335
    473.29607917
    473.26285229
    472.97525376
    472.97525376
    472.97525376
    471.94712107
    472.27219231
    471.59899710
    473.17571332
    473.17910253
    473.48547622
    473.25082826
    473.28145371
    470.29370164
    470.29370164
    470.29370164
    470.15126439
    471.69790094
    471.69790094
    471.69790094
    471.54529776
    471.54529776
    471.64361624
    471.64361624
    472.45746484
    473.33235870
    472.54704902
    471.36873420
    471.86653473
    471.74263017
    471.74263017
    471.74263017
    471.74263017
    472.48197803
    472.53578449
    472.55404427
    472.44606945
    473.44620477
    473.44620477
    473.47194018
    473.47488052
    473.13319124
    473.14948606
    473.14948606
    473.14948606
    473.14948606
    473.36262574
    473.20486907
    473.21300871
    473.59903582
    473.59903582
    472.03735741
    471.97123249
    472.34092882
    472.81056120
    472.92386576
    473.01292037
    473.13719995
    473.19491897
    473.39747784
    473.52137557
    472.13858155
    473.00805446
    473.00805446
    473.35369901
    473.38136148
    473.38429605
    473.42056484
    473.35883123
    473.35883123
    473.36279672
    473.36279672
    472.99585918
    473.31754674
    473.31997479
    473.39018952
    473.21182756
    472.51483312
    472.51483312
    472.86095559
    472.86095559
    472.91064213
    473.42350985
    473.46127285
    473.60885858
    473.60071198
    473.59462153
    473.46884441
    473.35708466
    473.35708466
    473.30053098
    473.30053098
    472.90171029
    472.41632059
    473.08176904
    473.23468418
    472.79438801
    471.53141035
    471.53141035
    471.49501398
    471.36658005
    471.73363331
    472.57229937
    472.48100353
    473.40608957
    473.45014697
    473.27200259
    472.75001882
    473.20349543
    473.05611661
    473.31082387
    473.31082387
    473.13858685
    472.96056134
    473.39714264
    473.20754988
    473.20754988
    473.21425754
    473.44500258
    473.44500258
    473.45713476
    473.51625493
    473.47446366
    473.52091309
    473.19218999
    473.19218999
    472.94584637
    473.43624602
    471.84927425
    471.84927425
    472.12180682
    472.73771319
    472.73771319
    472.73771319
    471.59233026
    473.02485977
    472.90112338
    473.23871686
    473.23871686
    473.23871686
    473.31909073
    473.57275379
    473.56812328
    473.52933049
    473.48483130
    472.94558775
    472.33567168
    473.04097897
    473.55319339
    473.56524347
    473.56524347
    473.55794625
    473.53054010
    473.42540480
    472.59074656
    472.93932225
    473.19868373
    473.21045659
    473.23783077
    473.48424587
    473.51929490
    473.37937803
    473.31825685
    473.31825685
    473.31511427
    473.38642314
    473.33078048
    473.33078048
    473.36095354
    473.39766869
    473.24290252
    472.73302552
    472.73302552
    471.59725671
    471.25669590
    472.49221773
    471.67049338
    471.67049338
    471.67049338
    472.24471380
    472.77888515
    472.48160651
    472.23801471
    472.82609053
    472.77946644
    472.77015570
    473.17361353
    470.89757041
    470.89757041
    470.89757041
    470.89757041
    470.89757041
    472.67300999
    472.72032770
    472.80974124
    472.98981422
    473.03196773
    473.26397315
    473.24917108
    473.53935344
    473.52630734
    473.59230343
    473.59230343
    473.59138319
    473.55305522
    473.49564821
    473.49564821
    472.70470166
    472.70470166
    472.70470166
    472.70470166
    471.90904371
    472.73136694
    472.87943016
    472.87943016
    472.87943016
    472.82935594
    472.62758746
    471.94381476
    472.82215872
    472.82215872
    473.31999594
    473.32658896
    473.52683934
    473.52012860
    473.02660032
    473.30914908
    473.55264074
    471.80360164
    471.80360164
    470.31527277
    471.63578783
    471.63578783
    471.75227733
    473.15853429
    473.35577456
    473.43570242
    473.17464801
    472.69122965
    473.24663436
    473.25920840
    473.24934820
    473.24934820
    473.26198077
    473.26198077
    473.26198077
    472.31130025
    472.33226615
    473.21528373
    473.21528373
    473.48074689
    473.37377438
    471.58554413
    471.58554413
    472.05894287
    471.10073821
    471.10073821
    471.10073821
    471.10073821
    471.10073821
    472.98710744
    472.98710744
    472.98710744
    472.69435711
    472.90439574
    472.90439574
    472.90439574
    473.41757788
    473.45843944
    472.84345255
    472.67820693
    472.30398012
    472.30398012
    472.37237441
    472.37237441
    471.66958388
    471.66958388
    472.56026322
    472.56026482
    471.92018689
    471.92018689
    470.69578973
    470.25345174
    470.25345174
    470.44830805
    470.44830805
    472.68209806
    473.54358712
    473.55863082
    473.34436171
    473.35662541
    473.35662541
    473.15758659
    473.15758659
    473.13805246
    472.96008509
    472.06660137
    472.06660137
    472.11093366
    472.12203258
    471.03916116
    472.46562888
    472.43217264
    472.87549105
    472.87549105
    472.87549105
    473.58236572
    473.57994830
    473.57646799
    473.59766918
    473.48328552
    473.48328552
    473.18934455
    473.18934455
    473.18934455
    473.38077001
    473.50320587
    473.49645953
    473.57414099
    473.37544669
    473.16796596
    473.15453247
    473.15453247
    473.15453247
    473.15453247
    472.93676659
    473.10751400
    473.10751400
    473.11672944
    473.24596903
    473.24596903
    473.11452350
    472.05949937
    472.75803771
    472.73846673
    473.00012007
    473.25256092
    472.95957041
    473.05327855
    473.04559995
    473.04559995
    472.76803470
    473.02276503
    472.79390922
    472.06079806
    472.48618613
    472.35228589
    472.35228589
    472.82773103
    472.75133707
    471.96285898
    471.94616632
    471.94616632
    471.94616632
    472.87490637
    472.87490637
    473.25417929
    473.25417929
    472.48391196
    472.40483023
    472.35826915
    472.35826915
    473.07121995
    473.07121995
    473.33410558
    473.31740727
    473.20009365
    473.45380084
    473.43679897
    472.64209017
    472.65292782
    472.88388466
    473.55801752
    473.54746246
    473.54746246
    473.18084626
    473.28191730
    473.04130573
    473.55776273
    473.53677532
    473.14481853
    472.35015104
    472.44834206
    472.44834206
    472.62834079
    472.83166765
    473.08068299
    472.20812237
    473.18480914
    473.33682446
    473.33682446
    473.56807277
    473.56278397
    473.57918383
    472.86143777
    471.66455367
    470.86663255
    468.87023021
    471.31325337
    471.41666737
    471.74572264
    471.85276253
    472.14124270
    472.14124270
    470.31862183
    470.31862183
    470.31862183
    470.31862183
    471.14328313
    471.35796977
    473.25993477
    473.42792813
    473.55419771
    473.51650631
    473.50344503
    473.47801712
    473.55732440
    473.56832298
    472.98914111
    472.96052859
    473.29152090
    471.82273121
    471.82273121
    471.82273121
    472.00381227
    472.12094927
    472.92207872
    473.07385557
    473.48009147
    473.49555748
    473.45052684
    473.36715127
    472.02317790
    472.02317790
    472.02317790
    472.59047575
    473.10427155
    472.37449657
    472.74031729
    472.74031729
    472.65755174
    472.94711627
    473.15366111
    473.15366111
    473.15366111
    472.96668065
    472.84931507
    473.46400634
    473.53096320
    473.44959030
    473.44959030
    473.55773067
    473.55662592
    473.56233038
    473.30925669
    473.31631927
    473.31904654
    473.31904654
    473.16959467
    473.16959467
    473.17807381
    473.00598326
    473.20632950
    473.20108555
    473.20108555
    473.41484587
    473.05712353
    473.02249824
    473.32724614
    472.74440211
    473.35998563
    473.01985351
    472.85947134
    472.85947134
    472.11517538
    472.11517538
    472.22178796
    472.22178796
    471.93798898
    471.93798898
    471.93798898
    471.93798898
    471.55954032
    471.63077902
    471.99914404
    471.99914404
    471.66745523
    470.80597329
    471.02902180
    471.02374152
    473.20847684
    473.20847684
    473.20847684
    473.16803136
    472.72983709
    472.72983709
    472.72983709
    473.37790397
    473.31803838
    473.31803838
    473.31803838
    473.13403296
    473.13403296
    473.57346824
    473.57346824
    473.57072253
    473.61307421
    473.58206632
    473.57542063
    473.57676026
    473.59069010
    473.59069010
    473.59069010
    473.59019754
    473.59019754
    473.20451033
    473.12860823
    473.12311216
    473.12311216
    473.36423864
    472.46222958
    472.29257268
    472.29257268
    471.56125143
    471.56125143
    470.99760987
    472.42538069
    472.42538069
    472.39798291
    472.47495971
    472.50096606
    472.50096606
    473.09365000
    473.09365000
    473.12235984
    473.38658319
    473.38531844
    471.78587519
    471.70023095
    470.11473639
    469.65757377
    469.65757377
    472.33666328
    472.52232337
    472.07355581
    472.71524771
    472.71524771
    471.72774014
    471.72774014
    471.72774014
    470.16904442
    471.88378351
    471.88378351
    471.88378351
    472.80396846
    473.11252912
    473.22511367
    473.08880955
    472.63023603
    472.65865268
    471.17888595
    472.73117422
    472.73117422
    472.40403525
    472.22419941
    472.75249094
    473.04136554
    470.70959713
    470.70959713
    470.70959713
    471.46062759
    471.79622756
    472.64903648
    472.64903648
    473.00169536
    471.86964568
    471.86964568
    471.20600323
    473.01783661
    471.82745458
    470.09265774
    470.09265774
    470.09265774
    472.23741904
    473.08397070
    472.78328036
    473.31354570
    473.36485922
    473.27616153
    471.93045497
    472.70618303
    472.85660114
    470.98115854
    473.00171895
    473.00171895
    473.34386392
    473.34386392
    473.31146267
    473.31146267
    473.37470812
    473.37470812
    473.37470812
    472.72695618
    472.96088191
    472.96088191
    472.96088191
    473.44077073
    473.44076399
    473.56108571
    473.49875535
    473.52308839
    473.60418251
    473.52032171
    473.52032171
    473.58891612
    473.44077749
    473.33878003
    473.46886746
    472.70875055
    472.31450509
    472.56966453
    473.23391867
    473.33681297
    473.42165265
    473.47804098
    473.57765153
    473.41309641
    473.52192477
    473.04527839
    473.24625762
    472.24642073
    472.24642073
    472.24642073
    472.50445865
    472.51948090
    472.51948090
    472.48842052
    469.00313098
    471.89313808
    471.89313808
    473.54199120
    473.54199120
    473.49067071
    473.49067071
    473.51117121
    473.55484590
    473.54947848
    473.44803694
    473.45182012
    473.61525806
    473.39958781
    473.08441177
    472.27673794
    470.62400776
    472.37636597
    472.68397141
    472.92598511
    472.93772049
    472.09247819
    472.53299505
    472.10020458
    473.04093862
    473.04093862
    473.06729635
    471.94106163
    470.33464297
    472.99602682
    473.14930503
    473.18409869
    473.18409869
    473.36428928
    473.20941907
    473.16867226
    473.16867226
    472.82445345
    472.82445345
    473.53958894
    473.54513866
    473.57448386
    473.57448386
    473.38661299
    473.36843659
    473.24454831
    473.24318080
    472.77339264
    472.94351261
    472.94351261
    473.24067730
    473.17179982
    473.17179982
    473.16235761
    473.16235761
    473.14420983
    473.14420983
    472.71242509
    472.04303094
    472.53266852
    472.47816015
    471.72933524
    471.72933524
    471.72933524
    470.21753017
    470.21753017
    470.21753017
    470.21753017
    470.21753017
    470.19835764
    471.45379769
    471.69863231
    471.69863231
    471.69863231
    471.69863231
    471.69863231
    471.69863231
    471.69863231
    471.70529660
    471.70529660
    471.99865361
    472.69437908
    472.65260934
    472.72609846
    472.72609846
    473.49210324
    473.25307570
    473.30484013
    473.30484013
    472.84541362
    472.78462765
    472.78462765
    472.77892807
    473.14637103
    473.14303354
    473.12760670
    472.92856676
    472.92856676
    473.57274398
    473.53115107
    469.68048396
    471.75379128
    471.85678086
    471.85678086
    471.85678086
    472.45716279
    472.45716279
    472.45997363
    472.89645919
    472.80153297
    472.69927410
    472.64868439
    472.69953684
    472.69385703
    472.69385703
    472.14417315
    472.14417315
    471.97320201
    472.60950780
    472.60950780
    473.17681329
    473.17681329
    473.17681329
    473.35743824
    473.30743615
    473.52039131
    473.06124727
    473.05622992
    473.48814888
    473.48814888
    473.49901507
    473.49685710
    473.49685710
    473.49685710
    473.60437296
    473.58698265
    473.58951615
    473.01466218
    473.01466218
    473.14167995
    472.97582258
    472.97582258
    473.07837067
    471.70326672
    471.70326672
    471.70326672
    471.70326672
    472.75141858
    472.62148064
    472.71256346
    471.66340385
    472.60553241
    472.60553241
    473.49540648
    473.49540648
    473.36774813
    473.36774813
    473.36774813
    473.36774813
    473.24304264
    473.54607137
    473.58915633
    473.49320288
    473.32073811
    472.56427156
    472.35821080
    472.35821080
    473.05518280
    473.05551432
    473.05551432
    473.16869662
    473.16869662
    470.71145466
    471.04386506
    470.94569588
    472.29472932
    472.98371478
    472.26613253
    471.54089956
    471.54089956
    472.62639156
    472.62639156
    472.62639156
    473.33642961
    473.47647705
    472.77454603
    473.13517591
    472.17017327
    471.79635386
    472.94935219
    473.32248528
    473.32248528
    473.31355405
    473.44941994
    473.49368507
    473.47294553
    473.47803153
    473.21729998
    473.33007872
    473.14330072
    472.33651086
    472.31023049
    472.31023049
    472.31023049
    468.27832030
    469.62434094
    471.93777555
    473.53586702
    473.53586702
    473.53949966
    473.45470292
    473.45470292
    473.44996815
    473.19323404
    472.56034674
    472.80791958
    472.77583600
    473.46688846
    473.44954934
    473.25181523
    473.36417230
    473.56682441
    473.53891918
    473.54284326
    473.55023741
    473.58715661
    473.58715661
    473.59414310
    473.59069105
    473.59069105
    473.54827704
    473.57328036
    473.57645170
    473.57666495
    473.57666495
    473.59835470
    473.58149917
    473.50603737
    473.50603737
    473.58174197
    473.58742186
    473.42623699
    473.56287564
    473.56670517
    473.60088756
    473.57496336
    473.52803378
    473.35263875
    473.35862568
    473.35862568
    473.30902401
    473.28486328
    473.28486328
    473.43171009
    473.44558311
    473.44558311
    473.52554350
    473.55070312
    473.56401487
    473.59615359
    473.59615359
    473.58478426
    473.55666444
    473.55254239
    472.91995669
    473.47317165
    473.35541406
    472.96787045
    473.14007761
    472.05333456
    472.05333456
    472.05333456
    472.48146038
    471.94573933
    471.78232351
    471.78232351
    472.14174487
    472.14174487
    472.80898763
    472.83031509
    472.77841995
    472.35066116
    473.22249329
    473.51250705
    473.33010412
    473.47071575
    473.44121162
    473.44121162
    473.60677331
    473.50870183
    473.50870183
    473.29805852
    472.86639647
    472.97274908
    472.97274908
    472.86661854
    472.65780586
    472.26203730
    472.26203730
    472.26203730
    470.10117553
    471.13390510
    472.19663756
    472.18489735
    472.18489735
    472.18489735
    471.98162832
    472.29126816
    471.66427226
    471.66427226
    471.66427226
    471.66548372
    471.66548372
    472.70104674
    473.05850562
    473.05850562
    473.22472329
    472.88072514
    473.09672957
    473.30498986
    473.30498986
    473.47166266
    473.38690733
    471.88697683
    472.97788460
    472.18019732
    472.74771310
    472.69984921
    472.85037727
    472.13813716
    472.29734158
    472.29734158
    472.15697482
    471.68254053
    472.79545552
    472.74139672
    472.74139672
    472.77412267
    472.77412267
    473.38521064
    473.38521064
    473.38521064
    472.93219609
    472.93219609
    473.18421343
    473.28160873
    473.55445929
    473.26660781
    473.26660781
    473.26660781
    471.49569620
    471.49569620
    471.79633051
    472.78874737
    472.79536660
    472.79536660
    472.79536660
    472.95164884
    472.95164884
    472.95164884
    472.95164884
    472.95164884
    472.72360164
    472.72360164
    472.72360164
    472.72360164
    472.72360164
    472.29131059
    472.10961137
    473.13167206
    473.13167206
    472.50111134
    472.28445908
    473.14057144
    473.14057144
    472.62538240
    472.61587275
    473.45666802
    473.37933568
    473.37933568
    473.14382017
    472.17828679
    471.74076893
    472.39272243
    472.39272243
    471.97329191
    471.55492473
    472.68475852
    473.21937809
    473.32230855
    473.01720432
    472.85343043
    472.85343043
    473.09510201
    472.76380620
    471.72838816
    473.38506663
    473.59556743
    473.49063925
    473.51688145
    472.26736524
    472.26736524
    472.26736524
    472.14210239
    471.76908900
    471.76908900
    473.45072639
    472.53042539
    473.48148723
    472.94727349
    471.36639480
    468.36761927
    466.48829421
    466.48829421
    470.19599742
    471.92287256
    473.51026066
    473.51026066
    473.51026066
    473.49802497
    473.51735000
    473.52661285
    473.53300245
    473.18882645
    473.35936219
    473.35936219
    472.98354467
    473.27629470
    473.43027762
    473.49159580
    473.46811628
    473.46811628
    473.58384885
    473.49837766
    473.49837766
    473.46341339
    472.78304709
    473.07812005
    473.07812005
    473.03512977
    473.03512977
    472.36301237
    472.36301237
    472.91775349
    472.91775349
    472.24031270
    472.24031270
    473.49882820
    472.06825124
    473.04985553
    473.03057472
    471.98353842
    471.98353842
    471.98353842
    471.48984732
    471.48984732
    471.48984732
    471.48984732
    472.08150472
    472.21387572
    472.21387572
    472.91943177
    472.91943177
    473.01562782
    471.90858609
    471.58792962
    469.62803457
    466.55144514
    466.55144514
    466.55144514
    469.66365198
    471.85217084
    471.92402799
    471.92402799
    471.73651435
    472.95232568
    472.60910793
    472.53521978
    472.53521978
    472.38048107
    472.89228250
    472.88389661
    472.88389661
    472.88389661
    473.35707738
    473.23008748
    473.08748942
    473.18012199
    473.22392672
    473.22392672
    473.22392672
    473.22392672
    472.35079015
    472.32557262
    473.05068748
    472.63404252
    472.61936738
    472.61936738
    472.48986449
    472.48986449
    473.59116948
    473.59116948
    473.54984932
    473.22311096
    473.35933464
    473.33008349
    473.40637700
    472.66138951
    472.60194201
    472.60194201
    471.59266111
    471.59266111
    471.99414764
    471.99414764
    472.14700167
    472.03131200
    472.93602647
    472.93602647
    473.30002140
    473.09172621
    473.10608754
    472.93351474
    472.88906085
    472.28044935
    472.28044935
    472.15665847
    472.15665847
    473.25145505
    473.26423105
    473.40395642
    473.40206005
    473.58703280
    473.45995001
    472.75053171
    472.75053171
    472.77690404
    472.27838762
    472.27838762
    472.77917253
    472.48653296
    472.31818649
    471.64470018
    472.07513970
    472.07513970
    471.77889371
    471.55426235
    471.55426235
    471.55426235
    471.55426235
    471.55426235
    473.43246622
    473.39659621
    473.26292216
    472.99849651
    473.12697995
    473.24663344
    473.24663344
    473.10408281
    473.10408281
    472.32101936
    473.59343440
    473.55873805
    473.55244261
    473.51026309
    473.51026309
    473.50346418
    473.51691598
    473.58151967
    472.90176786
    472.84954390
    472.24235843
    470.99612299
    470.99612299
    470.18872959
    470.10719478
    469.45902509
    469.45902509
    469.45902509
    469.45902509
    469.45902509
    471.61647674
    472.20643241
    472.20643241
    473.05828495
    471.90162732
    472.02302039
    473.24845701
    473.24845701
    473.24640746
    473.24920612
    473.43020570
    473.30715970
    473.32314736
    473.32314736
    473.37256957
    473.42381050
    473.58144827
    473.55365925
    473.56739101
    473.42747993
    472.07879026
    471.50584401
    472.26439142
    472.84110777
    472.84110777
    472.84110777
    472.83666510
    473.61464936
    473.54630499
    473.35968322
    473.38055182
    473.42911562
    473.40087345
    473.26633476
    472.76774689
    472.76774689
    472.36047456
    472.27302390
    473.04037470
    472.61077241
    472.41600832
    472.41600832
    472.89661097
    472.85060153
    473.27873680
    473.15482898
    472.87657022
    472.89553221
    472.83024427
    472.83024427
    472.83024427
    472.37245105
    472.21748530
    472.46656074
    472.46656074
    472.89408485
    472.89919710
    473.20421406
    473.42677138
    473.14424573
    472.84319542
    472.84319542
    473.53957183
    473.53957183
    473.57546860
    473.48133256
    473.41171930
    473.43290278
    472.95741727
    472.09446445
    472.89958957
    472.98580927
    472.58643014
    472.59464401
    472.59464401
    472.41646691
    472.41646691
    472.06315473
    472.78802388
    472.75766326
    472.75766326
    472.91119671
    472.91119671
    473.18169461
    473.18169461
    472.46625515
    472.96809559
    473.06587252
    472.80604399
    471.24044884
    469.89908685
    469.89908685
    469.89908685
    469.90283379
    469.90283379
    469.90283379
    469.90283379
    470.71664451
    470.13776773
    470.13776773
    472.35728970
    471.94295845
    471.94295845
    472.62825214
    472.62825214
    472.47485953
    472.47485953
    472.51413857
    473.56102120
    473.53849717
    473.14900943
    473.08780996
    473.08780996
    473.08780996
    473.32528392
    473.34874664
    473.36952740
    473.48536006
    473.13690565
    473.33223216
    472.45821209
    472.44942915
    472.80649866
    472.58498199
    473.03074756
    472.17682040
    472.90451208
    472.94077067
    472.94077067
    472.64095831
    472.64095831
    473.53096054
    473.52127935
    473.33786024
    473.54608663
    473.54608663
    473.54909880
    473.55337290
    473.48395543
    473.59471837
    473.29776883
    473.02469207
    473.03471744
    472.71655737
    473.25633498
    473.49508462
    472.00978577
    473.22220877
    473.23349729
    473.42479028
    472.44896410
    472.30914095
    472.30914095
    472.89493904
    473.10406517
    473.05532500
    470.80027631
    469.43309221
    469.43309221
    469.43309221
    469.43309221
    470.85393980
    470.40231013
    470.85904768
    472.06034779
    472.06034779
    472.06034779
    472.06034779
    472.31886504
    471.81658656
    472.02714560
    472.60159469
    471.60483766
    470.38511703
    470.38511703
    470.50957166
    471.94638691
    472.42460935
    471.74498232
    470.08026314
    470.08026314
    470.08026314
    471.44447619
    471.65399502
    472.17475136
    472.17475136
    472.13996248
    472.13996248
    473.15248435
    473.44872796
    473.44872796
    473.56102646
    473.55722302
    473.51121966
    473.57986937
    473.57986937
    473.07324005
    473.07324005
    473.06115359
    473.21202868
    473.43624862
    472.52656244
    472.65906633
    473.01791239
    473.12636224
    473.09332271
    473.47352128
    473.41261612
    473.09221546
    473.31161842
    473.05086056
    473.18564881
    473.18352519
    473.18352519
    473.34113247
    472.40600029
    472.82073572
    472.82073572
    472.93716870
    472.21889686
    472.45425833
    472.49130036
    472.38427657
    472.62604578
    472.91715208
    472.91715208
    473.36832008
    473.47592439
    473.43622836
    473.56412390
    473.31833123
    473.50055442
    473.09180879
    473.08994440
    473.53384025
    473.29528174
    472.81638411
    472.89265773
    473.04795348
    473.11318505
    471.99186435
    471.99186435
    471.99186435
    469.93050899
    472.91872830
    472.91872830
    472.82416392
    472.82416392
    472.82416392
    472.82416392
    472.82416392
    469.86016545
    468.77411100
    471.10647181
    471.60665284
    473.01235999
    472.20258503
    471.17707131
    471.17707131
    471.80356600
    471.55465141
    471.04703190
    471.04703190
    473.27807572
    473.27807572
    472.40850934
    472.40850934
    472.40850934
    473.05375119
    473.05375119
    472.98536791
    472.97412525
    470.80031294
    470.80031294
    470.80031294
    470.94008693
    473.12159673
    473.12159673
    472.58155364
    472.50608338
    472.56977712
    473.22347147
    473.54760805
    473.37190370
    473.41429157
    473.41230730
    473.52069272
    473.52069272
    471.80866144
    471.80866144
    472.50349060
    472.50349060
    472.50349060
    472.93930710
    472.93930710
    472.55136402
    472.55781101
    472.86402105
    473.08854181
    472.33733840
    472.33733840
    472.68385649
    472.62344947
    473.40001347
    473.44795657
    473.23535497
    472.85311045
    473.07053422
    473.08323426
    473.18294155
    473.55736775
    473.55736775
    473.48117321
    473.40085493
    473.44147705
    473.32434931
    473.32434931
    473.46742987
    473.37698637
    473.59899471
    469.32262664
    469.32262664
    469.32262664
    469.32262664
    469.32262664
    470.38307164
    470.38307164
    469.92015385
    469.92015385
    471.94081643
    472.69070619
    472.69070619
    472.69070619
    472.02152798
    472.02152798
    471.77041116
    471.77041116
    471.77041116
    471.77041116
    473.59727002
    473.18754438
    473.02748105
    473.02748105
    473.02748105
    473.11106854
    473.11106854
    472.90271478
    472.85453478
    472.76167985
    471.19414543
    469.28939339
    469.28939339
    469.28939339
    470.01195563
    470.01195563
    470.01195563
    470.95318756
    470.95318756
    470.95318756
    469.99133880
    469.99133880
    470.16134594
    472.99562133
    472.99562133
    472.81918613
    472.81918613
    472.77068377
    473.20968511
    473.14554500
    473.53004398
    473.53521747
    473.43511519
    473.30480619
    473.41056380
    473.41056380
    473.54778527
    473.58545833
    473.52862474
    473.52862474
    473.56460147
    473.58325547
    473.58325547
    473.57995994
    473.52132175
    473.05138155
    472.98651223
    472.97804083
    472.91395480
    473.40003438
    473.40003438
    473.36690674
    473.33137745
    473.33964897
    473.31493442
    473.57363034
    473.57370087
    473.55088500
    473.55088500
    473.55027555
    473.55027555
    473.55027555
    473.57137700
    473.35081529
    472.08268553
    472.08268553
    471.89719888
    471.30291242
    472.40805790
    472.71128121
    472.71128121
    471.78104906
    471.68673186
    471.65245595
    472.25062581
    472.45367538
    472.81012943
    473.26010098
    473.00688639
    472.88611536
    471.72125875
    472.43536023
    473.03586860
    473.09880544
    473.30277352
    472.91740874
    471.62825126
    471.62825126
    471.62825126
    471.62825126
    471.77447800
    471.96747498
    473.39084461
    473.08986645
    473.08986645
    473.14332576
    473.21363058
    472.99810473
    473.11527973
    473.53705586
    473.40872279
    473.40872279
    473.26858568
    473.09096195
    473.28185917
    473.53351222
    473.51598083
    473.51624348
    473.34398914
    473.41718651
    473.26559976
    472.94121163
    472.94121163
    473.01432385
    473.01432385
    473.01432385
    473.01432385
    473.19092644
    473.47495443
    473.45435477
    473.35330136
    473.35330136
    473.37686020
    473.39479006
    473.13336400
    473.44496842
    472.88345347
    472.86633201
    473.03683495
    472.07823922
    472.07823922
    471.81470140
    471.81470140
    471.81152682
    472.95080901
    473.08974619
    473.12401543
    473.40945500
    472.68271622
    472.91416977
    473.03181845
    472.90944314
    472.90944314
    472.90944314
    473.54076643
    473.51174916
    473.51174916
    473.21833648
    472.32090563
    471.45616362
    471.45616362
    471.84704054
    472.01670643
    473.06472461
    472.98938878
    473.08718513
    473.08718513
    473.60401753
    473.52926640
    473.52576328
    473.44086194
    473.47025727
    473.47025727
    473.47025727
    473.40061777
    473.08442583
    473.08442583
    473.41632698
    473.47462741
    472.84206622
    472.84206622
    473.19239214
    473.26940827
    473.26940827
    472.87794551
    472.87794551
    473.33794785
    473.31209004
    473.16697925
    473.59829372
    473.32454640
    469.81906265
    469.81906265
    469.81906265
    469.81906265
    469.81906265
    470.59025222
    471.58471335
    472.16729310
    471.59753698
    471.63080553
    471.63080553
    471.63080553
    473.06104266
    473.51300687
    473.22670163
    473.11428627
    473.11428627
    473.08734237
    473.61361034
    473.50872290
    473.50872290
    473.52824198
    473.52824198
    473.52824198
    473.48177743
    473.28315485
    473.28315485
    473.19581573
    473.34705013
    473.34705013
    473.49623942
    472.82975167
    472.59974393
    472.61815234
    471.53804987
    471.53804987
    471.53804987
    471.28836222
    471.65042603
    471.65042603
    471.65042603
    471.65042603
    471.65042603
    471.65042603
    471.67062084
    471.67062084
    471.67062084
    471.67062084
    471.13582705
    471.13582705
    472.89972039
    473.13094840
    472.15632530
    472.95380268
    472.95380268
    473.16711473
    473.21487074
    473.18696866
    472.69957176
    472.68362653
    473.26710777
    473.02628833
    473.15546503
    473.15546503
    472.75645728
    472.75645728
    472.75645728
    472.75645728
    472.76929364
    472.30598340
    471.74004300
    472.42717930
    472.42998241
    472.23129911
    473.20836543
    470.87679804
    470.87679804
    472.48712246
    472.48712246
    472.86537744
    472.84514269
    472.67763918
    472.78750364
    472.57398050
    472.57398050
    472.57398050
    473.04851834
    473.22753370
    473.22753370
    473.22753370
    472.84960631
    472.84960631
    472.66734612
    473.05789636
    473.05789636
    472.33707588
    472.48917346
    472.34298971
    472.92315439
    472.91047451
    468.94434755
    471.07902136
    471.29050844
    471.21019888
    471.16472288
    471.69568017
    473.01268261
    472.39463197
    472.39463197
    472.39463197
    472.49717754
    472.49717754
    472.90119749
    472.90119749
    472.61533476
    472.34345117
    470.60382666
    471.16530021
    471.61276414
    470.68863861
    470.60824073
    470.67837256
    470.67837256
    470.67837256
    470.40629186
    470.18318747
    471.33991176
    470.24750044
    470.24750044
    470.72688112
    471.11344363
    471.11344363
    471.65732845
    471.65732845
    471.87765386
    472.37531720
    472.28229239
    471.78965636
    473.32243783
    473.45536346
    473.11016555
    473.03411872
    473.04379304
    473.34857958
    473.41449570
    473.00108014
    473.00108014
    473.00108014
    472.87925585
    472.72432684
    473.55521538
    473.38127022
    473.38127022
    473.51068097
    473.52412433
    473.57842188
    473.57265655
    473.23121663
    473.23121663
    473.23121663
    473.23121663
    473.23121663
    473.23121663
    472.66712356
    472.66712356
    472.77981670
    473.23542793
    473.47570354
    473.44202602
    473.44202602
    473.08908068
    473.09675881
    472.94491237
    472.87784000
    472.87784000
    472.87784000
    472.87750692
    472.87750692
    473.42426542
    473.42426542
    473.57713329
    473.43087652
    473.44465261
    473.25174508
    473.54014152
    473.61261355
    473.57002125
    473.58768829
    473.49019836
    473.53851092
    473.47389605
    473.52198527
    472.30852729
    472.30852729
    472.30852729
    472.30852729
    473.05510732
    472.82296759
    472.82008075
    472.41822933
    472.68431255
    470.57215465
    470.57215465
    470.89523449
    470.89523449
    470.52615554
    470.52615554
    470.09856436
    472.94186356
    472.97907984
    472.97907984
    472.97907984
    472.97907984
    473.23525929
    472.41001302
    471.91246819
    470.94150457
    472.39280949
    472.30056074
    472.30056074
    472.26399702
    472.27010111
    472.27010111
    472.88593282
    472.72205088
    472.65828192
    472.65828192
    472.03954560
    472.31460364
    472.49984772
    472.24544800
    472.24544800
    472.16550257
    472.62614766
    472.62614766
    472.62614766
    472.62614766
    472.79131079
    473.28274478
    473.44317983
    472.77274308
    473.13734415
    473.15082603
    473.42238565
    473.35210237
    473.37995227
    472.75433047
    473.39314164
    473.39314164
    472.91418191
    472.41089943
    472.71672104
    472.57478885
    472.51747379
    471.73439093
    472.51948599
    472.16319711
    472.89314728
    472.81185812
    472.78565625
    472.78565625
    473.07716371
    472.82732237
    472.96645057
    472.73002197
    472.73002197
    473.31066222
    473.31066222
    473.03298533
    471.05881216
    471.31461262
    471.13649499
    471.32327263
    471.37838060
    473.40726998
    473.43683599
    473.43683599
    473.60092186
    473.54676933
    473.30424323
    473.33788434
    473.33788434
    473.56670967
    473.56670967
    473.58953307
    473.59665212
    472.86497199
    472.52173743
    471.57878023
    471.50784377
    473.05970601
    473.22669564
    472.70917055
    472.70917055
    472.87237343
    472.52257123
    472.51263808
    473.15764430
    473.00379903
    472.86306346
    470.82085080
    470.82085080
    470.82085080
    470.29150486
    470.29150486
    471.44625709
    471.44625709
    471.44625709
    471.44625709
    473.25012593
    473.44814972
    473.25688613
    473.17247986
    473.28983288
    473.37634143
    473.37634143
    473.44430754
    473.41337705
    473.41337705
    473.30587486
    473.30587486
    473.30587486
    473.43166255
    473.21100928
    473.58298385
    473.55836162
    473.58118309
    473.49125425
    473.32998592
    473.23830796
    473.18178051
    473.19515433
    473.31302220
    473.49734130
    473.52289345
    473.28525274
    473.35206561
    473.34918443
    473.55033638
    473.60400757
    473.60312132
    473.55127075
    473.39955667
    473.51141015
    473.51141015
    472.94200448
    472.84706168
    471.85751242
    471.85751242
    472.24972419
    473.17243668
    473.17243668
    473.23371524
    473.23371524
    473.25481209
    473.56153236
    473.57158782
    473.57904465
    473.58280041
    472.86355761
    472.78044542
    472.78044542
    472.56525504
    472.56525504
    472.71422464
    472.36858426
    472.36858426
    472.56379612
    473.05477446
    473.13112462
    473.08628394
    473.28264736
    473.28506164
    473.06902379
    472.31082391
    472.16140202
    472.16140202
    472.16140202
    472.27293699
    471.34032271
    472.59045513
    473.00911206
    472.93561065
    473.59428469
    472.70726379
    472.70726379
    473.01140178
    473.01816698
    473.31495783
    472.95779776
    472.88402633
    473.22184586
    473.22184586
    473.22184586
    473.44803380
    473.44803380
    473.49867391
    473.51800824
    473.54906344
    473.55153149
    468.64760080
    469.07350902
    469.63724315
    470.76496319
    472.25254527
    472.26275541
    472.81499335
    472.27046637
    472.27046637
    472.75421118
    472.75421118
    471.16139395
    471.54966059
    469.72673070
    471.24674175
    471.94390575
    472.41703081
    472.41703081
    470.40830065
    472.52364179
    473.15191906
    473.15191906
    472.85201602
    470.94722094
    471.77765452
    471.77765452
    471.77765452
    472.24222280
    472.24222280
    472.39405276
    472.39405276
    471.53564114
    472.15695353
    472.79578444
    473.37697222
    473.42048004
    473.26154052
    472.53620551
    472.70625931
    473.35294479
    473.03764692
    473.03764692
    472.68001054
    471.37679131
    471.37679131
    471.39846522
    471.39846522
    471.39846522
    471.39846522
    472.25776725
    473.32258657
    473.32258657
    473.32258657
    473.15425777
    473.15425777
    471.89390372
    471.51418437
    471.51418437
    471.51418437
    471.91350104
    472.15867070
    471.80291743
    472.05919377
    472.15351059
    472.59974437
    473.13230014
    472.69089273
    472.69089273
    473.22258266
    473.22258266
    473.47583306
    473.57479832
    473.60372516
    473.60519179
    473.60519179
    473.18712967
    473.50961951
    473.46439962
    473.26030691
    473.45208104
    473.51193845
    473.47046388
    473.47046388
    473.17109825
    473.55550889
    473.01203683
    473.37241287
    473.50877587
    473.25907040
    473.52513797
    473.52513797
    473.53236436
    473.19939470
    473.15173360
    473.37886180
    473.26074811
    473.07327848
    473.07327848
    473.55799104
    473.54752922
    471.23392493
    471.23392493
    472.51744737
    472.56593439
    472.56593439
    473.28890555
    473.28890555
    473.22644159
    473.34887104
    473.38790265
    472.82321084
    472.58631034
    472.58631034
    472.58631034
    471.51701795
    471.51701795
    472.31618508
    473.50383486
    473.00269354
    473.09150177
    473.24845933
    473.46652894
    473.37660988
    473.37660988
    473.29869797
    472.99832608
    473.13415721
    472.29137269
    471.99647577
    473.39305786
    473.40987036
    473.10216511
    473.10216511
    473.21596729
    473.21596729
    473.57967017
    473.53892464
    473.53892464
    473.26860802
    473.09152822
    472.97069954
    473.43247243
    473.09933245
    473.09933245
    473.09933245
    473.18062852
    473.07898962
    473.12958549
    472.79136292
    472.79136292
    471.16392186
    471.16392186
    471.17060871
    471.17060871
    471.17060871
    472.00975693
    472.00975693
    472.00975693
    472.00975693
    471.66503352
    471.09176387
    472.27046670
    473.25350883
    473.36955253
    473.36955253
    473.50913607
    473.49087297
    473.36280355
    473.37657796
    473.59222673
    472.95793740
    473.10509871
    473.50129435
    473.47575164
    473.59355053
    473.58241498
    473.47090856
    473.12445244
    472.58137664
    472.58137664
    473.40654932
    473.39380871
    473.35748513
    473.51022890
    473.51022890
    473.58591784
    473.41740162
    473.43777963
    473.57123211
    473.58520525
    473.57616109
    473.60171612
    472.78545899
    472.78545899
    473.06184273
    473.20863476
    473.12241938
    473.12241938
    473.51680090
    473.51680090
    472.37171670
    472.42439352
    471.88816797
    471.88816797
    471.62998657
    472.85215839
    472.72679202
    472.14550969
    472.14550969
    471.16813575
    472.22464766
    471.04787661
    471.04787661
    470.69058528
    473.07797952
    473.07797952
    473.07797952
    473.07797952
    473.18091355
    473.14482340
    473.14482340
    471.90247891
    470.80549024
    471.17695487
    471.17695487
    471.17695487
    472.19165861
    472.24447720
    472.24447720
    473.30232047
    473.43985995
    473.59866477
    473.34079895
    471.95043066
    473.10193765
    472.83578142
    472.92532282
    473.03307941
    473.04421534
    473.04421534
    473.04421534
    473.08706698
    473.08706698
    473.45581523
    473.51575708
    473.51575708
    473.51575708
    473.51575708
    473.39925556
    473.39925556
    471.09862970
    471.09862970
    471.25218380
    471.35358998
    471.34957932
    471.34957932
    471.34957932
    471.34957932
    472.12832700
    472.12832700
    472.28203176
    472.78013892
    472.54402023
    472.49971566
    472.32272339
    471.94017134
    472.57879837
    471.24127896
    472.04462833
    472.04462833
    472.11354986
    471.83595301
    472.55293254
    473.11236943
    473.20108464
    473.31973041
    473.31940340
    472.45982977
    472.64866354
    472.71259994
    472.70265706
    472.27579868
    472.12011100
    471.46006580
    471.46006580
    472.16151824
    471.86149492
    471.86149492
    472.46325949
    472.46325949
    472.46325949
    472.24325810
    473.41516740
    473.21706273
    472.99149887
    473.02363147
    472.92422354
    472.42562368
    472.59418502
    472.54264996
    471.46997346
    471.08354513
    472.30453157
    473.32717121
    473.32717121
    473.55770222
    473.55575158
    473.55824557
    473.59249693
    473.59249693
    473.57115116
    473.56090047
    473.56090047
    473.60221258
    473.48646353
    473.39471072
    473.23636496
    473.32259709
    473.60785798
    473.59774211
    473.30322119
    472.67088753
    472.67088753
    472.67088753
    472.67088753
    473.10204438
    472.91447611
    472.85618743
    472.89206405
    472.89206405
    472.89206405
    473.42015116
    473.42015116
    473.20605239
    473.20605239
    473.56238595
    473.32796413
    473.44966487
    473.33178619
    473.00007550
    472.91871938
    472.91871938
    473.28651859
    472.52963939
    473.45071754
    473.39293307
    473.60205630
    473.60205630
    473.60205630
    473.60857633
    472.18741906
    472.18741906
    471.97126311
    472.28577340
    470.78106341
    469.88376250
    469.88376250
    470.45848073
    470.45848073
    471.65854084
    470.95346449
    470.20209043
    470.20209043
    472.35593099
    472.35593099
    472.31238984
    473.06871091
    473.06871091
    473.06871091
    472.97189122
    472.97189122
    473.18719911
    473.25903443
    473.12559505
    472.95323502
    472.95323502
    472.49605682
    472.49605682
    472.86495207
    473.34163218
    473.20670722
    473.04817769
    472.69505622
    472.69505622
    472.93149359
    472.93149359
    472.93149359
    473.54650950
    473.55314207
    473.36674362
    473.29594185
    473.29594185
    473.29594185
    473.03833586
    473.05630483
    472.66374388
    473.13644991
    473.13644991
    473.28515264
    473.39509164
    470.31059804
    471.38042444
    471.38042444
    471.95502543
    471.57838738
    473.01451014
    472.85054335
    472.36196734
    472.27008134
    473.14024344
    472.72280669
    472.73985846
    472.52061911
    472.52061911
    473.21008817
    473.40222770
    473.31979484
    472.96878502
    473.29761660
    473.28039340
    473.28039340
    473.28039340
    473.28039340
    473.05710760
    472.98255977
    472.98255977
    472.75821166
    472.36761024
    472.36761024
    473.01958877
    473.25611065
    473.51791361
    473.59740779
    473.05414120
    472.34280747
    472.34280747
    472.97565207
    472.97565207
    472.96557389
    472.96557389
    473.17589081
    473.16247755
    472.61486787
    472.61486787
    472.54151520
    472.54151520
    473.27798981
    473.38668929
    473.48279306
    473.48874213
    469.99178409
    470.11786313
    470.11786313
    471.63598633
    471.63598633
    471.63598633
    471.24501716
    471.24501716
    471.99622741
    471.19983936
    470.33657253
    470.33657253
    470.49785870
    471.28793091
    471.28793091
    471.28793091
    473.17472828
    473.15237821
    473.47736497
    473.47736497
    473.47736497
    473.46531533
    473.46531533
    473.51078101
    473.42336326
    473.53715951
    473.08030767
    473.08030767
    472.47085545
    471.38775010
    470.69437040
    471.01198500
    471.09607526
    471.09607526
    473.02017352
    473.34505274
    473.59636477
    473.56798525
    473.53189937
    473.59378638
    473.59378638
    473.56337579
    473.56337579
    472.96177349
    472.96177349
    472.49982507
    472.11159756
    473.25838580
    473.21434484
    473.23623925
    472.33992840
    472.12652141
    472.12652141
    472.12652141
    473.53373683
    473.53373683
    473.53373683
    473.53373683
    473.51026302
    473.34663397
    473.28467546
    472.42163555
    472.63587174
    472.63587174
    473.01891945
    473.19537183
    473.19537183
    472.88147442
    473.50205707
    473.44086316
    473.48113139
    473.25785326
    473.25785326
    473.47344147
    473.06458049
    473.24805770
    472.48351770
    473.25312580
    473.43953362
    472.38484242
    472.41931569
    472.04917984
    472.04917984
    472.04917984
    472.81879178
    472.81879178
    472.81879178
    473.39827435
    473.48385413
    473.49236154
    473.43561183
    473.48354826
    473.38716419
    473.38716419
    473.44588027
    472.19650773
    472.72439678
    472.73594005
    473.04851354
    473.13443861
    473.56579560
    473.56579560
    473.28996772
    473.28996772
    473.34103010
    471.92516389
    471.92516389
    471.98771775
    471.84889080
    472.24067236
    472.17472450
    472.17472450
    473.53487314
    471.98917419
    472.55942073
    472.74856647
    472.44484710
    472.55231320
    471.85310749
    473.09924255
    473.13955666
    473.32897291
    473.30823257
    472.13860597
    472.13860597
    472.13860597
    472.46119309
    472.46119309
    472.46119309
    472.46119309
    472.35260764
    471.66146788
    472.38026619
    471.42482810
    470.93279613
    470.93279613
    472.64539287
    473.48127633
    473.29707910
    473.32132408
    473.25340858
    472.93612736
    473.32781067
    473.61491878
    473.61491878
    473.59437014
    473.57391956
    473.37797993
    473.43196824
    473.39572020
    471.20881254
    471.41483373
    471.41483373
    472.15694272
    472.26167163
    472.26167163
    472.26167163
    472.31097047
    472.92773973
    472.92943796
    472.87925039
    473.46920842
    473.43839646
    473.24012049
    473.24012049
    473.15224825
    473.26913846
    473.12036140
    473.19386711
    473.60818711
    473.34360656
    473.27366046
    473.17264198
    472.58186260
    473.29308008
    473.33570917
    473.19104442
    473.17888651
    473.01082248
    472.94715946
    472.67916532
    472.67916532
    472.67916532
    472.67916532
    472.14926083
    473.60996114
    473.41918751
    473.41918751
    473.37339549
    472.71660759
    472.71660759
    472.34588118
    471.76190976
    472.52528099
    472.52528099
    472.56895671
    472.56895671
    471.10204715
    471.10204715
    472.04159137
    473.53964027
    473.27576150
    473.01151003
    471.63433091
    470.37140147
    470.37140147
    470.37140147
    470.37140147
    470.37140147
    470.37140147
    470.37140147
    470.37140147
    472.49078581
    472.35372658
    472.71383495
    472.86524112
    472.05316981
    472.43780466
    472.84876677
    472.84876677
    472.85846590
    472.85846590
    472.85846590
    471.67139478
    471.67139478
    472.58815411
    472.58815411
    472.58815411
    472.58815411
    472.58815411
    472.58815411
    471.70118130
    472.26146910
    470.18555626
    473.03194186
    473.21411915
    473.21411915
    473.12547947
    473.02986022
    473.02986022
    473.02986022
    473.02986022
    472.86798486
    473.26308399
    473.51815641
    473.55120028
    473.51170259
    473.22969849
    473.11221374
    472.78428654
    473.44362408
    473.44466422
    473.44302534
    473.61231648
    473.40588542
    472.77368465
    473.50032314
    473.41855880
    473.41855880
    473.46549865
    473.57213914
    473.44915666
    473.61354187
    473.61011539
    473.61011539
    473.48533219
    473.51073464
    473.40200244
    473.28965124
    473.53993181
    473.53993181
    473.42270137
    473.40935356
    473.40935356
    473.40935356
    473.12546602
    473.00561174
    473.09260542
    473.42306074
    473.42306074
    473.45141728
    468.50725485
    470.54127200
    472.87743791
    473.56349212
    473.52131417
    473.34220976
    473.46856867
    472.90416369
    472.59222098
    472.59222098
    472.59222098
    472.59222098
    473.15849178
    473.04426459
    473.04426459
    473.25706432
    473.16261718
    473.16261718
    473.16261718
    470.25951333
    471.37363989
    472.18127020
    472.18127020
    472.87806739
    472.87806739
    472.71863904
    472.17267003
    473.24729914
    473.23750562
    473.23750562
    473.22813451
    473.12927627
    473.07239812
    473.07239812
    472.66694752
    471.84828857
    471.78707175
    471.78718644
    471.78718644
    472.45476960
    472.73531923
    472.93278136
    473.32272447
    473.40879293
    472.84216004
    472.92257625
    472.92293495
    472.85737185
    472.65533889
    472.12028974
    472.12028974
    472.12028974
    471.10999214
    471.66662474
    471.66662474
    472.32152838
    471.95484024
    471.95484024
    469.82960515
    469.82960515
    470.82304887
    470.82304887
    470.82304887
    469.99268066
    470.34062708
    470.34062708
    470.34062708
    470.34062708
    470.34062708
    473.05997023
    473.05997023
    473.05997023
    472.21599787
    471.84762126
    472.21113186
    472.21113186
    472.20559378
    472.20559378
    472.16172891
    473.13165716
    473.13165716
    473.13165716
    473.07263156
    473.15239425
    473.55503641
    473.55503641
    473.55503641
    473.55503641
    473.43565469
    473.43867557
    473.27310546
    473.27310546
    473.27310546
    473.39537814
    473.50394458
    473.44188460
    473.55963214
    471.81431500
    471.45971687
    471.45971687
    472.21150688
    472.21038084
    472.21038084
    472.21038084
    472.21038084
    472.21038084
    472.21038084
    471.65145044
    471.65145044
    471.65145044
    471.65145044
    471.65145044
    472.97558490
    473.48293001
    473.48293001
    473.43347771
    473.27733666
    473.47382734
    473.36205277
    473.27962045
    473.28159956
    473.47751770
    473.59075720
    473.61390987
    473.52718274
    473.52718274
    473.32222769
    473.31033194
    473.36886400
    473.51012242
    473.54871858
    473.40802284
    473.40802284
    473.40802284
    473.22260195
    472.99869890
    472.96848466
    471.51242774
    470.62856774
    469.25821859
    472.03572096
    472.03572096
    471.06587666
    471.95094741
    472.87209799
    472.31416404
    472.31416404
    473.20023094
    473.33904476
    473.34223236
    472.04551554
    472.63071383
    472.63071383
    473.06267995
    473.07734148
    470.56682385
    470.56682385
    470.53251146
    471.08670961
    471.08744024
    471.08744024
    471.08744024
    471.08744024
    472.99292196
    472.99292196
    473.04475026
    473.02194049
    473.46883957
    473.45547201
    473.60184572
    473.49761747
    473.48933295
    473.51134776
    473.47018144
    473.47018144
    471.77853352
    472.18312539
    472.93377342
    472.93377342
    473.52430325
    473.35647354
    473.33270138
    473.31054203
    473.38330845
    473.40437993
    472.85921848
    472.85921848
    472.89063408
    472.97818817
    472.60756544
    472.99304593
    473.01582903
    473.01582903
    473.01582903
    473.01582903
    472.92110781
    472.54927010
    473.38805271
    473.38814305
    473.41456424
    473.19191090
    473.25330493
    473.57803225
    473.56681130
    473.57177070
    473.57177070
    473.40924983
    473.35047645
    473.35763868
    471.48051432
    473.09370900
    473.12208779
    473.33724803
    473.46146122
    473.52937893
    473.53077289
    473.53077289
    473.53741583
    473.11814915
    472.47955228
    472.34767278
    472.14019885
    472.37434349
    472.37434349
    472.37434349
    472.94012097
    473.20708603
    472.01003051
    473.31516915
    473.30768025
    473.03393914
    473.03393914
    473.54472965
    473.55335719
    473.57733671
    473.57115853
    473.61106697
    472.82932637
    471.83474170
    471.83474170
    472.27094381
    472.94835566
    473.06707852
    473.56369426
    473.56369426
    473.56219811
    473.58066629
    473.60329349
    473.24574145
    473.15248823
    473.15248823
    473.15248823
    472.65561356
    472.65561356
    472.65561356
    472.67975650
    473.09798508
    473.09798508
    473.09798508
    472.45208296
    472.31250486
    473.24356745
    473.19689530
    473.16187608
    473.05956953
    472.88741761
    473.06927286
    473.53779492
    473.53779492
    470.48627552
    471.97797787
    471.89626625
    471.89626625
    472.09304867
    472.09304867
    471.28174428
    472.58440807
    472.61345573
    472.85122008
    473.23505836
    473.22432855
    473.22432855
    473.52340738
    473.44297635
    473.33186437
    473.49291991
    473.45861349
    473.37783695
    473.09489931
    473.09489931
    473.24696345
    473.24696345
    473.24696345
    473.52450238
    473.56397374
    473.58898703
    473.24498118
    473.57823450
    473.55134187
    473.49741340
    473.49741340
    473.51664195
    473.51664195
    473.49035604
    473.59086872
    473.27274623
    473.27274623
    473.27274623
    473.27274623
    473.27274623
    473.27274623
    473.27274623
    473.45069299
    473.41939565
    473.53823854
    473.56995918
    473.56995918
    473.57024033
    473.57024033
    472.77134005
    472.88563984
    472.66896829
    472.66896829
    473.23128101
    472.87031353
    472.87031353
    472.87031353
    473.60242004
    473.60242004
    473.46499700
    473.46499700
    473.45190808
    473.45190808
    473.45209180
    473.51274258
    473.57743694
    473.51371712
    473.14138005
    473.16651792
    473.16651792
    472.89116283
    473.15371199
    473.11545543
    473.11545543
    473.11545543
    472.99104572
    473.32336012
    472.99696952
    472.99696952
    473.03595615
    473.26919271
    473.26919271
    473.38249519
    473.45001825
    473.45001825
    473.42884073
    473.42884073
    473.43687132
    473.43687132
    473.41974499
    473.43587875
    473.39604278
    471.61926461
    471.61926461
    473.09559776
    472.71892236
    473.35381840
    473.34592487
    473.55539302
    473.17875579
    473.17875579
    473.17875579
    473.15159626
    473.28932461
    473.22374222
    473.03570080
    473.23567206
    473.20168415
    473.38897228
    473.50580397
    473.50685541
    473.44873324
    473.48043562
    473.43240960
    473.46387609
    473.23052088
    472.13793168
    472.13793168
    472.28564179
    473.01695401
    472.50169567
    472.53907372
    472.53907372
    472.81242852
    471.54797026
    469.09620284
    469.09620284
    471.05170221
    472.18973522
    473.56641333
    473.56018539
    473.59870623
    472.84850990
    472.61084499
    472.53469844
    472.53469844
    471.21268369
    471.21268369
    471.21268369
    471.21268369
    471.21268369
    471.50581718
    471.50581718
    471.41382149
    471.41382149
    473.15968290
    473.15968290
    473.38837994
    473.43813274
    473.24937580
    473.08279949
    473.08279949
    473.54282738
    473.54282738
    473.39589683
    472.61518770
    472.20866346
    471.90759150
    473.13271992
    473.56571508
    473.56571508
    473.56571508
    473.51621119
    473.48716138
    472.61984598
    472.61984598
    472.17745829
    472.17745829
    472.10769380
    472.18775637
    472.43803759
    472.43803759
    472.66936799
    472.66191179
    472.65160958
    472.77769618
    472.77769618
    472.84703219
    473.54809281
    473.57090221
    473.57090221
    473.56138179
    473.56138179
    473.56138179
    473.57897150
    473.57897150
    473.58015435
    473.26660962
    473.60201692
    473.43348874
    473.53180698
    473.53180698
    473.48069276
    473.46216745
    473.33671422
    473.33671422
    473.16217348
    473.02086970
    473.02086970
    470.45948473
    470.45948473
    470.45948473
    470.45948473
    472.66893869
    473.05061867
    473.30552558
    473.21641775
    472.68381685
    472.68999648
    472.45215455
    473.15653963
    473.16169653
    473.16169653
    473.11698765
    472.82025220
    472.45950920
    472.45950920
    472.52964153
    468.54223177
    469.83801611
    469.83801611
    469.83801611
    469.83801611
    472.85537914
    473.36935908
    473.40364928
    473.45691519
    473.27035515
    472.92398157
    472.92398157
    473.10617399
    472.46667290
    472.25601566
    471.39159641
    471.65455969
    472.97454865
    472.50240681
    470.43675240
    470.58036916
    472.20610919
    472.20610919
    472.20610919
    472.20610919
    471.97113603
    472.88074742
    473.41148168
    473.41148168
    473.42925317
    473.12081655
    472.93682645
    472.58265087
    472.46619559
    472.51318197
    472.21606798
    472.86025049
    472.83666876
    472.62446249
    472.61812674
    471.86001753
    471.86001753
    472.55102095
    472.48419027
    472.87476839
    472.87476839
    472.87179290
    472.53417770
    472.63560890
    472.79024796
    472.79024796
    472.72287722
    472.72287722
    472.72287722
    472.85643344
    472.85643344
    473.49744393
    473.57283172
    473.58308021
    473.50142524
    473.30453760
    473.33709049
    473.46867970
    473.46638794
    473.45284287
    473.23641402
    473.08938100
    472.33067134
    472.33067134
    472.65385058
    472.65385058
    473.14496211
    473.27520606
    472.84919694
    472.66239365
    472.75629382
    472.75629382
    472.75629382
    472.31996087
    471.41910575
    472.34613142
    471.19136321
    471.19136321
    470.18761537
    472.57976038
    471.14838380
    472.24569567
    469.97348621
    469.97348621
    469.97348621
    469.97348621
    471.99820183
    473.10471241
    473.10471241
    473.10471241
    473.03749147
    473.00977778
    472.20564931
    472.04697753
    472.04697753
    472.12269066
    472.13098340
    471.55421697
    471.06689770
    471.06689770
    472.65254750
    472.65254750
    471.58181966
    472.45585198
    471.14724737
    471.14724737
    471.14724737
    471.34046280
    471.38393634
    471.38393634
    471.38393634
    471.38393634
    471.38393634
    471.38393634
    472.81470950
    472.94532909
    472.97581508
    472.97581508
    473.14171208
    473.17381650
    473.19184116
    473.18367795
    473.49070180
    473.24467811
    473.22385960
    473.22761030
    469.36132171
    472.03752899
    472.03752899
    472.50084558
    472.50084558
    472.67119632
    472.80065629
    472.98832901
    472.24407449
    473.51032969
    473.51248142
    473.51111857
    473.50321345
    473.40456681
    473.40808068
    473.40808068
    473.40808068
    473.51851419
    473.41511244
    473.41503449
    472.17699976
    472.36600246
    472.19157148
    472.24603072
    471.81547553
    472.15344534
    473.06759308
    472.65680144
    473.18869255
    473.25639762
    473.23958604
    473.21025667
    473.21025667
    473.21025667
    473.21025667
    473.55659258
    473.39775121
    473.19787242
    473.19840704
    473.19840704
    473.00352083
    472.85068560
    472.85068560
    472.80583664
    472.80583664
    473.57938758
    473.57303506
    473.28858572
    473.07526224
    473.07526224
    472.09307976
    472.34768039
    473.22591813
    472.80616599
    472.38551016
    472.97836417
    473.07689047
    472.91864540
    472.91864540
    472.37400528
    472.37400528
    471.43941093
    471.43941093
    470.30170274
    469.31286668
    469.31286668
    469.72202567
    469.72202567
    469.72202567
    469.72202567
    469.72202567
    469.68008635
    472.72172103
    472.72172103
    472.72172103
    472.72172103
    472.72172103
    473.58940844
    473.60735464
    473.60735464
    473.44274592
    473.48845791
    473.37679266
    473.39935247
    473.49264147
    473.58902617
    473.60100925
    473.27068074
    473.16294778
    473.03889413
    473.03889413
    472.32464658
    471.83980410
    471.42507836
    472.82281896
    473.56656234
    473.56656234
    473.56389428
    472.57608512
    472.60501868
    472.28851276
    472.28851276
    472.28851276
    472.57627379
    472.57627379
    471.35897899
    471.35897899
    472.32357600
    472.33332365
    472.33332365
    472.33332365
    472.33332365
    472.26907317
    472.39888387
    473.41284642
    473.38604632
    473.59125702
    473.57296961
    473.57296961
    472.92856147
    472.06226915
    472.13950054
    471.46266811
    471.35209803
    471.92149957
    472.73022575
    472.72355496
    472.22741879
    472.16226579
    472.18387962
    472.71743133
    471.88023854
    471.89488145
    471.38960753
    472.93681492
    472.93681492
    473.38900774
    473.16943561
    473.16822766
    472.92303995
    472.75131732
    473.20701589
    473.18801987
    473.08679629
    473.28608882
    473.32656085
    473.06874525
    472.72524248
    472.27059989
    472.25353268
