0.0 17.708412616357943 -0.002675309762829079
10.0 17.85154698253885 -0.0053452032922769585
20.0 18.02116108587777 0.009974356626675378
30.0 18.03505081350894 0.006410174397599194
40.0 18.079160630667047 0.012693539796040217
50.0 18.030434534510434 -0.009189049488595249
60.0 18.012057725955703 -0.001793157329134509
70.0 17.987457676385777 -0.002497352843332879
80.0 17.955533602455386 -0.00011979738467319803
90.0 17.98141793893591 0.01375253287842066
190.0 17.887633132364183 0.013271461767178099
200.0 17.90809078836786 0.005039645301553873
210.0 17.98457063639405 -0.009246490781677016
220.0 18.0584299349603 0.010383121692533278
230.0 18.024819848744617 -0.006925304462692337
240.0 17.996224739842546 -0.005780008639130714
250.0 18.034631412508325 -0.014677993906796012
260.0 18.05195632362429 -0.004864562193580336
270.0 18.089557657974403 -0.011867864951216972
280.0 18.035660231014077 -0.005890097266777451
380.0 18.087033877211752 -0.0015748376446856488
390.0 18.154477602932428 0.006024112289128702
400.0 18.257651386849382 0.013967455417718795
410.0 18.2503379198594 -0.011041155246082719
420.0 18.23555373770815 0.014619483279320871
430.0 18.226439025401074 0.0073905326821609085
440.0 18.14663303823616 -0.005653594278626465
450.0 18.15197600785755 0.004575151425614414
460.0 18.114384249220162 0.0008789420819465695
470.0 18.22962015382641 0.012500008754764511
570.0 18.094003559833133 0.011992031090398694
580.0 18.030767698075774 -0.013096630571720216
590.0 17.981801233686507 0.0011582145754741216
600.0 17.926969993160476 -0.00034078722682938416
610.0 17.971115533479892 -0.006973633411464008
620.0 17.94819214959498 0.0026106479049538877
630.0 17.996906182723777 0.01064402902776886
640.0 18.00856679119746 0.0034584236406998204
650.0 17.870364806236434 -0.002119151153162371
660.0 17.89242602455381 -0.0013591642700841674
760.0 17.981813474081036 0.018705085946421236
770.0 18.053054769698075 0.017346339574887352
780.0 18.146219734075167 -0.0032577505740906502
790.0 18.10021815709788 -0.01957462516893023
800.0 18.14946958984016 -0.02490145653443636
810.0 18.135845020744746 0.001355423150928087
820.0 18.130797881590432 -0.008305207134585862
830.0 18.138170441129546 0.0042343848060021365
840.0 18.17820705364411 -0.013650859815235063
850.0 18.14198212089954 -0.00014703721669931857
950.0 18.22273917198951 0.00432452164299543
960.0 18.275902388518176 0.004624849571588199
970.0 18.293175878543927 -0.010829015324607697
980.0 18.237246235242363 0.002742523130851721
990.0 18.14899845849679 -0.008280769189226747
1000.0 18.058157822242414 0.0034427935792417587
1010.0 18.02800464649472 0.009547779110802722
1020.0 17.957453539799836 0.009516590239559437
1030.0 18.043425849198215 0.0008672705452975875
1040.0 18.10917105283446 0.006408483335996187
1140.0 17.883139174729997 -0.0001688539449134691
1150.0 17.864989036395553 -0.010561122762785138
1160.0 17.949431613096262 0.0055648630542394
1170.0 17.959697125782753 0.014758478721469808
1180.0 17.93803195607115 0.003153165480202216
1190.0 17.90335882063639 -0.00574339793532961
1200.0 17.89724091434878 -0.01138037532002931
1210.0 17.950532363117688 0.002019240490119578
1220.0 17.942520749009404 0.01865086751085532
1230.0 18.04373445355172 -0.00029046508578315093
1330.0 17.974525320421822 -0.0004152291189368602
1340.0 18.045897970044212 0.025256586213960618
1350.0 17.872322791801068 0.004642636050364321
1360.0 17.897003474488415 0.01415793629651255
1370.0 17.875086171249542 0.02152479239009143
1380.0 17.913779731222633 0.006730759872393683
1390.0 17.892608259410206 0.017324327257352463
1400.0 17.757904461202017 -0.013407894857058563
1410.0 17.819084603198462 -0.0027348607551855165
1420.0 17.787637873886403 -0.00496005017730733
1520.0 18.16600424740174 -0.012715546388152161
1530.0 18.168917673874983 0.003878520506991052
1540.0 18.131740810141192 -0.006174626674539265
1550.0 18.097933590854772 -0.005166130935474452
1560.0 18.01303310690874 0.009836975901249958
1570.0 18.009715056178024 -0.0163606028017868
1580.0 17.98781506221778 0.015510330358119094
1590.0 17.962851669180765 0.013243226678499236
1600.0 17.993411326357183 0.012143837002710274
1610.0 17.955357443984333 -0.008161672007336192
1710.0 18.000918142483126 0.023103475198481455
1720.0 17.83424277003969 -0.015154176532354267
1730.0 17.886352542871535 0.018399025586497288
1740.0 17.986037253129965 0.012515044658730384
1750.0 17.988879264977516 0.014798270172841908
1760.0 17.92350811428847 -0.005321899878655575
1770.0 17.935993452063915 0.0015256200127665076
1780.0 17.95911838575878 0.0016989531394160707
1790.0 18.051431990035553 -0.0032051595428595563
1800.0 18.061474882839597 0.002670974412515758
1900.0 17.828485845703035 -0.00930473103078938
1910.0 17.84484087755766 0.00522372076445967
1920.0 17.964515290628672 0.01297589440231508
1930.0 17.997193308448047 0.010260829711560723
1940.0 18.022401944293247 0.027966345610848226
1950.0 18.04329340048314 0.00028581721493341634
1960.0 18.034065089613755 -0.01185916738708396
1970.0 18.081114595276546 0.022474675611076026
1980.0 18.0269985124213 0.005108135397037511
1990.0 18.085829143542725 -1.2282691827169907e-05
2090.0 18.031682076126682 0.0014427307722156885
2100.0 18.05651866856309 -0.014222851995860063
2110.0 18.031732560952236 -0.010067487134702489
2120.0 18.137744365242273 0.008865451266416111
2130.0 18.081992376713306 0.014683660954149913
2140.0 18.09147125812329 0.0008525623905409443
2150.0 17.957153136173684 -0.014088826904305313
2160.0 18.09091135667798 0.011619430941533409
2170.0 17.982163475786347 -0.01768817643414858
2180.0 18.08070060289271 -0.003772804010752447
2280.0 18.123293051580738 -0.01032582389037793
2290.0 18.070718080000702 -0.013898149785546945
2300.0 18.136826435849464 -0.009358568234020086
2310.0 18.0914347518732 0.009557898475737743
2320.0 18.155469349830305 -5.2133927937314116e-05
2330.0 18.138770264995777 -0.005496634530839042
2340.0 18.162970856172958 -0.007589381715875439
2350.0 18.171237818268903 -0.009753709308787972
2360.0 18.233385598869063 0.004052368256758515
2370.0 18.34439035815512 -0.009215647900191845
2470.0 18.177440040994604 -0.0011180768435132859
2480.0 18.212215961726827 -0.005452372338517092
2490.0 18.18957217867575 0.012487339870995817
2500.0 18.242180253940372 0.0064540770022204355
2510.0 18.323603954995995 -0.0015424562649231314
2520.0 18.322803022503404 0.0012063775546004316
2530.0 18.24554994125342 0.004762415882172141
2540.0 18.167118852232253 0.011384381933357017
2550.0 18.070929651127436 -0.018296410955774473
2560.0 18.04840672814953 -0.0056784344391229815
2660.0 18.108351733746762 -0.014088816431281542
2670.0 18.103151493638006 -0.0007026062848799965
2680.0 18.093662094901063 0.012117290747475369
2690.0 18.081885019661836 -0.008776923361718847
2700.0 18.069190198264668 -0.004326404992850717
2710.0 17.98317457026651 0.00297887097396897
2720.0 17.92023162648301 -0.007480226792712994
2730.0 18.009009043365044 0.012411010640240756
2740.0 18.036336721659 -0.010258406573254022
2750.0 18.114533546120544 0.005717862651972037
2850.0 18.17611518388703 0.005952812441369404
2860.0 18.11451966146703 -0.000236456754669463
2870.0 18.162233492837466 -0.013945985465671362
2880.0 18.156053938408288 -0.00909519947002438
2890.0 18.122144449688392 0.0004824306005711192
2900.0 18.116845590517023 -0.005620193351047471
2910.0 18.129941131863408 0.0022562031629350314
2920.0 18.09309150040602 -0.021711005607382827
2930.0 18.115183143738474 0.004580397174757596
2940.0 18.119199601813786 0.00048684480701248223
3040.0 18.09965760290249 -0.007087320141609751
3050.0 18.073865779854987 0.012326761830624228
3060.0 17.968056856565813 0.004790646881413863
3070.0 17.93366921823205 -0.0015203371056124134
3080.0 17.973670009504836 0.00370534751175935
3090.0 18.09039698901522 0.004779703889797069
3100.0 18.138425717211316 -0.0028890977026422167
3110.0 18.24952010149353 0.012875971048077098
3120.0 18.16142939852929 0.004671241906873543
3130.0 18.20412984353131 0.006889208161064007
3230.0 17.992302507323974 0.012964319203555454
3240.0 18.05221255725365 0.006881239087421764
3250.0 18.1215993751768 -0.0028119745927453
3260.0 18.10611390066529 0.022125105192360158
3270.0 18.207018355446323 0.013138200739379649
3280.0 18.019076998920198 0.008273606589911985
3290.0 18.033276370262833 0.001224293409866269
3300.0 18.062285466396524 -0.012374332095209623
3310.0 18.039288539843653 0.022260779408975702
3320.0 18.052887765819634 0.007593119666727736
3420.0 18.161291431618398 0.015408154413549174
3430.0 18.17653683116018 0.0015831470416855348
3440.0 18.21824137853054 0.006995661368499862
3450.0 18.230053534017994 -0.009613069486321112
3460.0 18.1691549696596 0.010608426398416915
3470.0 18.086963210405827 0.007563333429679243
3480.0 18.155825813031846 -0.0012373903526146147
3490.0 18.161491616982705 0.007170632728683834
3500.0 18.136138338612934 -0.017062544660470018
3510.0 18.08841991372736 -0.003179860058805871
3610.0 17.898721144370295 -0.006044353123361158
3620.0 17.992739775734158 0.001472118579862155
3630.0 18.02377024277197 -0.007158831948095748
3640.0 18.02191461140737 -0.0021712310401894755
3650.0 18.039579128691187 -0.002374928821427327
3660.0 18.03631060362958 -0.000626916185012437
3670.0 18.00653636838222 0.0020782347656418073
3680.0 17.979022961561682 -0.009499609828851027
3690.0 18.07634334669121 -0.016186560198810578
3700.0 18.094658981878087 -0.004498153835970346
3800.0 17.949975677129803 0.010939424796245208
3810.0 17.96436695426475 0.0009091694391042838
3820.0 18.007518524841082 0.002044710080700981
3830.0 17.96428204463859 -0.011155789431476985
3840.0 17.989841384706224 0.007950924717517524
3850.0 17.96336871575303 0.00965715423290199
3860.0 17.934595183730384 0.00751837382259585
3870.0 17.97719249673503 0.0165885813259883
3880.0 18.087470052800096 -0.006209769673192448
3890.0 18.078337915776842 -0.01407650144989469
3990.0 18.044368342156517 -0.0014033924792519626
