    473.30839739
    473.30839739
    473.30839739
    473.44327137
    472.84256346
    472.84256346
    472.65770688
    473.01511378
    473.01511378
    473.01511378
    473.13043985
    473.10880645
    473.25784044
    473.23751201
    473.42491495
    473.08769664
    472.84018843
    472.84018843
    473.14880662
    472.29460970
    472.29460970
    472.29460970
    471.05099810
    472.64251396
    472.63318939
    472.80743377
    472.71362094
    472.75865152
    472.68894177
    472.39450424
    472.56766584
    472.20409347
    470.78536563
    469.43145274
    469.43145274
    469.43145274
    469.43145274
    472.70288837
    472.18097006
    472.18097006
    472.18097006
    472.18097006
    472.18097006
    472.18097006
    472.23063691
    472.21823095
    472.21823095
    473.10890700
    473.12547348
    473.13239333
    472.83510428
    472.58719444
    472.58719444
    473.21765686
    473.21765686
    473.13299997
    473.13299997
    473.37477386
    473.37477386
    473.37477386
    473.37477386
    472.41850104
    472.69282563
    471.52711628
    471.93730986
    472.67541793
    472.67541793
    472.32473593
    472.52228194
    472.52228194
    472.71060113
    472.88882551
    472.88882551
    472.88882551
    472.88882551
    472.65540595
    472.86777053
    470.93458615
    470.90458224
    472.79324240
    472.55523998
    472.55131535
    472.55643534
    473.17127028
    472.79386167
    472.37134010
    472.53882340
    473.41476283
    473.41476283
    473.39012651
    473.34444278
    472.13719526
    472.81607801
    471.35632554
    471.35632554
    470.59034767
    470.59034767
    470.41193171
    470.76381207
    470.76381207
    472.87515189
    471.33848142
    472.50160675
    472.50160675
    471.22106449
    471.22106449
    471.22106449
    472.21027020
    472.21027020
    472.21027020
    472.21027020
    472.25890752
    473.07839598
    473.07839598
    473.07839598
    470.89956861
    470.89956861
    470.89956861
    470.89956861
    471.12845909
    471.12845909
    472.98526725
    473.16682412
    473.26414999
    473.38399008
    473.11141780
    473.11280128
    472.70188458
    472.72576729
    472.72576729
    472.72576729
    472.72576729
    472.72898965
    472.80608916
    470.82878670
    470.08812515
    470.08812515
    468.90618430
    468.90618430
    468.90618430
    467.21817424
    468.00254048
    470.91331767
    470.91367508
    470.91367508
    473.19353364
    473.43966171
    473.43966171
    473.43966171
    473.33557391
    473.29976462
    473.39924206
    473.37301850
    473.31033639
    473.07153937
    472.97025004
    473.22186699
    473.10938424
    473.10938424
    473.07541848
    473.12423207
    472.76891474
    472.88584759
    472.88584759
    473.26014564
    473.26014564
    471.93304795
    473.20279265
    473.06624633
    472.88392977
    471.55075813
    471.55075813
    471.90031019
    472.68704862
    472.77010619
    472.79954308
    472.80190669
    472.07569399
    472.09968998
    472.09968998
    471.96439971
    471.96439971
    471.96439971
    472.40948572
    471.98442658
    471.98442658
    472.11348560
    472.11348560
    472.11348560
    472.83249811
    472.86654263
    472.83758626
    472.83758626
    473.10539096
    472.60080568
    472.60080568
    472.73983706
    473.08747363
    473.28323395
    473.29057189
    472.88366404
    472.77258524
    472.77258524
    472.72133090
    472.72133090
    473.23407021
    472.24782601
    472.32383551
    472.48041064
    473.14584235
    473.27391290
    473.05777211
    472.67082860
    472.59791803
    472.61755081
    472.67655413
    472.71332801
    472.22155678
    472.27311755
    473.10788134
    473.10788134
    473.13686096
    473.00290829
    473.00290829
    473.08939586
    472.96905496
    472.96357135
    473.22730768
    472.02967940
    472.14269896
    472.75625640
    472.75321262
    472.12917499
    471.75314635
    471.75314635
    471.75314635
    472.45406063
    472.44441043
    472.06978929
    470.78165617
    472.24407937
    472.24407937
    472.15323631
    472.15323631
    471.95911764
    471.95911764
    471.99912762
    472.24453611
    472.41439269
    472.41439269
    472.94281988
    473.17763249
    471.32093892
    471.06677150
    470.01685676
    470.01685676
    472.03553854
    472.03553854
    472.65143722
    470.38572396
    470.38572396
    470.38572396
    470.38572396
    472.20618388
    471.57741425
    468.82387047
    471.85079735
    472.08562485
    472.08562485
    471.98543437
    471.97816146
    471.85340128
    470.90687496
    471.08100938
    471.08100938
    472.69719155
    472.69719155
    472.63321524
    472.63321524
    473.27912379
    473.43344434
    473.43344434
    473.43924688
    473.43924688
    473.11437833
    473.11437833
    473.11437833
    473.11437833
    473.17106200
    473.17106200
    473.17106200
    473.36877005
    473.41027517
    473.01151053
    472.57438145
    472.79926857
    472.79926857
    471.37292466
    473.42092737
    473.41361140
    471.73879117
    472.18046871
    472.18046871
    473.21846063
    473.21846063
    473.18041246
    473.38016545
    473.24302046
    473.25264866
    473.25264866
    473.04293410
    473.14387833
    473.25130907
    473.00220477
    473.24219037
    473.26467301
    473.26467301
    472.75125947
    472.34678439
    472.34678439
    471.85393686
    471.85393686
    472.54426572
    472.54426572
    472.54426572
    473.37868554
    473.44174912
    472.92955735
    472.57954685
    472.67562981
    472.67562981
    472.94532586
    471.96106084
    471.87743083
    471.87743083
    471.87743083
    472.59271395
    472.90023753
    473.38574780
    473.41817262
    473.43809340
    473.44063068
    473.40763831
    473.38040047
    473.38639205
    473.38191175
    473.25208875
    471.53493591
    471.53493591
    471.97748190
    473.22612205
    473.13897845
    473.13897845
    473.13897845
    473.12078633
    473.12078633
    472.70432112
    471.85296734
    471.91740389
    471.91740389
    471.77877332
    472.65229609
    472.65229609
    469.91320094
    469.91320094
    469.91320094
    469.91320094
    469.91320094
    469.82208636
    469.82208636
    469.82208636
    469.82208636
    469.82208636
    471.62285364
    471.62285364
    472.37741038
    472.19362273
    472.13372881
    472.62121572
    472.34803810
    472.34803810
    472.34803810
    472.34803810
    472.34803810
    472.32439867
    472.32439867
    472.50962311
    472.50962311
    472.50962311
    472.50962311
    472.50962311
    472.46733534
    472.46733534
    471.27473830
    471.27473830
    471.27473830
    471.27473830
    470.47125766
    470.47125766
    470.27847044
    471.66928558
    471.90408920
    471.90408920
    471.05394341
    472.82265979
    472.82265979
    472.76219683
    472.77167766
    473.21318657
    472.76326809
    472.88053508
    472.88514842
    473.15376403
    473.23359781
    473.21620884
    473.24814433
    473.24814433
    473.13167621
    472.37353804
    471.99959085
    472.83228424
    472.97909752
    472.97163832
    472.58095059
    472.31822754
    471.84872251
    472.16648056
    472.50350096
    472.00727744
    471.98836289
    471.16888604
    471.14785136
    471.15624939
    471.15624939
    471.30828086
    471.47562235
    471.76727900
    471.90639710
    471.69053304
    471.69053304
    471.21552856
    470.73567669
    469.68661354
    471.07028851
    471.35914335
    471.61750574
    473.15304584
    473.15304584
    473.15304584
    473.15304584
    472.40978163
    471.58653698
    471.58653698
    472.65432603
    472.65432603
    472.65432603
    472.99660885
    472.99660885
    472.99660885
    471.21448301
    471.99105882
    472.03725914
    471.96702269
    472.48821050
    472.48821050
    472.48821050
    472.48821050
    472.10367346
    472.10367346
    472.68778280
    472.97082872
    473.15976421
    473.35775949
    472.52565892
    471.56716561
    471.56716561
    471.56716561
    472.53669050
    473.06870800
    473.05588820
    473.05588820
    472.84439507
    473.25572106
    473.25572106
    473.35121273
    473.31333316
    473.31333316
    473.30475976
    473.27765798
    473.26365665
    473.26365665
    473.26365665
    473.26365665
    473.26365665
    472.90435718
    472.59751655
    473.08199114
    473.22604766
    472.81584677
    472.81584677
    472.00596064
    471.47014929
    471.22869072
    469.74807747
    471.10697337
    472.09773748
    472.91393856
    472.49723325
    472.84697084
    472.80677590
    472.80677590
    473.38326907
    472.84896523
    473.37875336
    473.37481436
    472.75314218
    472.73480784
    472.73480784
    472.22169607
    472.22169607
    471.29056896
    470.34004347
    471.47714089
    471.47714089
    472.70151232
    472.53297843
    472.53297843
    472.53297843
    472.52498080
    472.65629404
    472.08934220
    472.23448638
    472.60717070
    471.87406352
    471.86604309
    472.93992569
    473.18299194
    472.95585903
    473.40305774
    473.38807506
    473.38807506
    473.04636453
    473.12342101
    473.29456956
    473.29456956
    473.02627475
    472.86756781
    472.54452693
    472.15082132
    472.78830440
    473.42931141
    473.37581293
    473.37581293
    473.36301594
    473.36301594
    473.36301594
    473.36301594
    473.36901674
    473.35127364
    473.13969822
    473.13969822
    471.94375374
    472.87099413
    473.30966319
    473.20543317
    473.28458219
    473.02742445
    473.01255137
    473.01255137
    473.17553608
    473.20182733
    473.20182733
    472.58068769
    473.28390679
    473.28390679
    473.39330045
    473.25851319
    473.32507648
    472.03780523
    472.13219418
    470.01302669
    470.01302669
    473.23664360
    472.94618610
    472.56169021
    472.65572041
    472.39075116
    472.39075116
    473.32502184
    473.33649177
    473.33948757
    473.33948757
    473.33948757
    473.37838999
    473.41146591
    472.93754202
    472.93754202
    473.12729191
    473.12729191
    473.12649593
    472.42593199
    473.00267468
    473.09399432
    473.09399432
    473.40682406
    473.40682406
    473.40682406
    473.42197356
    473.19264075
    473.33738166
    473.33784881
    473.33784881
    473.00043765
    473.20162468
    473.05882603
    472.86992137
    471.16949706
    471.97316631
    473.01235042
    472.80598326
    472.80598326
    473.22847125
    473.22426737
    473.38149097
    473.44589289
    473.38218067
    473.31479089
    473.31479089
    473.33946339
    472.97834724
    472.87789751
    473.40966852
    473.40966852
    473.23959149
    473.21870578
    473.21870578
    473.15359021
    473.15359021
    472.82746422
    472.82746422
    472.53555477
    472.53555477
    472.53555477
    472.14245939
    472.14245939
    472.01807715
    472.01807715
    472.01807715
    472.01807715
    472.01807715
    472.95860991
    472.42974537
    472.57018527
    472.16385961
    471.47629007
    471.30658145
    470.76987254
    471.46138922
    471.37599985
    471.99859888
    471.34331604
    471.34331604
    471.34331604
    471.34331604
    471.34331604
    470.70164426
    470.76969132
    472.19382005
    472.19382005
    472.19382005
    472.69203994
    471.15576033
    472.93818384
    472.37779614
    471.81389921
    471.70261779
    471.66979729
    470.49620494
    471.99316703
    472.22666902
    471.58332292
    472.00264918
    472.55602052
    472.97885526
    472.97885526
    472.97885526
    473.18272084
    473.42160388
    473.40285392
    472.47233154
    472.47233154
    472.05508162
    472.90091988
    472.90091988
    473.15009624
    473.10912551
    473.06384983
    473.06384983
    473.06384983
    472.97248486
    472.86692688
    473.12804762
    472.94434173
    472.71232247
    472.71232247
    472.71232247
    471.83681146
    471.84829546
    471.29093857
    472.60324838
    473.04895865
    473.36565000
    473.00808590
    473.00808590
    473.00808590
    473.23204773
    471.22703785
    470.26711556
    470.26711556
    471.72980544
    471.72980544
    471.72980544
    471.72980544
    471.72980544
    472.70223729
    472.69053823
    472.70203290
    473.04929256
    473.04929256
    472.53092547
    471.16359071
    473.25348082
    472.86915528
    471.30623655
    470.28287259
    471.13841046
    471.13841046
    471.13841046
    472.75093239
    472.75093239
    472.89569742
    472.89569742
    472.83864639
    472.66358553
    472.52014728
    473.15400940
    472.96015839
    472.96015839
    472.96015839
    472.96015839
    473.24183661
    473.24183661
    473.24183661
    473.31482613
    473.31482613
    473.31482613
    473.35141913
    473.35141913
    473.27378592
    473.27378592
    473.42376183
    473.34462081
    473.31409714
    473.35622734
    473.18942839
    473.21628606
    473.12411561
    473.12411561
    473.12411561
    473.16935830
    473.16935830
    473.16935830
    473.16935830
    473.21147450
    473.21147450
    473.21147450
    473.21147450
    472.78403032
    472.78723472
    472.22395123
    472.22395123
    472.48754322
    472.48754322
    472.30362164
    472.30362164
    472.30362164
    472.43133401
    472.47993617
    472.47993617
    472.73580736
    472.73580736
    472.89101318
    472.72547918
    472.72547918
    472.64143964
    472.64143964
    472.39578781
    472.39578781
    472.39578781
    472.39578781
    472.11235738
    472.16507534
    472.58688566
    472.47840603
    472.47840603
    473.16405688
    473.16405688
    473.14824621
    473.14824621
    473.14824621
    473.21752761
    472.59543505
    472.87843834
    471.61566015
    473.13749161
    471.97971323
    470.11473707
    469.51486349
    467.29923409
    468.84166336
    467.92938939
    468.59778495
    467.06547925
    467.06547925
    467.06547925
    469.60616970
    468.41532103
    468.41532103
    468.41532103
    468.41532103
    469.13451415
    469.13451415
    470.92451767
    470.92451767
    470.92451767
    470.92451767
    471.27730633
    470.61539879
    470.64362013
    470.64362013
    470.85438568
    470.85438568
    472.65228530
    472.85207798
    472.64821891
    472.57636606
    472.57636606
    472.50793387
    471.99483765
    472.57995757
    470.90642614
    470.90642614
    471.11633541
    471.11633541
    471.11633541
    469.67403125
    471.73458094
    472.23032184
    471.27823055
    471.35226562
    470.58886395
    470.80641009
    472.18507227
    472.62873087
    473.01284654
    473.23826300
    473.23092395
    473.35672485
    473.33317485
    473.23132929
    473.36830238
    473.17832321
    473.17832321
    473.33863721
    473.02013954
    471.82803949
    471.99568923
    471.81863855
    473.05130166
    473.05130166
    471.78939591
    471.78939591
    473.16699580
    472.79268054
    472.54556178
    472.99170221
    472.97744354
    472.70111198
    472.72167131
    472.72167131
    472.79741356
    472.90879413
    473.13092189
    473.13092189
    473.19290402
    473.19290402
    473.19290402
    473.17007365
    473.24531024
    473.33899841
    472.12727386
    472.40149946
    472.75264251
    472.70352996
    472.87428501
    472.74686736
    472.26835532
    471.34715052
    469.74266833
    472.26283230
    472.26283230
    472.48326391
    471.62736859
    471.62736859
    471.91842302
    471.69054654
    471.63944200
    470.90280041
    469.14538796
    469.14538796
    469.69136489
    470.79224845
    471.83589302
    471.86814589
    473.19290090
    470.47827921
    470.47365074
    470.80854524
    470.01603625
    470.66082891
    470.85410608
    470.77939259
    470.77571599
    470.77571599
    470.77571599
    470.77571599
    472.60207429
    472.60207429
    472.89940546
    473.05934988
    473.04065791
    472.99621143
    473.33827591
    472.14868702
    472.14868702
    472.14868702
    472.92815651
    473.00304436
    473.39537748
    471.93631286
    471.92935064
    471.61992875
    470.97079921
    470.91440562
    470.73665676
    469.67047661
    469.67047661
    469.60890388
    470.35953279
    471.06753860
    469.93660007
    471.46600689
    471.89854014
    472.97299559
    473.16420538
    473.05157755
    472.11677355
    471.49417628
    470.91656893
    471.87352369
    471.93304588
    471.88917420
    471.62059188
    472.75673392
    472.75710819
    472.75710819
    473.17963989
    472.76027651
    473.15787672
    472.85138513
    472.98169226
    472.98169226
    473.23698081
    473.23698081
    473.26555345
    472.54847731
    472.31451429
    472.31451429
    471.96784583
    471.96784583
    472.18570050
    471.07481797
    472.84210484
    473.42667543
    473.17277479
    472.64980793
    473.23182813
    472.94596343
    472.06180927
    470.75656140
    472.70221813
    472.70221813
    472.81939589
    472.81939589
    472.62878535
    472.49359827
    473.21013511
    473.27666417
    473.29988699
    473.34864361
    473.44412479
    473.44402443
    473.12523614
    473.00884598
    473.00884598
    473.21083021
    472.85209955
    473.01770897
    473.01770897
    473.01770897
    473.01770897
    472.67769732
    473.10362340
    473.12342498
    473.12342498
    473.41500982
    473.42541074
    473.42415276
    473.40870396
    473.40870396
    473.25928494
    473.25928494
    473.25918272
    473.25918272
    473.25918272
    473.25918272
    473.32238003
    473.32238003
    472.14762007
    472.52447398
    473.30537400
    473.30537400
    473.41924961
    473.28928818
    473.11295787
    473.11295787
    473.09840955
    473.09840955
    472.98231429
    473.15284607
    471.87688357
    471.87688357
    468.51401466
    469.55219973
    469.55219973
    469.55219973
    469.08751008
    468.24010921
    467.93112252
    467.93112252
    469.40915947
    468.06195899
    468.14477201
    468.14477201
    468.14477201
    471.32219515
    471.59042151
    471.59042151
    471.59042151
    471.64831577
    471.31023521
    471.31023521
    471.31023521
    471.44936536
    471.44936536
    471.42214829
    471.57361428
    468.79134611
    468.29512938
    468.29512938
    469.65796719
    469.65796719
    469.64774155
    469.64774155
    469.64774155
    471.31999383
    471.31999383
    471.60634472
    471.60634472
    471.40044183
    471.11902549
    471.42450620
    471.42450620
    471.42450620
    471.42450620
    471.47672056
    471.39809467
    473.13115255
    473.19499727
    472.62455623
    473.38827747
    473.37529548
    473.33435238
    473.37220763
    473.37220763
    473.23458440
    473.18363276
    473.21316166
    473.30555848
    473.36398717
    473.34159990
    472.40085224
    471.74299066
    472.01716730
    472.80494908
    472.80494908
    472.80494908
    472.64023781
    472.81154910
    472.61733515
    473.27540020
    473.27307773
    472.94289433
    472.94289433
    472.72768919
    473.06465408
    472.83782808
    473.11693058
    473.11693058
    472.82064811
    472.82064811
    472.82064811
    472.76978651
    472.55982960
    472.29829444
    468.88658615
    468.88658615
    469.95745752
    471.65824535
    471.65824535
    471.33057986
    471.47430490
    471.15516866
    469.82354159
    469.82354159
    469.04744308
    469.26130694
    469.03280255
    467.64671534
    467.64671534
    464.99146412
    464.99146412
    464.76758538
    466.55767832
    466.55767832
    466.55767832
    466.55767832
    466.55767832
    465.36726681
    465.36726681
    468.07680678
    470.97552647
    470.97552647
    470.98241877
    470.98241877
    471.65722515
    472.28157625
    473.16801010
    473.37622205
    473.37342017
    473.29512707
    473.34214110
    473.38970873
    473.40311649
    473.41049441
    472.61716012
    472.56945684
    471.57480503
    471.64069975
    470.88653720
    471.37783612
    471.58506471
    472.02340910
    471.53164340
    471.53164340
    471.53164340
    472.94811558
    472.94811558
    472.67200982
    472.41749298
    473.01466199
    472.89435576
    473.03668735
    473.03598040
    473.31897052
    473.32719594
    472.30503557
    472.30503557
    471.95657672
    472.00074481
    473.33219144
    473.37030597
    473.01361878
    473.01361878
    473.00427002
    472.72505481
    472.84485359
    472.84485359
    472.84485359
    472.93986479
    473.13226523
    473.07813482
    472.97414197
    472.97414197
    473.39249995
    472.22384647
    472.22384647
    472.22384647
    472.22384647
    470.37035727
    473.11173818
    473.28146739
    473.28146739
    473.38556808
    473.39081894
    473.33867552
    473.44634618
    473.33781252
    473.33806463
    473.25504410
    473.31462973
    473.41277740
    472.47189034
    472.47189034
    472.47189034
    472.47189034
    472.12518173
    472.12518173
    473.17606872
    472.91277022
    472.91277022
    472.91277022
    472.87425783
    473.33027593
    473.32774134
    473.31681554
    473.29321247
    473.24832004
    473.24832004
    473.17109430
    472.37717417
    472.63204007
    472.63204007
    472.45427462
    472.31944097
    472.19071541
    471.62722400
    472.23048297
    472.73990504
    472.01257145
    472.01257145
    470.72283908
    470.72283908
    471.62424174
    472.66275201
    472.74629194
    473.00984734
    473.01394134
    472.51506146
    472.30045859
    472.30045859
    472.30045859
    472.51068341
    472.51813170
    472.51813170
    472.25973347
    472.26029401
    470.31895834
    471.39699274
    473.00273179
    472.46479877
    472.07738093
    472.07738093
    472.27040376
    472.27040376
    472.01210696
    472.01210696
    471.96316926
    472.65498597
    472.61352121
    471.89701351
    470.92250951
    470.92250951
    472.79080179
    472.94405253
    473.03241915
    473.03241915
    472.94803724
    472.94803724
    472.20346986
    473.41763277
    473.05289974
    473.05289974
    472.62245056
    472.36902597
    472.73780074
    472.73780074
    472.76627059
    472.14994299
    471.81070597
    472.38952134
    472.40411360
    472.12042381
    472.12042381
    472.53899485
    472.53899485
    471.64455015
    471.64455015
    471.58563740
    472.70378055
    472.64458167
    472.64458167
    473.37241976
    473.37241976
    473.27437477
    472.47283234
    472.47283234
    472.42090008
    472.34248768
    472.34248768
    472.34248768
    472.34248768
    472.34067357
    471.87642966
    471.87642966
    471.87642966
    471.87642966
    471.87642966
    471.87642966
    471.87642966
    471.87642966
    471.87642966
    472.34161520
    473.13599987
    473.32676823
    473.32676823
    473.33453887
    469.12808685
    472.36040162
    472.17495415
    470.13221984
    471.55480570
    471.44858093
    472.27314779
    472.27314779
    472.27314779
    472.76848538
    472.83659392
    472.83659392
    473.09014530
    473.04297254
    471.89420557
    472.86719505
    471.79241066
    472.91064936
    472.91064936
    472.34962317
    472.48990834
    472.48990834
    472.63696051
    472.80624743
    473.14054424
    472.46591070
    472.46591070
    472.78181955
    472.78181955
    471.34427926
    471.38368073
    471.38368073
    471.38368073
    471.38368073
    471.20226475
    470.90759510
    470.90759510
    473.24970146
    473.24970146
    473.24970146
    473.24114550
    473.30458438
    473.22460997
    472.42634986
    471.37279612
    471.37279612
    471.37279612
    470.42281683
    470.42281683
    470.42281683
    471.36396902
    470.35176728
    469.10052325
    471.61371403
    471.61371403
    471.61371403
    471.61350278
    472.38026227
    472.04267217
    472.59829285
    472.59829285
    472.90171665
    470.80466765
    471.13486097
    470.82201025
    472.15263201
    472.15263201
    471.81542037
    471.81542037
    471.93153513
    471.93153513
    471.46254602
    471.57507428
    472.12214552
    472.95349639
    472.06033270
    472.81405564
    473.39448369
    473.40244602
    472.90904334
    472.78238488
    472.85654445
    472.67685701
    472.65879331
    472.65879331
    470.83833921
    470.83833921
    470.20021242
    472.44040939
    472.53523475
    471.81636530
    472.20628918
    472.20628918
    472.30304064
    473.42913184
    473.01645986
    472.89468078
    473.16326542
    473.16326542
    473.16326542
    473.43760297
    473.26885418
    473.10149763
    472.42929585
    472.73460867
    473.12096958
    473.04039804
    473.09799654
    473.35619194
    473.13151035
    473.26515050
    472.94037152
    472.90184201
    472.90184201
    472.19581781
    472.19581781
    473.23508080
    472.94737391
    472.94737391
    472.73387744
    472.73387744
    473.16416720
    473.17709890
    473.00487748
    473.13652002
    473.29917627
    472.37279318
    472.37279318
    472.32300198
    472.94045787
    472.91937029
    472.91937029
    473.06771808
    473.10185621
    472.45948194
    471.95092267
    472.57004610
    472.40258757
    472.40258757
    472.40258757
    473.07348790
    473.29291025
    473.20669415
    473.43753904
    473.42897490
    473.34327743
    473.43177018
    473.38557473
    473.39377483
    473.44148601
    473.44432059
    473.44432059
    473.31864152
    473.35913938
    473.35913938
    473.33621561
    473.33621561
    473.41071578
    473.41071578
    473.44659097
    472.45915792
    473.35288000
    473.35493277
    473.34595910
    473.34595910
    473.10406930
    473.39551500
    473.39177412
    473.39251335
    473.39812370
    473.41450353
    473.35913815
    473.41573361
    473.25340439
    473.25340439
    473.09601846
    473.11781465
    472.79514251
    472.79514251
    472.99538897
    473.19550962
    472.29530016
    472.29530016
    472.29530016
    472.29530016
    472.29530016
    472.29530016
    472.29530016
    472.83473554
    472.83473554
    473.21250577
    471.49765246
    471.39281539
    471.39281539
    472.48332145
    469.55826498
    472.20620468
    472.20620468
    470.46486385
    471.62626668
    471.62626668
    471.62626668
    471.27958665
    473.03064973
    473.41102025
    473.38638174
    473.40431590
    473.35242010
    473.44752423
    473.44704759
    473.44573944
    473.43546209
    473.00719564
    473.00719564
    473.00719564
    473.00719564
    473.00719564
    472.97240067
    473.12826005
    473.12826005
    472.96750556
    473.27681077
    473.38968518
    473.32717810
    473.14433566
    473.33806399
    473.33806399
    473.43563207
    473.44300966
    473.16062295
    472.41568216
    472.41568216
    473.05225112
    473.05225112
    472.67881524
    472.05258202
    472.05258202
    472.05258202
    472.05258202
    472.05258202
    472.05258202
    471.95201786
    471.95201786
    471.36159496
    471.36159496
    472.17286340
    472.17286340
    472.17286340
    472.11521952
    472.11521952
    473.39658348
    473.23454200
    473.23454200
    472.83789254
    472.97089064
    473.03082220
    473.20826857
    471.90485619
    473.21980381
    473.40803509
    473.40803509
    473.41285100
    472.85343627
    473.04093934
    471.76614966
    473.00396692
    473.37150155
    473.21734582
    473.19683785
    473.18075980
    473.34065067
    473.34065067
    472.34885139
    470.93088591
    470.83571562
    473.17476916
    473.22351794
    472.99403363
    473.34949830
    473.40625938
    473.40625938
    473.40625938
    473.43937589
    473.43937589
    473.43937589
    473.08701068
    471.83462777
    472.34616638
    472.53060139
    473.01702663
    472.74137356
    472.85137562
    472.53727253
    471.30793302
    471.30793302
    471.30793302
    471.30793302
    472.20067387
    472.20067387
    471.65679538
    472.92985811
    472.94130558
    473.29855036
    472.55430128
    473.03445158
    473.18469694
    471.76325908
    472.19902364
    472.11158924
    471.14714031
    471.14714031
    470.02362742
    470.28584195
    470.28584195
    470.28584195
    470.28584195
    470.28584195
    470.28584195
    470.28584195
    471.17470697
    471.17470697
    473.15110341
    473.26656819
    473.29553780
    473.29553780
    473.19588965
    473.19588965
    473.26627877
    473.39359618
    473.39609652
    473.39237250
    473.33554238
    472.82177565
    472.62793460
    472.19749699
    471.26823742
    471.26823742
    471.45710973
    472.48924812
    472.27297244
    472.27297244
    472.46843609
    472.40698632
    472.40698632
    472.86037873
    472.15803287
    471.46316582
    472.24333949
    472.54319874
    472.71589639
    473.19180670
    472.66581146
    473.22391277
    472.74379298
    472.74379298
    472.94098127
    472.65053467
    472.65053467
    472.65053467
    472.49812472
    471.14734825
    471.14734825
    473.38961807
    473.38961807
    473.18119676
    473.04362208
    473.28765128
    473.28765128
    472.05134215
    471.22463109
    472.22644882
    472.16230418
    472.33256175
    472.33256175
    471.78294113
    470.61982095
    469.69169902
    470.89288230
    471.92067883
    471.81848391
    471.42894288
    471.42894288
    469.31441857
    469.31441857
    471.22481946
    471.03352934
    471.03352934
    471.03352934
    471.45692278
    471.43924749
    468.77208210
    469.70432109
    470.28328932
    470.67364445
    469.99770082
    469.99770082
    469.99770082
    469.99770082
    472.11090190
    472.98100819
    472.98100819
    472.98100819
    472.97072960
    471.29789997
    471.27269293
    469.96458750
    471.35067551
    469.35290230
    471.28653463
    471.28653463
    471.28653463
    471.28653463
    470.27321953
    470.27321953
    472.44263225
    472.93983355
    472.62142348
    472.62142348
    472.56640020
    472.56640020
    473.07280616
    473.03749669
    473.03749669
    473.03749669
    473.33191419
    473.06561341
    472.55467765
    472.59000683
    472.68811510
    472.68811510
    473.03837799
    473.33864585
    473.34706393
    473.32514665
    473.13706775
    473.07191212
    473.36998536
    473.27579662
    473.27963379
    472.99358136
    473.39301274
    473.11690584
    473.11690584
    471.79789871
    471.79789871
    472.20136762
    472.31012691
    471.87578475
    471.87578475
    471.87578475
    472.09489133
    470.97130136
    470.97130136
    471.87395597
    471.87395597
    471.95038504
    471.95038504
    473.10373881
    473.11494302
    473.13187321
    473.13187321
    473.09338514
    473.09338514
    472.84514418
    472.84514418
    470.99246756
    470.86284152
    470.86284152
    470.84742987
    471.76282388
    471.52423745
    471.88942432
    471.73975623
    471.56450118
    472.49432987
    472.49432987
    472.49432987
    472.49432987
    472.85482746
    472.85482746
    472.81113941
    473.25294222
    473.25294222
    473.25294222
    473.40476369
    473.30244666
    473.30244666
    473.27833099
    473.27833099
    473.32818944
    473.34430765
    471.94180154
    471.94180154
    472.02437985
    472.94469723
    472.94469723
    472.55646167
    472.55646167
    472.55646167
    473.07095131
    472.69780164
    472.53210249
    472.44651739
    473.18688980
    473.14716748
    472.69590202
    472.21329226
    472.21329226
    472.21329226
    472.50148092
    472.52084768
    473.35919350
    473.34089654
    473.26356626
    473.26356626
    473.08967806
    472.87213493
    473.31404141
    473.31311095
    473.31311095
    473.43315988
    473.43492245
    473.43492245
    473.43492245
    473.43986094
    473.36065583
    473.40463158
    473.40463158
    473.40918784
    473.12939763
    473.13106906
    473.16767876
    473.09708075
    472.92466437
    472.91229127
    472.78412185
    472.78412185
    473.23242992
    473.23242992
    473.20205697
    471.34799784
    471.34799784
    472.18583048
    471.32214095
    471.32214095
    471.32214095
    471.64579588
    471.08513347
    471.08513347
    472.08615315
    473.00936326
    473.14050825
    472.48397173
    473.26683571
    472.54915409
    472.63030517
    473.26046417
    473.16040024
    472.71519965
    472.30716131
    472.30716131
    472.27048111
    472.27048111
    472.27048111
    472.27048111
    472.27048111
    472.45439327
    473.11744833
    472.37094049
    472.17233928
    472.17233928
    471.98125498
    472.47227967
    472.47227967
    473.04506917
    471.83957667
    471.94998532
    472.78000229
    472.78000229
    472.78000229
    472.78000229
    472.78000229
    472.62003208
    472.24076415
    472.31429176
    472.16366625
    472.20601714
    472.39776143
    472.25606573
    472.25606573
    472.25606573
    472.44965818
    470.97232680
    469.97973466
    469.97973466
    468.28762719
    468.87672667
    468.36750202
    467.75700136
    469.44785301
    469.44785301
    470.79142175
    470.18196498
    472.43548337
    472.25482537
    472.35047520
    472.33609887
    472.28635483
    472.57449268
    472.57449268
    472.57449268
    471.17860808
    472.41420663
    472.43131092
    472.35565960
    471.98794016
    471.98794016
    471.98794016
    470.97132933
    471.26778866
    471.32503454
    471.41332838
    471.41332838
    471.41332838
    472.11426380
    473.19793239
    472.88354865
    470.49404786
    471.09036934
    471.09036934
    471.09036934
    469.93116133
    469.93116133
    469.97867577
    472.50436443
    472.50436443
    472.50436443
    472.50436443
    472.50684013
    472.50684013
    473.03831320
    473.08150533
    472.50243575
    472.24443641
    472.24443641
    472.24443641
    471.64667449
    471.74233766
    471.74233766
    471.38894019
    470.02304580
    468.51674859
    467.74689687
    471.47196518
    472.93405881
    472.77167888
    473.00450394
    472.90650844
    473.14472068
    473.15709223
    473.15709223
    473.15709223
    472.84923271
    472.81744543
    472.75798129
    472.73567337
    472.72377434
    472.72377434
    472.82652199
    472.76969414
    472.19801451
    472.19801451
    472.82952996
    471.88484312
    471.88484312
    471.88484312
    470.42796657
    469.86052531
    471.95905889
    472.76248457
    472.59035700
    473.16093498
    472.89310591
    472.97110622
    473.30792158
    473.30792158
    472.81936803
    472.95795600
    473.21607027
    473.06274218
    473.06274218
    473.06274218
    472.62094356
    473.27498888
    473.34331318
    473.34331318
    473.22468184
    473.22468184
    472.65129761
    471.71613731
    472.41667036
    472.41667036
    472.97473185
    469.93010271
    472.72139918
    472.80613661
    472.80613661
    472.84313614
    473.34981387
    473.39208638
    472.99959929
    473.10811484
    473.11678403
    473.22052088
    473.18304707
    472.89874363
    473.03183248
    472.95366976
    473.04454439
    472.96299800
    472.69487452
    472.71296140
    472.10448583
    472.10448583
    471.92725882
    471.92725882
    471.92725882
    472.58117977
    472.33190560
    472.59710628
    471.27461787
    471.03274125
    471.03274125
    471.01239668
    471.01239668
    471.01239668
    472.86138889
    472.86138889
    473.01836633
    473.30248539
    473.30248539
    473.08449629
    473.16170646
    473.21702486
    473.18152651
    473.18152651
    473.18152651
    473.21340970
    473.15752757
    473.17717592
    470.95616251
    470.95616251
    470.95616251
    472.44967563
    472.50825315
    471.87189622
    472.29848420
    472.29614155
    471.53247272
    473.15091659
    472.96701938
    472.96701938
    473.40755354
    473.40755354
    472.96239371
    472.96239371
    472.62648154
    473.15012899
    473.25521367
    473.28163160
    473.28163160
    473.07320338
    472.99542941
    472.78945849
    473.03783004
    473.25169899
    473.14051589
    473.14051589
    473.15080985
    473.14155656
    473.13474363
    473.30286594
    473.30777853
    472.98189148
    472.89761355
    472.71910918
    472.71910918
    472.71910918
    472.71910918
    473.09411320
    473.09411320
    473.20967174
    473.18651911
    473.18651911
    473.44112788
    473.06155842
    473.25027358
    472.28696795
    472.28696795
    471.23991423
    471.68960906
    473.07659388
    473.07659388
    472.98364525
    472.24969685
    472.28029303
    472.15118588
    471.92196426
    471.53519452
    472.73095321
    472.60448418
    471.30286899
    471.01545831
    470.85150060
    470.53502819
    469.01857888
    469.41420784
    469.41420784
    469.41420784
    470.25952805
    470.25952805
    470.25952805
    470.25952805
    470.25952805
    470.25952805
    472.04111004
    469.87521433
    469.87216132
    470.44737963
    469.26004382
    469.26004382
    469.26004382
    471.69050364
    471.67371018
    471.67371018
    472.29489965
    472.74870224
    472.68830695
    472.68970094
    472.68970094
    472.35229045
    472.51100134
    470.67609400
    470.51778848
    470.51778848
    469.63741345
    469.63741345
    469.76876891
    469.45930326
    469.45930326
    471.75102645
    471.75102645
    471.46885788
    472.43770623
    472.92241349
    472.81838051
    472.81838051
    472.81838051
    472.71532865
    472.59258367
    472.59258367
    472.35494984
    472.11727777
    472.19108439
    471.96809372
    471.78626427
    471.78626427
    471.78626427
    471.78626427
    472.24823350
    472.53953389
    472.96715476
    473.12682375
    473.23823146
    472.84698958
    472.84698958
    472.87588722
    472.60420838
    472.21319106
    472.21319106
    471.09763530
    473.00183158
    473.00183158
    473.34563425
    473.34563425
    473.34563425
    473.36596136
    472.55525531
    472.76511411
    473.37164743
    473.36182350
    473.30562998
    472.92515901
    472.92515901
    473.08788512
    473.08788512
    473.08060544
    473.06020606
    473.00228069
    472.89056472
    472.87931988
    472.70589442
    472.61649834
    473.00170075
    472.95411585
    472.20483803
    472.39607288
    472.36324148
    471.48341063
    470.34245069
    471.99854909
    473.08583275
    473.18761719
    473.18531078
    473.37132684
    473.06426265
    472.59222486
    472.42731175
    472.42731175
    472.42731175
    472.83805933
    473.04474993
    473.04474993
    472.63520666
    472.63520666
    472.94604086
    472.19998107
    472.49320073
    472.50416991
    472.96357391
    472.96194341
    472.96194341
    472.82188808
    472.82188808
    472.45976386
    472.45976386
    472.45976386
    472.45976386
    471.59067848
    471.88036841
    471.76428283
    472.69235172
    472.69235172
    473.12042211
    473.12042211
    473.26470044
    472.59358010
    471.71941626
    471.71941626
    472.79189334
    472.79189334
    472.23369139
    472.09941003
    472.15540301
    472.87116455
    473.33558304
    472.60580013
    472.53319991
    471.93202874
    471.94223497
    471.43074772
    471.43074772
    471.43074772
    472.14687318
    469.62881153
    471.25065850
    471.80938690
    471.80938690
    472.97140149
    472.30359655
    472.30359655
    472.78254760
    472.53148607
    472.59734156
    472.59734156
    472.59287720
    472.08511921
    472.09085704
    472.53636606
    472.53303343
    472.53303343
    472.42398212
    472.42398212
    472.62022048
    472.62022048
    472.62022048
    472.68632856
    472.68632856
    472.81406938
    473.00525018
    473.00525018
    473.01351856
    473.01351856
    473.07678768
    473.42464784
    473.26085684
    472.62793839
    472.58822588
    472.45226484
    471.72611057
    471.80192318
    471.99037136
    472.29563593
    470.34950273
    472.34299779
    472.38586077
    472.39502061
    472.34140682
    472.34140682
    472.20101372
    472.22671073
    472.21087758
    473.19142160
    473.09753369
    473.29868017
    473.29868017
    473.28999745
    472.20103717
    472.89347346
    472.80798076
    472.80798076
    472.77838108
    472.77838108
    472.61843976
    472.53162357
    472.91217941
    472.93881622
    472.62699744
    472.62699744
    471.53366979
    471.91599183
    470.73041462
    470.73041462
    471.26338106
    471.26338106
    471.26338106
    470.29046194
    470.29046194
    470.25635911
    468.98384647
    469.44588206
    471.53649275
    472.00674432
    471.82363302
    471.97919042
    471.97919042
    472.75162788
    472.13721236
    472.31158807
    472.06485655
    471.32863294
    471.32863294
    471.40327243
    470.63822752
    471.53398841
    471.48355163
    471.57901590
    471.98126954
    471.98097920
    471.98097920
    469.56160935
    469.60304542
    469.60304542
    468.40012431
    470.46176012
    470.64869694
    470.73878543
    470.73878543
    470.87121369
    472.29718904
    472.65194640
    472.88068399
    472.70259671
    472.81178550
    472.81178550
    472.65854708
    472.59024781
    472.36981274
    472.11520517
    472.11520517
    472.23288283
    472.23288283
    472.01906668
    472.01906668
    472.01906668
    471.76403644
    471.76403644
    472.04799646
    472.04799646
    472.17927530
    472.08616382
    471.98679091
    471.65755702
    471.65755702
    471.24490591
    470.93368368
    471.77078603
    472.62504387
    471.27856894
    471.27856894
    471.27856894
    470.77860136
    470.57491506
    473.18768364
    472.62474624
    471.31369638
    469.81673974
    469.81673974
    469.75823571
    469.75823571
    469.53718554
    469.53718554
    472.91035865
    472.94542555
    472.94542555
    472.83026470
    471.33666593
    470.50076771
    470.07796651
    472.06779522
    472.56056639
    473.03490361
    473.23037783
    471.77257012
    472.86061914
    472.86061914
    472.86061914
    472.86061914
    473.22523043
    472.45866079
    472.45866079
    472.45866079
    473.38646287
    473.38646287
    473.39734801
    473.39734801
    473.21652723
    471.90223708
    471.93905288
    472.06231454
    472.06231454
    472.06231454
    472.50507499
    472.48423043
    472.97043227
    472.74043883
    473.22556127
    472.63128318
    472.07357893
    472.09807955
    472.09807955
    472.12071621
    471.93228515
    473.23345044
    473.23345044
    473.36834349
    473.38755308
    473.36361870
    473.36286941
    473.36286941
    473.36908349
    473.36908349
    473.18011826
    472.72648592
    472.77329597
    472.77329597
    473.18182379
    473.44246483
    473.44246483
    473.44246483
    473.44246483
    473.44246483
    473.44010306
    473.41247769
    473.31825516
    473.29795957
    473.29647411
    473.36660363
    473.29557055
    473.29176340
    473.30004076
    473.30004076
    473.35000305
    472.86454885
    471.56226780
    471.56226780
    471.56226780
    470.41685132
    470.41685132
    470.41685132
    473.00883148
    473.00883148
    472.29190628
    472.29190628
    472.29190628
    471.98410337
    471.98410337
    471.74801843
    471.74801843
    471.74801843
    472.48482444
    472.80947771
    472.76653246
    471.15549464
    471.15549464
    471.15549464
    472.17427324
    472.54185754
    472.35845401
    472.46548841
    472.46548841
    470.80540914
    470.80540914
    470.80540914
    470.06525634
    468.70312194
    472.10778642
    469.58578903
    470.32175319
    470.32175319
    470.32175319
    472.24552118
    472.95192240
    472.66953793
    472.66953793
    472.97388983
    473.28823448
    473.41448109
    473.41448109
    473.30645236
    472.86540042
    472.06952893
    472.13152483
    471.94106265
    471.94106265
    471.94106265
    472.87217596
    472.86779768
    472.86779768
    473.08645105
    472.88200195
    472.88200195
    472.88200195
    472.88200195
    470.25589485
    472.14992165
    473.24519366
    473.24519366
    471.12811805
    469.79908270
    470.37700811
    472.87304829
    472.01344886
    473.44644455
    473.34901883
    473.20387344
    473.26321341
    473.44498429
    473.43162241
    473.41010254
    473.26269762
    473.26269762
    473.19584809
    473.34951748
    473.35729042
    473.04914098
    472.89738070
    473.19383418
    473.05047824
    473.03766172
    472.43879638
    472.09468878
    472.09468878
    472.09162354
    472.09162354
    472.09162354
    472.09162354
    471.09670323
    471.07755369
    471.07755369
    471.07755369
    471.07755369
    471.48040761
    472.69850330
    472.69850330
    472.91330467
    473.26543548
    472.83773897
    472.87769611
    472.25288056
    472.25288056
    472.42719779
    472.51720545
    473.17596397
    472.98498714
    473.33315585
    473.33315585
    473.30915447
    473.30915447
    473.29876868
    473.16609000
    473.30083522
    473.16510522
    473.39220609
    473.39220609
    473.34645870
    473.41954499
    473.39213160
    473.42278384
    473.38730630
    473.38730630
    473.38730630
    473.38730630
    473.03435470
    473.03435470
    472.53780912
    472.53724410
    472.93224722
    473.16487278
    473.21906547
    473.20643281
    472.94718288
    473.20054406
    472.63636816
    472.61291327
    472.75113606
    472.87592094
    472.87592094
    472.90232354
    472.90232354
    473.36439559
    473.36439559
    473.26319990
    472.82628939
    472.95634621
    472.94469090
    473.44179900
    473.44191689
    473.19386754
    473.19649660
    473.16805409
    472.12157828
    471.41642181
    471.41642181
    471.41642181
    471.41642181
    471.41642181
    472.18046953
    471.47877986
    471.67164397
    471.63776328
    471.63776328
    471.63776328
    472.58065086
    473.05554249
    473.41831628
    473.41831628
    473.41831628
    473.44296036
    473.17636803
    473.30834475
    472.74970241
    473.35070202
    473.40990714
    473.40990714
    473.44616585
    473.41665522
    473.40591095
    473.38035826
    473.40364374
    473.36766301
    473.33840592
    472.91943809
    472.94045522
    472.94045522
    472.94045522
    473.01233769
    472.99500298
    473.06643653
    473.06643653
    473.06643653
    473.18160502
    473.42682148
    473.41440277
    473.43977436
    473.42421265
    473.42421265
    473.28477485
    472.65622544
    472.65622544
    472.67493528
    472.67493528
    472.60437643
    472.67419438
    472.66135540
    472.47823258
    472.47823258
    472.90320616
    472.89329789
    472.89329789
    471.84426563
    471.84426563
    472.13206816
    472.15331169
    472.05602074
    472.05602074
    471.74036672
    472.01737013
    472.33811779
    472.34810338
    472.34810338
    472.34810338
    471.95324748
    472.26863701
    471.47820937
    470.92171988
    471.39782308
    471.20051109
    471.59465311
    471.24180526
    471.24180526
    471.04990269
    471.14764045
    471.39199218
    471.39199218
    472.19905198
    472.24766691
    472.46577739
    472.46577739
    472.50947606
    472.34069506
    472.05942254
    472.05942254
    472.02730216
    472.02730216
    471.82744469
    471.82744469
    469.41704437
    469.41704437
    469.41704437
    470.21151937
    473.22055658
    472.79353949
    471.74293018
    471.74293018
    471.31392719
    471.39496161
    471.39496161
    469.75568284
    469.75568284
    469.75568284
    470.38891092
    470.38891092
    473.05671685
    473.05671685
    472.95898814
    473.12472855
    473.12348033
    473.20443774
    473.17280383
    472.61061128
    472.61061128
    472.66511201
    472.66511201
    472.77086687
    472.69678429
    472.64865099
    472.64865099
    472.64865099
    472.42339183
    472.32245467
    472.32245467
    472.32245467
    473.16357964
    473.16357964
    473.16357964
    473.18333570
    473.06134519
    472.76159126
    472.76159126
    472.94375164
    472.05644208
    472.05644208
    471.85030742
    473.00808365
    473.21405782
    472.81915607
    472.81915607
    472.76878250
    473.24518653
    473.24765950
    473.28233792
    473.37540076
    473.42125993
    473.42125993
    473.42125993
    473.37784952
    473.28386724
    472.80026444
    472.32466912
    472.43454514
    472.43454514
    470.69379400
    470.91913884
    470.27453057
    471.70980809
    472.06976323
    471.87639970
    470.33015966
    470.69349715
    472.30873953
    472.23899667
    472.23899667
    472.23899667
    472.17474427
    472.20944501
    472.19039172
    472.28184002
    472.28184002
    473.03311048
    473.03311048
    472.98520104
    473.20813106
    472.72653377
    473.30799607
    472.76775715
    472.75649022
    472.75775751
    472.82070978
    472.87110848
    472.58765356
    471.85892407
    471.85201172
    472.47232312
    472.47232312
    472.47232312
    471.17487882
    471.42795407
    471.42795407
    471.42795407
    471.70211113
    471.80489514
    473.04332734
    472.66672431
    472.81978594
    472.80700876
    472.80700876
    472.80700876
    473.20493298
    473.17333369
    472.50122961
    472.64396392
    469.27622185
    473.12149934
    472.80945917
    473.03963831
    473.03963831
    472.41008115
    471.35815530
    472.34891738
    471.95833652
    473.03643353
    472.32606532
    471.55551690
    472.56053550
    472.98700242
    472.77736082
    472.75054925
    472.75054925
    472.88226007
    472.89087112
    473.15619381
    473.06725240
    473.16384590
    472.87887884
    473.29406285
    473.26778653
    472.62197086
    472.39106934
    472.80196342
    472.80196342
    472.81692333
    472.37053934
    472.37053934
    472.20129760
    472.20129760
    472.20129760
    470.61785615
    471.15545066
    471.15545066
    471.15545066
    471.15545066
    470.27235483
    470.27235483
    470.27235483
    470.27235483
    470.27235483
    471.57613404
    471.57613404
    471.57613404
    471.37822566
    470.43579869
    470.43579869
    472.81353249
    472.58395876
    473.28638229
    472.81485922
    472.86749224
    472.84811766
    473.32349130
    473.24919646
    472.91429482
    473.24727065
    472.62167838
    473.22529282
    473.23923156
    473.23923156
    473.41128913
    473.35860395
    473.13809173
    473.02715020
    473.02715020
    473.16429621
    471.49001183
    472.41841186
    472.61553117
    472.52595480
    472.08593665
    472.01890216
    471.65711968
    471.65711968
    471.24291895
    471.24291895
    470.64435662
    472.63589726
    472.63589726
    473.10768742
    473.10768742
    473.10768742
    473.20253374
    472.59149386
    472.69617280
    472.69617280
    471.93308856
    471.93308856
    471.93308856
    471.93308856
    472.48971558
    472.77614078
    472.77614078
    471.13613209
    470.57772930
    470.57772930
    472.66920009
    473.43345576
    473.36420772
    473.36420772
    472.43469210
    473.36997702
    473.15967286
    473.15967286
    473.15967286
    473.37572237
    473.22193378
    472.64361996
    472.40086109
    472.57083581
    472.52030244
    472.18834034
    472.86021828
    472.84719698
    471.81018771
    471.81018771
    472.02189056
    472.02296500
    468.50019183
    470.41724798
    470.76470038
    470.03043331
    471.42096758
    471.80441133
    471.12910179
    471.82887729
    471.71338675
    471.82184979
    471.82184979
    471.82184979
    471.47651509
    471.97075369
    471.97075369
    471.89854084
    471.89854084
    471.89854084
    471.89854084
    471.89854084
    472.04422754
    472.04422754
    472.60107000
    473.00206355
    472.34495917
    472.34495917
    473.19167277
    472.90136135
    472.74667723
    472.74667723
    472.64527411
    472.64527411
    472.27069380
    472.27069380
    472.48318918
    472.63849660
    472.63849660
    472.38258312
    471.26066082
    469.65522628
    469.65522628
    468.93772829
    469.98669754
    470.92119173
    470.92119173
    470.92119173
    471.30447510
    471.95896875
    471.53322958
    471.27503102
    471.09819600
    471.09819600
    471.09819600
    471.81341812
    471.81341812
    471.57936470
    472.41808486
    472.00018003
    472.00018003
    471.53758517
    471.26259259
    472.92586485
    472.90074762
    473.38581376
    473.38581376
    472.75414403
    472.56803023
    472.56803023
    472.40126254
    472.70721800
    472.69305769
    472.28613246
    472.28613246
    469.90677642
    469.90677642
    472.06181801
    472.65971403
    472.87047449
    473.00214214
    472.92869870
    472.92869870
    471.53473252
    469.92452458
    469.97204090
    469.97204090
    472.06572630
    472.06572630
    472.06572630
    472.06572630
    471.95801366
    472.25875692
    472.32633033
    471.93705660
    472.82176588
    472.34607653
    472.20792395
    472.25210234
    470.67121536
    470.67121536
    471.99124605
    471.99319837
    471.76157674
    472.79769819
    472.70528102
    472.16550678
    470.71583995
    471.62589272
    470.72535182
    472.16588049
    472.88485891
    472.81329344
    473.06961014
    473.09857390
    473.09857390
    473.09857390
    472.96126042
    472.95667307
    473.41611909
    472.15474729
    472.73274681
    472.72764466
    472.72764466
    472.49323649
    472.50761388
    472.59664076
    470.65926575
    472.41276665
    472.41276665
    472.52009788
    472.52009788
    470.92652411
    470.92652411
    470.88651972
    469.09385371
    469.50509800
    472.72710685
    472.72710685
    472.72710685
    472.99947172
    472.23557611
    473.32692714
    473.34607208
    473.24209922
    473.29315953
    473.15100122
    472.56188956
    473.11621097
    473.14345957
    472.98241875
    473.10673718
    473.10673718
    473.10673718
    473.09350665
    473.09523496
    471.64303727
    471.15037230
    472.76007204
    472.76007204
    472.76007204
    473.18127488
    473.28770678
    473.28114515
    473.21268623
    473.21268623
    473.21734777
    473.20053946
    473.32922348
    473.06243445
    473.09527728
    472.44914291
    471.94260826
    472.16484430
    471.98039868
    470.90977681
    470.67162750
    471.29225997
    471.29225997
    471.58940803
    468.68820739
    469.88782844
    469.88782844
    469.88782844
    470.56144239
    471.42948066
    469.35474025
    469.56313130
    469.56313130
    469.42538235
    469.42538235
    471.36046566
    471.10906744
    470.88769456
    470.88438194
    470.38174465
    468.71596278
    468.08587370
    468.07671101
    468.07671101
    468.07671101
    469.39724876
    469.39724876
    471.16738749
    471.78142014
    472.31475952
    473.17964020
    473.20287788
    473.39157113
    473.41872084
    473.39533717
    473.20755473
    473.12870335
    473.12870335
    473.12870335
    473.15410889
    473.33120289
    473.29789975
    473.29017683
    471.98041327
    472.25657633
    472.66728854
    471.60744230
    472.04446573
    472.76897142
    472.76897142
    471.44089927
    471.82470230
    471.82470230
    471.82470230
    472.41974942
    473.00389244
    473.11550755
    473.08635311
    473.07629798
    473.07629798
    473.03912955
    473.29404981
    472.43025159
    471.08977562
    471.08977562
    470.95661825
    472.76140017
    472.52356765
    472.52356765
    472.52356765
    471.87599949
    473.13052316
    473.29818506
    473.42634116
    473.42634116
    473.43334297
    473.33144838
    472.60536435
    473.01868361
    473.01869628
    473.18496003
    473.39575872
    473.22226251
    473.22226251
    472.99064953
    472.55422494
    472.62622541
    472.69195921
    472.69195921
    472.88748090
    473.24984036
    473.19692753
    473.27071426
    473.27071426
    473.23919639
    473.24904952
    473.25976238
    473.25976238
    473.05108622
    473.05108622
    472.42705652
    470.65749261
    471.27614497
    470.25755360
    472.86725169
    472.60989679
    472.75410310
    472.46768210
    472.46768210
    472.67090728
    472.61548350
    472.33209056
    473.01101801
    472.85512298
    472.85512298
    472.86198558
    472.57617029
    473.08690852
    473.03566105
    472.51670427
    472.51670427
    472.15916991
    472.68681168
    472.68681168
    473.34717568
    473.13007022
    473.21372220
    473.30743754
    473.30743754
    473.30743754
    473.30860610
    473.44021056
    473.27739668
    473.23490116
    472.86626840
    472.86626840
    472.86252506
    472.86252506
    472.59415162
    472.88439977
    472.88439977
    473.05526309
    472.38561238
    472.38561238
    472.38561238
    472.08706921
    469.94398629
    472.04130171
    472.04130171
    472.04130171
    472.04130171
    472.04130171
    472.04130171
    472.04130171
    468.49027045
    468.49027045
    469.37197318
    468.68543572
    470.24475035
    470.24475035
    470.24475035
    470.24475035
    470.71070445
    470.78624994
    472.12616990
    472.12616990
    472.31333272
    472.31333272
    471.48929925
    471.48929925
    471.48929925
    471.48929925
    470.58456143
    470.84921662
    470.84921662
    470.62627491
    468.72028419
    466.80875446
    465.73972491
    465.48284872
    468.15488238
    470.15353219
    470.15353219
    470.63728217
    470.83552559
    470.83552559
    470.83552559
    470.39320127
    470.39320127
    470.39320127
    472.44825255
    472.62127302
    471.46978337
    471.46015168
    471.46015168
    471.60152859
    472.06296659
    472.14929718
    472.22749335
    472.22749335
    472.10626691
    472.42485024
    472.42485024
    472.42485024
    473.18583019
    473.18583019
    472.23066145
    472.59790730
    472.76034999
    472.76034999
    471.99442386
    471.99442386
    471.99442386
    472.73797485
    472.37248540
    473.14232198
    473.13841250
    473.11484830
    473.11484830
    473.19898201
    472.39828062
    472.76031344
    473.40713613
    473.40713613
    473.37676620
    473.37676620
    473.43623381
    473.24692946
    473.31195695
    472.72011846
    472.74071174
    472.32450895
    472.32450895
    472.48673161
    472.48673161
    472.61696051
    472.24263303
    472.27396971
    471.72764381
    470.07909606
    472.05477142
    472.23374208
    472.23374208
    471.37379257
    471.71235673
    471.71235673
    471.71235673
    470.78954196
    471.24502820
    472.16827383
    473.06110727
    473.00086337
    471.90780790
    472.54594801
    471.60775494
    472.48922757
    472.48922757
    472.47801104
    471.91069860
    471.91069860
    471.30876789
    471.41760485
    471.15146875
    471.41969693
    471.31650904
    472.17800510
    472.83237470
    472.15100625
    471.30090587
    471.30090587
    472.62473113
    473.23287432
    473.38910613
    473.28268384
    473.38614287
    473.38614287
    473.38614287
    473.38614287
    473.24328494
    473.36011700
    472.50477148
    470.49520115
    469.62461700
    469.51818064
    470.76296034
    472.96509974
    473.32301371
    472.78116857
    472.90537458
    472.90537458
    472.94678126
    473.16105681
    473.16105681
    473.31456943
    472.82419248
    473.27892138
    473.27892138
    472.62095896
    472.62095896
    472.63890843
    472.68056810
    472.68056810
    472.11913680
    472.14693774
    471.27624081
    471.33923400
    471.13421852
    471.13421852
    472.45305793
    472.45305793
    470.34119242
    470.34119242
    471.95342510
    471.95342510
    471.95342510
    472.65500268
    472.65500268
    472.78186907
    473.23610246
    473.23610246
    473.23610246
    473.26089353
    473.23462992
    473.01211523
    473.04930582
    473.04930582
    473.32695777
    473.32845940
    473.32845940
    473.14630229
    473.14630229
    473.36798266
    472.66279157
    472.00961674
    472.42199370
    471.07574307
    472.36893259
    472.48589537
    472.99211592
    472.99211592
    473.22078979
    473.43229017
    473.40158901
    473.40158901
    472.34233212
    472.66820798
    472.66820798
    472.87031503
    471.82151796
    472.31318062
    472.31318062
    472.31318062
    472.37625647
    470.69489097
    473.16845497
    473.15597316
    473.15597316
    472.98753118
    472.62895410
    472.92822583
    472.68725402
    472.68725402
    472.97376262
    472.97376262
    472.97732840
    472.97732840
    473.05736802
    473.32618076
    473.36445099
    472.41573302
    472.31578200
    472.53621241
    472.53621241
    472.57699548
    472.58051055
    472.60611985
    472.80017797
    472.97309368
    472.97309368
    473.23653322
    473.14059328
    473.24614119
    473.18096761
    473.37395822
    473.37370377
    473.30100793
    473.33151230
    473.24949148
    473.24949148
    473.22359959
    472.38154771
    472.38154771
    472.81979040
    472.81979040
    472.81979040
    472.81979040
    472.81305804
    472.84401816
    472.84401816
    472.39538281
    472.74865824
    472.68001853
    471.60369323
    471.59457223
    473.40656375
    473.24617627
    473.11262777
    473.24208124
    472.76957731
    472.76957731
    472.94025006
    472.94025006
    473.18664499
    473.35026311
    473.25096958
    473.36363304
    473.40744219
    473.40744219
    473.39467389
    473.39903727
    473.40076371
    473.37673822
    472.85145698
    472.76996932
    473.19342098
    473.11514368
    473.11514368
    472.65890857
    472.93068956
    473.04770078
    472.52564399
    472.52564399
    472.47800136
    472.93735377
    472.52173041
    472.52173041
    472.42316517
    472.42316517
    472.00360195
    473.28397576
    473.23838492
    473.23838492
    473.19980051
    473.19980051
    473.19980051
    473.19980051
    472.40549509
    471.96128864
    471.89463923
    471.89463923
    470.34873806
    470.35297167
    470.35297167
    470.35297167
    471.94751490
    471.94751490
    471.94751490
    469.91713876
    469.24608158
    469.24608158
    470.48411956
    470.59043515
    471.79087472
    471.02060587
    471.02060587
    471.34033280
    471.43825603
    470.72697912
    470.72697912
    470.07757774
    470.07757774
    471.51832719
    471.51832719
    471.75455877
    471.97751230
    471.97751230
    472.21785238
    470.22293415
    470.64411545
    471.47053808
    472.16235252
    472.16235252
    472.47195504
    472.13870718
    472.13870718
    472.13870718
    471.16282149
    472.22634439
    472.22634439
    472.46665999
    472.37329224
    472.21054253
    472.74235832
    471.82799111
    472.42505023
    472.64734381
    472.36250876
    472.75396280
    471.20187118
    471.20187118
    471.20187118
    473.34125152
    473.31515457
    473.31515457
    472.72037606
    472.36460171
    472.35066927
    472.35066927
    472.35066927
    472.35066927
    473.09944142
    473.09944142
    473.09944142
    473.29235423
    473.24695457
    473.21737796
    473.16287306
    473.16230822
    473.35368769
    473.36987576
    473.29168104
    473.29168104
    473.29168104
    473.29168104
    473.25294768
    473.25294768
    473.38140335
    473.40858957
    473.40858957
    473.40461381
    473.42126539
    473.42884791
    473.42806546
    473.44016343
    473.44016343
    473.44016343
    473.39401094
    473.37837684
    473.32135236
    473.38721081
    473.33405722
    473.33405722
    473.33405722
    473.36966097
    473.43206713
    473.43868060
    473.43910089
    473.43910089
    473.43520860
    473.42318005
    472.85491204
    472.45980031
    472.58858768
    473.20264054
    470.26337994
    472.22506456
    472.75037728
    472.48314677
    472.42223539
    472.56460444
    472.94260067
    473.16998410
    473.18845046
    473.18845046
    472.02979776
    472.02979776
    472.03313020
    471.89718207
    471.34822290
    471.34822290
    471.34822290
    471.34822290
    471.34822290
    471.34822290
    471.34822290
    472.02132995
    472.70935611
    472.43209518
    472.01831329
    470.28790848
    470.28790848
    470.58595426
    470.74487643
    470.74487643
    470.74487643
    472.42531673
    471.77784107
    471.77784107
    469.20439218
    469.20439218
    472.27976205
    471.76559023
    472.17803017
    472.24752099
    472.40530998
    472.40530998
    472.60184589
    472.58907030
    473.35178318
    473.35178318
    472.93727125
    472.84120875
    473.21586367
    473.24571247
    473.37519796
    473.34232055
    473.08105182
    473.00439241
    473.13812307
    473.12125831
    473.12125831
    473.35823285
    473.34578900
    473.33664539
    473.39867892
    473.39927234
    473.41900345
    473.37847974
    473.31603413
    473.24652462
    473.06403116
    473.06403116
    473.06403116
    473.40676508
    473.39960360
    473.27235835
    473.22897937
    473.19477889
    473.19477889
    472.38431869
    472.61282273
    471.22696789
    471.22696789
    471.50834730
    471.47409434
    471.47409434
    472.00624234
    471.20823617
    471.20823617
    472.03377333
    471.85323775
    471.89789099
    471.89789099
    471.89789099
    471.89789099
    472.06043479
    472.36858936
    472.36858936
    472.36858936
    472.01707427
    472.01707427
    472.01707427
    472.31007621
    472.42195880
    472.82574125
    473.21809129
    473.21809129
    473.21809129
    473.41766197
    473.41992719
    473.41992719
    472.91235886
    472.87748299
    473.13517682
    472.69287129
    473.04896220
    473.26807349
    473.21544306
    473.26015474
    472.90696455
    473.00651041
    473.00651041
    472.89346274
    472.97141876
    472.22413799
    472.22413799
    472.22413799
    471.56792055
    471.56792055
    472.16259504
    472.74851294
    472.74851294
    470.43184798
    467.67623521
    472.58247091
    473.30944824
    473.34420227
    473.34420227
    473.36746041
    473.36746041
    473.38112136
    473.23623852
    473.07746031
    473.00193283
    470.99097299
    468.72925665
    468.72925665
    472.50279153
    473.34105179
    473.34105179
    473.43615693
    472.74518007
    473.00377248
    473.38851187
    468.53581139
    468.53581139
    469.74099007
    469.74099007
    469.06544097
    471.94843024
    472.54326186
    472.54434479
    472.40497409
    472.40497409
    471.29739107
    471.29739107
    471.38511734
    471.24909578
    472.14295906
    472.18695913
    472.18695913
    471.13684921
    470.68570097
    470.68570097
    469.17876359
    467.73012866
    467.73012866
    468.58440045
    467.51884574
    469.20989214
    470.02358990
    470.02358990
    471.01897008
    467.97288416
    469.19925471
    470.28808602
    470.28808602
    470.27785520
    470.27785520
    469.63914522
    470.21036186
    470.21036186
    470.21036186
    472.22831126
    471.38830272
    471.72672725
    469.40626034
    469.14652917
    469.14652917
    470.54284721
    469.37793333
    468.92611505
    468.96064348
    468.96064348
    471.38875041
    468.78362102
    471.22113898
    472.02335920
    472.02335920
    472.40621855
    472.40621855
    472.40621855
    472.40621855
    472.40621855
    472.71965495
    472.99516673
    472.80936081
    472.80342369
    472.84118521
    473.26613662
    473.26613662
    473.44007825
    473.39382371
    473.39382371
    473.39875358
    473.33735845
    473.28872369
    473.12455953
    473.41359996
    473.27934702
    473.43065776
    473.24476320
    472.68498388
    471.21960535
    471.51755905
    471.55060271
    471.55060271
    471.55060271
    471.55060271
    471.55060271
    471.92885250
    472.25344814
    472.25494300
    472.25494300
    471.99607988
    471.99607988
    470.54797837
    471.69805081
    471.69805081
    471.38570828
    469.31466904
    472.55491025
    472.55491025
    473.10852054
    473.18733123
    473.37724574
    473.31364358
    473.37466602
    473.37466602
    473.39044962
    473.39044962
    473.39026887
    473.39668348
    473.40932840
    473.36466147
    473.36835752
    473.37366852
    472.96800800
    472.46908125
    473.33059864
    473.31613899
    472.46659591
    473.43521795
    473.43521795
    473.17244884
    473.17244884
    472.97765348
    472.97765348
    473.01172936
    473.42041337
    473.39836425
    473.39569609
    473.39569609
    473.36860061
    473.28313985
    473.28313985
    473.28313985
    473.31667747
    473.32065983
    473.32065983
    473.41947667
    473.27134030
    473.29521080
    473.29236041
    473.29236041
    473.42408144
    473.26320753
    473.30151857
    473.29249750
    473.29926985
    472.37629898
    472.37629898
    472.60793587
    472.60793587
    472.88983853
    472.89391894
    472.89391894
    473.02684874
    473.02684874
    473.03002248
    473.10703446
    473.10703446
    473.31122766
    473.29092490
    473.29092490
    473.29092490
    473.11182340
    473.41407331
    473.37944430
    472.42891641
    472.79891842
    472.79891842
    472.79891842
    473.09983437
    473.09983437
    472.99468555
    472.90940266
    472.95369226
    473.33657386
    473.33657386
    473.33657386
    473.35636487
    472.86093046
    472.86093046
    472.42249527
    472.89314544
    473.22176549
    473.18509655
    473.03281007
    473.03215445
    473.02726036
    473.43771893
    472.94332161
    473.26466034
    473.26466034
    473.32130540
    473.19654837
    473.23954381
    472.67957922
    473.02223392
    473.23061882
    471.52187601
    470.91439616
    472.86570250
    472.66111433
    473.00296019
    472.76272529
    472.50240400
    472.64457661
    472.64457661
    470.85782009
    471.43656952
    471.43656952
    471.88833556
    471.88833556
    473.23863192
    473.23728733
    473.24007161
    473.07024786
    472.50582739
    472.11043933
    472.28923888
    472.78021405
    472.77993074
    472.86194306
    472.86194306
    472.86194306
    472.89114062
    472.72669979
    472.76032623
    472.76032623
    472.76032623
    472.72599010
    473.29925531
    473.25733718
    472.72418391
    472.92233067
    472.99399770
    473.05965783
    473.05862632
    472.74593668
    472.56009568
    472.19044476
    472.19044476
    472.54741958
    472.57154926
    473.14297637
    472.73620572
    473.06422087
    473.43089197
    473.41058620
    473.30379469
    473.30919196
    473.30919196
    471.78230592
    472.00684574
    471.35078496
    468.75004362
    467.74282669
    467.74282669
    467.86812390
    467.86812390
    467.86812390
    467.86812390
    468.63598183
    468.63598183
    470.48935191
    470.48935191
    471.97400971
    470.75585671
    469.43252138
    470.53709512
    470.53709512
    470.53709512
    471.03903342
    471.74441535
    469.73661142
    469.73661142
    469.95038695
    469.95038695
    470.41057225
    471.67493815
    472.98731345
    471.48229615
    470.87821021
    471.78264666
    472.19763045
    472.00823335
    472.00823335
    471.99447263
    472.46114754
    472.46114754
    471.15887490
    471.15887490
    471.13403447
    471.13403447
    472.00424627
    471.95731373
    471.95731373
    472.93820582
    472.80406668
    472.77208987
    471.62867093
    471.19083320
    472.94940171
    472.79927219
    472.12625244
    472.12625244
    471.90613011
    471.90613011
    471.90613011
    472.98980766
    472.74366000
    472.73249102
    472.73249102
    473.28916571
    473.15445304
    472.76972172
    472.77980573
    472.88007830
    472.67607115
    472.36272702
    472.29487042
    471.79032348
    471.79032348
    471.79032348
    470.14487247
    470.51099099
    469.50485277
    470.35803249
    470.35803249
    470.48864914
    470.48864914
    470.72144657
    472.23833470
    472.23833470
    472.24066769
    472.07901329
    470.53483163
    470.53483163
    470.53483163
    471.09736469
    471.09736469
    471.09736469
    471.09736469
    471.09736469
    471.09736469
    471.09736469
    472.17230341
    471.79241701
    470.44077887
    471.79078282
    471.79078282
    472.08477600
    472.84810951
    472.84810951
    473.32032566
    473.27773727
    473.27773727
    473.27773727
    473.27419883
    472.99587396
    473.43131287
    473.43131287
    473.39764420
    473.39764420
    473.38669515
    473.36680522
    473.41968359
    473.32984072
    473.07953493
    473.16120125
    473.16120125
    472.75087750
    472.62739404
    473.13941536
    471.29232744
    471.29232744
    472.56772276
    473.37407693
    472.34188235
    472.57009622
    473.07408706
    473.21444791
    473.09116738
    473.25584681
    472.49551347
    471.38224432
    471.38224432
    471.38224432
    471.38224432
    472.61080921
    472.61080921
    472.50126929
    472.50126929
    472.17600084
    472.17600084
    472.17600084
    471.31247055
    471.31247055
    471.31485249
    471.34467829
    470.77470614
    472.16522932
    472.87790156
    472.87790156
    472.87790156
    472.87790156
    472.95868630
    473.04165390
    473.10193642
    473.11792294
    473.02152456
    472.52325057
    472.53085336
    472.44175688
    472.44175688
    472.44175688
    472.85702329
    472.02567234
    472.02567234
    472.14981458
    472.14981458
    472.04263807
    472.57585745
    472.57913150
    472.57913150
    472.43400837
    472.88976451
    473.09275832
    473.09275832
    473.33746565
    473.33746565
    473.37193043
    473.31057400
    473.28170835
    472.37948154
    471.14284631
    469.48108529
    469.48108529
    470.98101067
    470.98101067
    470.98101067
    472.08486943
    473.21314326
    473.38020377
    473.42002384
    473.42002384
    472.37478965
    470.17579450
    471.19899597
    470.28928145
    470.28928145
    470.28928145
    470.05668730
    469.22219207
    469.22219207
    469.84389632
    472.23656981
    470.39583624
    470.39583624
    470.39583624
    471.09029716
    472.44914761
    472.44914761
    471.87792429
    471.64455539
    472.61192056
    472.69859350
    472.86084987
    473.06035500
    472.65622002
    472.65622002
    470.72015036
    470.72015036
    470.72015036
    470.72015036
    472.94698596
    472.36674674
    472.29667671
    472.29667671
    472.00162839
    470.95121182
    470.95121182
    470.68749611
    470.68749611
    469.31271610
    469.31271610
    469.31271610
    472.27378207
    472.27378207
    472.27378207
    473.21594776
    471.92940751
    471.77371533
    471.80059872
    472.44706239
    473.23020155
    473.31391923
    473.29139082
    473.25270886
    473.13124258
    472.81279543
    472.81279543
    472.37858509
    472.37858509
    472.50199154
    472.85898835
    472.85898835
    472.31614303
    472.21328636
    472.63083637
    472.63824736
    472.65755283
    472.68091152
    472.68091152
    471.57259028
    472.68275332
    472.91187171
    472.78427723
    472.78427723
    472.78427723
    472.78427723
    473.35520388
    473.31104540
    473.19856077
    473.26454099
    472.53914429
    472.89203494
    472.79227485
    472.60091087
    472.49434153
    472.93391310
    472.93391310
    473.10808020
    472.97236048
    471.73274240
    471.73274240
    471.73274240
    472.03883239
    472.03883239
    472.03883239
    472.03883239
    472.67258419
    472.67258419
    472.67258419
    472.94058490
    472.93392251
    472.35442944
    472.35463018
    472.60164425
    472.57310245
    472.37688372
    472.37688372
    471.42220708
    471.42220708
    470.76184683
    471.18889476
    471.91923479
    471.65411303
    470.81992180
    470.81992180
    470.81992180
    470.81992180
    471.81956848
    471.92296876
    472.37589689
    472.37589689
    473.23285890
    473.23285890
    473.20390823
    473.03952292
    472.82451370
    472.82451370
    472.82451370
    473.31695003
    473.31695003
    473.31695003
    473.16055209
    473.02857098
    473.28277849
    473.31604108
    473.39878136
    473.30852379
    473.25911985
    472.80504847
    469.54530187
    469.54530187
    469.54530187
    469.92423327
    469.92423327
    469.92423327
    473.19368716
    473.19368716
    473.18454571
    473.24485618
    473.08071704
    473.08071704
    473.38699386
    473.30573067
    473.30623159
    473.30623159
    473.22886927
    473.22886927
    470.80071608
    470.80071608
    470.80071608
    470.06278852
    471.08144976
    471.08144976
    472.00782215
    472.00782215
    471.85902894
    471.97908054
    470.36140455
    470.36140455
    470.36140455
    470.36140455
    470.36140455
    470.36140455
    470.36140455
    470.27156636
    470.70373486
    470.86978221
    470.86978221
    470.91825006
    470.91825006
    471.63772333
    471.63772333
    471.76763009
    471.76763009
    472.85192131
    472.85192131
    472.53157311
    472.88943821
    472.67949775
    472.68630312
    471.81683529
    471.54192093
    473.16166656
    473.16097109
    473.28289174
    473.31480422
    473.31480422
    473.30416992
    473.27825454
    473.28918250
    472.83668676
    472.80516809
    472.80516809
    472.11485685
    472.11485685
    473.28762810
    473.28762810
    473.33690547
    473.25506666
    472.86534813
    473.25291455
    472.79767653
    472.96026467
    473.28367804
    473.28367804
    472.26656789
    472.26656789
    469.72402314
    471.81602030
    471.81602030
    471.81602030
    472.05410292
    473.14468169
    473.14468169
    473.14468169
    473.16752669
    473.16752669
    473.17700212
    473.17700212
    473.17447225
    473.15191498
    473.15191498
    472.65862158
    472.96137691
    471.94461493
    471.78337556
    471.78337556
    471.78337556
    471.78337556
    471.78337556
    471.78337556
    471.78337556
    471.78337556
    471.78337556
    471.78337556
    471.78337556
    471.78337556
    471.78337556
    472.07799600
    472.07799600
    471.45125271
    471.45125271
    471.45125271
    471.45125271
    471.45125271
    471.45125271
    471.45125271
    473.40292524
    472.21640642
    471.47378350
    471.47378350
    471.47378350
    471.73697440
    473.18209344
    472.52662267
    472.43221053
    472.69632803
    472.69632803
    473.20600771
    472.92770701
    473.07970687
    473.34497296
    473.32795159
    472.93117764
    472.14385024
    472.43733090
    472.78490695
    471.50743858
    472.14705508
    471.57954421
    471.57954421
    470.64844080
    471.06531476
    472.57016400
    472.59270632
    472.59270632
    472.59270632
    472.46432827
    472.59669493
    472.36587734
    472.36587734
    472.29542160
    472.90718771
    472.80063656
    472.16431144
    472.04144438
    472.04144438
    472.04144438
    472.68682217
    472.68572923
    472.68572923
    472.68572923
    473.04078006
    472.60372821
    472.60372821
    472.64404748
    472.64404748
    473.22827652
    473.32230554
    473.32230554
    473.20379068
    473.20379068
    472.91769395
    472.71403177
    472.29368718
    472.29368718
    472.11436010
    472.11436010
    472.91269458
    472.91269458
    472.23247582
    469.97468810
    470.03897100
    470.03897100
    471.25175207
    472.37110764
    472.42068792
    471.27316478
    471.27316478
    471.27316478
    470.43481176
    470.43481176
    470.43481176
    470.43481176
    472.44127185
    471.60498711
    470.51760666
    472.38310782
    472.75831710
    473.25413397
    473.26949107
    471.93962158
    473.20983502
    473.36813463
    473.44395815
    473.41367855
    473.41367855
    473.38164425
    473.44662460
    473.44690891
    471.59338153
    471.59338153
    472.29544844
    472.29544844
    472.29544844
    472.99628442
    472.99628442
    472.50604947
    472.50604947
    472.38325352
    472.38325352
    472.05788352
    471.19826419
    472.67137747
    472.63598043
    473.37549484
    473.43229200
    473.43229200
    473.43229200
    472.62492797
    473.00472097
    473.00472097
    473.00472097
    473.00472097
    473.01892446
    473.01892446
    472.91359258
    473.43704715
    473.38584083
    473.35632042
    473.31118618
    473.31118618
    473.19050080
    473.19050080
    473.31214278
    473.44678514
    473.44734028
    473.44734028
    473.44695291
    473.44695291
    472.41426942
    473.22944495
    473.19420792
    473.15191510
    472.49108198
    472.49108198
    472.49108198
    472.89490112
    473.12897600
    473.24106808
    472.97294595
    473.38156291
    473.33289593
    473.32996483
    472.59125508
    472.59125508
    472.59125508
    471.81875076
    470.38213930
    470.38213930
    472.02619941
    471.98773565
    471.89511075
    472.29724076
    472.29724076
    473.00224487
    473.14443459
    473.14443459
    473.00441861
    473.29018577
    473.43869059
    473.42962251
    473.43537255
    473.43888770
    472.74474228
    472.92233682
    472.90871709
    472.90871709
    472.93353530
    473.01297864
    472.44348169
    472.84735733
    472.84735733
    472.87623097
    473.03766798
    472.97746537
    472.80306203
    470.03706927
    471.75828175
    471.75828175
    471.78042037
    471.78042037
    471.78042037
    472.94974181
    473.30722143
    473.28826982
    473.28771366
    472.55160255
    472.88627649
    472.88627649
    473.15991501
    473.16488998
    473.04264757
    473.18885723
    473.18885723
    473.35831546
    473.32711313
    472.88566384
    473.18902160
    473.26491085
    473.26491085
    473.21115424
    473.24485390
    473.24485390
    473.23132664
    473.26503590
    472.00333659
    472.00333659
    472.11583972
    471.58473532
    471.58473532
    472.74808883
    472.86887406
    472.86887406
    472.89868271
    472.89868271
    472.89868271
    472.89868271
    472.89868271
    473.12707751
    473.12707751
    473.12707751
    472.96889958
    473.04056816
    473.17567857
    473.17567857
    473.09342719
    472.98354946
    473.35554086
    473.44103643
    473.44103643
    473.44103643
    473.42804409
    473.40443468
    473.23534931
    473.17705827
    473.14817560
    473.21482565
    473.21482565
    472.64962384
    472.94123088
    472.91297864
    472.73027304
    472.75197337
    472.49373691
    472.49373691
    473.44243301
    472.03402848
    472.03402848
    472.09751845
    472.11572675
    472.32807296
    472.32807296
    472.37087163
    471.85700031
    470.59489786
    471.09576179
    471.09576179
    470.49186026
    470.49186026
    469.71967771
    470.66900172
    471.52325613
    471.90739845
    471.89067854
    471.83568254
    472.77699777
    472.68949832
    472.68949832
    472.77704565
    471.80702641
    471.80702641
    471.86679226
    472.12813189
    472.10071878
    472.92990750
    472.92990750
    472.57932281
    472.57932281
    472.34663367
    472.34663367
    472.48105515
    473.09664679
    470.63863538
    470.63863538
    470.63863538
    470.63863538
    471.71702883
    471.71702883
    471.71702883
    472.62754648
    472.51882599
    472.48102821
    472.29712058
    472.29712058
    472.16650631
    472.16650631
    472.79337730
    471.46487133
    472.70429158
    472.70429158
    470.74650986
    472.37702800
    472.53818770
    472.45740433
    471.49492568
    471.49492568
    471.49492568
    471.02518865
    470.85439504
    470.85439504
    472.46695438
    472.73050202
    472.73050202
    472.95040812
    472.88639447
    472.88639447
    472.89335003
    472.95838230
    472.53744857
    473.26567489
    473.36295621
    473.43982653
    473.43982653
    473.37195739
    473.38300052
    473.30251866
    472.51529472
    472.51529472
    472.03894095
    471.59830891
    471.59830891
    469.85112254
    470.62884113
    473.03226105
    473.04860949
    471.97851818
    472.37567973
    472.74693336
    472.74693336
    472.89846772
    472.74429685
    472.74429685
    472.74429685
    472.59640805
    472.10739363
    472.10739363
    472.07105395
    472.13443954
    473.41573694
    473.08194870
    473.08194870
    472.95742147
    472.68784807
    472.63266101
    471.94250888
    471.96431200
    472.90543064
    472.92579261
    471.98614686
    472.86415949
    472.45802051
    472.45802051
    473.08991758
    473.19970213
    473.06106576
    472.93228808
    472.92209203
    472.92209203
    473.19993628
    473.18745335
    473.17215347
    473.28667201
    473.35000727
    473.35658135
    473.25878058
    473.25878058
    473.21021060
    472.59019031
    472.59019031
    471.82068992
    472.58982493
    472.06875044
    472.31965992
    472.20452307
    472.28691132
    472.17312839
    472.17312839
    472.17312839
    472.17312839
    472.52958919
    473.10995541
    473.24172382
    473.25569945
    473.26879629
    473.29857918
    473.16503198
