    472.56889086
    472.56889086
    472.80082237
    470.06641537
    471.50916783
    471.29015765
    471.45798260
    471.48068067
    471.48068067
    471.96803304
    472.45908519
    472.15762670
    472.15762670
    472.43838028
    472.06619375
    472.10747326
    473.21243623
    472.97796894
    472.85905438
    473.12713811
    472.36661870
    472.36661870
    470.35119946
    472.70465864
    472.70465864
    473.38152471
    473.37787044
    472.97335908
    473.13827588
    472.15125913
    472.15125913
    472.15125913
    472.42656377
    471.23198138
    469.98916353
    469.46946379
    469.46946379
    469.46946379
    469.46946379
    469.46946379
    469.46946379
    472.74703307
    470.75367925
    470.67444592
    470.67444592
    471.56642316
    471.56642316
    471.56642316
    471.56642316
    470.08463782
    471.38165748
    471.53073336
    471.04562039
    471.04562039
    471.04562039
    468.03763131
    470.96000756
    471.07419762
    471.18866203
    472.37389286
    472.37389286
    472.37389286
    471.96626377
    472.07837238
    472.72995926
    472.72995926
    472.75244152
    472.75244152
    472.75244152
    473.22321806
    473.18165721
    472.86589552
    472.23278721
    472.19397168
    473.39095266
    472.96403122
    472.96530336
    473.20773510
    473.22896748
    473.11800259
    473.00127910
    472.97627363
    472.84091534
    472.43520492
    472.43520492
    472.73950783
    471.93166153
    472.00485918
    472.00485918
    473.08320567
    472.99978544
    473.05235904
    472.83098963
    473.14027569
    473.34592055
    473.35056232
    472.14991593
    472.59376667
    472.59376667
    472.63089620
    472.85308079
    471.02738518
    469.19960791
    469.19960791
    471.08501053
    471.95092360
    472.54820994
    472.54820994
    472.84668115
    473.13369434
    471.59906865
    471.59906865
    471.59906865
    471.02136453
    470.41124332
    470.06668769
    470.06668769
    471.62996920
    472.70615445
    472.11977892
    472.11977892
    472.11977892
    472.53974635
    472.53974635
    472.73661229
    472.73661229
    472.41825706
    472.48930820
    473.20985983
    473.14959188
    472.19076396
    472.59328616
    472.59328616
    472.81688611
    473.21273297
    473.28786712
    473.21821566
    473.21821566
    473.20603812
    472.39256926
    472.35677627
    471.55654992
    471.56102871
    471.56102871
    471.56102871
    471.43444467
    471.85555469
    471.85555469
    471.49149298
    471.07721387
    471.87282628
    471.46658950
    471.32568459
    471.74368927
    470.41186699
    470.41186699
    469.95669466
    469.53521902
    469.53521902
    469.53521902
    470.58103062
    470.49362404
    471.34168022
    471.34168022
    471.34168022
    471.34168022
    471.59805136
    471.30063037
    471.30063037
    471.30063037
    471.90925722
    471.40286242
    471.40286242
    472.59941126
    472.05501096
    472.05501096
    472.05501096
    472.05501096
    472.05501096
    472.05501096
    470.55901139
    470.55901139
    470.55901139
    472.60500409
    472.60500409
    471.32837312
    471.32837312
    471.32837312
    472.07910109
    472.75646116
    472.75646116
    472.92489527
    471.89640499
    472.89351221
    473.13981899
    472.94294901
    472.97452290
    472.97452290
    472.98298479
    472.98298479
    472.31723133
    471.95684547
    471.86911597
    471.74018959
    470.81095552
    470.81095552
    470.81095552
    471.69897324
    471.23697823
    471.23697823
    472.30434588
    472.22041115
    472.70957184
    472.59769207
    473.27991785
    473.12752979
    472.42198627
    470.52549974
    470.52549974
    470.52549974
    470.52549974
    468.81898221
    468.81898221
    470.79758215
    470.79758215
    471.63626827
    471.63626827
    471.63626827
    471.67663400
    471.09760631
    468.98820644
    469.32163528
    469.32163528
    468.82348288
    468.82348288
    469.36271910
    469.36271910
    471.65137508
    471.65137508
    472.76437365
    472.76437365
    473.21841458
    473.23834241
    472.56383556
    471.38962571
    471.61307722
    471.61307722
    471.61307722
    471.61307722
    471.74170562
    471.86578247
    472.16730351
    472.59079413
    472.59079413
    472.61406150
    472.63260431
    471.98855376
    471.76395285
    472.98969132
    472.80881674
    472.53430238
    472.24118087
    472.87537416
    472.83111188
    472.83111188
    472.47653953
    472.47653953
    472.39028475
    472.39028475
    472.24180912
    472.84182296
    472.83993997
    472.72894295
    472.72063757
    472.67944042
    472.67944042
    472.73057367
    472.73057367
    472.75639221
    472.97678219
    472.62094468
    472.69079013
    472.51812072
    472.51812072
    472.51812072
    472.51812072
    472.51812072
    472.51812072
    472.51812072
    472.51812072
    472.91409956
    472.75585804
    472.68550867
    473.16900096
    472.88729427
    472.94863820
    472.45791473
    472.45791473
    472.45791473
    473.03638826
    473.28800016
    473.21394689
    473.21950561
    472.16512084
    472.08467411
    472.57440941
    472.15779957
    472.15779957
    472.15779957
    472.15779957
    472.22862088
    472.55700655
    472.55700655
    472.02977834
    472.05886844
    472.68615246
    472.68615246
    472.12900466
    472.12900466
    472.12900466
    472.12900466
    471.81788560
    472.53581349
    472.62049180
    472.71417969
    473.10438125
    473.35148335
    473.35148335
    473.32534717
    472.98492483
    472.30792009
    472.97478997
    472.76250597
    473.11478652
    472.97952611
    473.35068093
    473.11401549
    473.11401549
    473.11401549
    473.25362911
    472.97692906
    472.92857079
    472.92857079
    472.87086638
    472.87509447
    472.78471577
    472.78471577
    472.65397408
    472.65397408
    472.51443858
    472.77519390
    472.69519373
    473.34932300
    473.28036990
    473.19145890
    472.69917517
    473.06309417
    473.25866700
    473.25866700
    473.02541092
    472.69930010
    472.69930010
    471.90856281
    471.90856281
    472.09457547
    472.31008191
    472.92705048
    472.92705048
    472.98172675
    472.54504789
    472.54504789
    472.22971348
    472.22971348
    472.77738850
    472.76243157
    472.70590642
    472.85249342
    472.88763094
    472.88763094
    472.88763094
    473.18919793
    473.26575230
    473.33030749
    473.32482296
    473.21340117
    472.38786632
    472.37818133
    472.37818133
    472.37818133
    471.16163430
    471.16163430
    471.16163430
    472.11343771
    472.69989565
    472.18358380
    472.43496919
    472.16472595
    472.16472595
    473.10683668
    473.06816747
    467.61995242
    467.61995242
    467.61995242
    467.61995242
    467.61995242
    470.17505438
    470.17505438
    470.17505438
    470.17505438
    470.17505438
    470.43615885
    470.24323413
    469.58790374
    469.58790374
    468.93777907
    468.93777907
    468.93777907
    468.93777907
    468.62675366
    470.80835256
    471.46315450
    471.81164231
    472.24540186
    472.24540186
    472.24540186
    472.91797466
    472.14463020
    472.26271213
    472.07576104
    472.07576104
    472.07770269
    472.07770269
    472.83300029
    472.83300029
    471.99324873
    471.99324873
    472.59795056
    473.16766164
    473.16766164
    473.16766164
    472.75393425
    472.75276246
    473.01128685
    473.17401424
    473.16221347
    473.18868149
    472.72951556
    472.96226905
    472.11584424
    470.82529496
    473.37721078
    472.26204717
    470.99682523
    470.60403671
    470.60403671
    468.28336319
    470.16195345
    469.73838860
    469.73838860
    470.12569218
    469.23168227
    471.68911075
    471.68911075
    471.68793412
    472.84588813
    472.81463298
    473.04537145
    473.04537145
    472.35988615
    472.33293445
    472.33293445
    472.33433852
    472.41097650
    472.74509721
    471.78020663
    471.86170488
    471.79272984
    471.79272984
    471.79272984
    471.79272984
    472.59019058
    472.64433028
    471.81064323
    473.19184544
    472.60914607
    470.29204672
    470.29204672
    470.13852792
    470.13852792
    470.13852792
    469.46658561
    471.32862912
    472.14773046
    471.36237131
    471.36237131
    471.77540378
    471.77540378
    472.17775643
    473.26493431
    473.23472428
    472.18222761
    472.07362788
    472.42678911
    472.42678911
    472.29910104
    472.29910104
    472.17681908
    472.17681908
    472.93390560
    472.93282192
    473.23591143
    473.23591143
    472.71627121
    472.90189067
    472.37987627
    472.37987627
    472.37987627
    472.71546133
    468.78600245
    467.88119076
    473.03744025
    473.00263345
    473.04509012
    473.04509012
    473.04663483
    473.04663483
    472.86081861
    472.86081861
    472.83184981
    472.83184981
    472.86517483
    472.51314161
    472.51314161
    471.97249024
    471.95346372
    471.95346372
    471.95346372
    472.13834082
    473.36046914
    473.05740634
    473.31271071
    473.33086673
    473.06231583
    473.00565615
    473.10696836
    473.10696836
    473.00197927
    472.89128376
    473.07429363
    473.07429363
    472.77311799
    472.77539693
    472.95607912
    473.27947959
    473.19664413
    473.19664413
    472.95274733
    473.01158558
    472.48116102
    472.23599987
    472.73485743
    472.72329190
    472.18096250
    473.13525305
    472.86287572
    472.86287572
    473.23517943
    473.26545549
    472.88778679
    472.88778679
    472.81671459
    472.80932177
    472.80932177
    472.84695419
    472.84695419
    472.84695419
    472.83620018
    472.40278262
    471.92220496
    471.63937313
    472.36677229
    472.36677229
    473.38937051
    473.32830173
    473.38187270
    473.32631562
    473.32631562
    472.61356796
    472.73778062
    473.36753648
    472.27384810
    472.06038076
    472.82666546
    472.77141063
    473.13960812
    473.13960812
    473.13960812
    472.98991752
    472.62212641
    472.44148306
    468.37041106
    467.72634956
    467.72634956
    467.72634956
    467.72634956
    467.72634956
    469.20395996
    469.20395996
    470.95165944
    470.78252010
    470.60697437
    471.61656715
    472.40860004
    471.95759096
    471.95759096
    471.94756204
    472.26602031
    473.02402102
    473.36920571
    473.36775371
    473.36775371
    473.36775371
    473.32692179
    473.29997884
    471.94392998
    471.67030192
    471.67030192
    472.70738888
    472.70738888
    473.30970563
    473.35702308
    473.35702308
    473.34819210
    473.34819210
    471.62551660
    469.34236666
    469.45892312
    469.45892312
    470.27976747
    471.65981642
    471.60166695
    471.48418743
    471.10133920
    471.10133920
    469.12687128
    470.62367065
    470.40950741
    471.88948896
    471.88948896
    470.94456377
    470.68304258
    470.68304258
    470.68304258
    470.68304258
    469.94407556
    472.16835531
    472.16835531
    472.94648667
    472.94648667
    473.02390029
    472.67474831
    472.60949852
    472.60949852
    472.60949852
    472.64365052
    473.11841759
    473.16921400
    472.80105566
    471.98296976
    470.77907722
    470.51342635
    470.51342635
    471.31295623
    471.70701264
    471.68166872
    471.68166872
    472.16124563
    472.10147488
    471.65203679
    471.65203679
    471.81475493
    471.60148398
    472.98755229
    472.88726018
    472.88726018
    472.83918338
    472.95063185
    472.51537195
    473.00109781
    472.37780279
    472.37780279
    472.37780279
    473.09900568
    472.78784624
    472.73897767
    472.73897767
    472.69752759
    473.09887132
    473.01050358
    473.01050358
    472.80854532
    473.24925280
    473.24925280
    473.24818405
    473.03923106
    473.03923106
    472.83022207
    472.70128239
    472.86523952
    472.56975211
    472.92230371
    472.97567532
    472.68491718
    472.91002295
    472.94276726
    472.36659714
    472.24032149
    472.24032149
    470.24075986
    470.24075986
    471.09847228
    471.09847228
    470.74093090
    470.74093090
    470.74093090
    470.74093090
    470.74093090
    470.74093090
    470.74093090
    472.92042970
    472.97423691
    473.12096235
    472.50226446
    473.17354871
    471.88477128
    471.11580056
    472.30031998
    471.61347710
    472.13170354
    472.31250212
    471.94590016
    467.90532640
    467.90532640
    467.90532640
    472.10342380
    471.29525771
    471.29525771
    471.29525771
    471.29525771
    471.29525771
    473.13565520
    472.31897924
    471.64191521
    471.31239768
    471.19973230
    471.19973230
    471.19973230
    471.19973230
    470.57893827
    472.54483649
    472.21733997
    471.82139630
    471.17622867
    471.09402898
    471.34372255
    472.00265256
    472.00265256
    471.97126603
    471.62538751
    472.27860178
    473.16395188
    473.12325454
    473.17181708
    472.79024462
    472.79024462
    472.62594282
    472.62594282
    472.86503822
    472.59961357
    472.83813861
    472.89567190
    472.87255547
    472.73502792
    472.68968747
    473.27915757
    473.31629057
    473.15561537
    473.13198969
    473.07226123
    473.10572895
    473.35414792
    473.35034015
    473.35034015
    473.23333272
    473.10787993
    471.82106491
    471.82106491
    470.83196531
    470.83196531
    472.51214282
    472.41875054
    472.48767521
    472.19542609
    471.66669378
    473.27317956
    473.13243174
    473.38154459
    473.37750246
    473.32715119
    472.15357058
    472.15817316
    471.78669715
    471.32201742
    471.32201742
    471.32201742
    471.32201742
    471.32201742
    471.45880570
    471.45880570
    471.45880570
    471.45880570
    471.45880570
    471.14044121
    471.14044121
    473.18057893
    473.19295341
    473.12396439
    473.12396439
    472.24782365
    472.87677022
    472.89261861
    472.91823640
    472.97399085
    472.97399085
    472.90406392
    472.97001094
    472.15576288
    472.15576288
    470.92561799
    471.17659304
    472.14361559
    472.14361559
    471.16000904
    471.15161988
    471.15161988
    473.31884567
    473.39392566
    473.39161839
    473.39161839
    473.39276260
    472.91375488
    473.02872928
    473.01731387
    472.53127828
    472.09082158
    472.09082158
    473.26747044
    473.24827105
    473.24827105
    473.24827105
    473.28123503
    473.16265478
    472.87715757
    472.87715757
    473.21690272
    473.32528057
    473.23604105
    473.23618498
    473.38738883
    473.38554324
    473.38209035
    473.03365190
    473.28527890
    472.90287435
    472.90287435
    472.90287435
    472.99852517
    473.03317612
    472.40882815
    472.58167181
    472.57715597
    472.57715597
    472.79850537
    472.73124009
    471.21741883
    471.20898171
    472.49952432
    472.49952432
    473.24246287
    473.10405374
    472.72644898
    472.50211251
    472.50211251
    472.50211251
    472.67783560
    472.72616752
    472.32765321
    472.32765321
    472.00423233
    472.00423233
    471.23301212
    471.56927771
    472.16959858
    472.65717073
    472.65717073
    472.47250096
    472.47250096
    472.12889741
    472.12889741
    472.12889741
    472.12889741
    471.65114418
    471.65114418
    471.65114418
    471.89836580
    472.16621246
    472.92053743
    472.81678734
    471.00065168
    471.00065168
    468.79456038
    468.79456038
    471.79081312
    471.79081312
    471.79081312
    472.28162210
    472.37496390
    472.95416133
    472.95416133
    472.95416133
    472.95416133
    473.19036137
    473.19036137
    472.66048251
    472.66048251
    473.35012682
    473.35012682
    473.35110497
    472.97487817
    472.97487817
    472.35521013
    472.35521013
    471.96812848
    472.77302513
    471.38827328
    469.49481711
    469.49481711
    469.49481711
    471.05399453
    470.23020551
    471.56584807
    471.32760245
    471.54035099
    471.54035099
    471.54035099
    470.88161294
    470.77107071
    470.77107071
    470.77107071
    472.59630386
    472.50994221
    472.50994221
    472.50994221
    472.54481692
    472.66167008
    472.86012888
    472.93994730
    472.96451529
    471.21231306
    471.76538005
    472.57102029
    472.57102029
    472.90296787
    472.57477347
    471.94076703
    472.06858221
    472.06858221
    472.06858221
    472.06858221
    472.86588691
    473.14624650
    473.15770179
    473.25637944
    473.28515978
    473.28515978
    473.29990874
    473.19063710
    472.98327790
    472.98327790
    472.89341983
    472.81231143
    473.37444839
    473.38020275
    473.37712198
    472.85493752
    473.38016452
    473.32536353
    473.32536353
    473.32536353
    473.32536353
    471.44460307
    471.44460307
    471.74374624
    471.74374624
    472.26582624
    472.90460136
    473.11379173
    472.09866139
    472.80893319
    472.80893319
    472.80893319
    473.23789276
    473.24094158
    472.87653757
    472.46084472
    471.64651205
    471.64651205
    471.64651205
    472.00728368
    472.16346834
    472.16346834
    472.16346834
    472.16346834
    472.16346834
    472.16346834
    472.16346834
    472.16346834
    472.49365184
    472.80405898
    472.80405898
    472.80405898
    472.80405898
    472.75319242
    472.75465315
    471.82630098
    473.13136637
    472.83951516
    472.94312397
    472.71071955
    472.71071955
    472.75488955
    473.27700381
    473.20406813
    472.94698946
    471.28824231
    472.68520387
    472.68520387
    472.93800905
    472.93800905
    472.90237827
    471.53496867
    471.53496867
    471.71603560
    472.90448082
    472.90448082
    473.10670733
    473.04940970
    473.03947045
    471.96612404
    472.66929359
    472.34473231
    472.19654399
    471.95048098
    471.95048098
    471.95048098
    471.40051008
    469.78209713
    470.46401041
    470.46401041
    470.46401041
    471.90155165
    471.83343408
    473.11756264
    472.87071468
    472.68623807
    472.25208379
    472.29063192
    472.80826043
    472.70495792
    472.70495792
    472.83123644
    472.83123644
    472.60361271
    473.09417394
    473.17884440
    473.17436369
    473.23261952
    473.23261952
    473.08078128
    473.13832352
    473.13832352
    473.13765869
    473.05037732
    473.29273941
    473.26686409
    473.26686409
    473.25061406
    473.28724894
    473.27072387
    473.38405220
    471.87058316
    471.87058316
    472.63144459
    472.54270170
    472.95526722
    472.95526722
    472.94970030
    472.61274896
    473.02053224
    473.02089728
    473.03546378
    472.83965201
    472.85863112
    473.35624877
    473.15276457
    473.00179471
    472.87134776
    473.01966646
    472.77537863
    472.77537863
    471.44693284
    472.34328290
    472.34328290
    472.22890765
    473.38320216
    473.38320216
    472.98728118
    473.21139812
    473.21139812
    472.96083775
    472.96083775
    472.17721530
    472.17721530
    472.17721530
    472.87231884
    473.31081884
    473.31081884
    473.18455474
    473.18455474
    473.19329699
    473.22500957
    472.75719736
    472.75719736
    473.30530606
    473.21753753
    473.21753753
    472.96054856
    472.63842680
    471.85470730
    471.77275267
    473.33341515
    473.34872215
    473.20549025
    473.22217933
    473.05949226
    473.30800852
    473.29776634
    473.27179346
    472.76289262
    472.76289262
    472.82728193
    472.96314111
    473.07897354
    473.08137082
    471.80065298
    471.69127334
    471.69127334
    470.43183069
    470.43183069
    471.13513386
    471.33243457
    471.32783475
    471.73059776
    471.29679114
    469.20096895
    469.20096895
    469.20096895
    470.55004275
    472.81697668
    472.75562035
    472.75562035
    471.16353963
    471.16353963
    471.16353963
    472.04407119
    472.38454170
    472.33463645
    473.02731706
    472.20073570
    472.52923741
    472.90091826
    472.90091826
    471.54671914
    473.16560846
    473.18033762
    473.30068664
    473.20611782
    473.00584162
    472.80706479
    472.75624835
    473.20959339
    473.36381438
    473.36381438
    472.66306115
    472.66306115
    472.50655552
    472.50655552
    472.50655552
    472.50655552
    472.53227085
    473.12498316
    473.12498316
    472.27451302
    472.82944471
    471.95577435
    471.69999272
    471.69999272
    471.69999272
    471.69999272
    472.25008806
    472.25008806
    472.25008806
    472.25008806
    472.25008806
    472.25008806
    472.25008806
    471.90497517
    471.90497517
    470.66096085
    470.66096085
    470.66096085
    470.13509689
    470.13509689
    470.13509689
    471.74499039
    470.65248984
    470.47808792
    470.47808792
    470.47808792
    470.47808792
    471.10519396
    471.10519396
    471.10519396
    471.10519396
    471.10519396
    471.10519396
    471.10519396
    472.48082861
    472.81014848
    472.81014848
    473.12252233
    473.12654305
    472.83950576
    472.83950576
    471.10158756
    471.10158756
    471.10158756
    470.47503374
    470.51229431
    470.51229431
    471.08463027
    471.77210452
    472.08836484
    472.75586554
    472.27727853
    471.88544761
    472.76350491
    472.76350491
    472.85195842
    472.82499839
    472.82499839
    473.01230010
    473.10929538
    473.21992878
    473.29947673
    473.29947673
    473.36975531
    473.27911108
    473.27911108
    473.35852163
    473.35852163
    473.03071689
    473.13285063
    472.30149414
    472.30149414
    472.30149414
    472.30825812
    473.38818330
    473.36392520
    473.33555775
    473.32465486
    473.29319909
    473.23123316
    472.91991539
    472.44878611
    472.57841918
    472.16009409
    472.18229808
    472.18229808
    472.18229808
    473.26348973
    473.36315245
    473.36315245
    472.70898162
    472.79322675
    472.35441881
    472.54858804
    472.74196754
    472.96794533
    472.70351893
    472.79015309
    472.79015309
    472.35284275
    472.14735301
    472.14735301
    472.14735301
    472.38410779
    472.98591478
    472.98591478
    472.85116532
    472.85116532
    472.23749675
    471.62370134
    471.62370134
    471.62370134
    473.19140598
    473.24225797
    473.31550338
    472.73728232
    473.34717076
    473.32579791
    471.51081963
    471.51081963
    471.51081963
    471.85053131
    471.85053131
    472.72423374
    472.72423374
    472.72423374
    472.72423374
    472.57749487
    472.57749487
    472.25770850
    472.67929990
    472.76476683
    472.33581284
    472.86131414
    472.86131414
    472.68211535
    471.90486870
    472.49510566
    472.32147373
    472.66115332
    471.77015017
    471.86067448
    470.42765576
    472.19300145
    472.17550659
    472.12433775
    473.17110555
    472.85880020
    472.85880020
    471.41668844
    471.41668844
    471.41668844
    471.41668844
    472.45905808
    471.76492323
    471.92985028
    472.17409939
    472.17409939
    472.17409939
    470.92057676
    471.36086704
    471.73939495
    471.73939495
    470.85921148
    471.56953407
    472.46330286
    471.29139360
    471.22861089
    471.22861089
    472.09712651
    470.90680954
    470.04092652
    470.13143075
    469.87309687
    469.08449708
    468.45747793
    468.45747793
    468.45747793
    468.45747793
    468.45747793
    470.21754014
    471.81795644
    472.32831859
    471.39369202
    471.39369202
    472.02747042
    472.02747042
    472.34398062
    472.34398062
    472.49937589
    472.49937589
    472.49937589
    472.68029996
    473.23177831
    472.75748887
    473.22835967
    473.22835967
    473.27901681
    472.60769693
    471.63922035
    472.25668095
    471.74829195
    471.63817200
    471.63817200
    472.62056846
    472.16899169
    472.09783993
    473.02631644
    473.03953910
    473.33979137
    473.34966800
    473.06411851
    473.06411851
    472.64606175
    472.64606175
    472.90445800
    473.21958699
    473.23474537
    472.82182276
    472.84351116
    472.49550757
    471.94321133
    471.94321133
    471.94321133
    471.94321133
    471.94321133
    471.97203210
    471.97203210
    471.97203210
    472.07272951
    472.98955742
    472.35816768
    472.35816768
    473.12383265
    473.12383265
    473.38144700
    473.38144700
    472.63871757
    472.66665654
    472.80584971
    472.04348813
    472.04348813
    472.84845565
    473.01329143
    473.01329143
    473.12016696
    473.12016696
    473.06456065
    473.36789867
    473.25798640
    473.19922674
    473.29643274
    473.36171733
    473.38074755
    473.35870513
    473.08388719
    473.08388719
    473.07412254
    472.39899779
    472.39899779
    473.06197296
    472.38281162
    472.44949463
    473.11191052
    473.11191052
    473.17432518
    473.21640402
    472.38294540
    472.38294540
    472.38294540
    472.62429029
    472.55870436
    472.69736886
    472.69736886
    473.21149706
    473.30889697
    473.31408267
    473.33703833
    473.11045904
    472.39952243
    472.39952243
    470.69670023
    470.69670023
    471.79709815
    471.79709815
    471.79709815
    471.71954092
    471.51395046
    471.51395046
    469.73009495
    471.82527614
    471.51410017
    472.26887650
    471.13392957
    471.07342319
    471.07342319
    471.07342319
    471.07342319
    471.07342319
    471.07342319
    471.07342319
    471.07342319
    471.07342319
    471.07342319
    471.07342319
    471.07342319
    472.09804327
    472.89580870
    472.64332903
    472.55003361
    472.63526231
    472.60066875
    472.60066875
    472.60066875
    472.86811255
    472.53823382
    472.91324785
    472.67714245
    472.06245714
    472.61333932
    472.61333932
    473.04174737
    473.31487808
    473.27967681
    472.84202484
    472.74867483
    472.89759916
    472.99733234
    472.95460876
    472.95460876
    472.90982505
    472.77316210
    472.92157385
    472.91382874
    471.74850124
    470.81802376
    472.48342381
    471.03720737
    471.03720737
    471.03720737
    471.79622718
    471.79622718
    471.79622718
    472.41383707
    471.64416488
    471.35502852
    471.35502852
    472.35348900
    472.70837253
    472.59094733
    472.86926364
    472.87525508
    472.97778259
    472.96088484
    472.88739545
    472.62951852
    472.62951852
    472.26924861
    472.26924861
    472.26924861
    470.61150559
    471.48029788
    471.48029788
    472.47276436
    472.47276436
    472.40988041
    472.41442103
    472.41442103
    472.49474216
    472.45472524
    471.97710085
    472.57378212
    472.57378212
    472.57378212
    472.63781886
    472.63781886
    472.63781886
    473.21785691
    472.27913717
    471.75017263
    471.61798132
    471.61798132
    473.31959002
    473.33337083
    473.33337083
    473.30741695
    473.15761111
    470.99921092
    470.99921092
    470.99921092
    470.99921092
    470.99921092
    471.61441941
    470.94186039
    471.52374818
    472.72680984
    472.86596641
    472.94427387
    472.99171438
    472.99171438
    472.99171438
    473.21135729
    473.21135729
    471.95708682
    471.95708682
    473.18167633
    473.18167633
    472.33698582
    472.24256868
    471.72125119
    472.62929315
    472.92240516
    472.81186389
    472.48908298
    471.77860116
    471.77860116
    471.77860116
    471.77860116
    471.80303519
    471.51535846
    472.44530166
    470.19450103
    471.21995706
    471.21995706
    471.21995706
    471.21995706
    472.01277025
    472.78232986
    471.05834293
    470.18783269
    470.18783269
    470.18783269
    470.18783269
    470.18783269
    470.18783269
    470.18470860
    470.18470860
    468.93150975
    467.43879882
    467.43879882
    469.30707176
    470.69326153
    470.68961814
    470.68961814
    471.92157475
    471.92157475
    471.92157475
    471.92157475
    471.88311542
    472.58767435
    472.75534667
    472.40992732
    472.40992732
    472.75516587
    471.97971489
    471.97971489
    471.73012116
    472.53168708
    472.94631149
    473.24750071
    473.20703954
    473.32084487
    473.38959806
    473.38959806
    473.39132193
    473.39132193
    473.08930453
    472.81604922
    472.81592915
    472.81592915
    472.81592915
    472.81592915
    473.13232339
    473.13988885
    473.25157496
    472.75833704
    472.75833704
    472.75833704
    473.34545378
    473.34545378
    473.38678048
    473.38678138
    473.38906224
    473.35407933
    473.37841251
    473.37841251
    473.37307954
    473.14030192
    472.96545633
    472.96545633
    472.83879506
    473.07606253
    472.52505483
    472.93201308
    472.94778762
    470.86567861
    472.09899210
    472.09899210
    473.10875342
    473.10875342
    472.93874393
    472.93874393
    472.93874393
    473.02301860
    472.92941295
    472.92941295
    473.03644608
    473.26297374
    472.66976982
    472.62948056
    473.10723187
    473.10723187
    473.12627822
    473.12627822
    473.12627822
    472.61005642
    472.86996889
    472.64571172
    472.06211008
    472.18431119
    472.35843243
    472.21459816
    470.84097755
    470.84097755
    470.84097755
    470.84097755
    472.86948674
    472.90510914
    473.33984966
    472.82383641
    472.86202697
    472.86202697
    472.85294791
    472.85294791
    471.89801725
    471.32220209
    471.63201186
    472.21091994
    472.21091994
    472.04117599
    473.03447179
    471.62909758
    471.62909758
    472.14301407
    473.20942827
    473.20942827
    472.89114887
    472.89114887
    471.59847535
    471.38944151
    470.80155959
    468.80518501
    470.77685477
    470.77685477
    470.77685477
    470.77685477
    468.30846602
    468.18348997
    468.18348997
    468.18348997
    468.18348997
    470.13119227
    472.84045723
    473.17165940
    473.21885327
    473.21885327
    473.21999538
    472.95109422
    472.95109422
    472.96995301
    472.96995301
    473.34199173
    473.37710588
    473.37710588
    473.07940254
    473.13525916
    473.20066795
    472.67964782
    471.97429133
    471.93328522
    471.70324116
    471.58260501
    471.17566154
    471.17566154
    471.17566154
    471.17566154
    471.17566154
    472.15406716
    473.30069837
    473.14385988
    470.44923433
    470.50772812
    473.36368102
    473.33361022
    473.33361022
    473.28998632
    473.28998632
    473.34024231
    473.35253263
    472.00004102
    472.92898575
    473.08905636
    473.03310568
    473.21094274
    473.02467415
    473.04987989
    473.04987989
    473.25660303
    473.22521630
    473.14022710
    473.36479444
    473.36479444
    473.35628106
    472.93847941
    472.93847941
    472.93847941
    472.93847941
    472.94866206
    472.94866206
    472.94866206
    473.10424052
    473.29101835
    473.30908815
    472.64315008
    472.84120335
    472.82042381
    472.40595760
    471.93606988
    471.93606988
    471.79792735
    472.30249693
    472.36385562
    472.43955554
    471.88526515
    473.09401366
    472.93326749
    472.93326749
    469.27403862
    469.21567991
    472.23723307
    472.82454419
    472.42326567
    472.51369924
    472.90870132
    473.27019827
    473.18466701
    472.02440499
    472.02440499
    472.02440499
    472.02440499
    472.02440499
    472.58501055
    472.07163604
    472.17283261
    472.90446668
    472.82487890
    472.74646632
    472.25477089
    471.96330745
    471.96330745
    471.96330745
    472.55529795
    472.31566608
    472.85391402
    473.11301960
    473.20629902
    473.20629902
    473.20629902
    473.20629902
    473.19818539
    473.19818539
    473.19818539
    473.19013229
    472.98518468
    470.29173593
    472.93024972
    472.20211145
    472.66592219
    472.56379512
    472.56379512
    472.78691327
    472.78691327
    472.78691327
    472.78691327
    473.18911894
    473.03547774
    472.82529372
    471.11820903
    472.33604834
    472.33604834
    472.33604834
    472.44286408
    473.11713496
    472.97413059
    473.19315380
    473.21889371
    473.21889371
    473.21889371
    473.11033090
    472.67939521
    472.39149915
    473.03607063
    473.03607063
    472.89366528
    472.07125230
    472.46460432
    472.46460432
    472.46460432
    472.23753639
    472.66749798
    472.50535161
    472.58517369
    470.47406555
    471.77079597
    471.77079597
    471.83331565
    472.75497236
    473.15173884
    472.80762618
    472.59575242
    472.59575242
    472.59279689
    472.83346690
    472.83346690
    472.83346690
    473.09747297
    473.09747297
    473.09747297
    472.99245581
    472.99245581
    472.40596619
    472.30051792
    472.83877558
    472.83097706
    472.82629532
    473.02810044
    473.05712536
    473.35436575
    473.33636923
    473.15467876
    473.26590197
    473.02046171
    473.20940238
    473.36769122
    473.34000150
    473.26347091
    472.28439800
    472.28439800
    470.95687960
    472.77911777
    473.27139575
    473.27139575
    473.37240194
    473.37123710
    472.00088418
    472.00088418
    472.00088418
    471.69826264
    472.04428456
    471.84684826
    472.43205641
    473.19466376
    473.37743988
    473.38321700
    473.30284915
    473.14619419
    473.14619419
    473.14619419
    473.14619419
    473.00139912
    472.04216500
    472.36105905
    472.36105905
    472.36105905
    472.13141429
    472.81863183
    472.58035531
    471.49659413
    471.49659413
    471.49659413
    471.81821139
    472.68865980
    473.32097611
    473.30051951
    473.15880491
    473.15880491
    473.15827888
    473.39163282
    473.39348440
    473.36892233
    473.36379866
    473.28994473
    473.28448975
    473.28654378
    472.69087622
    473.19593657
    473.19593657
    472.43026925
    472.43026925
    472.43026925
    473.31452380
    472.70845382
    472.67047454
    472.73250148
    473.34127885
    472.73939032
    472.73939032
    472.53369505
    472.91871125
    472.81004830
    473.00872322
    473.00872322
    473.00872322
    473.18986264
    473.02668676
    473.08166974
    473.09744838
    472.56313816
    472.51563880
    473.09909545
    473.10023903
    472.86161577
    472.66378874
    471.65602443
    472.75513104
    472.92129027
    473.03526453
    473.03526453
    473.12529999
    472.64002068
    472.64002068
    473.27414216
    473.14874884
    473.17333508
    473.23440337
    473.23841588
    473.03689311
    472.59795460
    472.59795460
    472.59795460
    472.68754773
    472.20091682
    472.20091682
    472.69873090
    472.67933724
    472.67933724
    472.67933724
    472.08258762
    471.85641834
    471.85641834
    472.44033349
    472.44033349
    472.44033349
    472.78078359
    472.78078359
    472.74992644
    472.78126599
    472.78126599
    472.78126599
    472.19610625
    471.17635298
    473.05309199
    472.96123764
    472.60108491
    472.61634900
    472.52971223
    472.52971223
    473.15892683
    473.11520446
    473.04579914
    473.04579914
    472.83326968
    472.83326968
    472.02185471
    472.73818634
    472.69791985
    472.55657976
    472.29773945
    472.29773945
    472.32482259
    472.14265995
    472.27811136
    472.27811136
    471.71269233
    472.11534103
    472.11534103
    472.11534103
    473.12788906
    472.49538370
    472.82550841
    472.82264989
    473.18031163
    473.28445694
    473.29376327
    473.13913911
    473.05389194
    473.05389194
    473.05389194
    472.78771609
    472.78771609
    471.27415702
    471.31441126
    471.31441126
    470.32666061
    471.44209827
    472.24762581
    471.91165961
    472.95066992
    472.95207797
    473.22581740
    471.61873409
    470.20270675
    470.20270675
    469.75429501
    471.54078085
    471.54078085
    472.56840979
    472.56840979
    472.56840979
    472.56840979
    472.80455204
    472.80455204
    472.80455204
    473.15071691
    473.36313155
    473.36313155
    473.36313155
    473.36313155
    472.88311362
    473.16066216
    472.78760813
    472.78760813
    473.26390400
    472.89734864
    472.84658357
    473.30320461
    473.17540179
    471.83431655
    472.59168852
    472.69358306
    472.71440211
    472.71440211
    472.70000007
    471.83925554
    471.83925554
    470.64839554
    471.87043885
    472.22451423
    472.93726862
    473.24700167
    473.14679844
    473.17053299
    471.80522142
    471.69108459
    471.68602512
    473.01610132
    473.31446241
    473.33386855
    472.89187304
    472.89187304
    473.36486755
    473.36486755
    473.09472550
    473.16346152
    473.14984226
    473.27386805
    472.78525049
    472.66826801
    472.38963133
    471.57026641
    472.26766237
    472.26766237
    472.74549519
    472.32190167
    472.35886105
    472.45929812
    472.20490404
    472.65866357
    472.65866357
    472.41757814
    472.67274771
    473.25109923
    472.45162413
    472.45162413
    472.45162413
    472.86212535
    472.32217977
    472.20603272
    472.87490308
    472.12954027
    472.12954027
    472.12954027
    473.00635489
    473.02816775
    473.02816775
    471.12517251
    471.12517251
    470.84985141
    471.33261036
    471.74141235
    470.83223047
    470.28220506
    472.34176394
    472.34176394
    472.34176394
    472.91554159
    472.82130095
    472.82130095
    472.89804047
    472.79626400
    473.13249827
    473.32408762
    473.35149102
    472.86441706
    472.86441706
    472.76754515
    470.59840228
    470.01193343
    472.42670911
    472.86416365
    471.96972651
    473.01589695
    472.55040037
    472.55040037
    472.09002394
    472.09002394
    472.20327604
    472.20327604
    471.51565350
    472.36898435
    472.05097389
    472.72351405
    473.10389402
    473.29067165
    473.06750161
    472.42247185
    472.33357318
    472.44456360
    473.19777072
    473.19751095
    473.22933953
    473.13988607
    473.27817701
    473.39189121
    473.29806962
    473.28883285
    473.39286025
    473.38088912
    473.38808067
    473.06683307
    473.12219013
    473.34828530
    473.33344156
    472.77363724
    472.99585798
    472.83179131
    472.94379128
    472.94379128
    473.32251866
    473.32600553
    473.37759107
    473.32860490
    473.37620340
    473.19560610
    473.28031936
    473.29319935
    473.32311727
    473.31571304
    473.25210425
    473.36395146
    473.29791749
    472.71767784
    472.48138442
    473.29863236
    473.34008056
    472.84466799
    472.32673004
    472.27608030
    472.27608030
    472.27608030
    473.29045636
    473.26041203
    473.26041203
    473.18994537
    473.01896104
    472.12405189
    472.95485059
    471.36878313
    471.80677934
    471.78084330
    472.23827440
    471.94815955
    468.57023117
    469.94350389
    469.94350389
    469.94350389
    468.48151801
    468.48151801
    467.33520364
    471.52628732
    472.81518162
    471.53124639
    471.53124639
    471.53124639
    471.53124639
    473.06148870
    473.13923825
    473.25473203
    472.99605234
    473.10757070
    473.14339216
    472.87066026
    473.16141651
    473.30799216
    473.18044800
    473.18008222
    473.20250355
    473.10422354
    472.33018457
    472.22273307
    471.90539698
    471.90539698
    471.90539698
    471.90539698
    471.90539698
    471.90539698
    472.10366356
    472.10366356
    472.10366356
    473.03673353
    472.90706633
    473.11985781
    473.11985781
    473.11985781
    472.94983082
    473.02106765
    473.02106765
    473.03135819
    472.66005075
    472.94749035
    473.01928898
    473.01928898
    472.60089390
    472.64217481
    471.93708146
    471.93708146
    473.29999269
    473.02014263
    473.31453494
    473.24742521
    472.73277225
    472.72704737
    473.30001069
    473.28984403
    473.28984403
    473.28984403
    473.27436459
    472.75419754
    472.78892205
    472.78892205
    472.79174020
    473.16475897
    473.12498539
    473.08360371
    472.37205951
    472.51112124
    471.40584305
    471.34317420
    470.10998167
    470.10998167
    471.69227789
    471.69227789
    469.98951191
    468.93835438
    468.93835438
    468.93835438
    469.50155899
    469.50155899
    468.51198523
    468.51198523
    468.51198523
    468.51198523
    468.51198523
    468.51198523
    469.74417602
    469.66258555
    471.25224972
    470.86056543
    470.36179697
    470.36179697
    470.36179697
    470.36179697
    470.36179697
    470.36179697
    470.76456100
    470.68146924
    470.68146924
    470.68146924
    469.54038772
    469.54038772
    469.54038772
    469.54038772
    470.30826173
    470.30826173
    470.23059660
    470.23059660
    470.23059660
    471.35521327
    472.36636071
    472.25001990
    472.30742014
    473.04505104
    472.34784157
    472.36477244
    472.44679814
    473.11130969
    473.11130969
    473.14377337
    472.68551906
    472.88804673
    472.88804673
    472.75545022
    472.75545022
    472.23322269
    472.85553526
    473.23442890
    473.37178750
    473.38097948
    473.37829278
    473.37245643
    473.17207211
    473.09088804
    473.32002858
    473.32002858
    473.29052212
    473.04051569
    473.03591552
    472.35867714
    472.50218611
    472.30904698
    472.30904698
    472.30904698
    472.75862405
    472.75862405
    472.75862405
    472.75862405
    472.75862405
    472.75862405
    473.28563484
    472.80327879
    472.35739007
    472.35739007
    471.31916994
    471.31916994
    471.74348146
    471.74348146
    471.86070944
    471.99514933
    471.99514933
    470.23598143
    471.11383041
    470.30583962
    472.76273331
    473.29006394
    472.05436676
    472.05436676
    472.38246016
    472.79107601
    472.13598148
    472.27762616
    472.27762616
    473.18112589
    473.18112589
    473.06571148
    473.06571148
    473.06906180
    473.17002601
    473.05972644
    473.16885735
    473.21035531
    473.29242754
    473.29242754
    473.27049434
    473.29276601
    473.29276601
    473.08073712
    473.00721924
    473.17542182
    473.16890922
    473.16890922
    473.12410928
    473.20442707
    473.31084342
    473.39032811
    473.31604191
    473.32387619
    473.32387619
    473.34099718
    473.34137745
    472.95174567
    472.95174567
    473.18686535
    473.18686535
    473.18686535
    473.15155006
    472.31553645
    471.63739162
    470.73672667
    470.73672667
    470.27962405
    470.86007634
    470.99859576
    471.51430103
    472.16095446
    472.30033148
    472.30033148
    472.30033148
    472.30033148
    473.25644888
    473.31109591
    473.31109591
    473.36934885
    473.31632703
    473.37687902
    473.05514372
    472.67493974
    472.78799528
    472.55227820
    472.77767024
    472.77767024
    472.83644216
    473.04520501
    472.64083211
    471.83298554
    470.15898991
    470.91609898
    471.20718373
    473.03496082
    472.65915893
    472.70366463
    471.53807228
    472.36536559
    472.36536559
    471.05370803
    471.90104093
    471.90104093
    471.90104093
    471.32360429
    471.32360429
    471.32360429
    473.18658978
    473.18658978
    473.31569523
    472.39753022
    472.31286824
    470.31512645
    468.01183251
    468.01183251
    468.89858438
    468.89858438
    468.89858438
    468.89858438
    468.89858438
    468.89858438
    468.89858438
    472.27696455
    472.71869731
    473.01536960
    473.01536960
    473.09676275
    473.10998975
    472.33207477
    472.41834788
    472.35772831
    472.35772831
    471.81239481
    471.99103061
    472.39911882
    473.05916066
    473.09417108
    473.09417108
    472.57133214
    472.57133214
    472.57133214
    472.57133214
    472.55277128
    472.55145091
    469.22271530
    469.22271530
    471.43760321
    471.77905972
    471.77905972
    472.94063731
    472.37542024
    472.43103097
    472.95469773
    473.28000746
    473.27319444
    473.30005458
    473.30005458
    473.30005458
    473.30005458
    473.30005458
    473.20539393
    473.30908206
    473.03758977
    473.37185947
    473.35026590
    472.41544502
    472.50291932
    472.50538298
    471.91417330
    471.91417330
    472.88942425
    472.22686276
    472.22686276
    472.22686276
    472.18601253
    472.18601253
    472.18601253
    472.18601253
    472.18601253
    472.59163281
    472.72484472
    472.34924661
    472.34924661
    472.36520522
    472.36520522
    473.27026362
    473.27026362
    473.22257790
    471.63891272
    472.61924560
    472.61924560
    472.80130144
    473.25182395
    473.22316807
    471.97689862
    471.97689862
    472.08215888
    472.08215888
    472.06892546
    472.06892546
    472.41544235
    472.41544235
    472.46504469
    472.46504469
    472.43873868
    473.01099110
    473.27730975
    473.02508814
    473.10495432
    473.10495432
    472.74011498
    472.78448298
    473.19651296
    473.07506894
    473.18951094
    473.30728826
    473.26358905
    473.20750054
    472.75258704
    472.64175488
    472.64175488
    473.14193405
    473.28556942
    473.28477468
    473.01176316
    473.10672699
    473.10672699
    472.61288751
    473.10359334
    473.28214221
    473.28214221
    473.27412276
    473.32323220
    473.36314294
    473.36010042
    473.36585461
    473.36585461
    473.15855469
    473.32787438
    473.32787438
    473.12481846
    473.25583021
    473.26429938
    473.26429938
    472.90201075
    472.77229315
    472.77229315
    472.87145987
    472.23441360
    472.40116441
    472.55255296
    472.98763875
    473.01469998
    473.16341276
    472.89708365
    470.44394496
    470.44394496
    470.52701078
    469.92082926
    471.74147275
    472.31497681
    471.66668317
    471.66668317
    472.60629745
    472.60537661
    471.91394061
    472.76326222
    472.66283890
    472.25001840
    472.02086541
    472.26425518
    473.00372616
    473.19252238
    473.19252238
    473.09146347
    473.11307874
    473.11296750
    473.24799825
    473.35080395
    473.38270819
    473.37912129
    472.77868849
    472.81566233
    472.81169594
    472.75683774
    472.75683774
    472.25753662
    472.70646175
    472.15866099
    472.15866099
    472.42779898
    472.98395632
    472.98395632
    473.13016881
    472.87807634
    472.06484247
    472.06484247
    471.97429280
    472.71907661
    472.71907661
    472.65936563
    472.65936563
    472.84764751
    472.87594224
    472.90000622
    472.49521297
    472.59368820
    472.59368820
    472.66554007
    471.76792888
    471.76792888
    472.54915477
    472.54915477
    472.58701292
    472.68277476
    471.94403295
    471.94403295
    471.94403295
    471.94403295
    472.17217217
    472.17217217
    472.11464337
    467.94310124
    469.43952478
    469.43952478
    469.43952478
    469.34996344
    469.34996344
    469.34996344
    469.34996344
    469.37660732
    469.37660732
    469.37660732
    471.13782716
    471.36637082
    471.55179071
    472.50306142
    472.27228186
    473.21076011
    473.35666912
    473.35143802
    473.35143802
    473.22946850
    473.26267479
    467.33019420
    470.33564966
    470.33564966
    469.45338966
    469.45338966
    469.45338966
    472.49349079
    472.49349079
    473.14376711
    473.17415858
    472.90418019
    473.13143897
    473.09256346
    473.08829529
    472.72637296
    472.72637296
    473.26407894
    473.26407894
    473.26407894
    473.33758980
    473.04154758
    473.10159969
    473.10159969
    472.43005489
    472.43005489
    471.94194947
    471.82456181
    471.68271727
    471.68271727
    472.74743304
    473.18234348
    472.87482712
    472.14353615
    472.14353615
    472.14353615
    472.14353615
    472.14353615
    472.14353615
    472.14353615
    472.12740943
    472.57849715
    472.26268805
    472.26268805
    471.02334913
    470.63928862
    471.95842657
    471.95842657
    472.60414388
    473.05959810
    473.21913669
    472.50736933
    472.72670423
    472.72670423
    472.72670423
    473.09736988
    473.28681118
    473.28681118
    473.28681118
    473.28681118
    473.33324562
    473.30526733
    472.94313291
    473.00790694
    472.95237164
    473.07867331
    471.23293290
    472.56722064
    472.56722064
    472.56722064
    472.56722064
    471.86572856
    471.86572856
    472.72650843
    472.93410099
    472.93410099
    472.93410099
    472.82950209
    471.58905568
    472.32923030
    473.07877238
    473.07877238
    472.91206966
    472.66999058
    472.30258851
    472.30258851
    471.66276417
    472.45227529
    472.96692264
    472.82179857
    473.03211529
    472.83441097
    472.83441097
    472.83441097
    473.38249766
    472.60566197
    472.72893009
    472.72893009
    472.72893009
    472.72893009
    472.38060106
    470.92403891
    470.92403891
    470.96675716
    471.26357353
    471.87470687
    471.87470687
    471.91103836
    471.98562260
    471.98562260
    470.55683272
    470.55683272
    469.47100014
    469.47100014
    469.47100014
    469.44269108
    471.36424490
    471.29416291
    471.54455556
    472.09161068
    472.19081023
    472.19081023
    472.03993819
    472.03993819
    472.90351759
    472.64659764
    473.03598679
    473.03598679
    473.03598679
    473.03598679
    472.18081363
    472.25445850
    472.25445850
    470.75966792
    470.75966792
    471.43960702
    471.43960702
    471.37907617
    470.71443433
    471.89611479
    472.73187050
    472.83889823
    472.83889823
    472.83889823
    472.71921208
    472.12937422
    473.17692285
    473.00681303
    473.00923360
    473.32452933
    473.32452933
    472.08182368
    471.54856313
    473.02959824
    473.02959824
    471.95590462
    471.54641732
    471.54641732
    471.54641732
    471.54641732
    468.57098438
    470.01120041
    470.01120041
    469.51264963
    469.51264963
    471.86737350
    472.96517048
    473.03474539
    472.62948983
    472.62948983
    472.62948983
    471.95429950
    473.20915574
    473.20915574
    473.20915574
    473.20915574
    472.78455437
    473.23840723
    473.23840723
    473.09809764
    473.00692730
    472.66397868
    472.53819616
    472.38642047
    471.56692976
    471.56692976
    471.56692976
    472.46629129
    471.90115029
    471.90115029
    471.90115029
    471.90115029
    471.23750334
    472.47412537
    472.47412537
    472.67653903
    472.18329783
    472.18329783
    472.56268213
    471.83938711
    471.83938711
    472.09357590
    472.46687644
    472.53743878
    473.12672436
    473.26845475
    473.11775985
    472.94431899
    473.10752051
    473.18900786
    472.80600012
    472.80600012
    472.80600012
    473.13439368
    473.29792036
    473.29792036
    473.35779691
    473.10154130
    473.10154130
    473.27117675
    473.17131267
    473.17131267
    472.78902902
    472.78902902
    472.03403714
    472.03168723
    472.03168723
    470.97058867
    470.06890743
    470.37442651
    470.37442651
    470.37442651
    470.37442651
    468.15888450
    468.15888450
    468.15888450
    471.39906834
    472.79380142
    472.79380142
    472.45196373
    471.49167270
    473.16330469
    472.82324300
    473.17209448
    473.14878291
    472.89981818
    472.07449699
    472.05049112
    472.05049112
    471.10370730
    471.10370730
    471.44869858
    471.44869858
    472.33111456
    472.54968442
    472.54968442
    471.85651102
    471.85651102
    471.85651102
    471.85651102
    473.20688561
    473.16424523
    472.91241190
    473.06238864
    472.92642312
    472.50331080
    472.94234332
    473.02849132
    472.96477186
    472.97498537
    473.20152224
    473.20152224
    473.20152224
    472.94835552
    472.87365312
    472.28989793
    472.34667443
    473.05290432
    472.51333376
    472.45436342
    472.45436342
    472.45436342
    471.89003505
    471.89003505
    472.31195865
    472.31195865
    472.42997642
    473.01655466
    473.01655466
    473.35878606
    473.32672428
    473.30982401
    473.16558043
    473.16558043
    473.18535147
    472.98138125
    472.60629854
    472.14217559
    472.14217559
    472.59473182
    472.59473182
    471.20589053
    471.65474556
    472.64546013
    472.96996953
    472.94014601
    472.95748234
    472.44507328
    472.14513896
    472.94455356
    473.04173856
    473.37174572
    473.37174572
    472.95505232
    472.43761992
    473.09974235
    473.39014933
    473.00432878
    473.16756946
    473.00334985
    472.85044233
    472.73878809
    472.73878809
    472.51223007
    473.25938144
    473.26159076
    472.24207303
    473.25734007
    472.78162372
    472.78162372
    469.53494738
    473.02007914
    472.94317601
    472.45029817
    473.00042140
    472.94696073
    473.32694945
    473.30212116
    473.30212116
    473.15876394
    473.14307581
    473.14307581
    472.72103460
    472.86182569
    472.86182569
    473.16640539
    473.30529102
    471.90180419
    470.47165036
    470.47165036
    470.47165036
    472.07978255
    472.07978255
    472.81558298
    472.81558298
    472.54840247
    472.54840247
    472.69729883
    471.82608376
    471.82608376
    471.77473410
    471.78703691
    471.44943335
    471.44943335
    471.44943335
    468.83922744
    472.66966399
    472.88010624
    473.08745056
    472.83523898
    473.10201913
    473.10201913
    472.85375197
    472.85375197
    472.15913200
    471.35382141
    471.35382141
    470.13938260
    470.13938260
    470.13938260
    470.13938260
    471.01088714
    471.32062869
    471.46831297
    471.46831297
    472.01656173
    472.50693190
    472.07329837
    473.17795728
    473.07443841
    473.07443841
    473.06644127
    473.08300488
    473.04773242
    472.71325390
    473.16626812
    473.14476913
    473.14476913
    473.28624523
    473.13974526
    473.11639837
    472.98541415
    472.07199993
    472.36187171
    472.29795204
    473.12492118
    473.04999401
    473.09207281
    473.38644669
    473.28318552
    473.36289634
    473.36686003
    473.35169302
    473.29738854
    473.29964496
    473.10658679
    473.17472643
    473.37468518
    473.33396201
    473.31968533
    472.96269398
    472.96269398
    472.96269398
    472.96269398
    472.60712113
    472.35916152
    471.82061681
    472.62333670
    472.62333670
    472.48752410
    472.48752410
    472.49514855
    473.23261719
    473.37800315
    473.34029911
    473.25595827
    473.21132509
    473.31573007
    473.31686691
    472.02536608
    472.02536608
    472.02536608
    470.68572138
    471.01898021
    471.01898021
    471.01898021
    471.92902806
    473.09220190
    473.11153557
    473.04547378
    473.10818898
    470.11519844
    470.09328650
    470.57648746
    470.57648746
    471.52649437
    472.21265833
    472.21462993
    471.94579549
    471.93625977
    473.10489928
    473.07191676
    473.07191676
    473.11191172
    473.12414565
    473.33878107
    473.33878107
    473.36274994
    473.36274994
    473.35343779
    473.35343779
    473.08430227
    472.63496445
    472.63496445
    472.82575224
    472.88032555
    472.88032555
    472.60235335
    472.82376279
    473.19553700
    472.88805338
    473.38342497
    473.38436830
    473.39077144
    473.19140842
    473.14683847
    473.14683847
    472.83516983
    472.27148088
    472.73294901
    472.73294901
    472.73294901
    472.43747897
    472.43747897
    470.16355981
    470.16355981
    472.21200360
    471.62586804
    472.33518819
    472.33518819
    472.33518819
    473.35760445
    472.98733252
    472.79290742
    472.90023968
    472.90023968
    473.21077396
    473.18882379
    473.18882379
    473.14950056
    473.14950056
    472.89268674
    472.89268674
    473.09121865
    472.92663782
    472.92663782
    472.92663782
    472.92663782
    473.38171797
    472.90753882
    472.89251211
    473.03341929
    473.07464313
    473.06100612
    473.10275619
    473.10260468
    472.88184920
    473.37410660
    473.32607947
    473.28337961
    473.28337961
    473.01085131
    472.98879335
    473.04996433
    473.04294476
    473.15165739
    473.15165739
    473.26714378
    473.28361017
    473.28361017
    473.26780994
    473.22678665
    473.22678665
    473.21860925
    472.82611119
    473.32969324
    473.37862198
    473.37862198
    473.22066596
    473.05094109
    473.21953608
    473.23198853
    473.23198853
    473.03688480
    472.94970766
    472.91972363
    472.82268173
    472.82268173
    472.83039303
    472.83039303
    473.10710392
    472.95829867
    472.95856881
    472.75683683
    473.26714585
    473.30655800
    472.80575645
    472.80575645
    473.05110390
    472.38001368
    472.38001368
    471.23093145
    472.69253603
    473.31232496
    473.37215180
    473.37505702
    472.60197331
    472.60892731
    472.95099522
    473.20093141
    473.20093141
    473.10023102
    472.48421417
    472.48421417
    472.88895856
    473.30170480
    473.36748590
    473.32239327
    473.10194997
    473.10954377
    472.97511069
    472.97511069
    473.18122358
    473.12840662
    473.37200145
    473.37200145
    473.37200145
    473.28473451
    473.29510585
    473.30110010
    473.06198442
    472.51596054
    473.02974732
    472.41509522
    471.47434501
    472.17375821
    472.21874052
    471.15296480
    470.08068590
    472.88421731
    472.88421731
    472.88086408
    472.88086408
    472.88086408
    473.29975580
    473.29975580
    473.25504596
    473.25504596
    473.34902753
    473.24386126
    473.24386126
    472.87786315
    472.87786315
    472.88660898
    473.13048331
    473.13048331
    473.34269749
    473.26663468
    473.26049564
    473.25809682
    473.25809682
    473.17934177
    473.31741704
    472.87280552
    472.56330407
    472.56330407
    472.37538727
    472.37538727
    472.37538727
    471.41498023
    471.41498023
    472.23324905
    472.65390154
    472.65390154
    472.77188964
    472.63031107
    472.10323420
    472.10323420
    472.10323420
    471.65629936
    471.65629936
    473.17013713
    473.12864699
    472.63967396
    471.71658694
    471.71658694
    471.71658694
    471.59423189
    472.34069708
    472.34069708
    472.34069708
    472.71865926
    472.50098492
    472.76520795
    472.67526784
    472.67526784
    472.67526784
    472.67526784
    472.67526784
    472.97973545
    473.07915977
    473.07915977
    473.21619629
    473.21619629
    472.22050061
    472.22050061
    472.22050061
    472.08860759
    472.66692647
    470.95717188
    471.72442704
    472.88703413
    473.29200915
    473.33087428
    473.33087428
    473.15815417
    473.24985766
    472.78211904
    472.84292182
    472.84292182
    472.84292182
    472.83755700
    472.83755700
    473.23893569
    472.87245692
    471.84301673
    471.84301673
    471.84301673
    472.27294804
    472.51235796
    473.10797432
    471.71830935
    468.91736598
    468.91736598
    468.91736598
    473.26159869
    473.25052317
    473.16608896
    473.16608896
    472.77519509
    472.81153042
    472.81153042
    472.22737794
    473.02081077
    471.87110588
    472.81507960
    472.85776259
    472.81070915
    472.66196921
    471.07885791
    470.28349966
    470.28349966
    470.92666878
    470.92666878
    470.92666878
    470.26920204
    471.08132898
    472.23705754
    472.85301080
    472.65843211
    472.65843211
    471.93496896
    473.01575804
    472.81491222
    472.95040658
    472.90911955
    472.90911955
    472.90911955
    472.90911955
    471.66608913
    471.37741464
    471.32721771
    472.20866652
    472.20866652
    471.31075203
    472.71719973
    473.10122158
    472.15663769
    472.77488190
    473.02295053
    473.02295053
    472.89300614
    472.89300614
    471.29312821
    466.26901728
    466.26901728
    466.26901728
    466.26901728
    466.26901728
    466.26901728
    466.26901728
    470.16533534
    472.29273950
    472.93293854
    473.22704352
    473.05744256
    471.21712122
    469.98385947
    469.98385947
    469.98385947
    472.21605541
    471.32521482
    472.92349422
    472.93380718
    472.55714576
    472.57381672
    472.57381672
    472.57983206
    472.69647229
    472.62375052
    472.62375052
    472.96366704
    472.80878855
    473.24363895
    472.94686910
    471.86393044
    471.23514335
    471.23514335
    473.03823274
    473.03823274
    473.03823274
    473.03823274
    473.04875222
    472.23599923
    472.48834633
    469.51099503
    471.42508855
    469.22200574
    468.76826020
    468.76826020
    471.04774575
    471.77879561
    472.28041248
    472.95292009
    473.01495645
    471.36823123
    471.36823123
    471.36823123
    471.36823123
    471.36823123
    471.36823123
    471.63049183
    471.63049183
    471.63049183
    471.63049183
    471.63049183
    471.22961348
    471.22961348
    471.30640663
    471.63812702
    471.63812702
    472.07856530
    471.75293419
    472.15702007
    472.15702007
    471.00728903
    471.65814555
    472.39609930
    472.39609930
    473.19340484
    473.16369503
    473.19995429
    473.23073196
    472.93134865
    472.93134865
    471.98099674
    471.98099674
    471.82859679
    471.87199879
    471.63108801
    471.63108801
    471.65956067
    471.78107697
    471.78107697
    471.78107697
    471.78107697
    471.78264272
    471.78264272
    471.78264272
    472.30642676
    472.79031776
    471.23143163
    471.47804508
    471.46599083
    472.06270459
    468.98060158
    468.98060158
    468.98060158
    469.16235364
    471.27000685
    471.66162602
    471.66162602
    471.66162602
    471.66162602
    471.34544029
    471.91305506
    471.91305506
    473.32553762
    473.32553762
    472.94408603
    473.02681534
    473.02681534
    473.02681534
    472.22047754
    472.23626899
    471.36543061
    470.47959339
    470.47959339
    470.47959339
    470.36645998
    471.87094700
    471.85544597
    471.42637920
    471.42637920
    472.67755500
    472.67755500
    472.67755500
    471.81699018
    471.86177197
    471.86177197
    471.83918986
    471.24107540
    471.24107540
    471.24107540
    471.24107540
    471.24107540
    472.48397512
    472.51786021
    472.51786021
    473.00508810
    472.77219400
    469.31350730
    469.15822386
    469.15822386
    469.15822386
    469.15822386
    470.86015670
    470.86015670
    470.86015670
    470.86015670
    471.86136515
    473.01445819
    473.02757251
    472.65864549
    472.65780905
    467.14517253
    467.14517253
    467.14517253
    467.14517253
    471.22161288
    471.22161288
    471.29378424
    471.29378424
    471.53148587
    471.92155719
    472.81592018
    472.81592018
    472.81592018
    473.00972557
    473.00972557
    472.80098248
    469.44549539
    469.44549539
    469.44549539
    469.44549539
    469.73169170
    471.38900456
    471.38900456
    471.38900456
    471.44684278
    470.60852941
    470.60852941
    470.71859223
    472.93395737
    472.93395737
    472.93395737
    472.96500086
    473.24895094
    472.80269807
    473.14754249
    472.09971247
    473.26468264
    473.38433391
    472.29996089
    472.48021140
    472.49878400
    472.49878400
    472.49878400
    473.01905782
    473.01905782
    472.97139387
    473.27939428
    473.27939428
    473.18316669
    473.18316669
    473.26040273
    473.20721949
    473.32221975
    472.67888136
    472.58080847
    471.91106282
    473.18216686
    473.21447363
    473.31447856
    473.23223904
    473.20563359
    473.29986934
    473.29986934
    472.96512372
    472.80320087
    472.62543362
    472.81862661
    472.11529162
    472.34752667
    471.64633554
    471.64633554
    472.18415531
    472.27495494
    471.09462676
    471.74783611
    471.08323317
    471.08323317
    471.08323317
    471.08323317
    471.08323317
    471.85191827
    471.96826215
    472.97397429
    472.69634777
    472.69634777
    471.64800476
    473.35912156
    473.35912156
    472.94913735
    472.94913735
    472.60170603
    472.66000205
    473.17015392
    473.15487604
    473.07726051
    473.07726051
    473.07726051
    473.07726051
    473.07726051
    473.07726051
    472.77004329
    473.38696242
    473.28141452
    473.35214614
    473.11358197
    473.30940143
    473.31414295
    473.35254255
    473.35254255
    473.38752484
    473.39294043
    473.36722131
    473.31115924
    473.31115924
    473.36262040
    473.36262040
    473.36262040
    473.38630914
    472.74674539
    472.74674539
    472.74674539
    472.57933310
    472.63769599
    472.70848187
    472.67458357
    471.29988390
    471.29988390
    471.29988390
    471.29988390
    471.29988390
    471.29988390
    472.10252873
    473.03359545
    473.13244962
    473.13244962
    472.54853228
    473.32995533
    473.33581262
    473.33581262
    473.31432536
    473.33662767
    473.35568491
    473.35801443
    473.08974977
    473.08974977
    473.08974977
    472.70338602
    472.70338602
    472.70906462
    472.69030699
    472.69030699
    472.69030699
    472.86300199
    472.48075058
    472.50861964
    472.87307196
    472.74322669
    473.14760609
    473.14760609
    472.90942872
    473.19108143
    473.19108143
    473.35325015
    473.22077760
    473.10485152
    473.05220733
    473.13910427
    473.08334932
    472.54689470
    472.54689470
    472.85600515
    471.93509788
    471.93509788
    472.22658331
    472.93802637
    473.19838747
    473.20992720
    473.35609258
    473.15974187
    473.25728154
    473.25728154
    473.24494236
    472.29017836
    472.84385332
    472.60704655
    472.92854013
    469.76301390
    469.76301390
    471.14115868
    471.14115868
    472.92584222
    472.75411469
    472.75411469
    472.75411469
    472.77916424
    472.16755787
    472.45538750
    473.10731882
    473.21830721
    473.38171611
    473.37286355
    472.70684152
    473.17311185
    472.12836506
    472.22841295
    472.62382317
    468.93248626
    468.93248626
    468.93248626
    468.93248626
    468.93248626
    468.93248626
    468.93248626
    472.15612735
    471.07111956
    471.07111956
    471.07111956
    472.98411580
    473.29949327
    473.21322328
    473.29671925
    473.30698052
    473.16640458
    473.24146257
    473.27975702
    473.27975702
    473.15036079
    473.34879379
    473.33114280
    473.35552557
    473.35552557
    472.71008322
    472.57587545
    472.57587545
    472.64939305
    472.86106760
    472.41400245
    472.41400245
    472.90535867
    472.77217072
    473.05518968
    472.81496514
    472.60346626
    473.01419247
    472.94888096
    472.64286781
    472.64286781
    470.80692887
    470.80018074
    470.80018074
    470.43402324
    472.01942303
    471.91744305
    471.86436075
    473.05408300
    472.90627766
    472.90627766
    472.91153425
    473.11209240
    473.08900280
    473.09410577
    472.21856457
    472.04672317
    472.07385609
    472.07385609
    472.07385609
    472.07385609
    472.65122985
    472.65122985
    472.30995368
    471.07561772
    471.07561772
    472.09952737
    471.79339359
    471.79339359
    471.79339359
    471.79339359
    472.63748897
    472.15095746
    472.15095746
    472.15095746
    472.16189434
    471.44430853
    473.08962544
    473.08962544
    473.12896997
    471.39521130
    472.04229698
    473.09935112
    472.94971782
    472.94971782
    472.70286897
    472.70286897
    472.70286897
    472.95009333
    472.95009333
    473.14510660
    473.09141189
    472.58419579
    472.58419579
    472.58419579
    472.58419579
    472.97253244
    472.74511198
    471.63169383
    471.63169383
    471.31102533
    472.69555041
    472.60716214
    472.60716214
    472.88095549
    472.93482674
    472.60315836
    472.44392938
    472.75940480
    472.81377894
    472.57887578
    472.57887578
    472.57887578
    472.56184288
    472.43810749
    472.41310236
    472.41310236
    473.25461505
    473.18777489
    472.84069314
    472.81542085
    472.81542085
    473.15535988
    473.17105641
    473.23258960
    473.23094966
    473.24695759
    472.65084125
    472.99024540
    473.09116151
    473.07880300
    473.07880300
    473.25544377
    472.87798961
    472.87798961
    472.89305058
    473.14602170
    472.55329617
    473.17625436
    473.20613025
    473.38612922
    473.37933401
    473.37933401
    473.37933401
    473.33652785
    473.33267413
    472.90260147
    472.99819991
    472.56227576
    471.89406630
    473.09541194
    473.04814079
    473.05940567
    472.95288487
    471.83730142
    472.12884094
    472.12884094
    472.12884094
    471.56179085
    471.56179085
    471.84696599
    473.07932456
    473.30633388
    473.23947845
    472.30193488
    472.30193488
    468.72528364
    468.72528364
    471.97006450
    471.96702801
    471.96702801
    472.33096894
    472.33096894
    472.62992756
    472.62992756
    472.62992756
    472.69354029
    472.63995605
    473.24356017
    473.24356017
    473.07145803
    473.07145803
    473.07145803
    473.07145803
    473.01345202
    473.01345202
    472.57039242
    473.16440700
    472.84202348
    472.72767312
    472.72767312
    472.72767312
    473.04401731
    473.30523827
    473.30523827
    473.30540268
    473.05204414
    470.88689074
    470.88689074
    470.88689074
    472.75294239
    472.47063116
    472.53297496
    472.45673671
    472.57510584
    472.57510584
    472.57510584
    472.57510584
    472.82123903
    472.11334405
    471.30374683
    473.10304824
    473.10304824
    472.51960830
    472.51960830
    472.96050992
    472.96050992
    472.19739912
    472.19739912
    472.19739912
    472.19739912
    471.96231472
    471.96231472
    472.76944951
    473.34465838
    473.39052873
    473.39052873
    473.37937073
    473.36568092
    473.28698272
    471.95863310
    472.14086019
    472.14086019
    472.14086019
    472.83404109
    472.79127939
    472.79127939
    472.79127939
    473.37535897
    473.37326082
    471.00032081
    471.00032081
    472.65893398
    472.65893398
    472.65893398
    472.65893398
    472.65893398
    472.96223306
    472.92300946
    472.93023587
    473.23375997
    473.32445437
    473.32445437
    473.22378442
    473.01550679
    473.01550679
    471.59020378
    472.83065951
    472.88135819
    472.88135819
    472.88135819
    472.87431752
    473.30023550
    473.22038839
    472.86315693
    472.87740838
    472.87740838
    472.48857196
    472.15550812
    470.91473618
    470.80442885
    470.67527490
    471.64094333
    471.64094333
    471.64094333
    471.69907555
    472.96959873
    472.96959873
    472.97930252
    472.97930252
    472.21184731
    472.21184731
    472.18875504
    473.04552707
    473.20664540
    473.34650903
    473.30612156
    473.35624253
    473.37750858
    473.32967895
    473.32967895
    473.34794505
    472.85025541
    472.58744442
    472.58744442
    472.58744442
    472.81413282
    472.81413282
    472.81413282
    473.08160925
    473.16614707
    473.30873272
    473.28544944
    473.28544944
    473.24723464
    472.98929226
    473.09015992
    473.09015992
    472.56125026
    472.56125026
    472.56125026
    472.63872400
    472.50822169
    472.50822169
    472.50822169
    472.20674366
    472.20674366
    470.46830065
    470.51109184
    470.40618915
    470.40618915
    471.51129298
    470.14218958
    470.71165907
    471.25364991
    471.25364991
    472.17251064
    472.20971104
    472.43502270
    472.43502270
    473.14694631
    473.14694631
    472.89361076
    472.98550814
    473.22485946
    473.27867009
    473.27867009
    472.94762415
    473.38544742
    473.38544742
    473.19467340
    473.03969775
    470.25027120
    470.25027120
    470.25027120
    470.25138914
    471.56858709
    471.56858709
    471.56858709
    470.28432626
    471.47773270
    471.87747480
    472.55730333
    472.54902722
    472.54902722
    472.54902722
    472.54902722
    472.54902722
    472.54902722
    472.54902722
    472.65174961
    473.38684761
    473.38797126
    472.65005576
    472.97268439
    472.97268439
    472.98349964
    473.27194009
    473.27612155
    473.35502474
    473.35631649
    473.23530244
    473.23705906
    473.23705906
    473.25285386
    473.25285386
    473.22618883
    473.22618883
    472.53637261
    470.74165508
    472.51284457
    472.51284457
    472.22785425
    472.29443865
    472.29443865
    472.25193490
    472.25193490
    472.69556487
    472.69556487
    472.72151538
    471.38354929
    473.10450487
    473.04229648
    473.04229648
    473.05098418
    473.02795057
    472.94851572
    472.96046269
    472.56214704
    472.40258412
    472.40258412
    472.99453593
    472.63214973
    472.63214973
    473.08839055
    472.62303444
    472.62303444
    472.62303444
    471.84402442
    471.31562898
    471.31562898
    472.05286715
    472.05286715
    468.38117444
    469.21600427
    469.21600427
    469.21600427
    469.21600427
    469.21600427
    469.21600427
    468.89927524
    468.89927524
    471.75609040
    472.28621847
    472.28621847
    472.37896487
    472.33337524
    472.79902386
    472.66811406
    472.66811406
    471.72086723
    471.80924096
    472.31274914
    472.86934273
    471.04308151
    471.04308151
    471.04308151
    470.04484899
    471.74855617
    471.74855617
    471.74855617
    471.74855617
    471.74855617
    471.74855617
    472.27943669
    473.19785512
    473.19785512
    473.15020276
    473.18513771
    473.18513771
    472.47300285
    472.56158761
    472.90411805
    473.09089362
    473.03993235
    473.03993235
    473.03821382
    472.36602738
    472.73294004
    472.65678579
    471.88793828
    471.88793828
    471.88793828
    471.31560158
    472.05924517
    472.07979484
    472.60775511
    472.99746400
    473.34108053
    472.34253382
    472.37506822
    472.50395635
    472.50395635
    473.12124121
    473.03054365
    473.12843218
    473.12843218
    472.50769457
    472.33280180
    472.35283481
    473.23369931
    473.12167864
    472.79352059
    472.94300062
    473.02690041
    472.19331391
    472.80426064
    472.73355427
    472.75638890
    472.90857587
    472.36309780
    473.28754054
    473.04678718
    473.00528764
    472.91400760
    472.14716314
    472.82128960
    473.16859372
    473.17385853
    473.17154199
    473.04840608
    473.28971916
    473.28971916
    472.31279478
    473.23735987
    473.23735987
    473.21372558
    473.38709381
    473.28833401
    473.29555244
    473.28078275
    473.28078275
    473.28838259
    473.29003844
    473.29003844
    473.34444807
    473.34444807
    473.34444807
    473.34444807
    473.33733354
    473.35616426
    473.26638794
    473.13820093
    473.16986278
    473.18699613
    473.16344292
    471.22256695
    471.44177521
    472.73156190
    472.99252846
    471.74840553
    471.74840553
    471.10430948
    471.10430948
    470.78988845
    470.56253543
    470.56253543
    470.56253543
    470.74042886
    470.74042886
    470.74042886
    470.74042886
    470.74042886
    470.74042886
    470.74042886
    470.74042886
    470.74042886
    470.74042886
    470.71473706
    470.32602027
    471.52807910
    471.07397592
    471.52453598
    471.52453598
    470.16383293
    470.16383293
    470.16383293
    466.87462834
    469.72080504
    472.30176369
    471.78701758
    471.78701758
    471.78701758
    471.78701758
    471.63686627
    469.41264440
    471.20873998
    472.62019270
    473.11794881
    472.87955550
    473.25114127
    473.05630488
    472.68972314
    473.21511598
    473.21511598
    473.21511598
    472.54647185
    472.54647185
    472.68997410
    472.75572772
    471.83708251
    471.48120401
    471.48120401
    471.48120401
    472.25260418
    472.18975326
    472.18975326
    472.51113588
    472.51113588
    472.82103249
    472.82103249
    473.39300589
    473.39300589
    473.24355349
    473.37049187
    473.01387343
    472.89194715
    472.89194715
    472.89194715
    473.04946553
    472.97266949
    473.03086773
    473.03248701
    470.32378783
    472.37330463
    472.18828133
    473.15020128
    473.14462510
    473.14462510
    473.16290374
    473.09957498
    473.09957498
    473.22481809
    473.33210287
    473.33210287
    473.37176457
    473.21306352
    472.87676397
    473.14021942
    473.14021942
    473.27115863
    472.72470247
    473.23163158
    473.23163158
    473.19236402
    473.19236402
    473.09329199
    473.09329199
    472.44078669
    472.81120879
    473.28643357
    473.16789867
    473.25982751
    473.25111682
    473.28137776
    472.80098703
    472.80098703
    472.80098703
    472.87038310
    472.90906931
    470.96299383
    472.28901947
    472.40923870
    471.88133487
    471.24506495
    471.24506495
    471.24506495
    471.24506495
    471.13178742
    471.13178742
    471.13178742
    471.29514377
    472.85896298
    470.67760831
    470.67760831
    472.27606505
    472.27606505
    472.27606505
    473.01754000
    473.01754000
    471.72032365
    471.72032365
    473.38532345
    473.37844053
    473.37844053
    473.24226063
    473.24226063
    473.22685884
    473.28944995
    473.33392048
    473.33392048
    473.36265487
    473.24782863
    473.26886030
    473.28104446
    472.64000555
    472.66590820
    472.28227792
    472.28322022
    472.28322022
    472.79683817
    473.09938201
    472.25379206
    472.25379206
    473.12233652
    473.12233652
    473.35866389
    473.33281612
    473.37672957
    473.15127948
    473.34257718
    473.34257718
    473.38908206
    473.33339938
    473.19534871
    473.06089069
    473.06089069
    473.07754842
    473.31893649
    473.27605090
    473.29708667
    473.29331301
    473.29331301
    473.32434118
    473.32434118
    473.34035542
    473.34642250
    473.30623115
    473.25728295
    473.28088706
    472.14783267
    472.01090950
    471.36562522
    472.21958445
    471.96228003
    471.56473547
    470.92489599
    471.27081873
    471.27081873
    471.27869426
    470.55704224
    470.55704224
    470.55704224
    470.55704224
    470.24586436
    470.24586436
    470.24586436
    469.55249378
    469.55249378
    468.39288531
    472.25284391
    472.25284391
    471.06553937
    471.06553937
    471.06553937
    471.81658631
    471.81658631
    472.41535007
    472.41535007
    472.50491231
    471.23935193
    472.51589484
    472.51589484
    471.64877079
    471.56730988
    472.77764382
    473.33357566
    473.31253050
    473.17788375
    472.75235948
    472.75655178
    472.76904681
    473.21478331
    473.21478331
    472.28514279
    472.28514279
    472.61879459
    472.64867290
    472.67912988
    472.38067558
    473.39029712
    473.39317411
    473.39329286
    473.39329286
    473.38719540
    472.73771693
    473.07116691
    473.07116691
    473.01751154
    473.07783228
    473.12160897
    473.06530556
    473.17636033
    473.16841508
    473.35332882
    471.68448124
    470.84783418
    472.96160715
    472.92184265
    472.92184265
    473.27921468
    473.17623492
    473.17623492
    473.01297759
    473.01297759
    473.01297759
    472.77755659
    471.98606482
    470.45191791
    469.77803638
    471.76512497
    471.76110142
    471.76110142
    473.31500566
    473.22779654
    473.22779654
    473.22335359
    473.22335359
    473.03618995
    473.02697020
    473.00668156
    473.00668156
    472.89590095
    472.57843499
    472.68442238
    471.98633728
    471.98633728
    471.98633728
    471.98633728
    472.56424697
    471.85948005
    472.12669724
    472.13413933
    472.64300249
    472.64300249
    472.64300249
    472.66124901
    472.23188669
    472.23188669
    472.23188669
    472.23188669
    473.00966886
    472.47990393
    472.47990393
    472.12071452
    472.26038804
    471.24791941
    471.24791941
    471.69825251
    470.89793463
    470.04066317
    470.04066317
    471.38826760
    470.97310344
    470.97310344
    472.21262522
    472.81406681
    472.90657865
    472.60581100
    471.58496469
    471.40622241
    471.57815401
    471.57815401
    471.67577087
    471.68526301
    470.52721976
    470.52721976
    471.18577917
    471.18577917
    473.05283355
    472.88932239
    472.88932239
    473.38029306
    472.94310144
    472.94508476
    472.74105304
    472.56388575
    472.56388575
    472.56388575
    472.39564337
    472.39564337
    472.39564337
    472.50874083
    472.64036346
    473.32246210
    472.88173085
    473.23363897
    471.96606893
    471.96606893
    472.77842510
    473.29123065
    473.35162023
    473.04085540
    472.81849843
    472.90579277
    472.90579277
    472.84004580
    472.84004580
    471.94562894
    473.24528090
    472.88882854
    472.38382038
    472.38382038
    472.38382038
    471.78526664
    473.06563057
    473.06646953
    472.90452597
    471.19104130
    471.19104130
    471.19104130
    470.20889781
    470.20889781
    470.20889781
    470.20889781
    470.20889781
    470.20889781
    470.20889781
    470.20889781
    470.20889781
    470.20889781
    470.20889781
    470.20889781
    471.20031550
    471.34216422
    471.58763066
    471.63025725
    471.63338180
    471.63338180
    471.56606249
    472.98640704
    473.29747940
    472.51787681
    472.79650974
    473.22446525
    473.11947895
    472.77600781
    472.77600781
    471.68672977
    470.18042301
    470.18042301
    471.47362695
    471.47362695
    471.47362695
    471.47362695
    471.45744310
    471.45744310
    471.45744310
    471.45744310
    471.37728203
    473.35710132
    472.90175122
    472.76787739
    472.76787739
    472.76787739
    472.76787739
    472.70349139
    473.23784255
    473.21249983
    473.16851668
    473.35600543
    473.24834778
    473.18240880
    472.94809967
    472.98522727
    472.67262256
    472.67262256
    472.67262256
    472.09315100
    472.39569313
    472.79375846
    473.08852374
    473.18596388
    472.88959949
    472.66000744
    472.66000744
    472.05698353
    471.52870235
    471.52870235
    472.51873461
    472.51873461
    471.68432048
    471.73197853
    471.73197853
    471.73197853
    471.73197853
    471.54970065
    471.54970065
    471.11327496
    472.58092464
    472.58092464
    472.58092464
    472.58092464
    472.57156439
    472.25468790
    472.39891210
    472.64375579
    472.64375579
    472.64375579
    472.69200421
    472.43343798
    471.84447164
    472.25035361
    472.46137179
    471.95938437
    471.95373465
    472.66860546
    472.66860546
    471.80711653
    470.76965915
    470.98444076
    470.98444076
    470.98444076
    470.75230096
    470.75230096
    470.75230096
    471.10696439
    471.10696439
    471.10696439
    472.79512018
    473.13046816
    473.24701752
    473.39195071
    472.91992160
    472.70444306
    472.82249933
    472.82249933
    471.43421988
    471.43421988
    471.69334112
    471.69334112
    472.60726291
    471.35415120
    471.35415120
    471.35415120
    471.35415120
    471.35415120
    471.35415120
    471.35415120
    471.26280171
    471.41351705
    470.52082568
    471.66320019
    471.66320019
    472.44709988
    472.48493693
    472.48493693
    472.20628901
    472.20628901
    472.53209082
    472.61001698
    472.75516169
    473.28780628
    473.28771763
    473.28771763
    473.28771763
    473.25015474
    472.24631956
    471.94073776
    472.80294664
    472.66224288
    472.39128233
    472.39128233
    472.31710830
    472.31710830
    472.31710830
    472.31710830
    472.46148051
    472.32270874
    472.69736780
    472.69054140
    472.69054140
    472.69054140
    472.84680587
    472.88381179
    472.90290875
    472.76604689
    472.46155817
    473.11155707
    473.02922713
    472.05544073
    472.05544073
    472.05544073
    472.08001806
    472.43944429
    472.43944429
    472.46379679
    472.46379679
    472.53651839
    472.27751350
    472.49309227
    472.49309227
    472.89128235
    472.89128235
    472.74543623
    471.50760557
    471.50760557
    471.29272910
    471.56211788
    471.56211788
