0.0 18.03217846795647 0.009244266010400858
10.0 18.027836717730395 0.010594846746631454
20.0 17.96486240739745 -0.0035012122808876617
30.0 17.979378673928473 0.0021382607277760086
40.0 18.018627600751696 -0.0035178037378971404
50.0 18.033368355583484 0.0027595136905323742
60.0 17.998229704952426 -1.584932782169835e-05
70.0 17.969917920452296 -0.0018079309646651196
80.0 17.870725449176074 0.0045993425326321955
90.0 17.93834405218071 0.00039565251250345685
190.0 17.943566469580905 0.0027629822153421003
200.0 17.921583627632053 0.007627387952806219
210.0 17.87978630096872 -0.000765823682353457
220.0 17.83872052822626 -0.0029232261973433163
230.0 17.773257898425122 0.008067417635309104
240.0 17.9002968169491 0.0014103238126042068
250.0 17.856761373910082 -0.0076549699697144175
260.0 17.886675124488146 -0.007638413344157716
270.0 17.935176274100925 0.0005888958368265009
280.0 17.987359396170895 -0.01259709391839496
380.0 17.938936003282883 0.004469217388836602
390.0 17.89719182326666 0.016777315191013786
400.0 17.915953485650522 -0.0215943737284375
410.0 17.7716797689554 -0.02026118614274346
420.0 17.766734072664256 -0.002433916286710753
430.0 17.879746428689284 0.01742673889040725
440.0 17.862552826338238 0.004937496765039901
450.0 17.856404338749087 -0.002235888547245422
460.0 17.965783323118384 -0.009225026029009044
470.0 18.08108323007746 0.011394321070610327
570.0 18.074943479733015 0.0011772521373287635
580.0 18.16363744801482 0.014103264142304098
590.0 18.055784189014542 -0.0006871727320747107
600.0 18.062139580793815 0.024799083710668027
610.0 17.970088106042052 0.004142068179461699
620.0 17.996197691636986 0.013665669160259623
630.0 18.00928681750443 -0.014591621577548473
640.0 17.935931834410777 0.004623885943595722
650.0 17.967355555745897 -0.004538111437440935
660.0 17.966486691255586 -0.00721203843846308
760.0 17.903137942131668 0.01711772815158761
770.0 17.965521804477817 -0.008576769689913735
780.0 18.009282014524697 -0.0042659213377415255
790.0 17.93541092402271 -0.02247288866330921
800.0 17.94878797631988 -0.004022591777298338
810.0 18.041787351214943 -0.014580287212023686
820.0 18.023216061545778 0.0030501042150644416
830.0 18.00375857405485 0.02069104234645697
840.0 17.961789886643075 0.014020270374670142
850.0 18.044242781023282 0.018252410645078602
950.0 17.95733962012648 0.009741529408327688
960.0 18.151726545706822 0.013476536806024569
970.0 18.127880305684585 -0.002945506298499753
980.0 18.14431016061584 -0.001179277028384922
990.0 18.173197540828273 0.011451846328249603
1000.0 18.132749375680767 -0.022514910190507397
1010.0 18.09188683673551 -0.0008883653508382905
1020.0 18.127819649969087 0.0024559895810914376
1030.0 18.12599791959102 -0.004173789412796292
1040.0 18.104873120567166 0.003964736918953362
1140.0 18.111008960116273 0.0030615418629613405
1150.0 17.991780196639837 -0.001280595338392705
1160.0 18.020771059300493 0.026283086857645143
1170.0 17.98351335217716 0.0067812477583467845
1180.0 17.989437824687496 0.004472232797353778
1190.0 18.000561214237997 0.00985417845532249
1200.0 17.927058951963527 0.0018227790345185693
1210.0 17.995362721139 -0.004128286699437214
1220.0 18.070489952794304 0.009258342700819065
1230.0 18.178238261971067 0.010431902152675006
1330.0 18.304949805205975 -0.0013907374304177004
1340.0 18.360692816544542 -0.0015601157873632598
1350.0 18.35480895427596 0.0031146682554182787
1360.0 18.25949549526033 -0.0036434791356293058
1370.0 18.247809044956984 -0.007537824882267105
1380.0 18.114646975676372 0.0025391349523298376
1390.0 18.09823511586059 0.010020395963396645
1400.0 18.09802663294307 0.012575614085289032
1410.0 18.076344854436968 -0.0032434452881776954
1420.0 18.070209644965537 0.0019568072317696296
1520.0 17.905096053106902 -0.022144801895301502
1530.0 17.834009571546616 -0.018171038643808847
1540.0 17.898307524588734 -0.006615532691343177
1550.0 17.851979576857577 -0.003972757017325324
1560.0 17.884535169577337 -0.009287360415535028
1570.0 17.859985350307095 0.0015467108418752654
1580.0 17.845575357308086 0.004589789988603269
1590.0 17.849714092611762 0.0006550424390063934
1600.0 17.910468250889757 0.01274530723786658
1610.0 17.979014104678345 0.011558131800813312
1710.0 18.174197125272237 0.0008934526526992887
1720.0 18.27690359520572 0.01883093814886116
1730.0 18.243659723308287 0.004057917802618678
1740.0 18.153918321873864 -0.0006348484889066262
1750.0 18.124156027483313 -0.007715711120589513
1760.0 18.12751032818429 -0.002807062732530114
1770.0 18.12764281916327 0.008391479601693298
1780.0 18.08750551364075 -0.001945839438220408
1790.0 18.11935731843919 0.00572177701157093
1800.0 18.151680347851123 -0.011129611010769473
1900.0 18.04590630209507 -0.005779999619648649
1910.0 18.162737376813755 0.006717546321945964
1920.0 18.152282881322922 -0.02066208749999032
1930.0 18.180828380832402 0.0028678941874976287
1940.0 18.250376846630257 0.009954826496073802
1950.0 18.252775170043225 -0.025529748273945732
1960.0 18.312504313218458 -0.0005375057893080641
1970.0 18.252585051079052 0.005997229916611212
1980.0 18.284011108281046 -0.00010286285688971686
1990.0 18.220388965965128 0.007686673130736993
2090.0 18.018188801083383 -0.006814594837195186
2100.0 18.02491384168949 0.009159194219008706
2110.0 18.08371213747722 0.00871057790678313
2120.0 18.065373938635123 0.022236620811712012
2130.0 18.056511818061633 0.00025783062176700964
2140.0 18.01516765961217 -0.0013232385600677368
2150.0 18.065927545378816 0.012536496258587224
2160.0 18.09485979111231 -0.003887697067829526
2170.0 17.98892331290373 -0.02984929191919227
2180.0 17.9388743424485 -0.01006335812738479
2280.0 17.749928738672086 0.004015963755529859
2290.0 17.770390649470325 -0.0013052065449677753
2300.0 17.79093382516322 -0.019496905058785777
2310.0 17.897681380574202 -0.006141485258717705
2320.0 18.052872179418397 -0.0034131959620210357
2330.0 17.988194592043044 -0.008753149945015117
2340.0 17.94985435613281 0.007346560701849918
2350.0 17.96054760066908 0.011678696348541944
2360.0 18.008265165739903 -0.00366356027969131
2370.0 17.94718529975024 -0.003939694156215125
2470.0 17.697407864881015 0.001473322947895732
2480.0 17.716164187760427 -0.009577514310798238
2490.0 17.688584742811134 -0.009528351299334704
2500.0 17.755822209599202 0.009904403032026032
2510.0 17.809412270299852 -0.004284679743122094
2520.0 17.842851368548644 -0.001778169972910669
2530.0 17.775620327125246 -0.0021955422398392804
2540.0 17.72478613509973 -0.014034974786639925
2550.0 17.80513530660901 0.0047745195918230884
2560.0 17.780429359595715 -0.004874064515699662
2660.0 17.875495687711513 -0.005301113742066933
2670.0 17.975449592715076 0.016033387319683116
2680.0 18.02749960381493 0.0031465601965852083
2690.0 18.052109025416268 0.013410188789141334
2700.0 17.94183501644935 0.002615902498540553
2710.0 17.924462331220155 -0.0012856609124778217
2720.0 17.91387211231825 -0.01105915809301937
2730.0 17.81562034838559 0.005377098508128774
2740.0 17.85377310476455 0.00648205432680388
2750.0 17.76739500812854 -0.009352188040430606
2850.0 18.036483762349647 -0.004389359141548512
2860.0 18.007143171815276 -0.0048901270729044466
2870.0 18.03665957150752 0.018876088945778566
2880.0 18.00991431964263 -0.003359463344285213
2890.0 17.984826570466804 0.004023030352917621
2900.0 17.987126452018117 0.006080595914046951
2910.0 18.04409004571259 -0.01640176521324271
2920.0 18.02929442819075 -0.01874514019630045
2930.0 17.99428138014733 0.005252902355121867
2940.0 17.94964212961793 -0.011993917692679372
3040.0 17.911022539234104 -0.01847924584561885
3050.0 17.918124397403453 0.003742354097217469
3060.0 17.783836726025314 -0.030883597373809937
3070.0 17.788466773897174 0.005990892443548702
3080.0 17.751584459931035 -0.014660508643502082
3090.0 17.81629154250773 0.0011880267333629518
3100.0 17.86958408226583 0.008061215602632333
3110.0 17.80304964311798 -0.0060359518133392895
3120.0 17.77745709753754 -0.0010962330174748933
3130.0 17.787936960427608 0.007206963828405643
3230.0 17.899764916032602 0.021352794849210318
3240.0 17.940973145175736 0.005907784776143434
3250.0 17.968894379760464 0.015305047964984988
3260.0 17.980124159092558 -0.008424084272019152
3270.0 18.04782449932066 -0.002598702970998576
3280.0 18.07773253343577 0.0024570224155834918
3290.0 17.901683394135922 0.0055994513981337595
3300.0 18.06274857438743 0.0025027304924172527
3310.0 17.994411049655948 -0.00129451421963477
3320.0 18.016144001512366 0.003002904979755053
3420.0 18.017627031164878 0.013557790255532429
3430.0 18.069301886303602 -0.0021096877545406538
3440.0 17.999927525399134 0.005747459325434097
3450.0 18.093625383990645 -0.012919859555561672
3460.0 18.087187126492662 0.012487311229742271
3470.0 18.01481673249205 0.0006795621914834738
3480.0 17.93300770807754 0.0061182370779315496
3490.0 17.97891509633853 -0.0020259729528895134
3500.0 18.001803259838134 -0.0029990612926399534
3510.0 18.063045252476815 0.000668012080000754
3610.0 17.865710197731207 0.0097108977211118
3620.0 17.920339288596683 -0.0108017934539682
3630.0 17.962521466968827 -0.00321478865162586
3640.0 17.997452168701574 0.02151557608647393
3650.0 18.03966703522906 0.005904431078504719
3660.0 17.947517923758156 -0.0003602774592626761
3670.0 18.16179651448748 -0.0008894911864709419
3680.0 18.19486496795028 0.010592824499946748
3690.0 18.167153717772614 -0.01704661414322804
3700.0 18.08371320664306 0.00441637962745198
3800.0 18.13046036483121 0.0032310957462109635
3810.0 18.0636198356405 -0.01086831153087146
3820.0 18.07416213200763 -0.007364304685368711
3830.0 18.090210215351988 0.01426492030810487
3840.0 17.949631447234758 -0.020093501961269952
3850.0 18.02115914212132 0.0013511174534028105
3860.0 17.955547846338543 0.0034157764447862123
3870.0 17.980444302420704 -0.019662044546021325
3880.0 17.922738335055573 -0.002246635287153412
3890.0 18.02193612295073 0.003155542207824545
3990.0 17.91510412937151 0.011091660978639138
