0.0 17.80802182188161 0.0012276598361786208
10.0 17.787254347107204 -0.011089375185316578
20.0 17.84904247904649 0.010172991363735114
30.0 17.912394277611497 -0.009684408760736387
40.0 17.969712077412158 0.0037606890401252263
50.0 18.028718541723435 -0.02671762261884354
60.0 17.96932801250339 -0.002996067643034491
70.0 18.079352631282354 -0.005749765506430733
80.0 18.082094461917915 -0.0015518985422239614
90.0 18.075864736257675 -0.003025540700241487
190.0 17.961646274227622 -0.017982685221024305
200.0 18.042847676706298 0.0005631769966204471
210.0 18.08441281781921 -0.020106629372298117
220.0 18.103167961265175 0.0012570733810685192
230.0 18.10928624833827 -0.0034181801232031294
240.0 18.12107650679037 -0.0015156813509909187
250.0 18.11033203386882 -0.019088029154882266
260.0 18.098155544087078 -0.009199927870979771
270.0 18.086496776598256 -0.008948020716100697
280.0 18.076806673880935 -0.0010710089561092044
380.0 18.034688138678224 -0.006147076874663346
390.0 18.04967042224143 0.006048642993194353
400.0 18.171046748172138 0.009331265301305193
410.0 18.154595239828552 -0.006939959686518194
420.0 18.12432724955514 -0.000601879301464618
430.0 18.052439947264013 -0.0015066038967637078
440.0 18.055402336430596 -0.006364865764328517
450.0 17.994334695942637 -0.023916935190933623
460.0 17.985860884453352 0.010155420343473368
470.0 17.93169227777352 -0.0024841706098583387
570.0 17.881359515063888 0.007121448636961479
580.0 17.853596438013003 -0.019956017934262476
590.0 17.84336370943015 -0.0073431581929884115
600.0 17.833473949416383 0.004619752683013162
610.0 17.898239371441882 0.0003694932607166121
620.0 17.9480326463001 -0.004971473826623258
630.0 17.954357345895897 0.016277885012680803
640.0 17.958941010947537 0.014567680946650726
650.0 18.022358368954144 -0.013320672502764783
660.0 18.03422510242028 0.004343948822823353
760.0 17.775312391901075 -0.005264000651362197
770.0 17.72081688249189 0.01053040645134354
780.0 17.65187324781056 0.003167747239938972
790.0 17.727900418029336 -0.014960537014412217
800.0 17.787953745417177 -0.01240689865276106
810.0 17.75976701993373 0.014627643836318585
820.0 17.858909899969063 0.0038726477340445572
830.0 17.91221690564534 0.0043360950597315494
840.0 17.893032919861724 -0.004498450073195204
850.0 17.979721317300967 0.0007574673930586011
950.0 17.77964635031439 -0.009301734058017515
960.0 17.83814733141313 0.001065101211792523
970.0 17.958390678485273 0.007898094666628828
980.0 18.029944468364306 0.0005924910610321375
990.0 18.101209323780473 -0.01254224394253333
1000.0 18.161845967218053 -0.00681889332917969
1010.0 18.119018941362977 0.01887677505617949
1020.0 17.985054745815887 -0.0019074758736428608
1030.0 17.935066298604372 0.004599189583973723
1040.0 17.94824531067498 -0.013823481118880529
1140.0 17.911038362642607 -0.006988349571913652
1150.0 17.92030387438147 -0.011209861342215102
1160.0 17.849647536218164 0.0015851371791396934
1170.0 17.766454309553215 -0.006659610272114075
1180.0 17.740284462611886 0.00019935778904558565
1190.0 17.733785990317067 -0.003840709709178598
1200.0 17.75561999229762 -0.016655308262801222
1210.0 17.805668332352777 0.012155370759528555
1220.0 17.890690167493048 0.00626836976217315
1230.0 17.98190039887432 0.0016100997234500633
1330.0 18.05967561959056 0.0032467446004934776
1340.0 18.17628989926932 0.004037777027453866
1350.0 18.13196926173906 0.008780666812001278
1360.0 18.129136678200126 -0.005096625370942777
1370.0 18.17812446292062 -0.014640523434178595
1380.0 18.15660932070397 -0.008011789891298464
1390.0 18.175770682173088 0.004566685156600459
1400.0 18.135917766257265 0.00714312787554198
1410.0 18.181286746884876 0.01941100813970885
1420.0 18.138384739289695 0.006058515238171136
1520.0 18.068105051948802 0.0012392213073183977
1530.0 18.022363838534808 0.009827193337354406
1540.0 17.990591690846756 -0.005393506632330123
1550.0 17.93465454260125 -0.011994851004311032
1560.0 17.972295987124003 0.0002600526256367565
1570.0 17.997149554204 -0.005334680176859745
1580.0 17.94635300618339 -0.007403480269317998
1590.0 18.04112360974838 0.019590434288662976
1600.0 18.046460456611495 -0.007503720019599186
1610.0 17.905563601495412 0.01010040789628063
1710.0 18.06951347894816 0.0010352414713885488
1720.0 18.001314885355807 -0.0034080189998693345
1730.0 17.999179904384476 -0.01550786851532801
1740.0 17.986757735211874 0.013180028767781468
1750.0 17.85371403735431 -0.00804079047771244
1760.0 17.87632622372104 0.0065759676057753486
1770.0 17.944735990970422 0.014910114155596108
1780.0 17.989443573329027 -0.003305869567920634
1790.0 17.901510137602113 0.0003472717888527925
1800.0 17.908522303290905 0.0004276615579473884
1900.0 18.106862940187845 0.0058934950806069095
1910.0 18.042141797349224 -0.02426010978557203
1920.0 18.057172770107144 0.0010590037516937261
1930.0 18.117728033259876 0.006734855163344439
1940.0 18.110733363045465 0.010328689345825745
1950.0 18.109310838548435 -0.001783234925658279
1960.0 18.07309052207796 0.001960956815881308
1970.0 18.075386718663143 -0.006972724382445792
1980.0 18.045205896392527 0.00381718998026445
1990.0 18.128240586335078 -0.0009513274182398365
2090.0 18.29852728902259 0.010183944909604914
2100.0 18.239806316750034 0.0026535038425072916
2110.0 18.0916229811302 0.0039004062094336544
2120.0 18.014375803852737 0.007364095394659717
2130.0 18.023050102182662 0.0018246070507574692
2140.0 18.016991300192153 -0.004543692380631198
2150.0 18.04973784012196 0.0009489244042689641
2160.0 17.9888605124586 -0.010015857045233324
2170.0 18.0498645469298 0.0025214838914638413
2180.0 18.062749093169945 -2.8102977315771012e-05
2280.0 18.034542578283965 -0.011257984978250441
2290.0 17.925075674641143 -0.008803017604830097
2300.0 17.90998470761917 0.01179735286870003
2310.0 17.970747975836325 0.01695038316036396
2320.0 17.947768739476025 0.006750848120791718
2330.0 17.969964596401066 0.001960723713136782
2340.0 18.026716826240715 -0.002799089538676993
2350.0 18.00277080944693 -0.014400167233913963
2360.0 18.077031197437186 0.0041780803399085195
2370.0 18.03557969359601 0.012417796211411588
2470.0 18.12716117631145 0.005155504243683827
2480.0 17.967067343818346 -0.01191540367757076
2490.0 18.065741173525094 0.007680694683141593
2500.0 18.10327599870766 0.019757043255468718
2510.0 18.037186752903768 -0.0076107884973201315
2520.0 17.969129624021495 0.001101756022314115
2530.0 17.98255002743226 0.0024814614905982056
2540.0 18.01486676687626 -0.012978868067119585
2550.0 18.074834827068365 -0.009752009271968965
2560.0 18.094860952667922 -5.254150993709859e-05
2660.0 17.948829862724438 -0.009719600828286962
2670.0 17.863617245098684 -0.004100877659264346
2680.0 17.945822951525102 0.011646401221458394
2690.0 17.84789505097423 -4.475793323188565e-05
2700.0 17.88589321698596 -0.004673708096897416
2710.0 17.964740346300747 -0.005683201184609571
2720.0 17.964462511791368 0.006275080802119294
2730.0 17.944598947973372 -0.0029211674393026165
2740.0 17.85476955623415 0.014131427890662511
2750.0 17.841898731469414 -0.03145028380137035
2850.0 17.948964636110635 0.007717910469708233
2860.0 17.971032872898384 0.008896001209567371
2870.0 18.11412971809084 0.006532654066788368
2880.0 18.025897000797997 0.011100431958795693
2890.0 17.927694199218216 -0.0021477568972987837
2900.0 17.890081615687762 -0.021426001592458156
2910.0 17.87886226488812 -0.013909663667816376
2920.0 17.86280335040618 -0.024808143858688535
2930.0 17.892838551530385 0.0015907780851345894
2940.0 17.75525079987065 -0.010593076921463565
3040.0 18.06899104297971 0.00952225524370782
3050.0 17.98268083365599 -0.0072626172042119345
3060.0 17.93261240233033 -0.008416942274470289
3070.0 17.945901223125716 -0.021020601141917658
3080.0 17.998504655276 0.0006272464884561072
3090.0 18.0435662101696 -0.0011061462636435177
3100.0 18.03312670018778 -0.00151666041284262
3110.0 17.94663012939983 0.009017080162661189
3120.0 17.940991816854353 -0.0031455151206073273
3130.0 17.970284510963758 0.013279179039862796
3230.0 17.805925313582105 0.0012110607750369588
3240.0 17.886029696052596 -0.0074029918628446215
3250.0 17.79793289147971 -0.001761928744841115
3260.0 17.83640137219871 -0.0008403055529585573
3270.0 17.869586585601247 0.0031181381686651182
3280.0 17.806491451345213 -0.0027071811286930514
3290.0 17.788583315765653 0.018548071991084256
3300.0 17.76859278019388 0.00843883793348646
3310.0 17.867146168628807 0.011153285116607292
3320.0 17.782687300592787 -0.003445670886681286
3420.0 17.848954958177675 -0.004566383092343389
3430.0 17.90229570501241 -0.023314352385322503
3440.0 17.94588563379242 -0.002814815490647424
3450.0 17.853807875144316 -0.008573627003824816
3460.0 17.873501330268592 -0.004602693917983324
3470.0 17.927534563894856 0.005011438751703049
3480.0 17.924917149785482 -0.009457905259015926
3490.0 17.86232230306434 -0.010668094967969813
3500.0 17.833109466692775 -0.008395776563081204
3510.0 17.909971083391707 0.013663794331089869
3610.0 17.93265849601489 3.798315524451237e-05
3620.0 17.96285993633243 -0.0031034426010644197
3630.0 17.878229898697377 -0.016134181449383275
3640.0 17.90449806954492 0.0034812505391685045
3650.0 17.863447782978376 -0.002652336069877756
3660.0 17.8759407212447 0.005138805607314577
3670.0 17.864098529684195 0.0021564353307949847
3680.0 17.94809434006101 -0.0010604001285264898
3690.0 17.988329330351554 -0.007342816055499801
3700.0 18.024297032678586 0.008935267748723996
3800.0 17.886773033271542 -0.005334223700729569
3810.0 17.865077883933104 0.013479385418245116
3820.0 17.901105875864545 -0.013641446590255209
3830.0 17.802790738755355 -0.010681050838531759
3840.0 17.824044076158625 0.006512042769940968
3850.0 17.794147381052436 0.012358540111373297
3860.0 17.88362361688658 -0.0013757197275241011
3870.0 17.980157935740184 0.025650589351892766
3880.0 17.92282428094134 0.007588071980365864
3890.0 18.003538437404 0.013954444425221462
3990.0 17.931954850351065 -0.0008838739012801275
