0.0 18.103150881754704 0.012262694172507556
75.0 18.00200428090601 -0.016804580497748366
150.0 17.988378863619737 -0.025545014040392566
225.0 17.741483617890406 0.0008241936494059565
300.0 17.67348211322427 0.012340318602909328
375.0 17.757961844192764 -0.0007907078664204176
450.0 17.802128584944555 0.00891271067566808
525.0 17.71502863005041 0.01100518217732008
600.0 17.80302265856809 -0.0181572655694195
675.0 17.741909564037076 -0.011992252182629335
750.0 17.991916181786763 -0.0014064212568551918
825.0 17.98776000155852 -0.0013503849771653966
900.0 17.837189129481725 0.01299935527705046
975.0 17.871141185014846 -0.011887299705459547
1050.0 17.733921841555354 -0.0013769070209577556
1125.0 17.859679763723424 0.007551211254969075
1200.0 18.01745481907111 0.0006712858444207709
1275.0 17.955488442593243 -0.01024100648072907
1350.0 17.92361365754401 -0.004795760689582513
1425.0 18.120356110794514 0.008887419967629557
1500.0 17.941960271310233 -0.003355067357739585
1575.0 17.90895819208717 0.003396681490275163
1650.0 17.74893136451768 0.0026642063629678816
1725.0 18.123302892101854 0.009648587780072188
1800.0 18.160177962351206 -0.01748190223164048
1875.0 18.24097757111835 0.008050960086656714
1950.0 18.156310488613702 0.014578684067064654
2025.0 18.145587416741446 -0.0007870623851193932
2100.0 17.74112244744202 -0.0013970053401005825
2175.0 17.956426439155162 0.017435996343150885
2250.0 17.810483292764488 0.012498950954458205
2325.0 17.838812962112133 -0.009416957540548719
2400.0 17.954774535475583 0.010094990096555453
2475.0 18.044983947733314 -0.010510853380931884
2550.0 18.054264055254333 -0.012135999218155858
2625.0 18.009134558808668 -0.006208633750371803
2700.0 17.810760577169532 0.006818248504179942
2775.0 17.955170979835824 0.0009178507265394862
2850.0 17.992485433796617 -0.007094094349812445
2925.0 17.86974985499603 -0.015011594430825385
3000.0 17.832202718529167 -0.00760347387453738
3075.0 17.82784543817617 0.014229305569487346
3150.0 17.955404110179426 -0.0039219002122472205
3225.0 17.831962159069946 -0.010773014557961829
3300.0 18.029816733946504 0.0027258742475468377
3375.0 17.93568887993806 0.004412423367246308
3450.0 17.95913882149785 -0.011100187134335412
3525.0 18.182583900227517 -0.0033612342074923946
3600.0 18.102025536596702 -0.0003571257811794662
3675.0 18.10947255901853 0.0008971943896265853
3750.0 18.16442790085902 -0.018837838252710827
3825.0 18.119348427456952 -0.00605223045560977
3900.0 18.017190385969652 -0.014230459431012397
3975.0 18.247671939916877 0.00807135508469818
