0.0 18.15974039274971 0.018618341862208593
5.0 18.175187365601346 -0.0035626108658851287
10.0 18.121877403690775 0.0012469550280978909
15.0 18.102900420371142 -0.020527869525612547
20.0 18.01681887668308 -0.0017121819002154119
25.0 18.027860478857086 0.019919999477708197
30.0 18.07568980359856 0.0036667697311521586
35.0 18.043544088054244 -0.0058008681949773214
40.0 17.97768046763682 -0.028806172379183082
45.0 17.918925339191958 -0.026092202248938042
50.0 17.975008637022544 -0.0068452858388577745
55.0 17.951757179844197 0.013804905277242959
60.0 18.00219622491876 0.001262104202457163
65.0 17.99465391675454 -0.008374701387598462
70.0 18.017997354282915 -0.012456853345987229
75.0 18.014664125199474 0.013957342335121692
80.0 18.042807521178965 -0.01270316029333806
85.0 18.07321087300822 0.013087967508278302
90.0 18.01991285874968 -0.000851355617946609
95.0 18.0456200512091 0.00970543967106833
100.0 18.094389269888364 0.00487175037267308
105.0 18.042019571686694 -0.01218173188854633
110.0 17.999027302796602 -0.010543552972582932
115.0 17.984350490633844 0.018035022901788836
120.0 17.90219867780929 0.004749901984812037
125.0 17.921076873704777 -0.0016857368558860053
130.0 17.96548831810356 0.002170436601417617
135.0 17.969419421561422 -0.005336443766772474
140.0 17.93890869665025 -0.003762761639782754
145.0 18.027922725485134 7.417961385821657e-05
150.0 18.040739863035085 -0.0029907059952548045
155.0 18.046937745941314 0.022913834148609244
160.0 17.98418248929218 0.008116165068980549
165.0 17.986991916259402 -0.003309748186083148
170.0 18.04117032277889 0.010749527385862713
175.0 18.089411145409052 0.024873295559311868
180.0 18.17642125534532 0.002350466292763655
185.0 18.17662031215233 0.01002475856434319
190.0 18.075568714872755 -0.004395240010508306
195.0 18.17083407810746 0.017044801368621295
200.0 18.17362366870953 0.0145514874422729
205.0 18.2051309082068 0.007743200748475393
210.0 18.183837111806934 -0.006914276913914727
215.0 18.170691217995476 -0.0005557852242796435
220.0 18.16371524513675 -0.0013396328468377597
225.0 18.154673076525015 -0.018497442861321226
230.0 18.127032599556333 0.00012994537452631905
235.0 18.097587865891114 -0.02211368508914031
240.0 18.173758814545057 0.007196452846007703
245.0 18.175317003794753 -0.01200458418887332
250.0 18.132761640683928 0.007004162544575623
255.0 18.107592971918045 0.004922581367140887
260.0 18.083570104852164 -0.01000476897106514
265.0 18.142172037833532 0.014227427633435373
270.0 18.162370877494048 0.019906402916670184
275.0 18.147434028362895 -0.002814079385043334
280.0 18.173267125133098 0.0035614448006021163
285.0 18.170652146516797 0.004202654944346084
290.0 18.185505068788565 0.0020118917841198953
295.0 18.084513958494444 -0.011586844710638264
300.0 18.144710902684242 0.023177918464570974
305.0 18.203382620191487 0.002075924395234881
310.0 18.200588831889977 -0.01291417381381051
315.0 18.194133832071767 0.005232716112891451
320.0 18.151061847939683 -0.008736554222523134
325.0 18.131001332368918 -0.010422428958828894
330.0 18.194403551894375 -0.009202283133874986
335.0 18.204621252958336 0.004429063700998891
340.0 18.174413034140816 -0.0020579724435912904
345.0 18.186077397815563 -0.009758237803994447
350.0 18.28550491401738 -0.018627944204230945
355.0 18.23876852183633 -0.009112912033706953
360.0 18.200056104958065 -0.012844873868299009
365.0 18.212196892813633 0.0011288028293444906
370.0 18.262403807923395 0.0029079917208725153
375.0 18.252785250207566 -0.006501267801673256
380.0 18.245247462999465 0.002537527912595263
385.0 18.2407544786613 -0.0019096454678858095
390.0 18.265846215756667 0.0012097257311237165
395.0 18.363545244340894 0.003880415875123104
400.0 18.377722046791735 0.01807365707046958
405.0 18.257603746312938 0.013923965290726583
410.0 18.250410905255194 -0.00390017963596778
415.0 18.297902075414815 -0.0034811284334992382
420.0 18.314616288411607 0.00778117313608361
425.0 18.260319147103125 -0.004547616842622926
430.0 18.302324341860434 -0.021557466701704504
435.0 18.3173694676709 -0.0029425973655114153
440.0 18.292891838077566 -0.018768615962708173
445.0 18.347244490628253 0.01720392019905207
450.0 18.264197591712094 -0.007377041799253542
455.0 18.308679540912586 0.01436323949830708
460.0 18.27184824148632 0.005871253077153131
465.0 18.253115475451047 0.01121940639586018
470.0 18.20353204421153 -0.0018603692417417817
475.0 18.151459938395885 0.0018602781059116722
480.0 18.082423553621833 0.003419091066292783
485.0 18.083369015793405 0.012348064235019787
490.0 18.09411566845552 0.004500101039010335
495.0 18.173335621637165 0.005451692313387204
500.0 18.146288892205572 -0.006696589261626132
505.0 18.15436712560289 0.0035705817964933285
510.0 18.144500576535112 -0.00106587381291394
515.0 18.18191112761102 0.011214905655520633
520.0 18.17551673986853 -0.021042616479949268
525.0 18.250734640745073 0.01029595403276301
530.0 18.265755360778844 0.003902686203674395
535.0 18.241861053281546 0.0010688001560161444
540.0 18.252515427432108 -0.012787105303386058
545.0 18.182981832612306 -0.004776802970627169
550.0 18.125891000075587 -0.0013968958360238979
555.0 18.108072327862992 0.0029216491868939132
560.0 18.070662170692078 -0.006312390094377983
565.0 18.01274964403316 -0.004634550628081116
570.0 18.056531022526748 0.011328940573967074
575.0 18.073426929780346 0.008482243810772165
580.0 18.10600888098633 4.215491567708802e-05
585.0 18.143242058989816 0.0063865778040174785
590.0 18.179572445876925 -0.008520880197223855
595.0 18.150085491847403 -0.008751661760635755
600.0 18.126989602427397 0.002729821499716469
605.0 18.1173714223371 -0.00492559686679842
610.0 18.074254131082466 0.010634325810098271
615.0 18.02744781248728 0.0259631890930559
620.0 17.974361818330134 0.004399904959251944
625.0 17.958274712977754 0.0005721253293744699
630.0 17.92140429062641 -0.008791937717580483
635.0 17.921037688589035 0.008104975866465476
640.0 17.79809867582041 0.006845470496290654
645.0 17.803048827169043 0.005935495521444687
650.0 17.833078541067902 -0.0006146509339013289
655.0 17.818213308992462 -0.00524342988443423
660.0 17.872904674871666 0.009686560211621655
665.0 17.82155487734136 -0.002261581170615814
670.0 17.83009502688132 0.0022044066950790285
675.0 17.79813841148362 -0.010011973221416287
680.0 17.798222622466657 0.0021620349547240105
685.0 17.863596932559243 0.012196103898444818
690.0 17.832795577283992 0.003219242081171355
695.0 17.81631714459931 0.0024385894682233886
700.0 17.822238734449883 -0.009767706954806912
705.0 17.841226960084217 0.01250421725061233
710.0 17.78310561243552 0.003309263476330025
715.0 17.8261430188258 0.001443943611387056
720.0 17.8065153199247 -0.0028048379705722893
725.0 17.897497831341003 0.009391679341193426
730.0 17.885215545486737 0.0006232953431776548
735.0 17.884092574199222 0.002094814228527634
740.0 17.922443314686028 0.011228471036915454
745.0 17.87011959198456 -0.008196588789034063
750.0 17.89333138412348 -0.006896289284221487
755.0 17.908711158548076 0.013859175024210711
760.0 17.852706842681098 -0.013824533990363578
765.0 17.861740526977794 -0.014991015437957533
770.0 17.909202789837785 0.008342734682628717
775.0 17.802541395810017 -0.0043070549558028234
780.0 17.85106123535888 0.01410513837558062
785.0 17.849319376821168 0.01896641449781988
790.0 17.774106295158667 0.015970184344905686
795.0 17.77906948212874 0.002714238124570808
800.0 17.800377552469296 0.0018490977294938358
805.0 17.799202842922206 0.02170976499479201
810.0 17.76334074408842 -0.007252019045856643
815.0 17.773601772319708 0.013356790265770024
820.0 17.744436033201687 0.003275239316827958
825.0 17.791845770885907 0.00729164487970583
830.0 17.830324842505092 -0.005857981988872317
835.0 17.851964551035763 0.011177593040374686
840.0 17.859927428560475 0.008432796842419108
845.0 17.840083109280613 -0.0023068809604725135
850.0 17.876603720497187 -0.0027119919686179285
855.0 17.84950155920335 -0.014984957036493177
860.0 17.849203629616913 -0.015819688697230348
865.0 17.852085919917396 0.01317649874924374
870.0 17.962757556738293 0.006923655247321786
875.0 17.94506329947672 0.004943899859257388
880.0 17.950086431465365 -0.012354092038439695
885.0 17.870826688414663 -0.03085059803163938
890.0 17.931355644077666 -0.011174629898340081
895.0 17.950464012622987 0.007016500174077748
900.0 17.92052966930301 -0.0029683743442333777
905.0 17.89553475306119 -0.004840568561106656
910.0 17.998073560903695 -0.0004533070710674815
915.0 18.036915388604445 0.0031028833967444093
920.0 17.92748785768717 -0.006689993817373813
925.0 17.894053455317266 -0.016170005867232336
930.0 17.93560956846493 -0.0012359981644768363
935.0 17.9528298048419 0.0033845709376772444
940.0 17.845529372913415 -0.009761137886831108
945.0 17.910855678986383 0.008530445633542301
950.0 17.957251575085703 0.001789409218681057
955.0 17.96186689457004 0.02412894399103191
960.0 17.93788151410566 0.0019002490835184943
965.0 17.927499347626117 0.003796877555139869
970.0 17.95316385668645 0.007088561735894172
975.0 17.90503059890642 0.008331218378791713
980.0 17.848140419702005 -0.0331204214112633
985.0 17.930307576415853 2.1100922434947844e-05
990.0 17.925462839055786 -0.004594791525683595
995.0 17.928082105863012 -0.001359146760554705
1000.0 17.94288527441804 0.011538594861025906
1005.0 17.959107854972626 0.003693543052473039
1010.0 17.944387663227175 -0.00242426658627628
1015.0 17.934878097662764 0.005742425627538529
1020.0 17.98400860093966 -0.022414623009386018
1025.0 18.039039637768653 0.00737338460941018
1030.0 18.068996282470625 -0.010397507271810163
1035.0 18.04886329383174 0.010467747688437374
1040.0 18.026662362093518 -0.016103194002806666
1045.0 17.999116166066273 0.01383352837955124
1050.0 18.044818624646908 0.005435275553616663
1055.0 17.99271562790684 -0.008007849381900535
1060.0 17.873644627251778 0.013392975510781223
1065.0 17.829422098520773 -0.022593031762982333
1070.0 17.841863061957213 0.006294969663979422
1075.0 17.851848701637167 -0.008899544868866238
1080.0 17.850620380152154 -0.010884928929918504
1085.0 17.88697776835335 -0.010808811773851066
1090.0 17.862903867981075 -0.009011528956020668
1095.0 17.86600345422262 -0.01223994097324081
1100.0 17.833649192060847 -0.0015042314502975215
1105.0 17.75143750918862 -0.0004037695816651692
1110.0 17.811084750306307 0.0026543775890799787
1115.0 17.863087051952864 0.019492186718702217
1120.0 17.873250599971396 0.005626143855982169
1125.0 17.749081506632677 -0.004737931048056011
1130.0 17.76738019552459 -0.012621562929664714
1135.0 17.761585222333117 -0.008091260141505813
1140.0 17.712288637063136 0.004218763522062587
1145.0 17.701939949580925 -0.005276873683851997
1150.0 17.77115442990169 0.019317739656717306
1155.0 17.89036181648456 -0.002335986850435084
1160.0 17.964829572575862 -0.003667226025188698
1165.0 18.00396790653077 0.010466806158924336
1170.0 18.07265441110699 0.0041337215696558615
1175.0 18.014700009546832 -0.007261454734416945
1180.0 18.02726763863312 -0.0055102659865598645
1185.0 18.048498001868676 0.014431292437410924
1190.0 17.961655917233315 -0.00571285324633148
1195.0 17.935888047252966 0.005100773248911056
1200.0 17.936507337350793 -0.006304243505781083
1205.0 17.96651209474243 0.003483541688666523
1210.0 18.008640744198477 -0.012368538328409931
1215.0 17.887859880600892 -0.008949881192466766
1220.0 17.898505836126226 -0.009505053344900895
1225.0 17.886836825414687 0.0013196400157649217
1230.0 17.945920077168488 0.00759532294164748
1235.0 17.931537077812642 -0.031080492014309062
1240.0 17.897835740209988 -0.014552840092438993
1245.0 17.90311473745876 -0.00037766622758946623
1250.0 17.847925946992646 -0.004648997630798617
1255.0 17.867794911977413 0.005926023203489698
1260.0 17.808678912594484 0.008122860424686415
1265.0 17.800579326004545 -0.012183997237692852
1270.0 17.90364301321567 0.015649595375508633
1275.0 17.82378777676277 0.003653959095485271
1280.0 17.77336129633876 0.0030852571813176108
1285.0 17.70942950392398 0.007736893782172774
1290.0 17.75020782346053 -0.008250258006830614
1295.0 17.717462978129127 -0.02033771700412242
1300.0 17.79208009346986 0.013947005140856547
1305.0 17.759146271321796 -0.005498907575178703
1310.0 17.82954171677822 -0.003832463258480507
1315.0 17.82434450238562 -0.024182186801175204
1320.0 17.845401146046218 0.0013056245182001191
1325.0 17.900037890575863 0.015909901679087308
1330.0 17.810609849276965 0.0011485870447601465
1335.0 17.824142528361488 -0.005283387937966433
1340.0 17.794774371162486 -0.009448463058878446
1345.0 17.76701259766021 0.002209193141984157
1350.0 17.74599923348645 -0.0005593097195257439
1355.0 17.761024692938317 0.0030742568909088324
1360.0 17.76631691695868 -0.0013413630329904282
1365.0 17.824677808501463 -0.00015049062866541912
1370.0 17.78123665526112 -0.01568246072230008
1375.0 17.818726123318143 0.010761482880085079
1380.0 17.899786659115975 -0.0026652439824368756
1385.0 17.90981839261077 -0.005023614989665405
1390.0 17.951973247843643 0.01028779052037025
1395.0 17.87459170891348 -0.005997880747976157
1400.0 17.901241887245178 -0.008594245205792892
1405.0 17.919264506237113 -0.015678879183833365
1410.0 17.88403406611723 0.009155188290303509
1415.0 17.860033478249058 0.004472693599531476
1420.0 17.802714111215792 0.002141183827745571
1425.0 17.862066252651342 -0.022711583621901017
1430.0 17.924444231721637 0.009782638903238133
1435.0 17.881097286324163 -0.007202228228501477
1440.0 17.930551366122607 0.0021719099202559076
1445.0 17.867116226911662 -0.002310331516376794
1450.0 17.82637380867334 0.0015578792419187449
1455.0 17.78201636748317 0.025550630918893803
1460.0 17.739643395717827 -0.0004471506908201591
1465.0 17.719024720425086 -0.011791848904052243
1470.0 17.74220304025113 0.0036687262658541414
1475.0 17.796476920514145 0.0075386182205543955
1480.0 17.816588371127555 -0.005778103027779316
1485.0 17.82959879999949 -0.009584102061085205
1490.0 17.85639086812513 0.002546838435373619
1495.0 17.783301999936953 -0.018780531057912393
1500.0 17.759533544259174 0.004435348829719894
1505.0 17.713839873166915 -0.005114883519732088
1510.0 17.744802813268134 0.007190346803913862
1515.0 17.74686613733321 0.008343027192360734
1520.0 17.76289201841382 0.011328246764614844
1525.0 17.784336292436453 -0.003919229633295445
1530.0 17.801871660100783 -0.0074960910601390655
1535.0 17.766477988053875 0.006513285811234474
1540.0 17.768013033545582 0.003787122983363678
1545.0 17.835392782419714 0.0009025963048486683
1550.0 17.847944157198572 -0.008367259245940718
1555.0 17.961420596881837 -0.005073231858193715
1560.0 18.040662679517105 0.0009136789522525769
1565.0 18.028692415563274 -0.0028049408179470904
1570.0 18.032541804723845 0.0007469159706129929
1575.0 18.021459846884262 0.012311926982503477
1580.0 18.03781262435705 -0.006054785026621118
1585.0 18.03682246158081 -0.003562887956310337
1590.0 17.98588101084401 -0.005075109481807615
1595.0 17.933163179299523 0.001676960901807049
1600.0 18.01835116644774 0.001756138905207252
1605.0 17.989647816804535 -8.083967242778975e-05
1610.0 18.041328934253 -0.0032723462711130185
1615.0 18.09782322549641 -0.02240617786109482
1620.0 18.08642532893118 -0.009023536048196602
1625.0 18.11846518898565 -0.0074538866377012345
1630.0 18.17559457370135 -0.0028688054612831426
1635.0 18.126230948783565 0.00844666677834919
1640.0 18.151241569184563 0.0044371780327076
1645.0 18.16464149060913 0.020673914056569292
1650.0 18.14417290324428 -0.005023849083901726
1655.0 18.14560408163156 0.0010447984444122448
1660.0 18.14803473726766 0.00692210885718519
1665.0 18.139237845995932 -0.00449866382509128
1670.0 18.177235861322547 0.011813945210932292
1675.0 18.111013401754974 -0.005551487963115893
1680.0 18.02061222042949 -0.006010845858295306
1685.0 18.136511619761702 0.01353305622435113
1690.0 18.085299879984053 -0.014333648177198115
1695.0 18.05479635113752 0.008978987728664803
1700.0 18.014403739655 -0.020272640024754488
1705.0 17.947562675025555 -0.01646165573025489
1710.0 17.96909912647072 0.0032287301835116733
1715.0 17.981014878738563 -0.007175751568958979
1720.0 17.948127018562214 -0.0011291892056620452
1725.0 17.91553024913194 0.012591101862898118
1730.0 17.91170184493619 0.008019607074868295
1735.0 17.89691080551973 -0.009788639813627943
1740.0 18.04838292564994 0.015141856203594706
1745.0 17.992192309902485 0.0038999145019904856
1750.0 18.035191231147117 0.004354249749919676
1755.0 17.98803060599469 0.0056375000032940084
1760.0 18.012917403395623 0.0024193751071231676
1765.0 18.107680227428613 0.020101468628459664
1770.0 18.104128568658226 0.017497581634050286
1775.0 18.04043473630351 0.005464485957173091
1780.0 18.09122484325958 -0.004406727559202755
1785.0 17.995226657554067 -0.002223236732680171
1790.0 17.935808858522208 0.004248899342065598
1795.0 17.995931466409864 0.009872800801074163
1800.0 18.02350936865587 -0.010011151844075136
1805.0 18.100764843784905 0.009991066329233769
1810.0 18.049772537862086 -0.021850407161780674
1815.0 18.016236573909865 -0.0010573512642230952
1820.0 18.01310084345709 0.007583890068489235
1825.0 18.0051576013415 0.006818345223400233
1830.0 17.890466272696187 -0.009023461413219013
1835.0 17.982997045699136 0.009056576672599343
1840.0 17.948670460345493 0.007132952921004191
1845.0 18.027006659998747 -0.0009407632523726628
1850.0 18.04369168066736 0.010197049497462245
1855.0 18.015482839219377 0.007362981896705898
1860.0 17.955667448702098 -0.01529589176130038
1865.0 18.03816754610028 -0.0012186362732346083
1870.0 18.044209037402723 0.0014934379088448844
1875.0 18.200536126974214 0.020200175585796388
1880.0 18.18674623845328 -0.011492897126147587
1885.0 18.262396353602337 0.0013651153799201497
1890.0 18.213267950376682 -0.011024035322553746
1895.0 18.16729087461884 0.0022945340595112054
1900.0 18.199375831977648 0.01729379312198434
1905.0 18.24656775867894 0.009107902661862349
1910.0 18.217614637198487 0.013459460995132398
1915.0 18.195102502521095 0.00104212062803343
1920.0 18.166820037978457 -0.0014168780115883712
1925.0 18.202774475152047 0.007560800306705603
1930.0 18.220363527460666 0.01037704635276635
1935.0 18.204733687971473 0.004266904185433007
1940.0 18.190449410414768 -0.00037497482408138444
1945.0 18.1869796694809 -0.02221946079546731
1950.0 18.148098941370495 -0.015618153625867248
1955.0 18.25568613683116 0.013139967320796647
1960.0 18.23034248509797 -0.013245443801408779
1965.0 18.24023994633521 -0.001172372067184671
1970.0 18.217671055239997 -0.00742249391494371
1975.0 18.232228130361957 -0.0020049490808714755
1980.0 18.169089985844845 0.0042054329051520725
1985.0 18.16938389864862 0.014122299871146165
1990.0 18.074177884117912 0.004910129404081839
1995.0 18.02819155259369 0.0019101894479839788
2000.0 18.02197412387597 -0.012173308126061863
2005.0 18.042742319324113 0.011603479154955871
2010.0 17.993097675835735 0.008502559741395023
2015.0 17.912666427560723 -0.0005451344820295238
2020.0 17.95341269990597 -0.008433741456788147
2025.0 17.94716723887899 0.002891746555147032
2030.0 17.984039770335926 0.015554092468616665
2035.0 17.952819055335183 0.012131763614673798
2040.0 18.009058899359513 0.0007613895749669586
2045.0 17.926754422122062 -0.005299507983212255
2050.0 18.009023105995535 -0.00042149254755632546
2055.0 17.94724376136955 0.017751214457265806
2060.0 17.950606873299698 0.009665464715049902
2065.0 17.8696387470537 -0.013638856621164586
2070.0 17.83578698817429 0.000788824941648163
2075.0 17.86598959830902 -0.013048636605030006
2080.0 17.844688906628505 0.001385920870025045
2085.0 17.816650089133052 0.004070279140120527
2090.0 17.799959635645127 -0.009144552267418466
2095.0 17.817809476599333 0.004052266163130612
2100.0 17.857190122068264 0.012646422849076928
2105.0 17.892701578163777 -0.006582390464223087
2110.0 17.874562799888537 0.009192284689210928
2115.0 17.828456334121107 0.007226743489788915
2120.0 17.870936962008074 0.007148804592232442
2125.0 17.914289065973946 0.005517323536047808
2130.0 17.92232824032318 0.012048700860166564
2135.0 17.9160036942087 -0.0014210430390379778
2140.0 17.904793962525048 0.019311187264790097
2145.0 17.818171872660137 0.0010110550779665385
2150.0 17.835811176087176 -0.016895269991585044
2155.0 17.892969154317356 0.015492389210727684
2160.0 17.837749543601987 -0.0002824331019853046
2165.0 17.809465172302755 -0.004973715365396291
2170.0 17.744893574707458 0.003899137482410432
2175.0 17.7167872839792 -0.005354327818154913
2180.0 17.697956181310946 0.009697638017470594
2185.0 17.725155009193486 0.002835228805950488
2190.0 17.77857461269816 0.01898649034495705
2195.0 17.756800233106254 -0.0036940549264945013
2200.0 17.72295845844095 0.02060688324459329
2205.0 17.797186816663153 0.022711753964842138
2210.0 17.743169216372983 -0.003827010105514262
2215.0 17.716884725451205 -0.0024022860940794383
2220.0 17.703581662389514 -0.0037261550656444366
2225.0 17.696877484354985 0.005177576982307018
2230.0 17.66631918558692 -0.00724409132348803
2235.0 17.728585775494572 -0.016343717327771456
2240.0 17.745945011107256 -0.0007607611390092507
2245.0 17.701786986954595 -0.003339269920354067
2250.0 17.7379117050761 -0.02558663740169674
2255.0 17.83410853702448 0.02118248138315458
2260.0 17.75087527053148 -0.022091750829860684
2265.0 17.79299130440113 0.016454243394836608
2270.0 17.71727735993468 0.00736779000823818
2275.0 17.72777092612033 -0.013459118991828306
2280.0 17.711545989581726 0.012883478165263178
2285.0 17.667727850516645 -0.024635393566895685
2290.0 17.71721165359786 -0.014390404354215689
2295.0 17.77007313049704 -0.015511986393194436
2300.0 17.725026736260862 -0.010564642767199262
2305.0 17.78783510502816 -0.022988062070483643
2310.0 17.76338661666854 -0.00978118075239006
2315.0 17.793809748078537 0.004831357182522243
2320.0 17.799124888666277 0.021225485076598508
2325.0 17.717423010811462 -0.025228062673475354
2330.0 17.774682421774116 -0.014682479750303037
2335.0 17.7831334325001 -0.0031833387552465883
2340.0 17.685921380594756 -0.011646558613766636
2345.0 17.76033604307482 0.011970648865737935
2350.0 17.715943722112545 0.008994729542540332
2355.0 17.679843081649434 -0.003918247124126744
2360.0 17.640822963250404 0.004981535897556496
2365.0 17.65157712039612 0.011758375363561396
2370.0 17.6561995264983 -0.026229663731237286
2375.0 17.690325485202127 0.014543305516075761
2380.0 17.666147737766135 0.0033686618061450385
2385.0 17.697085540381302 -0.003673172470174942
2390.0 17.70432037625028 0.00919022766933017
2395.0 17.649523382840105 0.009392310755455833
2400.0 17.62462885167993 -0.00221104333023354
2405.0 17.645878408182643 0.0007000589324460209
2410.0 17.595906252202017 0.0025345243541180025
2415.0 17.623010620503024 0.005377740154454442
2420.0 17.635682895802145 -0.0020722648385855377
2425.0 17.632726025238718 -0.009130112905709033
2430.0 17.662714303260596 0.007614959378916826
2435.0 17.711108959332336 0.012432005359798133
2440.0 17.671294261707505 0.008642524477881195
2445.0 17.658825979382936 0.015224345930817555
2450.0 17.624730672550665 -0.01678133337679731
2455.0 17.57116487290816 0.0034599985185126683
2460.0 17.602829581329434 0.02067576981848854
2465.0 17.59420394760496 -0.006465954712999319
2470.0 17.57615697143084 -0.001174280645811607
2475.0 17.647265935067125 0.014062399645832795
2480.0 17.600154721882774 -0.0031233108418198263
2485.0 17.705736971181167 -0.006140237387826359
2490.0 17.715949708076963 0.011508044417189873
2495.0 17.719475016510646 -0.012944628778689134
2500.0 17.766961616647087 0.011624748075603944
2505.0 17.66710150897397 0.0018634378100421689
2510.0 17.639726760456757 -0.00727761902107592
2515.0 17.703318492237226 0.015813468413590725
2520.0 17.7237828467132 0.0006215603271591539
2525.0 17.77395331919275 0.010430303621355169
2530.0 17.79151556222867 -0.01049702366770213
2535.0 17.78735430306152 -0.006246585722711654
2540.0 17.797013891049588 0.00656397129120335
2545.0 17.72093007926598 -0.009001572972656658
2550.0 17.71067487233848 -0.0011956873925345677
2555.0 17.779663082950208 0.011307266180444251
2560.0 17.789622804227538 -0.0010072249830302413
2565.0 17.803968977295632 0.005085438716206247
2570.0 17.833479885211794 -0.003983660770156975
2575.0 17.854925274922326 0.0010571925461046192
2580.0 17.929915688386973 -0.005491293020039816
2585.0 17.968628259619024 -0.005179390187994315
2590.0 17.99074644955071 -0.0014442616481436352
2595.0 17.945203195215463 0.0060378668064399715
2600.0 17.973920912950476 0.010135411780354715
2605.0 18.021449122077367 0.0018992590716139029
2610.0 18.012846168313132 0.008603948003759201
2615.0 18.02973333222288 0.0004983975136271971
2620.0 18.016272576011023 -0.010265093953517244
2625.0 17.973280610154557 0.00432100912365964
2630.0 17.997438464222423 0.0005304458306413687
2635.0 17.935829868783355 -0.028198392211372138
2640.0 17.91966263354609 0.014893156090443319
2645.0 17.90050323445538 0.011913943501168698
2650.0 17.941336165933773 0.006657497829836692
2655.0 17.97337247736989 -0.00478193548840869
2660.0 17.959304330945063 0.0002830314437580976
2665.0 17.964103422302383 0.01162065996533523
2670.0 17.958957061641904 -0.010011851939477234
2675.0 18.069799774639804 0.007449028909935774
2680.0 18.069754411246684 0.00042981697027655525
2685.0 18.012788261661672 0.006597174563315072
2690.0 18.00823457695604 -0.002390707113928926
2695.0 17.991847866568797 -0.008315284582799573
2700.0 17.99280017892108 -0.01794574676006502
2705.0 17.98483442523078 -0.0003253139861719376
2710.0 17.956535613338442 -0.024946805540282505
2715.0 18.00152471367217 -0.01080837198436979
2720.0 18.040094925545066 -0.006810387838851331
2725.0 18.035698391247138 0.005108048210968005
2730.0 17.97044802357292 -0.006440947259906435
2735.0 17.93757099107904 0.007672247101876423
2740.0 17.83398458717725 0.00477248889938327
2745.0 17.85966552967872 0.0006382719629686199
2750.0 17.89502176119686 0.005944727978395056
2755.0 17.871030829591763 0.007589373086174463
2760.0 17.837963622907246 0.0060135105919113
2765.0 17.82956769060025 0.019897017204260598
2770.0 17.762766321781324 -0.005645784739506086
2775.0 17.833411372749335 0.012088802185006778
2780.0 17.80232930882363 -0.0013315731041024595
2785.0 17.84004979316762 0.013794722056336669
2790.0 17.892931869599405 0.01741185833825904
2795.0 17.857402161493837 0.006599974028812635
2800.0 17.912495842723697 0.016598411127325935
2805.0 17.916307875073684 0.020164022601897626
2810.0 17.862799098268315 0.02218948910829464
2815.0 17.85652637346364 0.004132428801293068
2820.0 17.90431693050587 0.0032752886849351705
2825.0 17.89687745596859 -0.0021462598109540814
2830.0 17.97198991303412 -0.014931616098245438
2835.0 17.94381871872462 -0.00991037863198943
2840.0 17.95376154578441 0.008833924677038434
2845.0 17.95971948377858 0.0021030730256729004
2850.0 17.96549477638926 0.009121518213532017
2855.0 17.911420980001928 -0.016552558080150614
2860.0 17.882246409998896 -0.005999658522344348
2865.0 17.861990825994848 0.00762256799178245
2870.0 17.7818966123344 -0.0062624463842511505
2875.0 17.74286507481994 -0.02800667563529361
2880.0 17.790133284583035 -0.00957740116041018
2885.0 17.757828786006918 0.013811933472565664
2890.0 17.816393959818793 -0.020703190035658157
2895.0 17.879562503081697 -0.0031016820958501496
2900.0 17.80282520544969 0.0016645908930013555
2905.0 17.864868341841923 0.008850843934611689
2910.0 17.804026551037087 0.005590870006774781
2915.0 17.87159706669829 0.007299550637906814
2920.0 17.820477027967318 -0.012379890319287198
2925.0 18.011273362268177 0.004550351783108929
2930.0 18.03864132990852 0.001795866570014361
2935.0 18.042595511720396 0.016068548123551886
2940.0 18.097471015944336 0.005206501165683846
2945.0 18.141449505833094 0.010892027355546008
2950.0 18.164016243670545 0.00675444624094838
2955.0 18.106503931097688 -0.010436346494352435
2960.0 18.17142465048573 0.023409980565998727
2965.0 18.182408938875874 0.010825332521450308
2970.0 18.18553886913922 0.002424671214304688
2975.0 18.196481675761973 -0.0028213398140562464
2980.0 18.270682337210356 -0.015524900151579597
2985.0 18.26315996398343 -0.0007048336127047152
2990.0 18.290516159283495 0.005627066111911367
2995.0 18.201129619375802 0.0008161937425165401
3000.0 18.101013177499055 -0.0025523376199994845
3005.0 18.118805063071576 0.023623563576398485
3010.0 18.07727587992304 0.0011172483838004371
3015.0 18.099824367194444 0.004142192054361168
3020.0 18.026937124202753 -0.004171545851335908
3025.0 18.056392474597153 0.015761237566594217
3030.0 18.02161743893765 -0.0004360944980127582
3035.0 18.034371121665135 0.0017642055780051542
3040.0 18.00212917362027 0.006681919722182583
3045.0 17.88612014395864 0.02077374153522022
3050.0 17.880693564164968 0.006893356462645662
3055.0 17.865193517890436 -0.02267287643921067
3060.0 17.865443748066504 0.009255875353186897
3065.0 17.78790397993636 -0.02740186834479687
3070.0 17.84169313087474 0.001345500614555634
3075.0 17.828847165358518 0.012561266646136243
3080.0 17.86473636643317 -0.013812003323455939
3085.0 17.868751199399284 0.0024428154408030374
3090.0 17.8605905283413 -0.0025722512706490915
3095.0 17.816278314950164 -0.002065191050582588
3100.0 17.80998634153011 0.006429527697531102
3105.0 17.78718996110334 -0.0014641747085332188
3110.0 17.793401116832474 0.005760149764992438
3115.0 17.856239385156293 0.018074840501392422
3120.0 17.8863127290115 0.005441887285011346
3125.0 17.887068035569765 0.006688231352732648
3130.0 17.89725870888274 0.014795842508960495
3135.0 17.900747355095177 0.011784559334967042
3140.0 17.87395038137504 -0.007435676618999353
3145.0 17.9101968175292 0.0037296021334591468
3150.0 17.85075637389095 0.009121438956737577
3155.0 17.85354901909157 0.01471007589802193
3160.0 17.845671373208543 0.0026481318381132908
3165.0 17.879727576243262 -0.0005875879440264397
3170.0 17.94733350530908 8.132223256514677e-05
3175.0 17.93554868254051 0.005557661976045419
3180.0 17.893959842911627 -0.007976972969800194
3185.0 17.860640606553964 -0.010877355577730239
3190.0 17.892496241968153 -0.006937447851194148
3195.0 17.979303545357745 -0.0009419200823984078
3200.0 17.990403991778674 0.005669512142579637
3205.0 17.9561057765025 -0.013754062827639846
3210.0 18.012518618270914 0.003220047345297697
3215.0 18.090130188988457 0.001099937663477335
3220.0 18.135212695475893 0.012145506542371587
3225.0 18.10832258287715 -0.005180547608107849
3230.0 18.131225012480193 -0.03034231920230057
3235.0 18.18227162148098 0.00729010401048374
3240.0 18.109641909176066 -0.026724879900108446
3245.0 18.055822453634217 0.013597006950483354
3250.0 18.13146936374841 0.009752846552510862
3255.0 18.081109551656173 -0.0031272692486912293
3260.0 18.1745412511641 0.010182247790187995
3265.0 18.164146344088177 -0.008636253777894443
3270.0 18.169481279561474 -0.01924276496806981
3275.0 18.14621292276576 -0.00038273044875203544
3280.0 18.128517292653058 -0.0018012698783380376
3285.0 18.10850075870188 0.01019854848332157
3290.0 18.134295471950512 0.005755473340762709
3295.0 18.11264429353982 0.005017111459852377
3300.0 18.14165264259685 0.006440464741033067
3305.0 18.088601532422434 -0.012725479350654679
3310.0 18.08917702345971 0.0009934821298239586
3315.0 18.137929349253167 -0.002547960962440175
3320.0 18.14347100488513 0.010284972271886614
3325.0 18.076407394903864 -0.007842157640461384
3330.0 18.086487782977237 0.0014520364003790943
3335.0 18.08254768150882 0.002412296519279783
3340.0 18.052062066714893 -0.00719012717770153
3345.0 18.128468464475038 -0.013012950033021642
3350.0 18.131002150692513 0.002866255627237722
3355.0 18.083005812726707 0.01462595189588118
3360.0 18.04594548325675 -0.0035158784960314495
3365.0 18.02218645083446 -0.0011494479079373926
3370.0 18.036612751040135 -0.013974516889966867
3375.0 18.03551923765051 0.011994377068025967
3380.0 17.978557083573644 -0.004984489544949131
3385.0 18.00680602257207 -0.0115240704935216
3390.0 18.045725026937685 -0.0037447969810784384
3395.0 18.136080425515214 0.00968673954497848
3400.0 18.097995742170315 -0.01238753617826097
3405.0 18.106453618692665 -0.008569186727153575
3410.0 18.120432407281115 0.003519985987986594
3415.0 18.072595695947566 0.009128043881929766
3420.0 17.995116149210453 -0.012425097237108391
3425.0 18.024924295195976 0.001246209330253132
3430.0 18.04665361976137 -0.00489983559776479
3435.0 18.065011433199803 -0.008463837500440507
3440.0 18.03360276733789 -0.0021460533929000747
3445.0 17.993108232116555 -0.02501992845160846
3450.0 18.06576964314983 -0.00496939604809036
3455.0 18.047374552627293 -0.01018216517204142
3460.0 17.99303641887732 -0.01216899349411681
3465.0 18.04270443497764 -0.008209080472919293
3470.0 18.111892269482627 -0.0012013784201453947
3475.0 18.121684262320123 -0.01760532335282425
3480.0 18.167684801771447 -0.0016572631326904033
3485.0 18.13281087259134 0.0018935962030268588
3490.0 18.108093195878226 0.0019518083334652825
3495.0 18.073582296528716 -0.0019260465593456282
3500.0 18.122684897997125 0.014683681170531253
3505.0 17.966516611902286 0.018457398814907197
3510.0 18.018619767284292 0.012367017327649577
3515.0 18.049153964124585 -0.006613509269203905
3520.0 17.968531072539495 -0.005522974604363883
3525.0 17.970355159554554 0.01478602818339723
3530.0 17.861308492183536 -0.008863024140925603
3535.0 18.003173425718767 -0.013418418618599014
3540.0 18.07115670588791 -0.007406668817543562
3545.0 18.136021106532965 0.012905379757271023
3550.0 18.169671865431166 0.005085173135210586
3555.0 18.154216442913555 -0.009242634776812425
3560.0 18.108435645786592 -0.005555937553475789
3565.0 18.134978142020103 -0.0013292712407724997
3570.0 18.12815018372235 -0.015898434508729038
3575.0 18.164957516070913 -0.009178102768861631
3580.0 18.164008338693 0.003858145073107825
3585.0 18.18192442402327 -0.013468152700812428
3590.0 18.14026847966165 -0.01809633129599674
3595.0 18.180187078824087 -0.016097175349815415
3600.0 18.14173850099595 -0.006915622880708567
3605.0 18.233786472148793 0.0058365603846660275
3610.0 18.248274587785676 0.0017227846259324573
3615.0 18.21863977228344 -0.00010203381308038941
3620.0 18.18562861221227 0.011264146463420097
3625.0 18.088699750699377 0.014563556899078779
3630.0 18.01617123285464 0.0015643090866259402
3635.0 18.067736499534288 0.00694953043250379
3640.0 18.07125720957652 0.014291949084972992
3645.0 18.02607869611948 -0.005194209973133905
3650.0 18.12391327628957 0.01217475462891582
3655.0 18.084588034417955 -0.0064544416683493
3660.0 18.093395480028327 0.006051733445304515
3665.0 18.121158548913392 -0.0003371925152366467
3670.0 18.1446495093577 0.007851859285103738
3675.0 18.184198851048375 0.004212432118652584
3680.0 18.210911039508773 0.00031730401143111297
3685.0 18.251983579658354 -0.007080581115630157
3690.0 18.216329196064653 -0.008158007326236099
3695.0 18.189661405356777 -0.006801674923661536
3700.0 18.179440925636886 0.009292439803757801
3705.0 18.182339542420987 0.015613233151009686
3710.0 18.226901529401758 0.009703171370512926
3715.0 18.145415242790335 0.004754127507430017
3720.0 18.15859284968675 -0.02068815038681778
3725.0 18.180000572389403 0.0042557826064345975
3730.0 18.15363901290617 0.016393379459090193
3735.0 18.120631108011235 0.006290163074126451
3740.0 18.089187301133247 0.009526602360755343
3745.0 18.096130520489613 -0.002495875465535307
3750.0 18.01935525022935 0.0015152355039763444
3755.0 17.975937785015752 0.01037010687201618
3760.0 17.988974751246637 -0.0012907112027289397
3765.0 17.95528184630095 -0.007600370772881837
3770.0 17.93116900717529 0.0026164157816576323
3775.0 17.87304621781066 0.015126048087901828
3780.0 17.947397228430155 0.006963857043486704
3785.0 17.96998178617188 0.00407177229315237
3790.0 18.01904103680728 0.018880768591597284
3795.0 18.022640667691483 0.003670245959004269
3800.0 17.985575875935837 0.004466133785250575
3805.0 18.012487222066518 0.006403310125803554
3810.0 18.014771735440345 -0.009668294826353764
3815.0 17.9206845857506 -0.007208074516674409
3820.0 17.90726114537462 0.0005122119376612656
3825.0 17.895481629241374 -0.017104719590635715
3830.0 17.900858392511864 0.006100145616047908
3835.0 17.871693641873126 0.0036868911638908448
3840.0 17.809014883209958 -0.008653537024864296
3845.0 17.83723974600153 0.0067676745120685
3850.0 17.93313689141493 -0.009926823458616995
3855.0 18.02420694124454 0.00668208460898091
3860.0 17.959975833448897 -0.005504854294909502
3865.0 17.974198049781545 -0.0037426472134677786
3870.0 18.035989246258904 0.010996933802581854
3875.0 17.954183461270475 -0.011308892125562875
3880.0 17.958523522494197 0.002262444514750287
3885.0 17.99155939788976 0.007957485324405681
3890.0 17.955422159184565 -0.009774404576161197
3895.0 18.00944219644143 0.012699936802749206
3900.0 18.006117665263517 0.005566545189631435
3905.0 18.030955358397105 0.0009959503057691047
3910.0 17.9551552612832 -0.012598911903615999
3915.0 17.931221121237943 -0.0041004939592604395
3920.0 17.939527320600597 0.002913963900321543
3925.0 17.927532613637652 -0.007598650716341202
3930.0 17.933717852000804 0.000410640947424446
3935.0 17.942896285513193 -0.0022335754644569974
3940.0 17.941286879835893 -0.0033248670462514346
3945.0 18.003176782027385 0.01674880994277344
3950.0 17.975076538866247 0.008674266808274407
3955.0 18.068822960243963 0.02383291157706855
3960.0 17.969166800895515 -0.020637352333636023
3965.0 18.073731346011968 0.016134228116090846
3970.0 18.057619595134106 -0.018584745260067356
3975.0 18.10121593115615 -0.0029307028437890576
3980.0 18.122381869642478 -0.0036403356944008387
3985.0 18.131541214353767 -0.0014062679416451185
3990.0 18.15072787362291 -0.0014645827678314135
3995.0 18.129443137457738 0.006097412021969177
