0.0 18.037815640707613 0.0069099855385214995
10.0 17.937887062581563 0.00404572574875304
20.0 17.900670587498674 0.004554339709389612
30.0 17.857447272097314 0.0010027188442396035
40.0 17.892444577938175 0.013252610048925252
50.0 17.871042877884584 -0.0021802557277012143
60.0 17.91892230289492 0.013484349138697171
70.0 17.939369945740353 0.002100973031874362
80.0 17.97110035769601 0.004300879001134103
90.0 17.97336286680523 0.0005091799846511386
100.0 17.972870862227417 -0.0004515046566960875
110.0 17.965863503687814 -0.008713609355021025
120.0 17.930838142218864 -0.003131935537353219
130.0 17.933452031542075 0.012020522541941093
140.0 17.9294096653682 -0.0059727016619042644
150.0 17.949831265087987 0.004588333705961936
160.0 17.8707847632795 -0.008125179997903005
170.0 17.841088432244536 0.018420247243681118
180.0 17.797989843911044 0.016734169467416554
190.0 17.853781348964887 -0.0028562118773661173
200.0 17.853474401460442 0.01388282147229864
210.0 17.94110224514948 0.0023232967101540413
220.0 17.898320679886233 0.007265223330995844
230.0 17.857124685073487 0.007560379929014375
240.0 17.916409483136647 -0.005205978454008303
250.0 17.945314454857325 0.00010242247710251848
260.0 17.864972943949663 -0.0144724465053931
270.0 17.898787881565294 0.005451226071865626
280.0 17.97442893670382 0.013209247180368453
290.0 18.02120569203876 -0.002568358669794322
300.0 18.04262651205458 0.013382579499883163
310.0 18.03257910536813 0.0016278559542922415
320.0 18.217936196716312 -0.013092733829648859
330.0 18.160583814939876 0.015220356682700956
340.0 18.08548199640231 0.007589211089968389
350.0 18.095960040804663 -0.015134020710351208
360.0 18.10895809451196 0.004198876652142811
370.0 18.015958017349192 -0.015696094234236287
380.0 17.967312839335918 0.009619513549444977
390.0 18.066799052864432 -0.018875046671990917
400.0 18.1222640010921 0.00445863935536606
410.0 18.107957858341734 0.012116250433966058
420.0 18.065233928090063 -0.014383540659411949
430.0 18.178868532986424 0.005786377875857003
440.0 18.10988456727922 -0.003063453007519173
450.0 18.14454861070438 -0.01267259239179342
460.0 18.238619824392973 -0.00633186119164471
470.0 18.15735864908966 0.005320105057797912
480.0 18.172790468147547 -0.00924474838571791
490.0 18.127687370439702 -0.006028795642138168
