0.0 17.75518732533433 -0.007909391944618
10.0 17.63516159433169 -0.009224128429351561
20.0 17.664543486828418 0.0005540327264378431
30.0 17.725481347865937 0.003297288185470782
40.0 17.753268894289537 0.0153940596317977
50.0 17.695582432482446 -0.005778954059700379
60.0 17.795903714627297 0.0059308154857512264
70.0 17.735189236941235 -0.00025627077914752803
80.0 17.844048923106957 0.005377860722110844
90.0 17.877774940471276 0.004398569990854379
100.0 17.927537585027387 0.0009395050406396654
110.0 17.984093807668568 -0.013008615335401564
120.0 17.97457380097958 -0.009972360352237806
130.0 17.975720929873898 0.0011898679343866532
140.0 17.848679808103135 -0.004896597645721
150.0 17.738801262570203 -0.011650216402673406
160.0 17.7102882051695 -0.009706364525593852
170.0 17.766605816286663 0.0037716373753454535
180.0 17.71633553173347 0.0008578263847250139
190.0 17.721112884671047 0.0022881409132855884
200.0 17.722034992267233 -0.0009807030997978055
210.0 17.678727019543704 0.004557111158384238
220.0 17.629100516369153 -0.007764937871316731
230.0 17.66211003913718 0.003681012478722563
240.0 17.785114963640837 0.02185888051201103
250.0 17.690496555710386 0.00852800489227218
260.0 17.726847888640606 -0.011805169259268151
270.0 17.72338655277421 0.009099471355925336
280.0 17.676338575952105 3.6325836513623623e-07
290.0 17.685017870521943 0.0013941498568967017
300.0 17.774501980071665 -0.003770681779688642
310.0 17.740397519018853 0.0072177166975577
320.0 17.775325796713155 0.018214599425770632
330.0 17.7143565085185 0.011750210411845305
340.0 17.67907304386828 0.005840740371038203
350.0 17.720122818748873 0.000983754029218042
360.0 17.64997369759582 -0.01428795365999351
370.0 17.740486885222293 0.003107547735082457
380.0 17.843845425433045 0.00506173168749695
390.0 17.917388663696357 -0.000821502013731524
400.0 17.92455037442823 0.003070695437692842
410.0 17.924307795959464 0.019402344848511104
420.0 17.908571472702754 0.014842261551172062
430.0 17.845854546644674 0.011866323311227283
440.0 17.802691073186004 0.012689276998397947
450.0 17.80846127520292 -0.0034308087754950757
460.0 17.923206898584272 -0.004873591279850096
470.0 17.986430304507383 0.003618388744523911
480.0 17.958252099496693 0.00798761965561849
490.0 18.039357835300905 0.0011814665094950294
500.0 18.062865018613987 0.0046637020939838585
510.0 18.0774952585364 0.009765190888804079
520.0 18.091219798028114 -0.01522010859514226
530.0 18.081395910782835 0.0068927019350760775
540.0 18.10660860582714 -0.007380141672413943
550.0 18.02315715914811 -0.0180348925871799
560.0 18.084589168762815 0.0010049436449259712
570.0 18.105352964585897 0.008066246267475761
580.0 18.080518467501328 -0.005689689227823531
590.0 18.06636248241841 -0.014929011574842981
600.0 18.05374564956258 0.008394834864190202
610.0 18.05362896732789 0.0020490169481634443
620.0 18.040599075814686 0.0031659454550959803
630.0 18.046262538966644 0.023739350902832905
640.0 17.96283678273291 0.0012205773046932184
650.0 17.884600150478125 -0.015872860330937277
660.0 17.85949326872085 -0.008887698727654046
670.0 17.899129163623613 0.011499258790657252
680.0 17.949610111454014 -0.013946789007091833
690.0 17.93647633865317 0.004703765708494106
700.0 17.837747931374913 -0.003363995854283781
710.0 17.84609895204239 -0.006603854371070617
720.0 17.829696510234587 0.004363389836113843
730.0 17.841124636281524 -0.0069338890554597
740.0 18.016001640694835 0.005978080588140004
750.0 17.995191467247086 0.004872586506832547
760.0 17.876862618316196 -0.006757076337214184
770.0 17.874416542458675 0.0034801940650219304
780.0 17.812465010879176 -0.012418926903950132
790.0 17.905136228874312 0.0025179054407721215
800.0 17.9894199297083 -4.036890233160005e-05
810.0 17.99280468546358 0.00556793735277658
820.0 17.950111350455703 -0.007745923548616377
830.0 17.903330336018342 -0.013691432237791401
840.0 17.909305406157365 0.010149569753844203
850.0 17.883668580272477 -0.004582922412007871
860.0 17.993366755288623 -0.0025996032973630225
870.0 18.00466063531877 0.007314221817593485
880.0 18.071601363934718 0.0004584594440383208
890.0 18.02781772403262 0.002144993404689299
900.0 18.040940478033587 0.009090622274469074
910.0 18.096018475492713 0.010578212548030257
920.0 18.023934346022845 0.016073676469635815
930.0 17.94524869789265 -0.01167568135797763
940.0 17.954423439042035 0.007515333171503444
950.0 18.03783514545779 0.012807251512721942
960.0 18.078957002699784 0.004750610555403819
970.0 18.04442882386453 -0.0017024048059252458
980.0 18.082742540519646 0.003746678059111243
990.0 18.090601283885025 0.014023964978464176
