0.0 17.972425758460552 0.013876068991366957
75.0 17.718515975533588 -0.007356773054002945
150.0 17.788387548102563 -0.007698344489338684
225.0 17.902069614804375 0.0078072601948525975
300.0 17.952535461708926 -0.02751094630187465
375.0 18.028452908628115 0.005802589419904942
450.0 17.975043028973023 0.01391694768652303
525.0 17.976157449449758 0.006242980843025593
600.0 18.122659405466006 -0.004889798855886566
675.0 18.008885250842926 -0.0014286581500121064
750.0 18.07957442347315 -0.004635967434153807
825.0 17.975128683417335 0.0025085877988109944
900.0 17.94710409645936 0.0007086045331872637
975.0 17.739413016802057 0.01073576674698473
1050.0 17.723037303526002 0.006059086407601914
1125.0 18.03500716440089 -0.0074262498553752864
1200.0 17.93557001694103 0.013770859629143647
1275.0 18.022843777385166 -0.0006899453827298083
1350.0 17.82000579610245 -0.013686578069375043
1425.0 17.800603678381822 -0.0071211142822334055
1500.0 17.944351420987143 0.0022656768683708885
1575.0 17.938290716803607 0.0017605696374628818
1650.0 17.95306376105498 -0.023793667155259848
1725.0 18.23791233588089 -0.002151472184625675
1800.0 18.211093616576257 -0.007061223538279976
1875.0 18.159265422302195 -0.007636945754240338
1950.0 18.102740962003505 0.009871097508960085
2025.0 17.78137271930594 -0.011110562404633569
2100.0 17.943266993959327 -0.01541161220069274
2175.0 17.966764051556588 -0.004116390280928802
2250.0 17.975531663087896 -0.008809052691326048
2325.0 18.089771626579164 0.003948953816071343
2400.0 18.077034735353244 -0.0012921341582790766
2475.0 17.970656728602517 1.628307886306248e-05
2550.0 18.062427746667087 0.006416993884188126
2625.0 17.934946236967654 -0.006104168683636082
2700.0 18.075124247903506 0.009054855486632823
2775.0 18.01284479655976 -0.00590405677185584
2850.0 17.870512989370056 0.0037135165913398894
2925.0 17.899710925376652 -0.001105227190177233
3000.0 18.101763734266985 0.004650941175022369
3075.0 18.05960709203393 -0.014888269134472682
3150.0 18.061107017091622 -0.00863787283401364
3225.0 18.074753896227573 0.01098205825728311
3300.0 17.89196042963512 0.023047914843224528
3375.0 18.012889454526785 -0.003107000541772883
3450.0 18.039899064502784 -0.012879837608423744
3525.0 18.010801973826528 0.0032383826011713242
3600.0 17.86402984277071 -0.017151707334423207
3675.0 17.979219947943765 -0.013836757272787268
3750.0 18.01298545175803 -0.005671125171163467
3825.0 18.219868792766437 0.003397289853878095
3900.0 18.03758247362518 -0.005430134037669518
3975.0 18.182156176548546 -0.015967708230572985
