0.0 17.815121862623894 0.006396269139635182
100.0 17.977146340055143 -0.019456371274662328
200.0 17.862281060864117 0.009705210005753478
300.0 17.922685661743778 0.0030511362405764375
400.0 17.993753968849912 -0.0007515555677524006
500.0 17.85926670377931 -0.007551215540952544
600.0 17.9090396219694 0.018828075433440488
700.0 18.044120669249978 0.004703440376877119
800.0 18.037160145035926 -0.003704455967420851
900.0 18.09760940368251 0.011278441100198001
1000.0 17.949174083991196 0.0008827788859570293
1100.0 17.752082461003365 0.0041321684553114425
1200.0 17.960408194574207 0.0014010650521077733
1300.0 17.804291021428238 -0.016970227352245487
1400.0 17.818932781779132 0.008917037651947414
1500.0 18.04863236913302 0.002155786342551876
1600.0 18.019908879622488 -0.007531389764055001
1700.0 17.974234343352386 0.00371152171113399
1800.0 17.950134186754966 -0.006852628095004947
1900.0 17.82213448006114 0.012256537129885484
2000.0 18.282244993165055 0.014210124286759742
2100.0 18.14118654904289 0.015281775270929875
2200.0 18.30381728957837 -0.004266997245246842
2300.0 17.762343097316528 -0.014238732778832123
2400.0 18.008844474292573 -0.0020446591489406145
2500.0 17.94934872573941 0.005109216581638183
2600.0 18.081272454332478 0.00568783793830095
2700.0 18.025841168411468 -0.010613604128568195
2800.0 17.945125658494888 0.00964510736664728
2900.0 18.0275839505132 -0.009754782709309481
3000.0 18.042841084499653 0.0014942177463938369
3100.0 18.02855278366874 0.006196692446305558
3200.0 18.05468416218849 -0.005243571490273541
3300.0 17.960006764422946 -0.0128421287171519
3400.0 17.93618239460367 0.008717937433737518
3500.0 18.183655083846006 -0.004958782316476683
3600.0 17.76657246426985 0.003907712231178456
3700.0 17.725418546223167 -0.013248945698005754
3800.0 18.087679157792785 -0.0029054731680192448
3900.0 18.03239124604367 0.003298489002504183
