0.0 17.822325909936286 0.008024559641194046
100.0 18.165570404458126 -0.01258030096492965
200.0 18.184996525778747 0.002914597961261567
300.0 18.195933515954007 -0.0008175853897399842
400.0 18.093329547844437 4.730742748876242e-05
500.0 17.882399204126195 -0.004676461637136943
600.0 18.20202883887939 0.023572377506991135
700.0 18.034860356270595 -0.0033941000972708504
800.0 18.067122414474294 -0.005261427713383381
900.0 18.22154498480602 0.010756952761712076
1000.0 17.91556635354033 -0.017134869906278362
1100.0 17.91326965680845 -0.014695180961575991
1200.0 17.98184543827305 -0.0013818225958962288
1300.0 18.005746189223512 0.009905835605478542
1400.0 17.920978874911462 0.0046710910670556514
1500.0 18.078883589557634 0.0024641255906994613
1600.0 18.06825010155763 -0.002175252341899114
1700.0 18.204714201579225 -0.013638734408561774
1800.0 17.86483533417421 0.00415485309230168
1900.0 17.777257475173556 0.022196223787917645
2000.0 17.84934009740542 0.003477013928939124
2100.0 17.81986070829958 -0.004374572775195014
2200.0 17.885299228621793 0.001829260515155892
2300.0 17.90893443866313 -0.00135300322911423
2400.0 17.903960815135964 -0.005598901644866196
2500.0 17.81248130950308 0.012666108380426304
2600.0 17.83636795902679 -0.0116680741575967
2700.0 17.868980791770742 0.0077329478306347
2800.0 18.04469936906349 0.012265003102847314
2900.0 17.994976835349032 0.013828438135444057
3000.0 17.92719042660545 0.010457254401054475
3100.0 17.975267947220694 0.00023235411816114525
3200.0 17.719207154343124 0.006139540721550651
3300.0 17.697668854521556 0.010826984241216437
3400.0 17.697675965082414 0.020298412914002854
3500.0 17.899731256556585 -0.003641903762191825
3600.0 17.904447247117652 -0.005719130452943097
3700.0 18.09548295506404 -0.0007677078190522885
3800.0 18.03985590092998 0.007706368710847368
3900.0 18.13189217735228 0.0020446696505934405
