0.0 17.716813962353164 -0.0032736194990265954
10.0 17.61078456372178 -0.017687122096679504
20.0 17.712307246780956 -0.006992968463974182
30.0 17.74188596663201 -0.0009255147325506637
40.0 17.70360946931745 -0.017325208947081273
50.0 17.759624996571333 0.004505137922067496
60.0 17.69814712101453 0.007827825770661604
70.0 17.790478943887873 0.003842577536512128
80.0 17.79684256165657 -0.0018995348317834744
90.0 17.86855810473669 -0.0067821124613977
100.0 17.802486716266493 -0.002101758588552765
110.0 17.833655073135127 -0.008620815817017166
120.0 17.715759719220948 -0.0008433972626313666
130.0 17.771101541089486 0.002426655454893118
140.0 17.839670614383266 0.005196266955637973
150.0 17.778132525171305 -0.010463503967826438
160.0 17.854486704610792 0.01964884471963139
170.0 17.848873912105223 0.00351948867040251
180.0 17.86475940105681 0.006413273548806473
190.0 17.809438710126795 -0.008943230374854947
200.0 17.79881460134006 -0.006469759789584849
210.0 17.82024936970534 -0.00012565255909161954
220.0 17.88092692339813 -0.025371601030175894
230.0 17.901317108477237 0.022718653621725978
240.0 17.857507855424 0.013088591500863033
250.0 17.815331266382447 0.018693105066452255
260.0 17.781479549375064 0.0009106580256373194
270.0 17.903577426177616 0.013674377447101092
280.0 17.913140624219746 0.007130489743683538
290.0 17.791638034235426 0.007895333234646577
300.0 17.84393361294688 -0.0067849738559900355
310.0 17.895868078655372 -0.005890999360440279
320.0 17.97796482281112 -0.008250916427633249
330.0 17.970952410747135 0.02037133330905408
340.0 17.925906823518726 0.0006705050928631569
350.0 17.935288152625215 0.0024138454337545305
360.0 18.04035281724776 -0.009848490343429895
370.0 18.039545769132555 -0.00949169564071268
380.0 18.04728533172887 0.0012368178296778205
390.0 17.981618790116208 0.008788361492741575
400.0 17.96438349902153 0.007460587392438395
410.0 17.850901207670663 -0.014107555432399102
420.0 17.907023448448072 -0.00032048338359445214
430.0 17.907582337311137 -0.00052275102643309
440.0 17.944044319031903 0.0059832129433628235
450.0 17.90099733593965 -0.016821128585461968
460.0 17.930730313158712 0.0006928823007894721
470.0 17.94063456956105 0.014167178524823906
480.0 17.92332004507559 0.0014648399073660587
490.0 17.939115312948406 -0.014215942256865078
500.0 18.109796853670897 0.0017935650897535824
510.0 18.094364578611252 0.0002167148601908867
520.0 18.048367704836327 -0.008129346443130856
530.0 18.181408074136424 0.020920148939053758
540.0 18.1689191491047 0.000674574980669113
550.0 18.249262928655217 0.0063472022884135375
560.0 18.304884444856107 0.002784583846254413
570.0 18.227838893744412 -0.0026137243362984873
580.0 18.266169753689073 -0.0024150529621600305
590.0 18.308741512442868 0.00010856069915942247
600.0 18.307277713634697 -0.0025949614933393635
610.0 18.354862967905934 0.01685290167051735
620.0 18.34526483560387 0.005009763270000377
630.0 18.181185659931547 -0.0004943379808744768
640.0 18.178271999003883 0.020000680210948252
650.0 18.05132337790532 -0.011948552335757364
660.0 18.01802639014898 -0.0048079005571790906
670.0 18.0896919751667 -0.007044216015063243
680.0 18.14291452318105 -0.011030777690981777
690.0 18.10846998476697 -0.021225993662672634
700.0 18.078805636982374 -0.008223716359662774
710.0 18.146180970954443 0.01253239463650044
720.0 17.992317778524512 -0.012411391218168134
730.0 17.989780698389396 0.009116241974792974
740.0 18.002923439357193 0.012322038057024623
750.0 17.940250805916516 -0.011394640446314672
760.0 18.013337209734537 -0.018590850778279263
770.0 18.059983398607592 0.011491487813550257
780.0 17.993751421432286 -0.004534517770859277
790.0 18.02542613170202 -0.0015976107202412305
800.0 18.012647241752678 0.009942658926231217
810.0 17.874969659760318 0.0012175505990066685
820.0 17.857137181099386 0.005718218633216621
830.0 17.898518084307202 0.020652721144522292
840.0 17.86321792409356 0.009683792203156627
850.0 17.925411237199537 0.007876405744688475
860.0 18.02522121236052 -0.0032948596818930947
870.0 18.012256176166833 -0.02385462321311384
880.0 17.979431923695234 0.0022762166917688603
890.0 17.931869884944952 0.0022793521068684274
900.0 18.051361449318847 -0.001536830558787297
910.0 17.992587444436726 -0.012407528709258535
920.0 17.976472981044363 0.0034313064916485763
930.0 17.948242782619673 -0.017962962473910774
940.0 17.96223106603482 0.01203332379889577
950.0 17.938162048476034 -0.0058358454912547045
960.0 17.935265977083326 -0.014664874688574572
970.0 17.982302146439103 -0.004482673062408816
980.0 17.9575116999371 -0.021972824825926184
990.0 17.974381701652188 0.006100787818997948
