0.0 18.150356558206415 -0.0014789953277778818
5.0 18.135927697084917 0.014614968916933164
10.0 18.11643083601415 0.004266001778934195
15.0 18.099165857915228 -0.0036185506552379974
20.0 18.151775225112786 0.008746113505330251
25.0 18.11698423171214 -0.0049048307530563055
30.0 18.145329585757583 -0.009687782664566961
35.0 18.112363357071796 -0.006727700609162154
40.0 18.222272637378126 0.005688584204322976
45.0 18.20667742646134 -0.005583118624250749
50.0 18.174428810708164 0.008970092679963402
55.0 18.18817671784426 0.0008239306508894742
60.0 18.24311324548854 0.015860886455911702
65.0 18.263732634789132 -0.006131979173114079
70.0 18.259521569415337 0.006502586279017913
75.0 18.254191769075724 -0.005943312001713452
80.0 18.241668299693963 0.008168921938895218
85.0 18.20601356672284 0.008328239234103554
90.0 18.15457118791456 -0.003936983428149972
95.0 18.115444057750015 0.003911631945500503
100.0 18.115174741222713 0.006465488952362032
105.0 18.072432227869797 0.009949423993679561
110.0 18.007974549483965 0.0054863840849917935
115.0 18.00129596675039 0.005398179711601898
120.0 17.94445424196438 0.013212907269109411
125.0 17.93885350388965 -0.010454096858408384
130.0 17.958211867078692 -0.00172365301032911
135.0 17.976067117910365 -0.001285587909462605
140.0 17.912221606035164 -0.0007967859214546857
145.0 17.977418337166753 0.0008710910939432084
150.0 18.0401773693644 0.0006326914201936397
155.0 18.001051618265546 0.0025063362640031727
160.0 18.097007071471417 0.0019189139868667302
165.0 18.04731681367289 0.0037844157957831327
170.0 18.050940291760863 0.00024614808888020887
175.0 18.014335134825192 -0.016931408794506917
180.0 17.985841229727964 -0.004637441032797057
185.0 17.964804952767796 -0.007414698943167315
190.0 17.95191148896466 0.011797459391727905
195.0 18.02473021848268 0.011996478028400887
200.0 18.104504638726244 -0.00564356888533476
205.0 18.025768550657464 -0.0012289844423793172
210.0 18.004774490605016 0.0058081011845593205
215.0 17.955744854871046 -0.01871443095698801
220.0 18.047290281571335 -0.010653702807174351
225.0 18.08534988346636 0.007407487370736245
230.0 18.025103085384433 -0.01975328036636794
235.0 18.011885864003133 0.009984662176053056
240.0 17.992056347469532 -0.007404876595461017
245.0 18.03757732034448 0.007334904873016219
250.0 17.980470423710067 -0.022768615322123823
255.0 17.989412852404268 -0.002418141115561023
260.0 17.981562982223657 -0.011592780915407573
265.0 18.04524703067788 0.010571733361241724
270.0 17.982286943127466 0.006088273375210841
275.0 17.98795668551339 0.012023133078760285
280.0 17.94122371238877 -0.0005470918766044599
285.0 18.02860492305876 0.0033661203652371745
290.0 18.026192554796154 0.007655769072643074
295.0 17.969020240081083 0.012208150273355556
300.0 17.987972130237033 0.00046838460569515394
305.0 17.981113290149644 0.007438743843966986
310.0 17.955090905396233 0.017716196217152626
315.0 17.868908192113313 -0.005064219438840417
320.0 17.912258506146788 0.0116284758681778
325.0 17.942244764499634 0.008384650579871545
330.0 17.871343453207384 -0.006198994903801336
335.0 17.849104048062962 0.016540003841070273
340.0 17.879465995973508 0.000884387942518996
345.0 17.88149852091381 -0.013200304263091794
350.0 17.836296059378196 0.00030165430988682697
355.0 17.800624419307194 0.005932072072964248
360.0 17.805415765799495 0.0026483866595509923
365.0 17.771146974772453 0.005728165995290118
370.0 17.716294800142055 0.0018188379973851033
375.0 17.78783501316536 0.004694855111319932
380.0 17.7897305736252 0.0016561131328450766
385.0 17.8109609062175 -0.018372588082303694
390.0 17.88152482836477 -0.00900496989622276
395.0 17.8290777723517 0.012751857918175982
400.0 17.83237587406906 -0.01015693601016982
405.0 17.887488660953636 0.0029020101264279107
410.0 17.84346348979242 0.004976984969663136
415.0 17.85318331581451 0.004218895797145644
420.0 17.827030219985055 -0.016809458438510026
425.0 17.839457759110154 0.011373237063195388
430.0 17.78142712192096 -0.0036339658701087575
435.0 17.890094397031433 0.0032187001091518444
440.0 17.85287118052442 -0.004617028652931996
445.0 17.907293277639333 -0.011646848428924063
450.0 17.89541710736403 -0.001160532005654964
455.0 17.94334843619127 0.0010894929880139932
460.0 17.916675609790563 0.010895088422576818
465.0 17.899525145644404 -0.0220354730777451
470.0 17.96043840170802 -0.005878109509205682
475.0 17.90762422960448 -0.0005950287192364791
480.0 17.789788470622707 -0.0032164265934571464
485.0 17.880107081305468 0.0005314551626558297
490.0 17.826320063925426 -0.00936223099793251
495.0 17.903589662773303 -0.011480201455225847
500.0 17.888084546509514 -0.0031507809293592833
505.0 17.83870905312132 -0.01112002437846029
510.0 17.852438340763086 0.006360131614608639
515.0 17.868183168226835 -0.005417585323340693
520.0 17.93327193351663 0.020168745762580282
525.0 17.881446403914307 -0.010178916899152535
530.0 17.863556560794144 -0.002931799028101558
535.0 17.817335903734048 -6.159394786505754e-05
540.0 17.7757427529188 0.0061711268519793186
545.0 17.798972310052385 0.008990889085504869
550.0 17.78065300352486 0.0010032886389801335
555.0 17.810672474950326 0.016369645313180962
560.0 17.875753233762055 -0.011673129635905093
565.0 17.784591295394275 -0.00857433809712518
570.0 17.791997952861113 0.0008283373661542625
575.0 17.842369823151266 0.019245529263382296
580.0 17.798510707443878 -0.015504131665938087
585.0 17.76428898743927 0.0009991704511729364
590.0 17.779924447771933 -0.006649329055111623
595.0 17.81949846773153 -0.000687018752539698
600.0 17.811876997465916 0.0027863372766096014
605.0 17.83148695822433 0.0018796443163098784
610.0 17.8118025582425 0.004754119564231285
615.0 17.85852428752126 0.01285886541412811
620.0 17.88928840976013 -0.0016019673401944563
625.0 17.89838526269852 0.0063816987211673505
630.0 17.852360781624267 -0.0021224845091384966
635.0 17.89705345440666 -0.007634792911881937
640.0 17.97443136858537 0.0008555193259014067
645.0 18.04092915385259 -0.014526641076556228
650.0 18.06388719314648 -0.009549203172698585
655.0 18.04382957558149 -0.002848159788154697
660.0 18.071593052651732 0.006955966097360593
665.0 17.995603790953332 0.0052897092874403
670.0 17.98912284751882 -0.011816531221069388
675.0 18.069420700913643 0.00069080339303858
680.0 18.067772457094776 0.0013669064619586783
685.0 18.074760699915235 0.011198236671222175
690.0 18.086388394931323 0.004701883381146348
695.0 18.06904866915352 -0.023141121842690866
700.0 18.121254667317952 0.01603116604097792
705.0 18.06849401657119 -0.005112386726024575
710.0 18.023380336649957 -0.008479853889255509
715.0 18.01937472263911 -0.003105842640269627
720.0 17.992024572986494 -0.0006058550009287372
725.0 17.99904899896884 -0.003174470002185924
730.0 18.03108636464908 0.010282993511054099
735.0 18.02021453132821 -0.0117090928587687
740.0 18.017575826241323 0.011120909197729751
745.0 17.89771706081288 0.004781785914865955
750.0 17.9812544388998 0.011951617719645207
755.0 17.97792074440744 -0.010423014341052545
760.0 17.9422313892463 0.0013421232911940187
765.0 17.94021723146875 -0.004436746820494959
770.0 17.92743152088142 -0.004298054255861465
775.0 17.99983102787864 -0.00501730218943303
780.0 18.043757914518796 0.009355672848232686
785.0 18.092300727946576 0.014027589367037739
790.0 18.074983694790582 0.007427707387055294
795.0 18.029162260204554 0.010452639519479756
800.0 18.094636801783594 -0.002111833496001151
805.0 18.08501333542754 -0.003604701485792043
810.0 18.06251158197096 -0.005718883893899816
815.0 18.050168734851606 0.005631920609686212
820.0 18.038472133405097 0.0075314702927181485
825.0 17.92590982303675 -0.006250627986739873
830.0 17.971022689983304 -0.010188499149607406
835.0 18.04250127252498 0.004218991866393572
840.0 18.079024933876042 -0.007313182567883103
845.0 18.173677249091337 -0.01050387435932515
850.0 18.120105623350618 0.006596596057652964
855.0 18.08859347381541 -0.007274628343783439
860.0 18.124212170398195 -0.010219140251174048
865.0 18.227126289294887 0.02022470420922451
870.0 18.137004204505914 0.01685491386361262
875.0 18.177890259792076 -0.009047857415771535
880.0 18.226957262764895 0.0027615962768848252
885.0 18.262358747560743 0.007048508131262439
890.0 18.220467230386454 0.01212023654863553
895.0 18.254319175509217 -0.0025593600582302914
900.0 18.2700879217643 0.010890851067449038
905.0 18.322055998545963 -0.003856757129130549
910.0 18.289987897045794 -0.0023721391974763704
915.0 18.325087586910456 0.010062598811843924
920.0 18.269286862241483 -0.00601924773424862
925.0 18.27032565108864 0.015439064459408125
930.0 18.24019767614985 -0.009272323173589015
935.0 18.25600571518974 0.005961508062651978
940.0 18.19137441970633 0.01713999488689728
945.0 18.146967048368875 -0.009378810851945994
950.0 18.18703979066891 0.004329337325391485
955.0 18.16920272051356 5.048920142524746e-05
960.0 18.162865990517563 -0.01388378117561821
965.0 18.133700302780348 -0.003153061257593669
970.0 18.077458445327377 -0.01801825321071472
975.0 18.148585912761114 0.005473257751070549
980.0 18.20366376711001 -0.007636335319741915
985.0 18.196542057700444 0.012547706927123169
990.0 18.169423965422162 -0.02019239317159422
995.0 18.130125961953404 -0.0008609577689957931
1000.0 18.108492143690412 -0.013867709716330397
1005.0 18.098652989044805 0.002482919970865567
1010.0 18.04795484009358 0.010263868956463092
1015.0 18.0108623798866 0.004562507262423575
1020.0 17.98883406619085 -0.0035792439228943635
1025.0 17.956457614632924 0.004510930159647734
1030.0 17.984857306267617 0.012620933416095588
1035.0 17.954630801155158 0.01730828489283145
1040.0 17.983309090039512 0.001231306132984406
1045.0 17.96734979000273 -0.0035365392402891918
1050.0 18.006075277106095 0.010044977355983873
1055.0 17.946377483877058 0.007653860338914953
1060.0 17.88526678368217 0.0036752284184098432
1065.0 17.909693608001934 0.014671561219348204
1070.0 17.935710735097715 0.002515448474310364
1075.0 17.940693097308937 0.00036064623322337806
1080.0 17.94101685732531 0.0021380879833908877
1085.0 17.941378438296585 0.00750752951880176
1090.0 17.85712222775607 -0.025325006095773678
1095.0 17.846335551656548 -0.00029986377289111763
1100.0 17.878837619455897 -0.009736605274056828
1105.0 17.881252373981997 -0.005615820171807609
1110.0 17.889061118746557 0.00484159126359318
1115.0 17.810386348377914 0.0003655882513373093
1120.0 17.867793463814255 -0.0003056173060345339
1125.0 17.94612874249525 -0.006995133535128181
1130.0 18.0127432273886 0.0011403035426702163
1135.0 18.039896079163338 0.017545040545878233
1140.0 18.030123960901975 0.005594801974800365
1145.0 18.001019076190865 0.0005974030268882376
1150.0 17.926517459535454 -0.019488645160867252
1155.0 17.87615079936464 -0.01007509255327992
1160.0 17.8786704731141 0.0013871496340275439
1165.0 17.857381143442833 -0.013147183169528474
1170.0 17.83080847694154 0.0048897357818647085
1175.0 17.892770399295813 -0.009977886467287518
1180.0 17.840883634796413 -0.0013228958138127847
1185.0 17.898166288862182 0.007564797018120676
1190.0 17.868091286078858 -0.004721203264726869
1195.0 17.796426306248694 0.010568932702510596
1200.0 17.80175314717478 -0.006334853645369099
1205.0 17.84458457697279 -0.010064153477420866
1210.0 17.88762423797725 -0.009200645919816576
1215.0 17.944231126593646 -0.004859475067636452
1220.0 17.968064038713297 -0.0035635053038419046
1225.0 17.91907350324127 0.008009481790486224
1230.0 17.872586023373763 0.0042865545290362815
1235.0 17.833994967849804 0.014298879636797457
1240.0 17.78067061654275 0.011715280858488252
1245.0 17.73539157727879 0.00047319552083632035
1250.0 17.7287965786552 0.0045904177681080635
1255.0 17.635908455697773 -0.018563422231856645
1260.0 17.596319936935092 0.004081024967000951
1265.0 17.62751507829693 -0.0024662043078671632
1270.0 17.606726685550235 -0.009081162902826848
1275.0 17.63911751107186 0.016700385813914677
1280.0 17.617569683419827 0.002168918067958315
1285.0 17.642950729906044 -0.014187183956744247
1290.0 17.677181111090803 0.009402972543581474
1295.0 17.67420153993964 -0.003152696439488309
1300.0 17.633410195914507 -0.002073074743159735
1305.0 17.64872585211285 -0.016072592653510936
1310.0 17.74841932875017 0.00794949617310908
1315.0 17.722318430174138 0.012872990024419578
1320.0 17.738611631944604 -0.003064974033900122
1325.0 17.723887313659983 -0.014369028218040461
1330.0 17.7009786576047 0.005603416377900517
1335.0 17.68617632960975 -0.0018306851925451945
1340.0 17.734750848995287 0.005374047165734705
1345.0 17.737768089774285 0.007161218629222803
1350.0 17.69543493531976 0.01392273740530044
1355.0 17.672550055197693 0.00014800541024833022
1360.0 17.617730828700854 0.007372837074152143
1365.0 17.645012294537906 -0.023487014958020327
1370.0 17.620858260509785 -0.0021309080152463636
1375.0 17.646448690126473 0.0013898907331754875
1380.0 17.654819085161137 0.008296443978585784
1385.0 17.699929713431246 0.004932046165145503
1390.0 17.644725729086673 -0.006933113893713476
1395.0 17.616186476435157 -0.016060877876002126
1400.0 17.618864528896147 0.003801966956674834
1405.0 17.616509431906408 -0.0071446206806218375
1410.0 17.699605336603874 0.0018705156134325677
1415.0 17.723112982877968 0.002989401541905975
1420.0 17.69637768939787 -0.006344156725154442
1425.0 17.749926840300677 -0.0005013385788651769
1430.0 17.687677771949218 0.01642868260502008
1435.0 17.677449983659145 0.00978771986505462
1440.0 17.714657602480173 -0.009202326646035888
1445.0 17.721667326725484 -0.0024339745448673893
1450.0 17.755799404709983 0.009463985430506298
1455.0 17.747825968394665 -0.013201004696814733
1460.0 17.872387368998748 0.00949809333614062
1465.0 17.880788986539265 -0.0161873762186024
1470.0 17.869090953412083 -0.007888594646312003
1475.0 17.912324071089564 0.007210785219971939
1480.0 17.930559769888504 0.007699683141136401
1485.0 17.93172552433721 -0.0014246508191535492
1490.0 17.929402816909175 0.0027925231071296943
1495.0 17.845991018011727 -0.015813304581019365
1500.0 17.89857507570051 -0.01005504907434681
1505.0 17.89428196542795 -0.01891116414939055
1510.0 17.891005898898133 0.009816072162525828
1515.0 17.874543840514857 0.004156804760702373
1520.0 17.816277942694736 -0.0011096877312932075
1525.0 17.792681760886786 -0.0022917075723708287
1530.0 17.798353176466232 -0.0025784477612131778
1535.0 17.697630644046274 -0.002498149899368518
1540.0 17.818719441590666 0.01113557276284715
1545.0 17.842091864180688 0.011480397833121648
1550.0 17.816589402885217 0.002732790921324762
1555.0 17.81306491300535 -0.0037173245092410223
1560.0 17.81543762717642 0.005156169957372779
1565.0 17.84461146342521 0.00874905766718565
1570.0 17.81869294496765 -0.011375955025793099
1575.0 17.89414670917096 -0.008194682154478185
1580.0 17.92075574313528 0.005527100925043783
1585.0 17.871680512924176 0.011875718747907
1590.0 17.866543070410962 0.0059597986107090195
1595.0 17.85628261759575 -0.02463413391732016
1600.0 17.931753189913614 0.008882587647304109
1605.0 17.91061223875801 -0.006222242853169496
1610.0 17.989237738277833 0.005899734354925562
1615.0 17.937416243948228 0.007428563934317174
1620.0 17.919439435780088 -0.016034641749720767
1625.0 17.93646942094691 0.014918517920592525
1630.0 17.854637006179495 -0.00852827749075551
1635.0 17.90379164472036 -0.008955427107666539
1640.0 17.84738969774696 -0.01816470426120272
1645.0 17.831105070550304 0.012036715753248314
1650.0 17.82647615557991 -0.00662161018315565
1655.0 17.816253486439756 0.003263040858377323
1660.0 17.806540519289538 0.010015784201334602
1665.0 17.762033425780537 -0.00973868373602491
1670.0 17.80865398513125 0.007815569744973319
1675.0 17.82967852675515 0.020758444129810476
1680.0 17.837219122671705 0.008982728461240663
1685.0 17.865892373846318 0.005968482389036621
1690.0 17.836251057055403 0.003602512794104244
1695.0 17.800347942132223 0.0023782554988085918
1700.0 17.742079226507958 0.010110460345302002
1705.0 17.718142242116134 -0.015330831510534817
1710.0 17.749565596798632 -0.010125190004725764
1715.0 17.75585266759897 0.006188496289320783
1720.0 17.80042456730849 0.005574404106554325
1725.0 17.81051180828484 0.004752801260771983
1730.0 17.76996283295312 0.008180276172692999
1735.0 17.786071916300298 -0.0059008804682244885
1740.0 17.88617344573538 0.005129139347100488
1745.0 17.92940051904257 0.002619078057704921
1750.0 17.968357996051594 0.007514814778724458
1755.0 17.94963964146339 -0.0036720825089197125
1760.0 17.967242961940556 -0.013872033687515162
1765.0 17.97701663294057 -0.0029857823749087423
1770.0 17.990776536332074 -0.007408865873360665
1775.0 18.05640793954885 -0.007158603053518112
1780.0 18.044080351868814 -0.010625174754895573
1785.0 18.022577138628126 -0.0068022314073686455
1790.0 18.057684939208105 -0.00959301770455995
1795.0 18.006042068291304 -0.011893814962251415
1800.0 18.0408654458644 -0.003936299424383833
1805.0 17.923307465583687 0.009506367606068033
1810.0 17.84964112536505 -0.0031065216201566783
1815.0 17.900897847672027 0.0018817768476183147
1820.0 17.859067847036282 0.011593071792752168
1825.0 17.83724924849146 0.010600743082792623
1830.0 17.80423501562445 -0.013854196736219458
1835.0 17.834584699357464 -0.007388321622343609
1840.0 17.87379672808141 -0.012470632750871355
1845.0 17.949886581295786 0.010316543305642294
1850.0 18.00487494727637 -0.010643022703140293
1855.0 18.013904546249922 -0.008167221944128236
1860.0 18.01869358690593 -0.01067499236071029
1865.0 18.066734834287043 0.008921328404621658
1870.0 18.08174074584633 0.013182263947341982
1875.0 18.064425403860582 0.0003217786857961183
1880.0 18.146308885911537 0.014792757813614646
1885.0 18.17441527881336 -0.014272194177913533
1890.0 18.220751212105192 -0.0019451973075647786
1895.0 18.21392541600967 -0.011882821113795974
1900.0 18.256783381643366 0.015364533711899922
1905.0 18.244887727769477 0.01568003227755522
1910.0 18.19056799600756 -0.00017739015795071366
1915.0 18.1019928394991 -0.012701452004219608
1920.0 18.10030803101199 -0.0058942062701735866
1925.0 18.078857021663904 0.011297139878651219
1930.0 18.041546990975775 -0.008572434584033981
1935.0 18.05241792197587 -0.008063749601102826
1940.0 18.0380906785342 0.011956544900218215
1945.0 18.009732972476115 0.011651884771736502
1950.0 17.933760290609968 -0.0025644906049286367
1955.0 18.039240482095092 -0.00934810116082346
1960.0 17.9973488240813 -0.009502732273005922
1965.0 18.004140113616156 -0.01102981787512174
1970.0 17.97124080970741 0.012317663318439644
1975.0 17.875569647829316 -0.009470626840761227
1980.0 17.889678850999175 0.00879280151206996
1985.0 17.923779629312445 0.004525665815658639
1990.0 17.903694079428217 0.00629640955149885
1995.0 17.97546216654779 -0.007185650902793523
2000.0 17.94359870348611 -0.002383649494864339
2005.0 17.94613762122861 0.004173213660262766
2010.0 17.942717265033174 0.002473235219491145
2015.0 17.936619735433368 0.02214908548447816
2020.0 17.96887848507024 0.013203856993363865
2025.0 17.967552030995503 -0.000740861582845048
2030.0 17.972632348764265 -0.005031661029255221
2035.0 18.02973592952174 0.018788123020844604
2040.0 17.997106484575514 0.0011348744659062983
2045.0 18.01605425994788 -0.0032506891177417584
2050.0 17.970044273966113 0.0008782358755504738
2055.0 17.976136160501596 0.00037912698594086804
2060.0 17.97998472784895 0.012505486953112988
2065.0 17.903617061810262 -0.01604272681178861
2070.0 17.98577673998527 0.006129144435551404
2075.0 17.95777052587394 -0.024984231803868776
2080.0 18.043269339976025 -0.006687643462049331
2085.0 17.998360951527676 -0.019907984737450098
2090.0 17.91086929900719 -0.009249934027507378
2095.0 17.8243802741178 0.004936648061844252
2100.0 17.957273457471516 -0.001016376369457792
2105.0 17.993596553005137 0.010397142637483522
2110.0 18.020021652911524 0.0039863617901119775
2115.0 18.03633818568994 0.010351832488972519
2120.0 18.032544574659862 -0.0085821421772889
2125.0 18.018221959000144 -0.001400440562768983
2130.0 18.00689530599265 0.01081828189632604
2135.0 17.93089985173769 -0.020367538899627353
2140.0 17.882197689438833 -0.0032445920438373176
2145.0 17.862095698732414 -0.0029407379699707466
2150.0 17.86290109175616 0.0008741446822421763
2155.0 17.894313210307722 0.004514068826003001
2160.0 17.859653453697366 -0.0060536760533678605
2165.0 17.855461385983297 -0.005487676392092065
2170.0 17.819707891308155 0.00021056530219329997
2175.0 17.836539952829963 -0.004012772059515128
2180.0 17.743853076756817 0.008183749845061726
2185.0 17.682551236545816 0.0012435992340098306
2190.0 17.636845359535013 -0.011042566227124573
2195.0 17.637300222169014 -0.008369746489149916
2200.0 17.750428404719397 0.0016965036409286463
2205.0 17.730008952719107 -0.015778122223450996
2210.0 17.749749410176527 0.01005199409458706
2215.0 17.723669998218625 0.0011853998985732177
2220.0 17.695378094355302 -0.0025311731262088488
2225.0 17.74253194582002 0.015654916352314804
2230.0 17.772981709530967 0.016317949160021775
2235.0 17.719350703848534 0.003756002548643395
2240.0 17.727242990576425 -0.012038632828210894
2245.0 17.76587713456353 -0.001230027498151152
2250.0 17.75132773184378 -0.005925924334108332
2255.0 17.772788104500677 -0.0027538447091669895
2260.0 17.768969460920534 -0.004105451110882863
2265.0 17.770088824831547 -0.021217617471436138
2270.0 17.80850363937873 -0.011117627884156305
2275.0 17.783935428891922 -0.009787371714440536
2280.0 17.774776405704348 0.0019099050291017544
2285.0 17.801033583694608 0.0076724025080585935
2290.0 17.844357086963143 0.00960606939502491
2295.0 17.742703948905074 -0.016244720230407086
2300.0 17.80743479046138 0.019759318576657463
2305.0 17.820662930827712 -0.009941411383048855
2310.0 17.84655696280234 0.015137106076771075
2315.0 17.8744915028053 -0.00013235981619392562
2320.0 17.95692561944039 -0.0012136202398859957
2325.0 17.984258213428024 -0.0035018427202881397
2330.0 18.02184166130628 0.011662538424605181
2335.0 17.980632914118594 0.0015772787232216964
2340.0 17.988281445116804 0.000215819081446829
2345.0 18.0445417984831 -0.0029696514678946885
2350.0 18.027855873170907 0.0175294526927705
2355.0 18.043798284147602 -0.002138179586967055
2360.0 18.060299661310555 0.008217467556302805
2365.0 17.977673973099126 -0.012411929733156983
2370.0 17.955548676979557 -0.003626140308228765
2375.0 17.954841128168887 0.0006928763129821604
2380.0 17.97719774855338 0.006033996603886561
2385.0 18.042509318661768 -0.010474696392500987
2390.0 17.99860709783107 -0.022777210697837176
2395.0 18.007546667769265 0.008688751806958047
2400.0 17.92325101614455 -0.021528679039350265
2405.0 18.003799221938124 0.017694207947018054
2410.0 17.992752964061175 0.000608739212749618
2415.0 18.043207184251642 0.007084465975789798
2420.0 18.05339911006737 -0.013660626872556434
2425.0 18.14124542880129 0.015447228509393467
2430.0 18.13039999359566 0.007275800870206501
2435.0 18.093231507654032 -0.014915888453576663
2440.0 18.087907740924685 0.0002171457703419918
2445.0 18.074888378508632 0.008143135854386562
2450.0 18.081683863284386 -0.006532422218313025
2455.0 18.02991976338799 -0.006225908755955357
2460.0 17.996517294485187 -0.01199590490181951
2465.0 17.96598757800709 -0.011181112525501897
2470.0 17.941549397163676 -0.0015379288885967032
2475.0 17.94602714074431 0.013104889875034338
2480.0 17.92172547475892 -0.005151284364384477
2485.0 17.931874715485854 -0.0005744802208438204
2490.0 17.92297002793395 0.0002695955003792531
2495.0 18.011208004389026 0.017698903925963672
2500.0 17.983865894476548 -0.004814030050134913
2505.0 18.01363554514343 -0.012592888951030652
2510.0 17.9425586627927 -0.00048568783537274065
2515.0 17.991634664363747 0.005192383863031334
2520.0 17.992715899105434 0.012264062977549417
2525.0 17.927041080175194 -0.00483015326913863
2530.0 17.937171839095072 0.008585281399280081
2535.0 18.033875289125564 0.018576517724773055
2540.0 18.012029377641817 -0.005760188113456376
2545.0 18.12804490416142 -0.0017698501964675522
2550.0 18.138208429890756 0.011758477857876655
2555.0 18.115945882378732 -0.002352733416322468
2560.0 18.152440389088483 0.004553461632430426
2565.0 18.11721929304544 -0.01476801332465313
2570.0 18.07585541450696 -0.007137470030354025
2575.0 18.036442652734305 -0.004316821464403438
2580.0 18.01452390582467 0.0020652361247438496
2585.0 18.08571242147779 -0.005793870289025734
2590.0 18.101515423058302 -0.030710564292364986
2595.0 18.178261152504117 0.009063906924039213
2600.0 18.110628276558796 0.01557656108505932
2605.0 18.09589177494438 -0.015649514585203944
2610.0 18.068950519645714 -0.0009315162062711457
2615.0 18.124195321896224 0.01235252920322272
2620.0 18.08506425127988 -0.003372761120304002
2625.0 18.111580343317353 -0.00534730361312725
2630.0 18.200177165748364 0.00019204939107089883
2635.0 18.216560707075754 0.004746754199034061
2640.0 18.104631535180918 0.0005507539921799177
2645.0 18.044752241222024 0.00022055587600585097
2650.0 18.005734616417225 -0.005911173045575786
2655.0 17.886980945789322 -0.00893849387287756
2660.0 17.826281561667333 -0.0035759395005225893
2665.0 17.903024957458623 -0.0015075464254495083
2670.0 17.946467008641694 0.00989752598713408
2675.0 17.91872239017611 -0.00401889913195101
2680.0 17.954053500701725 0.003976508486745579
2685.0 17.90386638426147 -0.0204533356080525
2690.0 17.858240885847746 -0.01639439497658699
2695.0 17.912437948352828 -0.0027581269664304136
2700.0 17.890930771135263 -0.004667139361011955
2705.0 17.881312354670587 -0.0013497312054488076
2710.0 17.853166623586755 -0.014784239008991987
2715.0 17.82382862649004 0.0054730425123290585
2720.0 17.77360098709565 -0.011787219716637558
2725.0 17.789252587511342 0.00983059975201858
2730.0 17.798589051960068 -0.0053031276048449835
2735.0 17.794117384525432 0.0022326643855758647
2740.0 17.803513769692835 -0.00965659336269102
2745.0 17.87661760827909 0.00019096362626731014
2750.0 17.865394146036213 0.012467939239956621
2755.0 17.855665982103538 -0.0011626162855659537
2760.0 17.930678421932623 0.01926591896183104
2765.0 17.829566143409846 -0.016600727739244484
2770.0 17.76717979210995 0.016265766000041367
2775.0 17.78956476381051 0.0023813691703397804
2780.0 17.804616590901883 0.009116814550424703
2785.0 17.791095664086495 -0.0004655449709871744
2790.0 17.84374758738335 0.00956239672133924
2795.0 17.904492813711148 0.00977178691454068
2800.0 17.89180353541937 -0.005063990656275028
2805.0 17.875656665649107 0.009085883324995065
2810.0 17.864679953415067 -0.013808998980236305
2815.0 17.939611778453603 0.019080200819284243
2820.0 17.945974405848354 0.01926951949841277
2825.0 17.950944968604002 -0.003279116702217298
2830.0 17.91296444747359 0.01963173018663354
2835.0 17.988989718068993 -0.0019564798066653176
2840.0 18.029238720936917 -0.00345653615398828
2845.0 18.09057678454187 -0.0005400832855600584
2850.0 18.13998053128249 -0.00888290396040707
2855.0 18.164325597086943 -0.00565604152065665
2860.0 18.149160886257675 0.007950934552845412
2865.0 18.16549107733199 0.0016532264383228858
2870.0 18.227946494178806 0.0030975416841424797
2875.0 18.253603508977328 0.004466062306302489
2880.0 18.17500646210511 -0.00491065899477726
2885.0 18.242432239015198 0.015113173896426581
2890.0 18.282079665926275 0.0035437879611554843
2895.0 18.28010876551173 0.007156178515004266
2900.0 18.269489986768484 -0.004672315262270827
2905.0 18.23455456752488 0.00526179848829916
2910.0 18.207060288225453 0.012489757239681806
2915.0 18.198740929724902 -0.00795349799558148
2920.0 18.234524130959393 0.018033932066322995
2925.0 18.212831163915876 0.016714140587756377
2930.0 18.19858312995058 -0.001967120269815108
2935.0 18.148793004548267 -0.01788290142128328
2940.0 18.143519877004724 0.009454624035234052
2945.0 18.087095898229013 2.0155007058441375e-05
2950.0 18.11859665586695 0.0011801150243581258
2955.0 18.12985765207526 -0.005607166158471519
2960.0 18.112653548623896 0.003087738196609991
2965.0 18.114828762169783 0.004716977126202156
2970.0 18.125306619791427 -0.0008409923742547926
2975.0 18.190067592430996 -0.0022496268754336516
2980.0 18.230762410435506 0.01162888395489963
2985.0 18.197312633013315 0.0020310197199243023
2990.0 18.176488804364595 -0.010361485078762549
2995.0 18.155224556892016 1.6590845782725945e-05
3000.0 18.1369541915436 0.008355040532276545
3005.0 18.142293402029598 0.00140516006675841
3010.0 18.108863832865154 -0.01104993141854276
3015.0 18.096206227485226 -0.005089106793319344
3020.0 18.1377591530038 -0.01222362311554098
3025.0 18.164516887849977 -0.0054064670415849845
3030.0 18.21710849231004 0.02018696371561886
3035.0 18.284502075525726 0.0054769169250110964
3040.0 18.241112974440618 -0.0003127644897037169
3045.0 18.192653729508578 -0.008067030937234253
3050.0 18.25417834360189 -0.016358562195002667
3055.0 18.26504486966447 -0.007214069129498857
3060.0 18.259298307218387 0.015650282862171277
3065.0 18.32180914818148 0.0067594008824783
3070.0 18.294365418840286 0.0008853972258576325
3075.0 18.256044857345916 -0.005565194103690582
3080.0 18.31693891443133 -0.009551156687387808
3085.0 18.268136514486425 0.0054467652867702145
3090.0 18.337295183460558 0.0012654335290052166
3095.0 18.36699279052441 0.004417687969099418
3100.0 18.35193260918311 -0.0038275401462002437
3105.0 18.379295267541846 0.0204375227118956
3110.0 18.33455616764334 -0.004229928590639464
3115.0 18.268418281620395 -0.013379220923913809
3120.0 18.25244795110137 0.008290514719953157
3125.0 18.152022366119237 -0.012150629465414986
3130.0 18.16694064054231 0.0044325177938498075
3135.0 18.2201417543964 -0.001009676979174342
3140.0 18.21427483167829 -0.004385722608282429
3145.0 18.16927679339788 -0.0017609782968368004
3150.0 18.144592877649178 -0.008405359267291697
3155.0 18.073846946591733 0.004918248988929531
3160.0 18.07455562404732 -0.0008814323970243824
3165.0 18.110493549115027 0.007238484945240764
3170.0 18.124418195196693 0.011710610464388448
3175.0 18.034313899483156 -0.0035685672982909184
3180.0 18.0404181235101 0.005018998538986858
3185.0 18.05692808045718 -0.0016351931742488981
3190.0 18.127117812617747 0.02095814191226611
3195.0 18.09329385168417 0.009515820928268066
3200.0 18.042885710286452 0.011394746727719594
3205.0 18.018468985956446 -0.003250861441538155
3210.0 17.987351736122136 -0.009338278087441315
3215.0 18.03261193179802 -4.457412724284117e-05
3220.0 18.05394056354239 -0.0031647724772843754
3225.0 18.08471414871185 0.005027831787254158
3230.0 18.066200596844784 -0.019868978746072605
3235.0 18.055871766373407 -0.008323824616720694
3240.0 18.01098633359334 -0.009124228682310933
3245.0 18.000572269686238 0.018297980928370667
3250.0 18.027021368963798 0.007718768717221428
3255.0 18.048243220028546 -0.0028107952276417796
3260.0 18.090560480605735 -0.0010886046027073495
3265.0 18.117658165229333 0.013138329105558112
3270.0 18.066394668710316 -0.007605146061663438
3275.0 18.16759820507324 0.00463248253234193
3280.0 18.147214174514026 -0.0007172595990866213
3285.0 18.140179967897833 0.003734050071551204
3290.0 18.135465230543712 -0.00024974513825475893
3295.0 18.044939077530266 -0.017425708184047324
3300.0 18.04189057618449 0.001017733405645978
3305.0 18.028189645425265 0.010228269271576326
3310.0 17.987673932526874 0.005486432005567005
3315.0 17.98363117866128 -0.01023924926788026
3320.0 17.89742135519014 -0.002792601673156835
3325.0 17.947129555291536 0.011919353691449508
3330.0 17.941557494997436 0.0004099056951096857
3335.0 17.898221961970467 -0.009210166635213311
3340.0 17.844515697019617 -0.008725486107222555
3345.0 17.79562942957984 0.015084939284353734
3350.0 17.803705236822964 -0.014260624112278169
3355.0 17.888945465754006 0.010189086947859917
3360.0 17.839062465944995 0.010337782930137634
3365.0 17.827769490184984 -0.007684243907537455
3370.0 17.808430965969794 0.0005529156843212546
3375.0 17.837581728423572 0.011188465795640147
3380.0 17.861950342924885 0.00218825500631658
3385.0 17.836582816224617 -0.01106316305606152
3390.0 17.850434876856507 0.0011196222707228805
3395.0 17.918665797164838 0.0007115018696262537
3400.0 17.97438555671322 -0.007035122871424838
3405.0 17.995736325791302 0.007912002476945044
3410.0 18.001681414285244 0.010270631035927631
3415.0 18.0238658227202 0.005300525529625039
3420.0 18.090802351378677 0.009196835229975801
3425.0 18.059142070936378 0.008023244636059905
3430.0 18.040056743374503 -0.004286476431371216
3435.0 17.97561263671398 -0.004291695799755033
3440.0 17.950535399032606 0.0038316717462055882
3445.0 17.92909495483244 -0.021064265258836645
3450.0 17.893240146059483 -0.005841197015456615
3455.0 17.942410539889536 -0.005166755025170049
3460.0 17.917352796284018 0.014996659659160362
3465.0 17.922439274728145 -0.006877150361500018
3470.0 18.055925243051917 0.009306934492080665
3475.0 18.11692379321036 0.007371318286695207
3480.0 18.119935268060264 0.004867886949907381
3485.0 18.111161882012667 -0.01430953531323331
3490.0 18.08633362642538 0.0012615335033223415
3495.0 18.06018613823222 0.008248607018741371
3500.0 17.990827978117416 -0.012357688017697011
3505.0 18.01490622804064 -0.002837666467704332
3510.0 17.953757800615524 -0.0029938085769077583
3515.0 17.965738525656135 0.0020983217371341265
3520.0 17.966762759855357 -0.005034871522185632
3525.0 17.98584139092739 0.01227627681220656
3530.0 17.914858998147178 0.012761206764672359
3535.0 17.977165180275783 0.001512402475349855
3540.0 17.949406248378892 -0.022971489439704618
3545.0 17.9345086534662 -0.006167517447374357
3550.0 17.89236090946383 0.004234696996671308
3555.0 17.98522244152953 0.010249237577400726
3560.0 17.947694861557736 -0.016613479427851147
3565.0 17.938778440769646 0.007792386792941441
3570.0 17.89014662770974 -0.01561289703496257
3575.0 17.930773094347384 0.0018123474257808565
3580.0 17.946884757102453 0.0039546280447821614
3585.0 17.86553836215918 -0.01794504096422272
3590.0 17.874719885265318 -0.01201069703221331
3595.0 17.942597779821984 -0.01236943270484513
3600.0 17.973222500851573 0.008334574009276815
3605.0 17.918106710223746 0.011223916818827607
3610.0 17.961742531788854 -0.010209389785396674
3615.0 17.949615123440445 0.014321059105365233
3620.0 17.96002472133706 -0.02162745381318386
3625.0 18.003422110018697 0.027829377221458285
3630.0 17.90428110188528 -0.009200572419184708
3635.0 17.939395678746415 -0.0034866819361616093
3640.0 17.90456506891403 0.011911943718132024
3645.0 17.935620893181472 0.013607817440344892
3650.0 17.887298007637696 -0.0006798183905312573
3655.0 17.847269211456553 0.01743993208287176
3660.0 17.778642039242257 -0.0006017650118921777
3665.0 17.73749722270984 -0.0029788153857113675
3670.0 17.736795092442684 0.005126655908265229
3675.0 17.71481671929611 0.005645754080122725
3680.0 17.763402010152817 0.01907874419900201
3685.0 17.774887691519712 0.015903656923165824
3690.0 17.781733028520325 0.012380585372292616
3695.0 17.745848586434967 -0.0077451308671730255
3700.0 17.800404511223356 0.016691103137437317
3705.0 17.81898568862459 -0.0019363105070119887
3710.0 17.854277931677665 -0.00019054297122930461
3715.0 17.8664126357248 0.010684966562583496
3720.0 17.911712626022208 -0.018911853845079624
3725.0 17.91182733477083 0.007095449341703843
3730.0 17.90348174760239 -0.012889430359438148
3735.0 17.98111156556759 0.0173642835970281
3740.0 17.91663082478627 -0.010931023338437467
3745.0 17.943671845012556 0.012844472234549407
3750.0 17.984766742742316 -0.015926490984054586
3755.0 18.062634876687756 0.0004992106507576598
3760.0 18.02103684799548 0.005369993313953366
3765.0 18.02531867787583 0.010529959412187442
3770.0 17.999940804315212 0.0020590786224671024
3775.0 17.992728893879406 -0.001966142408095229
3780.0 17.86514628299481 -0.0051481221016846015
3785.0 17.89433722256697 0.0018263622896555524
3790.0 17.951815084955275 0.00921670666629541
3795.0 17.951343916999484 0.0015448655760723145
3800.0 17.94571174119196 -0.016276312610899717
3805.0 17.922216386965996 -0.003184588094602949
3810.0 17.82830221902545 -0.015785665744176797
3815.0 17.878256204745618 -0.00853378930390011
3820.0 17.86531566214194 0.00015604408315251763
3825.0 17.802512398662344 0.007016175336137937
3830.0 17.778401001786882 0.0045206770966802505
3835.0 17.86398428381472 0.012438127046697271
3840.0 17.848953397239846 -0.0076246872759700955
3845.0 17.78378114489612 -0.0015230527610027129
3850.0 17.766208467542093 -0.008298316052268639
3855.0 17.79212153717269 0.015123968253134978
3860.0 17.82147681069921 0.005006368238890185
3865.0 17.807359268751185 0.00420614150640674
3870.0 17.93212602850054 0.021600023714912233
3875.0 17.94343633664088 0.019048221553467724
3880.0 17.896811345961257 -0.009253382599489558
3885.0 17.841745670888617 0.009841620680930285
3890.0 17.765766454093296 0.008881509492914542
3895.0 17.743797874673536 -0.002522216002941246
3900.0 17.737141551902496 -0.00440375644236518
3905.0 17.813779292241527 -0.0034477818242011366
3910.0 17.871062857123963 0.017216291300936028
3915.0 17.82754698157019 0.006114898100633305
3920.0 17.822987646822305 0.004174383393090648
3925.0 17.767030944341744 0.00046513035567353464
3930.0 17.775922132796506 -0.002717379439887108
3935.0 17.787830279078182 -0.00734549491982779
3940.0 17.8011641579055 0.0013881962282161514
3945.0 17.77668644136259 0.012771786289363315
3950.0 17.88911691254628 0.002893193500303392
3955.0 17.891903453725114 0.025887047114606543
3960.0 17.798821507932765 -0.01525587236288253
3965.0 17.784844395508596 0.015991625020495864
3970.0 17.760980016491146 0.004548090293265998
3975.0 17.797252940067942 0.0016498942530736708
3980.0 17.838757526856657 0.012375804623201474
3985.0 17.894911260706873 -0.0023268915594388847
3990.0 17.944315434866514 -0.0007273186272271448
3995.0 18.02792628221459 -0.008302136452714926
