0.0 17.975318363928267 -0.0006647000678684015
100.0 17.939879985605117 -0.002054068882961145
200.0 18.118608473549347 0.00976648721318696
300.0 17.950834130292332 0.0037664364859086087
400.0 17.970920622609157 0.012559739473468038
500.0 18.10083048663872 0.007930183370322707
600.0 17.776332461380193 -0.000918008358436955
700.0 17.97454171774807 0.009776607091708836
800.0 18.08949809006086 -0.006327544324838364
900.0 17.759256181805068 -0.0024929541291124867
1000.0 17.73940793224908 0.009018026471937857
1100.0 17.99038632472205 0.02158905489872863
1200.0 17.904714987872673 -0.006375043651948846
1300.0 17.86788837915616 -0.009899087846222475
1400.0 17.911289643163567 -0.00556870044922249
1500.0 18.049514401494445 0.0067703313932076774
1600.0 17.91328971100653 -0.004734609123891361
1700.0 18.172765795333234 0.022963831880526114
1800.0 18.10708402159649 0.008194020727024192
1900.0 18.154413787968142 -0.01362146411138278
2000.0 18.108758522443534 -0.0044701500588695394
2100.0 17.855645527195257 0.001462352089898286
2200.0 18.170256142095408 -0.007377870364162866
2300.0 18.10724219444144 0.004303549689211647
2400.0 17.93161238538777 0.002964837410345173
2500.0 17.98582961990636 -0.023418476434889222
2600.0 18.167263821975702 0.003318547529497686
2700.0 17.917859775813177 0.00102370901280878
2800.0 18.02262586790738 0.009817768540616608
2900.0 18.104892618536244 -0.0031247547177508084
3000.0 18.14931095944602 -0.002449752155288193
3100.0 17.999888402399307 0.00017252879295852794
3200.0 17.79830564059718 -0.0025908424538903948
3300.0 17.960983069288613 0.007022785519751803
3400.0 17.82673713554859 0.002841448006196236
3500.0 17.796739302005953 -0.0170330573390923
3600.0 17.77879026580868 0.00311363442072166
3700.0 18.063937057129543 -0.022019081205127234
3800.0 18.114265408167352 -0.01110858865842307
3900.0 18.094566875958645 0.006788527667354481
