0.0 17.92608100278856 -0.01141125293371037
50.0 17.985449388782953 0.006022339591373477
100.0 18.119285654804013 0.004294079668278675
150.0 18.05534032643742 0.0018079313598544425
200.0 17.929097138820424 -0.006075029106625415
250.0 17.94755248042486 -0.0016195589592127213
300.0 18.122289416612972 0.009531650004494187
350.0 18.064045629167293 9.911852246574404e-05
400.0 17.890933839893556 -0.004579354776564569
450.0 17.843069531853665 -0.00702846207736437
500.0 17.901674165294775 0.00499425189401132
550.0 17.931591112366643 0.01611843094701408
600.0 17.98638409276296 -0.009985231045728727
650.0 17.87488506466124 0.0029336018370459548
700.0 17.99199917732571 0.0074080685982497035
750.0 18.089124891124143 0.0086158570094071
800.0 18.042899728752868 -0.004904375401379812
850.0 18.096033308231988 0.004949736706048536
900.0 17.872865198001115 0.010822516950243884
950.0 17.8173714244294 -0.00698060752047686
1000.0 18.024994895539677 -0.0036992496870764313
1050.0 17.989877995316892 0.019653890427656612
1100.0 18.065412653232183 0.028994171108565163
1150.0 18.180776788719243 0.004446389846547911
1200.0 18.00385322919676 -0.019867098713042805
1250.0 18.238790404561684 0.0011765147489160312
1300.0 18.24056196329044 -0.005340126957056827
1350.0 18.015553233158563 -0.006828736236325339
1400.0 18.21567159020878 0.0009541837344068584
1450.0 18.03085761542181 -0.013990698398617458
1500.0 18.041720140019347 0.004141055006450226
1550.0 18.046797876570682 -0.009886252910892944
1600.0 18.03376813795279 0.0011572328727595565
1650.0 17.99471929835788 0.0015935715968513021
1700.0 17.93038428709309 -0.008228612167491867
1750.0 17.92421344388393 0.003610623107226492
1800.0 17.848812344722454 -0.0036890053702142603
1850.0 17.95362004591331 0.0080580039587002
1900.0 18.00727784684704 -0.01584526992814359
1950.0 18.032573711530038 0.007491534538446355
2000.0 17.884274744766202 -0.006392116088023651
2050.0 18.1275460869798 8.96901336837456e-05
2100.0 18.323153780653502 0.01834734373285599
2150.0 18.131797460028753 -0.006966347409435795
2200.0 18.10685606662135 0.016522654779791927
2250.0 18.020975884272637 -0.0047212065062084045
2300.0 18.119060083597873 0.0005472451606745989
2350.0 17.776738896077443 -0.011313669836747562
2400.0 17.891450255152808 0.004240380546919413
2450.0 18.17590689353597 -0.0021415703994873327
2500.0 18.108207570111134 -0.006360962245168235
2550.0 18.070377295477716 0.0002776634499122761
2600.0 18.1030424384884 0.016628372549871692
2650.0 18.04616606613142 -0.004678450140554522
2700.0 18.159893790390637 0.005955753350918547
2750.0 18.04013672015603 0.01115402063404125
2800.0 17.974590962672657 -0.02544845685109364
2850.0 17.997813555947314 -0.010093746142751905
2900.0 17.850243423213072 0.003569315800672072
2950.0 17.917819826892423 0.004610463346871515
3000.0 17.848074567934802 -0.0034516305345301704
3050.0 17.77166963817365 0.005967753547197838
3100.0 17.83995042070146 -0.00434801483305712
3150.0 17.70372181677004 -0.025447897856763647
3200.0 17.534591035593557 0.0171128482637878
3250.0 17.66947493351445 -0.0042397032701031135
3300.0 17.981356002355536 0.0028622511847522718
3350.0 17.822175495974747 0.005429889252040485
3400.0 17.98578257629289 0.0037511555473379895
3450.0 17.983211575368262 0.016636679361816432
3500.0 17.92902123555049 0.009534659022163963
3550.0 18.10805401373072 -0.010088025758245838
3600.0 18.147338863082748 0.005494561843951651
3650.0 18.055856787048665 0.008583573361571954
3700.0 18.12998422314566 0.002453324427512223
3750.0 18.041161059446534 -0.0013588138895936717
3800.0 17.887918403113456 -0.00020045761439263648
3850.0 17.96051759259378 0.005750064809404949
3900.0 18.049843266882377 0.01361737136497158
3950.0 18.062186450502722 -0.0034186735317589816
