0.0 18.01288169607565 0.013021182090016735
10.0 18.034510221728866 -0.003238090008467051
20.0 18.09812972517474 0.007548051592089306
30.0 18.094620342774462 -0.007395754091326236
40.0 18.023236476449295 -0.00579940392597547
50.0 18.086501382504416 0.005942017860723313
60.0 18.091390170668014 -0.0016581933088970421
70.0 18.064177590154788 -0.014337890614576266
80.0 18.13174886445219 -0.0003458865811807817
90.0 18.148000350632664 0.004868477680624247
100.0 18.07828203608212 0.004152440283978659
110.0 17.932165651713763 -0.012228795417935158
120.0 17.955973579113202 -0.0029416230238065526
130.0 17.908670783547326 0.002127553909703477
140.0 17.985506809063782 0.010838400286885194
150.0 17.957873436589093 -0.022745159356729636
160.0 18.042356312772213 -0.006872068689629827
170.0 17.994024078965737 0.006031152494589349
180.0 18.08570440559984 -0.01378356968636862
190.0 18.036437933554172 -0.00018023476816313462
200.0 17.947633048024805 -0.005716222014755099
210.0 18.00260928161826 -0.002032969336252876
220.0 18.064996592201336 0.0004470176015324686
230.0 18.022955628623478 -0.01100633852724135
240.0 18.025814240279292 -0.005621819075191913
250.0 18.127612856073 0.011077592319110943
260.0 18.163295253198037 0.007205264986230827
270.0 18.078089618962608 0.01694334277024321
280.0 18.0297812003469 0.002053863056608072
290.0 18.056931849601412 -0.005528029650509695
300.0 18.03795910884644 0.0036807543969062224
310.0 18.080185013102707 0.011647744215009984
320.0 18.05489053615661 -0.018866794898398116
330.0 17.981906525385178 0.006748665991271001
340.0 17.97020299209933 0.012772440241834838
350.0 17.99509041363338 0.00937951637937006
360.0 18.01086930603276 0.006945298497320912
370.0 17.90137315732313 -0.004530838792447687
380.0 17.91697740564354 -0.001124187195544569
390.0 17.949834330773694 0.011155346739264696
400.0 18.00153067272136 -0.008420480987929933
410.0 17.896222381726975 -0.009957126396326734
420.0 17.883691957449322 -0.0003430790944084011
430.0 17.95242413361778 -0.0003571593620957158
440.0 17.91888883561615 0.0005352616649746156
450.0 17.955290371239116 0.0077249107923614835
460.0 17.98330763621974 0.0009636873927657675
470.0 18.0477666612495 -0.009017994400112054
480.0 18.085898292703433 -0.0008963162382784809
490.0 18.12458140565545 0.015936378196465692
500.0 18.026988368733896 0.0021245581460268433
510.0 17.979364577146836 -0.0158884958208747
520.0 17.88790173796885 -0.004410138855914846
530.0 17.970234829535414 0.009283754247869465
540.0 18.065772092893805 0.006513461554225944
550.0 18.083894687924623 -0.00867853400577749
560.0 18.026061492778894 0.010387168314283816
570.0 17.856658124067405 0.005424594086470059
580.0 17.916193850462783 -0.011207932170721698
590.0 17.971817857852955 -0.0011256757192406603
600.0 17.95902473065249 -0.0025401194706062926
610.0 18.05007164291513 0.0036196569593516317
620.0 18.09190924664498 -0.011956830933225436
630.0 18.115649743618714 -0.0001750263402125089
640.0 18.060013142139763 -0.002845193334260295
650.0 18.09438571186264 -0.004278145744278462
660.0 18.077535199331432 0.0001043940853008219
670.0 17.99119432887711 0.014032300128368994
680.0 17.86576763674513 -0.004552402233434508
690.0 17.891113792162074 -0.008400417886129484
700.0 17.920191497657765 0.011526101604124135
710.0 17.884359892645687 0.008207198280618094
720.0 17.904594619996928 -0.016375423696071586
730.0 17.988663756172972 -0.011658028989778649
740.0 17.967236945987406 0.0010028063202346612
750.0 17.945696212016475 -0.0037684824531368823
760.0 17.962098613332248 -0.004847274702758046
770.0 18.02134258906671 0.000337454974599502
780.0 18.01360970975437 0.0009211968516855822
790.0 17.9181823171414 -0.010928001381316084
800.0 17.990709524872273 0.010361550547319987
810.0 18.10020728734956 0.004236714455567259
820.0 18.026536576943418 -0.02280153642862226
830.0 18.181401545143476 0.018342636060910984
840.0 18.180346641392266 0.009248974210059453
850.0 18.15790793434927 0.00828489060044287
860.0 18.13527795445979 -0.01630297286358073
870.0 18.110528333332685 -0.006882678920094277
880.0 18.15767888170386 0.01389071939261752
890.0 18.157513404783675 0.001239285567888892
900.0 18.190726146147405 -0.004209431523156253
910.0 18.15895705824985 0.009313227779174805
920.0 18.22994126309878 0.020639448063694808
930.0 18.21644059070327 0.0164979700630821
940.0 18.137329801807496 5.001572482235877e-05
950.0 18.056776811977734 0.004021877996259367
960.0 18.00171537332035 -0.017119056852873755
970.0 17.85202198773668 -0.011236497858126138
980.0 17.789907961868465 -0.0028712517295084667
990.0 17.93116645271801 -0.003042417851150526
1000.0 17.886427935832177 0.0034535567040295118
1010.0 18.019539292910135 -0.008591515273855828
1020.0 18.004458632273717 0.0001009370669719439
1030.0 18.013867879313164 0.006461279097899814
1040.0 17.90630574462551 0.00673797241915543
1050.0 17.94103933078317 0.00604382789652076
1060.0 17.98659536971352 0.013861717886024399
1070.0 17.928037361057303 0.0023789079434344564
1080.0 18.00871749319409 0.006433986212419699
1090.0 18.00910869803787 -0.0043302223310508915
1100.0 17.976610571168834 -0.004100123338746435
1110.0 17.891493341597375 0.0055906993389867
1120.0 17.890797293427315 -0.022953530245434152
1130.0 17.997634318857113 -0.0033872310741430707
1140.0 17.90010605486318 -0.00047781865900746153
1150.0 17.79584558544427 -0.006760530086396005
1160.0 17.847391044858576 0.0014125216950734867
1170.0 18.02885863329302 0.01047621533303044
1180.0 17.933313488633118 0.004805716271436355
1190.0 17.783385706946298 0.020155120312326552
1200.0 17.762095041183557 0.00900028701326387
1210.0 17.765546307733807 0.003597293247342081
1220.0 17.764900712488814 0.00044148123999008105
1230.0 17.73596429005771 0.0056534062138196926
1240.0 17.68167976292942 -0.013964088778673197
1250.0 17.625885475462475 0.0052340865426286735
1260.0 17.618980993190196 0.006188949152014668
1270.0 17.66298365711613 0.03596987216026729
1280.0 17.625893456423615 0.016610117812438204
1290.0 17.650818133926972 0.00533944922024175
1300.0 17.82243851298242 0.03739045891949836
1310.0 17.755229481255483 -0.002756726640471181
1320.0 17.810330194049484 -0.010393226574617062
1330.0 17.843517839480825 0.009057663418224211
1340.0 17.841796007136963 0.02300882489126431
1350.0 17.788006987826595 0.003359191225028445
1360.0 17.82178935636245 0.008448426770091421
1370.0 17.86842399249316 -0.00044155319105470447
1380.0 17.836185742911923 -0.018961120180410723
1390.0 17.868651157016952 0.015631779453076495
1400.0 17.8175682970134 -0.010945849163955069
1410.0 17.822382753307167 -0.008691674828449314
1420.0 17.819467599883517 0.0028157558029546378
1430.0 17.899256433546963 0.014547968260329374
1440.0 17.84044878988441 -0.02211253781897401
1450.0 17.89677964149673 -0.009905077661799188
1460.0 17.911538121042692 -0.01606938702527464
1470.0 17.903856956890554 -0.00013645982673249726
1480.0 17.996750349201687 -0.009738937184259736
1490.0 18.11082246653362 -0.0009219062407475466
1500.0 18.110123397500487 0.003994181385526745
1510.0 18.069303887060837 0.0024613694421806932
1520.0 18.094998037223245 -0.005131363811143829
1530.0 18.02450385620184 -0.009862036218183472
1540.0 18.045067127184666 -0.0016273343296405712
1550.0 18.05534351169922 -0.001491360757577346
1560.0 18.019928759525285 0.017579731387138295
1570.0 17.9592423845096 0.001658815094557037
1580.0 17.922995962393177 0.004918099671072902
1590.0 18.010727327792576 -0.012647713913421852
1600.0 17.91116658086832 0.0017869552553022455
1610.0 18.015063851238413 -0.0031261468171481428
1620.0 18.154741515924695 -0.010050382205455495
1630.0 18.1756869455239 -0.005728079410714299
1640.0 18.109943657415858 -0.0012900669733064008
1650.0 18.07410221419653 0.004624593609496859
1660.0 17.987632405764952 0.005499107068085893
1670.0 17.958729224674347 -0.0018924369964590391
1680.0 17.978242159618766 -0.010787262398043108
1690.0 18.023942182715185 0.008626852790834088
1700.0 18.055877426742963 -0.00370922395399969
1710.0 17.99633880658598 -0.004616346533719053
1720.0 17.980947154709693 -0.010904971460238996
1730.0 17.97729147374599 0.0006928620250807799
1740.0 17.952812417986134 -0.003702264296846881
1750.0 17.994292252448123 0.007445305063643247
1760.0 18.07474136707113 -0.019114775880234577
1770.0 18.106262604527892 -0.006006072571426689
1780.0 18.08305346204839 0.0012692240557148108
1790.0 18.03477294478855 -0.0065090930621636255
1800.0 18.010570623995438 0.01496487374088922
1810.0 17.994843446668835 0.003331766349199022
1820.0 18.059783173958348 -0.006791640904261773
1830.0 18.100006574043174 0.008027248959714756
1840.0 18.026898824331873 0.0102025662271758
1850.0 17.830828227425705 -0.017402497112496994
1860.0 17.852739567115243 0.013016942577363402
1870.0 17.84201663179295 -0.000983178673730778
1880.0 17.954763035107764 0.003749194307498819
1890.0 17.905632490488777 0.006472183312064437
1900.0 17.890759196365085 0.01034998303556225
1910.0 17.731877368636898 0.0017398515546535773
1920.0 17.7226759679764 -0.00856588556477558
1930.0 17.709462193818325 0.003157179064035801
1940.0 17.774252175549208 0.016945369652420012
1950.0 17.686960605127148 -0.006012898107740342
1960.0 17.71261282425938 0.006627531611436945
1970.0 17.74365364873685 0.004651782324481153
1980.0 17.89120894041858 -0.01201035447165017
1990.0 17.92041763714183 0.00794161092786187
2000.0 18.030181641608564 0.017726793664967596
2010.0 17.99573779309604 0.01092260789483014
2020.0 17.883214131209307 -0.0024325838150348602
2030.0 17.801214473409594 -0.002954762671080568
2040.0 17.791972289114966 0.007813923936152396
2050.0 17.72800423002938 -0.008572672636727877
2060.0 17.826523287832114 -0.00882921757444345
2070.0 17.813600002950366 -0.006465640081791295
2080.0 17.88486897845239 0.013321402904945193
2090.0 17.89233476773307 0.0002465759726941336
2100.0 17.867823241750347 -0.004748799330480272
2110.0 17.902130370497414 -0.0034635469274314386
2120.0 17.875481610138433 0.01523616737138727
2130.0 17.83026855457304 -0.0006959507303595483
2140.0 17.812082412481413 -0.006708233390514804
2150.0 17.85552480511028 0.005047275063764149
2160.0 17.84175834898401 0.006833758316351247
2170.0 17.86850473446207 -0.01941011860359844
2180.0 17.968825909643407 0.0029738482807515725
2190.0 17.950483566772807 -0.0028852175254802
2200.0 18.07657567400931 -0.0034077165729571907
2210.0 18.05852200401372 4.783104865028332e-07
2220.0 18.113174190977418 0.007904966924483493
2230.0 18.07656686221294 -0.00017078415305293274
2240.0 18.12402170285987 0.006385686858679747
2250.0 18.166374501307757 0.010030738976323093
2260.0 18.18744726407078 -0.003374416874480729
2270.0 18.11542559226502 -0.0032080740551261085
2280.0 18.13200813733378 0.0003169787417596837
2290.0 18.173151947936848 -0.003148159470071893
2300.0 18.144492882207185 0.011043464819697668
2310.0 18.078309423076274 -0.001409764670272151
2320.0 17.974316019283222 -0.0025172724956582194
2330.0 18.059125307932987 0.0037469709257545738
2340.0 18.070517693361577 0.003335086736233825
2350.0 18.093242188472228 0.000852107763003482
2360.0 18.12297083428654 0.0034010744340515903
2370.0 18.078290785022897 0.008173037206611302
2380.0 18.017760116864213 -0.008035527290665801
2390.0 17.989145540042692 0.0007058848078053395
2400.0 17.987398871899273 0.013392927956525724
2410.0 17.898983089185027 -0.005227013977830827
2420.0 17.894262707935923 0.011934433139874532
2430.0 17.998538509365435 0.012287454183930473
2440.0 18.055447400396886 0.009643270687159831
2450.0 18.002394984337773 0.0003827157774834159
2460.0 17.98714253933106 -0.0004280694132266837
2470.0 18.050781520226234 -0.007397000452023356
2480.0 18.09876174895309 0.0006641596851449382
2490.0 18.06687234471184 0.0041122229094750495
2500.0 18.058042998345382 0.0009893219328716667
2510.0 18.043310975136716 0.014944118748607889
2520.0 17.942930716526558 -0.007693846913295831
2530.0 18.036180563084944 0.014077983265665674
2540.0 18.00735842280213 0.02020110076357661
2550.0 18.001825082144983 -0.01088063985242334
2560.0 17.95721420054746 -0.0010619259269766597
2570.0 17.98219636686884 0.02376530110731725
2580.0 17.88503085299223 0.005929304090127524
2590.0 17.91404564547842 0.010092335417595067
2600.0 17.861148921165665 -0.0035276394127408397
2610.0 17.818756423527375 -0.007248170797732859
2620.0 17.694705283670647 -0.012989014556675758
2630.0 17.80686480038498 -0.019580622400602442
2640.0 17.827242307257773 0.002725164609141082
2650.0 17.86902321307399 -0.00963035069893758
2660.0 17.914539366176058 0.0060811061078915795
2670.0 17.93576062861832 0.002245751372744716
2680.0 17.86027359050802 -0.009989741993314427
2690.0 17.887430165781247 -0.004689166943833061
2700.0 17.905959073438265 -0.007901891345001782
2710.0 17.886483042114982 -0.02721686028561333
2720.0 17.867664073837926 -0.00666523639309662
2730.0 17.77404328306432 0.005444134069075991
2740.0 17.804423039334022 0.01542232784406936
2750.0 17.728203667533254 -0.003280714384174987
2760.0 17.723810225301097 0.00027968595604188824
2770.0 17.706117899870463 -0.019206434336571068
2780.0 17.78083924123453 -0.0008423919477766891
2790.0 17.83006387568712 0.007490671935057868
2800.0 17.840684067861098 0.00022976087503037368
2810.0 17.76243913654914 0.002484382816270212
2820.0 17.82767039225651 0.0016504324469802832
2830.0 17.836784235082675 -0.014261837071060527
2840.0 17.92933771040764 -0.0027555377367896035
2850.0 17.97251137147748 0.0022862080786891763
2860.0 17.91639036656524 0.004150298539455267
2870.0 17.948109505424465 -0.005053913488586909
2880.0 17.893424874743577 0.009861520134358114
2890.0 17.91621150815856 0.007426539257762663
2900.0 17.990669225854134 0.014617878895524534
2910.0 17.988175688454227 -0.011845178103730378
2920.0 17.98418901133246 0.0029702325630927163
2930.0 17.880939049724777 -0.0071651012830949365
2940.0 17.911579103524495 0.008557809982881803
2950.0 17.86326705052549 -0.009392592663333475
2960.0 17.861130354066493 0.0014988356753846467
2970.0 17.80025044718145 0.003127500225800939
2980.0 17.92944849633936 -0.012720733180968788
2990.0 18.00457019151342 -0.01945532466151418
3000.0 17.940263284582723 0.010376433756514362
3010.0 17.993501233431864 0.003851851176113412
3020.0 18.032260552491767 -0.000549646155690784
3030.0 18.04546838777598 -0.011401731945347169
3040.0 18.00395285666948 -0.005150501349681634
3050.0 18.070512862841923 -0.015040212901531435
3060.0 18.177635270420673 0.003900491061131915
3070.0 18.221424833660453 0.012364479156457872
3080.0 18.123537389167936 -0.017329953797167667
3090.0 18.117427746873698 -0.008604023542962112
3100.0 18.067442996512717 -0.013043370932806678
3110.0 18.07812557586606 0.0001258580888009567
3120.0 18.139596450196585 0.004813695547405718
3130.0 18.13373746561809 -0.006724239335162854
3140.0 18.135713166830644 0.009435825717815467
3150.0 18.148069534977626 0.012279106141756844
3160.0 18.171390828208146 0.008401899417073868
3170.0 18.14260421412017 -0.0079543977785788
3180.0 18.067281077909286 -0.01363829432869653
3190.0 18.034146850308744 0.0006868408679029772
3200.0 18.11417821186714 -0.0026698580359450995
3210.0 18.079888759212658 0.0010036419834645576
3220.0 18.064005699188918 -0.00016725668638764321
3230.0 18.124354041001318 -0.0009383181957871747
3240.0 18.00207089604984 -0.013158210745229793
3250.0 17.96683637630587 0.018118749888513298
3260.0 17.992153309125733 0.014489896396637107
3270.0 18.02711301236037 0.012202399678899451
3280.0 17.92072121157522 -0.01886388429190599
3290.0 17.988675004815377 -0.009176566773699551
3300.0 18.014586399069913 -0.005737344493016671
3310.0 18.01729289151368 0.010378512779869795
3320.0 18.072458611138284 0.0029540507025497533
3330.0 18.18356937228559 -0.004028097135674018
3340.0 18.14995377511767 -0.018433024058526707
3350.0 18.11583643895804 0.0171985191747795
3360.0 18.07967736789431 -0.01071387156881307
3370.0 18.1061431345533 0.008677517572696648
3380.0 18.080278358990913 -0.006104882156213037
3390.0 18.068510837900565 -0.013774290545845192
3400.0 18.159600985161667 -0.0010840266048022424
3410.0 18.11770592520306 0.017857889668973954
3420.0 18.005325048011528 0.004901839311978614
3430.0 18.000903765802015 0.004324457153126638
3440.0 17.912455353706072 0.005797594632305602
3450.0 18.03989255432217 0.000960592650881551
3460.0 18.031198085781526 0.0018533628786954587
3470.0 18.101564421976434 0.008398060957516301
3480.0 18.042034613520606 -0.012592829460260616
3490.0 18.032042326834915 0.006353829892104133
3500.0 17.946399012331998 0.0044153423055024255
3510.0 17.9818293962668 0.008165633197093826
3520.0 17.922238717298118 0.0024836183174475495
3530.0 17.94282301760422 -0.0009983849269586845
3540.0 17.97260648422863 0.0021856183591610246
3550.0 18.06848833002017 0.001169678392056992
3560.0 18.096342688185135 -0.02773396267050876
3570.0 18.01446010333399 -0.01341145996561832
3580.0 18.00862205683164 0.017274205101379152
3590.0 18.046648014289303 -0.003310463865827476
3600.0 18.01556791285941 -0.006051287531235718
3610.0 17.999868488276356 -0.006725450181428153
3620.0 18.061127314638604 -0.01968503700555681
3630.0 18.080112615465964 0.004872066174176644
3640.0 17.953891608252842 0.011286312355667684
3650.0 18.066061446409197 0.0030632637998056367
3660.0 18.038458582778002 -0.002358255093727285
3670.0 17.985044450780308 -0.0002905014690283051
3680.0 17.966891878387223 0.0019269091098531811
3690.0 18.023805343938527 -0.004159115330997432
3700.0 17.995816794580044 0.007604538713254547
3710.0 18.039380751801037 -0.004060434728572389
3720.0 18.05300592991289 0.010490244771035209
3730.0 18.035050202505108 -0.008697996043984161
3740.0 17.921475877523463 -0.0051865850129299874
3750.0 17.960148325256363 -0.01872348048912941
3760.0 18.016716123696508 -0.0005392324415890296
3770.0 18.175887538569636 0.006330376805636305
3780.0 18.25516854184381 0.004544721914429723
3790.0 18.145585753413233 0.00018931053563767206
3800.0 18.113556047968068 0.0042853053057622485
3810.0 18.037563610091485 0.0046367302410547
3820.0 17.998034524133114 0.006811717781413143
3830.0 18.03945985204187 -0.003091152509980732
3840.0 18.0747152940287 0.004934975193669358
3850.0 17.97930239260179 0.0013647665047697027
3860.0 17.882046036340977 -0.0031599533917157988
3870.0 17.881812229847586 -0.006285055188979567
3880.0 17.966565077543464 -0.002477347883375191
3890.0 18.022702704012904 -0.0021972792536795673
3900.0 18.021167964220346 -0.019579332106159423
3910.0 18.00075095514398 0.013893346301991856
3920.0 17.88924825654978 -0.00312165706449485
3930.0 17.899317559823466 0.0178397874907753
3940.0 17.954526537715708 -0.00881123794931082
3950.0 17.952040813272905 0.012499281055259383
3960.0 17.838878309905102 -0.0028236305392243953
3970.0 17.818962689154684 -0.00447650187719926
3980.0 17.846743417724266 0.000739661036244884
3990.0 17.845139513926494 -0.0020537955521683837
