0.0 18.092239509026033 0.021499405707823195
10.0 18.088279918419133 0.012780133187516671
20.0 18.01565222170019 -0.013428743160464093
30.0 18.000432841466946 0.000295110674580661
40.0 17.981294015671327 0.0013028527639181422
50.0 17.94989165882234 -0.004355168869280725
60.0 17.871850119859996 -0.005858531014832136
70.0 17.905697969493488 0.007715389056672026
80.0 17.937382570892634 0.028503347700905103
90.0 17.88033709459563 0.006283654868288318
100.0 17.86832446610047 -0.002260859156519443
110.0 17.882759567583307 0.016422554922054387
120.0 17.848798025260006 -0.004742365431757294
130.0 17.86880780702389 -0.006761649660481106
140.0 17.88681444342972 -0.009099327710916802
150.0 17.935329927543652 -0.011883002401984834
160.0 17.797472877995073 -0.012830198962226423
170.0 17.850806294044236 0.013001117551289427
180.0 17.880021635811595 -0.01517790615311775
190.0 17.89273670941835 -0.012251095200295747
200.0 17.89939631527744 0.016228418208970002
210.0 17.894068001499683 -0.0074829434325870406
220.0 17.9312112014508 -0.003916007200911202
230.0 17.80918866612641 -0.006270757104605304
240.0 17.827637851448063 -0.006516761679537883
250.0 17.88126833071192 -0.0030653248160388913
260.0 17.875007669348616 -0.0022959880239419796
270.0 17.855942162493655 0.0027385476808377347
280.0 17.86459994801953 0.0017176036078259192
290.0 17.830348964550797 -0.006566700931511765
300.0 17.85035172625787 -0.00788540635856416
310.0 17.865917676350808 0.006103508027786483
320.0 17.945301853229914 0.016165781295598293
330.0 18.00641894948604 0.011572142883681755
340.0 17.992015786115523 0.0034168277026965584
350.0 17.95899279889917 -0.001700650379961134
360.0 18.04278776279738 -0.0022670675393036284
370.0 17.99128188896701 0.004092075754636909
380.0 17.990569227430967 -0.0030873143977680046
390.0 17.924889649455046 0.0028421630055736648
400.0 17.887070941634803 -0.002572275271161734
410.0 17.98056571767761 0.0146960913724209
420.0 17.9499491186203 0.022381600227771827
430.0 17.966648472139514 -0.004158319013836436
440.0 17.90925553184191 0.010737726524402866
450.0 17.89277577521422 -0.0031784746845900614
460.0 17.93228479480765 -0.00880000060616927
470.0 18.022367492858233 0.016652398368535846
480.0 18.057461708598765 0.013625172594278492
490.0 18.0629891329364 -0.020008486669612097
500.0 18.101843421316893 0.01082805765698303
510.0 18.20421055079475 0.002406441101352945
520.0 18.142295483019772 -0.006621592734117987
530.0 18.18163866054994 -0.013676724287520705
540.0 18.12460126424895 0.008062502009151252
550.0 18.154727195451688 -0.0022702998107973714
560.0 17.97427834843414 -0.019322868432692934
570.0 18.117335993946448 0.002948264318674244
580.0 18.191246446233297 0.013472160953999049
590.0 18.086159003816622 0.0019954403735910832
600.0 17.995992726646726 0.008069725345121376
610.0 17.87287772699257 -0.010456825362652453
620.0 17.919046442712098 0.004002441667758016
630.0 17.853402913149907 0.010036110038430388
640.0 17.922957817541867 -0.005969087726472845
650.0 17.920899882181217 -0.007346907665109773
660.0 17.956367188431553 -0.015227960011249932
670.0 17.914728789541176 -0.002745890746983397
680.0 17.917995187235697 -0.0075630499207058645
690.0 17.919830032167518 0.018034121418325635
700.0 17.815831859507878 0.005471052322953036
710.0 17.8372507028074 0.012247419433467252
720.0 17.950556151530296 0.004925641641813446
730.0 17.86041451159809 -0.0009601457313164057
740.0 17.85543425580426 -0.014067332716281036
750.0 17.79289096994575 -0.005036954130150676
760.0 17.71284076452346 -0.0051534126316226695
770.0 17.854113164117113 -0.0053311170711969995
780.0 17.876003068776317 0.006324307461226259
790.0 17.860039874988637 0.016392533073081656
800.0 17.784802611763645 0.004576936337911889
810.0 17.711860427624984 -0.008323709038815758
820.0 17.65309248739244 -0.009739326865745551
830.0 17.722316274109257 0.002023719232858241
840.0 17.76803904893473 0.0184602830768554
850.0 17.810294185339746 -0.015365116579551131
860.0 17.80745432571225 -0.000512133558137305
870.0 17.828124286187762 -0.0014171740361128998
880.0 17.771153736875295 0.001705265538124567
890.0 17.82846216371011 0.0068663815145722455
900.0 17.837411292462644 0.00368526721555029
910.0 17.80372718809948 -0.015638375753154573
920.0 17.85272253271863 0.011469837817286877
930.0 17.836425697500253 -0.012261318245053124
940.0 17.927295393171846 -0.0034703160801642353
950.0 17.87643207891745 -0.004585630323613152
960.0 17.911341288554645 0.0167426673639407
970.0 17.93173796158199 0.0021492426834789375
980.0 17.8742307347854 0.002189059626356951
990.0 17.942157335625716 0.0069509795439965496
1000.0 18.0017978077953 -0.002407674933037336
1010.0 17.92513703652333 -0.004180570754557457
1020.0 17.929079399502733 0.01793352039180236
1030.0 17.895335553412416 -0.011440233283561451
1040.0 17.88830616531878 -0.0034997724274375796
1050.0 17.89788064331933 0.008395265795009968
1060.0 17.959453809747917 -0.008352114466804103
1070.0 18.086227650810322 0.00357933129577869
1080.0 18.00213918669673 -0.007106323456733899
1090.0 17.93979613039162 0.00709621079371172
1100.0 17.982423457289332 -0.0022264285179358473
1110.0 18.053832375678383 0.008358240205826142
1120.0 18.015903934022568 -0.0036108504367844806
1130.0 18.048788138730334 0.00993385748313177
1140.0 17.951605853019405 -0.0023001025030945223
1150.0 17.97344707433181 -0.0030829012427608066
1160.0 17.94012933529421 0.01340089293811067
1170.0 17.93975610042254 -0.001199440497006946
1180.0 17.94374325983617 0.00029804892329718727
1190.0 18.006798638746126 0.011269576323453642
1200.0 18.08109582285075 -0.000759621495736985
1210.0 18.09280529432055 -0.00010591773058101347
1220.0 18.16881865018481 -0.0037805842288093252
1230.0 18.109007013637996 -0.022365508036117494
1240.0 18.172053578263814 -0.00526451708171495
1250.0 18.183107147554463 0.0072422682444547425
1260.0 18.120843193716127 0.00602480177007253
1270.0 18.03960361998607 -0.023570593162272727
1280.0 18.078800651148402 0.00725741502220552
1290.0 18.04019065046186 -0.004344779599776843
1300.0 18.078200756568652 -0.0013785337466179382
1310.0 18.09536867704749 -0.005157781590029831
1320.0 18.037174996264756 0.01035197474612808
1330.0 17.94403033021538 -0.0018982098180419739
1340.0 17.933555571236425 -0.01282206785109007
1350.0 18.063742258421513 -0.0055379575509309584
1360.0 18.13946186142066 0.023053790387247305
1370.0 18.14929692626796 0.010200064101765357
1380.0 18.144751601307913 -0.02692973702003774
1390.0 18.186532145551443 0.005080569053464062
1400.0 18.37379791941725 0.01639056864209367
1410.0 18.264144302019872 -0.003548739285585865
1420.0 18.284075180428836 1.6278644789826653e-05
1430.0 18.331933012146976 -0.014271081488168762
1440.0 18.36622373026535 -0.00414025091742877
1450.0 18.254499642295148 -0.0018714114643657226
1460.0 18.290162954931343 0.004434890325729169
1470.0 18.16673851538849 -0.00048505484518449163
1480.0 18.195355188942127 0.014883450885751617
1490.0 18.232767901115828 0.011290098354087057
1500.0 18.20783233468946 0.010565450996339399
1510.0 18.11805428501962 0.010016816558740944
1520.0 18.049497227831036 0.009478543761259884
1530.0 18.02425023188481 -0.017083413018686436
1540.0 18.017846028882452 0.010649839125998905
1550.0 17.998937252688886 0.0028708862638958037
1560.0 17.922680571181147 0.001166773666999165
1570.0 17.886421151061892 0.00488756653597329
1580.0 18.033954063425476 0.007030750911674202
1590.0 18.09241527550587 0.0018842316831114063
1600.0 18.066832147627572 -0.011260131528248549
1610.0 18.05482799059107 -0.0170411177689289
1620.0 18.098858577266164 0.0009179876631887341
1630.0 18.046186077508885 -0.001277190101932311
1640.0 18.028706191097726 -0.007789328468548422
1650.0 18.014465735195408 -0.019752410836714623
1660.0 17.99602008814585 0.010350904631986915
1670.0 17.96589985158706 -0.0011608678980797322
1680.0 17.942247900847615 0.00784553614927152
1690.0 17.912300395296413 -0.00257187984048424
1700.0 18.005872743849054 -0.003849099958430935
1710.0 18.09506351215624 -0.003924872810494183
1720.0 18.077758893369452 -0.002891981286045386
1730.0 18.15350728266036 0.021077630661731368
1740.0 17.945330073148163 -0.01080098981317488
1750.0 17.916229288870152 -0.007794906819624622
1760.0 17.877660503896266 0.00994609330332896
1770.0 17.898699875123235 -0.0032022441764661723
1780.0 17.80495700838945 -0.016870476051478372
1790.0 17.82662211117994 0.010667901808742398
1800.0 17.87103832347461 -0.0026330991075392725
1810.0 17.943995130881117 -0.00769794549721603
1820.0 17.938011735945857 -0.0053452462916482235
1830.0 17.87860548248301 -0.007247295800662857
1840.0 17.941428464068718 0.009045282546530321
1850.0 18.060225942344694 0.012322583279481585
1860.0 18.057297010591135 0.0002581820720289029
1870.0 18.05609077539962 -0.011036077813251742
1880.0 18.029955668984126 -0.0028097202813914114
1890.0 18.041294285107522 -0.0017539411651689872
1900.0 18.020909188591055 -0.004638646743883497
1910.0 18.117581980851103 -0.0002662817793587481
1920.0 18.086601949187703 -0.004824469615853525
1930.0 18.065899167317163 0.005435264128115032
1940.0 18.058113889437674 0.00223482625197965
1950.0 18.039096868322197 -0.010436505325782644
1960.0 18.04218690321245 0.0060021409626496835
1970.0 18.06397185362932 -0.016799929661760558
1980.0 18.039209007226596 -0.015158566871957466
1990.0 18.062542937873665 0.004057162159157645
2000.0 18.20808616753093 0.012201324657449804
2010.0 18.089382199468247 -0.006042779980659655
2020.0 18.121221800730613 -0.0027767953585501755
2030.0 18.16844902235 0.010706222343121878
2040.0 18.170391559898377 -0.005691837814094744
2050.0 18.149607993838153 0.02023781573559835
2060.0 18.151820876329182 0.012466639729771445
2070.0 18.032023768993202 -0.008219775934194302
2080.0 18.0682810442026 0.005725010847719644
2090.0 18.16316593914664 0.004126997381556645
2100.0 18.197095578778274 0.022376310519925436
2110.0 18.115461969445224 0.017647043313145164
2120.0 18.086554081912418 -0.012541071160576492
2130.0 18.1196783153433 -0.009120345052410862
2140.0 18.09484085527569 0.015372550644785914
2150.0 18.069174705107255 0.012153686033632942
2160.0 18.0439568760446 0.019059800097132536
2170.0 18.043720024524866 -0.00704141065216323
2180.0 18.067702831529783 -0.004727364281351167
2190.0 18.016590387906447 0.005546517504495089
2200.0 18.084220891124644 3.951731916435898e-05
2210.0 18.018332105761214 0.004490870944854345
2220.0 18.02598213804191 0.009942165440991503
2230.0 18.015355554300047 0.0027261100477381987
2240.0 17.92287605093478 0.0001862817851677513
2250.0 18.03230073712435 -0.005636844435720798
2260.0 18.021076328577536 -0.018834492124877415
2270.0 18.00838421144206 0.014833717236465262
2280.0 18.05475516106555 -0.0069697885863501076
2290.0 18.078404253643754 -9.499208413207633e-05
2300.0 18.01658641054429 -0.011975517242306775
2310.0 17.964959469891422 -0.0019159795497986365
2320.0 17.97751703232069 0.003956763960901347
2330.0 17.946616332693466 0.00326164483545217
2340.0 18.010361344568935 0.006971969581400877
2350.0 18.008847034354527 -0.002078273959242665
2360.0 17.989035309482706 0.005435645527234078
2370.0 17.941556890216468 0.003498752607605681
2380.0 17.87755379217672 0.0010646453382932987
2390.0 17.839165193850505 -0.0029812503923497763
2400.0 17.898707626372055 0.009113365447884013
2410.0 17.84524885162345 -0.0026297103400259015
2420.0 17.74211439677001 -0.023313770522293886
2430.0 17.714619128877096 -0.009050165739539826
2440.0 17.754766075087588 0.00984140443739429
2450.0 17.81928725803026 -0.009093985563301996
2460.0 17.853149154504404 -0.007816970074370475
2470.0 17.97234400290075 -0.0008634451760236471
2480.0 18.04630653940324 -0.0032683569066763946
2490.0 18.12968874438567 0.006004514760233197
2500.0 18.080865698950213 0.010751966098145303
2510.0 17.988513728990405 -0.01939202043631309
2520.0 17.969444708854418 0.009689847451127921
2530.0 17.88252548226936 -0.003416549910303309
2540.0 17.930635816254348 0.01672230747245234
2550.0 17.953561748173748 0.011083634470100738
2560.0 17.866178323276202 0.013399029127827202
2570.0 17.91025141037675 0.0004774083884753053
2580.0 17.880698584843636 0.0024128776105037733
2590.0 17.833735588038188 0.01679184310497146
2600.0 17.802871166196606 -0.013596050894813212
2610.0 17.862251197976864 0.005251039585802291
2620.0 17.81312531243418 0.005953198583384373
2630.0 17.917058149989785 0.008620649515320218
2640.0 17.92727657116868 0.002277186793349499
2650.0 17.99601355832015 -0.013156844407429489
2660.0 18.04742040407727 -0.006254644936079763
2670.0 17.97310755258438 0.006627555887243185
2680.0 17.97979336463435 0.006183701840129169
2690.0 17.933603704280443 -0.005338720618057731
2700.0 17.982761035272226 0.0008986128455292513
2710.0 17.932844774702446 -0.0010384350717815764
2720.0 18.00852728162778 0.0055545440573424925
2730.0 17.98347619937964 6.519361689242709e-05
2740.0 17.993328970493927 -0.005643538058334904
2750.0 18.085693983585212 0.01339939092707985
2760.0 18.09209607913015 -0.004497910249762384
2770.0 18.010960932646725 -0.023023940307324447
2780.0 18.009319282301856 0.009042276235542367
2790.0 17.989054685671785 -0.006426689864029128
2800.0 17.98481360948179 0.0009252629313623076
2810.0 18.00693538046576 -0.01146454347290552
2820.0 17.96588756092584 -0.019507251189046594
2830.0 18.008558223467443 -0.009097712464606625
2840.0 18.051689503614764 0.0008194126124440333
2850.0 18.01128620758672 0.005913720501545038
2860.0 17.985450594829683 -0.023845804196911458
2870.0 18.025680726292244 0.0011868904915360392
2880.0 18.00269821154745 0.0008453581941059563
2890.0 17.92723538030321 0.015527466374583337
2900.0 17.83696495889634 0.0025051065563212074
2910.0 17.888908714122753 -0.003145711905058652
2920.0 17.895482451248032 0.002466363013211022
2930.0 17.933681187085014 -0.005113361955189656
2940.0 17.90244165766044 0.003877623389475192
2950.0 17.915406987075393 -0.017541257632206705
2960.0 17.99978022127829 -0.01169896790448561
2970.0 18.00771958195672 0.0005746717139126022
2980.0 18.110145688362316 0.01506095819005373
2990.0 18.19311283277301 0.016549953240947192
3000.0 18.280996479148282 0.002528926456449167
3010.0 18.219561803589322 -0.0028057318230633468
3020.0 18.185907418102307 -0.003668677674964109
3030.0 18.190713354254363 0.007636971144035939
3040.0 18.16283075893674 0.007062865126900689
3050.0 18.160030668751542 0.010219828594504567
3060.0 18.01907600747406 0.007588124337718349
3070.0 17.941512569709023 0.003925135327325957
3080.0 17.983027043381803 0.03029455376566671
3090.0 17.936053319354833 -0.011354561002283903
3100.0 17.909975857697095 -0.0036805363911181946
3110.0 17.921089705139735 0.006839420089152015
3120.0 17.91097202728279 -0.02418935024631697
3130.0 17.90487264109828 0.008233762043248768
3140.0 17.976754355630707 0.004390604005609493
3150.0 17.905961933206825 -0.0037984615685688356
3160.0 17.861516768946476 0.014205905794496996
3170.0 17.818878902983155 0.0034862550291848357
3180.0 17.85749068914636 0.020872270981115385
3190.0 17.8896592091274 0.006350897522541202
3200.0 17.850959680309998 0.003234099625053334
3210.0 17.802166394967365 -0.007958587271295293
3220.0 17.890588120537625 0.005898350175349107
3230.0 17.841323132685744 0.01575715269487605
3240.0 17.735804480595505 -0.002227413287170721
3250.0 17.705703057101456 0.004350182139356896
3260.0 17.73572069537091 0.002092695820325296
3270.0 17.855646982365776 0.0038435645753329213
3280.0 17.903217749354987 0.002212393792005771
3290.0 17.826650312016884 0.008065171884371846
3300.0 17.775365448073387 0.00860995592333253
3310.0 17.709468031569838 -0.010469473875012738
3320.0 17.77787025285546 -0.004758362392291454
3330.0 17.783952170197857 0.013319123578874438
3340.0 17.820900829637264 0.015185608441013139
3350.0 17.89228645154575 0.004827432783429059
3360.0 17.9042568437095 0.027295312110637182
3370.0 17.86979098659807 -0.003235078083577418
3380.0 17.943191946432126 0.01279581056783259
3390.0 17.885729428381474 -0.009063851083810309
3400.0 18.011493406147007 0.008659195039112121
3410.0 18.028389391697345 0.00997942689178911
3420.0 18.001522529855603 0.002014214842907355
3430.0 18.031466410019753 0.0023290639039235004
3440.0 17.959767402085223 -0.019871008502184637
3450.0 18.033516932678808 0.006476456680126738
3460.0 17.9946448382586 -0.013166848821056126
3470.0 18.124421067920846 -0.0006522428540428516
3480.0 18.12000647336596 0.001109813757729927
3490.0 18.007258327934835 -0.0005466494188543169
3500.0 18.006509954217915 0.0013622279150349093
3510.0 18.16342461058827 0.01476406870870486
3520.0 18.059904399693334 -0.014866339540087021
3530.0 18.113247009099727 -0.016419681747754968
3540.0 18.15262832346118 -0.0014996644872539125
3550.0 18.109955327145926 0.0019227894430804552
3560.0 18.097580612629372 0.008464792076639392
3570.0 18.12249988920753 0.0014103524896158025
3580.0 18.117733722076235 -0.0031910597445405455
3590.0 18.024112957866954 -0.013072809051382337
3600.0 17.991657027533822 0.00100930072893881
3610.0 17.890656532087185 -0.003942061513356053
3620.0 17.906931981338108 -0.0024720062757875184
3630.0 17.907297231039703 -0.002338232973910583
3640.0 17.923420506123087 0.017225247072469797
3650.0 17.899756314017132 -0.006021047409632485
3660.0 17.89495570682963 0.00022330472861078172
3670.0 17.89688346314176 -0.0052579388699612204
3680.0 17.925092097023487 -0.0022801213232869332
3690.0 17.918148026910796 -0.005029483902612355
3700.0 18.0387141655844 -0.007439393725847865
3710.0 18.051493845708407 0.01334675549577387
3720.0 18.05651152198308 -0.002832736290425239
3730.0 18.171008043581413 0.016077946685477178
3740.0 18.15844341390631 -0.013639051527776582
3750.0 18.121522597658192 0.0053550745523049436
3760.0 18.157041137834913 0.0019635520299359135
3770.0 18.229736842710004 -0.002691371652038482
3780.0 18.193503076793956 -0.011692465641493137
3790.0 18.272306095779165 -0.0007848156131679098
3800.0 18.14094763803922 0.01954175877986899
3810.0 18.011650829430447 -0.011508584953695774
3820.0 18.091187554971622 0.018395734023284104
3830.0 18.099409162927664 0.009374738893686597
3840.0 18.08584639225805 -0.007288130536198725
3850.0 18.0933468019659 0.02993363356430657
3860.0 18.085201155528477 -0.002557326030751998
3870.0 18.101302520464305 0.002134011147294796
3880.0 17.98138746406278 -0.004391787342627661
3890.0 18.086768248742473 -0.002552428567170047
3900.0 17.990770676683233 0.0014558421817664352
3910.0 18.07773999990743 0.002086414591132377
3920.0 18.0756204075533 0.010239496207412487
3930.0 17.982296299062472 -0.00759603993651889
3940.0 18.039015404598015 0.0032912488034893346
3950.0 18.13103179131438 -0.009926057550510856
3960.0 18.170193529633224 -0.011270308348894642
3970.0 18.167818621798457 0.010653733222446853
3980.0 18.164718696897832 0.01936557704263622
3990.0 18.09812601359165 0.00449548125351642
