0.0 18.201060922544173 -0.0019140672202594558
10.0 18.172379388803208 -0.009729694715973217
20.0 18.155457449687535 -0.006791096641993166
30.0 18.16344340301872 0.004026890630549658
40.0 18.308952275582005 0.005017679633019562
50.0 18.32099795406966 -0.006227267498632203
60.0 18.249904734130173 0.004400616311327078
70.0 18.18944811849631 -0.002698598019892415
80.0 18.160670127091564 0.003428599652578656
90.0 18.126600612215714 0.008585336508076927
100.0 18.119882553235595 0.002288319799029906
110.0 18.13613611546045 0.005645384088438383
120.0 18.20414183070575 0.015265752608236673
130.0 18.109165571782885 0.012014100562924141
140.0 18.064734070549072 0.009329932424517464
150.0 17.996865924771086 -0.01982964096248919
160.0 18.027143307660836 -0.008955530349679034
170.0 18.113946311787505 -0.003948297712755037
180.0 18.138394593912142 -0.001562825895520125
190.0 18.090901087035395 2.9592538891476643e-05
200.0 18.070961756991316 0.001074071874842052
210.0 18.06391763825985 -0.012122992015575434
220.0 18.12270576456315 -0.0009756568606512293
230.0 18.10856295537138 0.008193553650984899
240.0 18.063741588233235 0.022809216911782126
250.0 18.001423662159667 -0.012693330456799688
260.0 18.004915324495773 0.010720052249975845
270.0 17.929566079729245 0.00249277309924271
280.0 18.000759411209298 0.007070446304966904
290.0 18.01434815190459 0.003255306486006236
300.0 18.06713185691275 0.003524156987591135
310.0 18.058826961807792 5.42269616565454e-05
320.0 17.952920123627937 0.0054573513499602665
330.0 17.920751110592338 -0.0028409373701487155
340.0 18.01347669156359 -0.011411390597148439
350.0 18.038466283780267 0.005921774482979983
360.0 18.14478799905704 -0.0012542095137907969
370.0 18.093360057695584 -0.0032479526125870836
380.0 18.163357933909253 0.02197651779853862
390.0 18.140287432088133 0.000759389168662932
400.0 18.10587811989695 0.0006370546521303104
410.0 18.064834935133007 -0.005331990927878726
420.0 18.13344882004564 0.007269619593356282
430.0 18.183582527532103 0.0007264028471784738
440.0 18.17492636751502 -0.015580493080159682
450.0 18.131855223364923 -0.0010797171764890614
460.0 18.20768398181089 0.005833129951293111
470.0 18.175717684416973 -0.017835755198947645
480.0 18.126083854065804 0.011413662820364958
490.0 18.145404933007114 0.0068549603835697135
500.0 18.068129484500687 -0.0021884463225717125
510.0 18.139510809498702 0.010633636241907825
520.0 18.15568589761667 -0.007447876799490774
530.0 18.06717742327359 -0.011325767076900022
540.0 18.128229277446867 0.000366439095352992
550.0 18.022985437110098 -0.00855019443585884
560.0 18.0911458099078 0.011903033152209775
570.0 18.11742777977552 0.005901106839686263
580.0 18.033987645959083 -0.011296598981022836
590.0 18.032863511055996 0.005860165642623487
600.0 18.13705615861629 0.0049249632480460334
610.0 18.095580726136795 0.015278606000876728
620.0 18.049701627224593 -0.002180524794803324
630.0 17.97791583174202 0.004652811588076843
640.0 18.016738196730763 0.014548122935025266
650.0 17.871859857351758 0.00020878694531495113
660.0 17.891285204161843 -0.006259315431536537
670.0 17.84998400638131 5.699301504077498e-05
680.0 17.840588746093292 0.01689719418010216
690.0 17.75688548919774 -0.00869874866388137
700.0 17.901931701427458 -0.003739807809615523
710.0 17.974195970740343 0.00376158260065393
720.0 17.86459107435146 -0.002467586179926844
730.0 17.836572160004216 -0.010777258735205587
740.0 18.017397455187893 0.025247613900159553
750.0 18.053226289965377 0.004118437429997649
760.0 17.985061041336802 -0.005111317965217307
770.0 18.046440902605145 -0.005752555865913185
780.0 18.136667984585852 -0.001278936768146036
790.0 18.089998020455646 -0.0019082305935967548
800.0 18.143760093024618 0.011290927263673162
810.0 18.13639646775987 0.0023060604477383494
820.0 18.102783168693147 -0.00842919742062431
830.0 18.057838611958875 0.003927551841954494
840.0 18.097710019332354 -0.003578779687265175
850.0 18.056720134009883 0.012979616880579352
860.0 17.999294226720828 0.00616169878833761
870.0 18.034424256497868 0.0012744040285567906
880.0 17.961749788228573 -0.0044605505959835826
890.0 17.93323068981332 -0.013966405583690833
900.0 17.943142764985122 0.005495181292342955
910.0 17.960677680747658 0.01151447470697166
920.0 18.03546468695341 -0.004148520752808723
930.0 18.046699670996293 -0.0001898589476629916
940.0 17.979910127796384 0.007678829339055528
950.0 17.970095856598597 -0.015224081406253243
960.0 18.14358854307228 -0.01940646969841789
970.0 18.1818894139488 0.0044700711545147785
980.0 18.29988767836052 -0.0037520343741826085
990.0 18.239341469302932 0.003578277404012649
