0.0 17.77637282583913 -0.0020738329812465504
10.0 17.816028256211393 0.006435784064118091
20.0 17.785277109544708 -0.00653653944069563
30.0 17.877603174330137 -0.0008563107280381898
40.0 17.773582018152766 -0.008012526806277507
50.0 17.872404289303546 -0.007333570938893978
60.0 17.94134819557835 -0.01162634587093013
70.0 17.87024173143516 -0.004411792336428907
80.0 17.71922140051601 -0.009163622024484782
90.0 17.7854004785831 -0.002315321665094423
100.0 17.760460210092408 -0.0013852281752911302
110.0 17.864140555300597 -0.00773561655357505
120.0 17.83949319072695 0.0001595646138944379
130.0 17.86419092793806 0.001052964390850932
140.0 17.898509954805125 -0.0010478389079640591
150.0 17.914304587987214 -0.004865129025259211
160.0 17.888535080680835 -0.002173830220577347
170.0 17.978920308923872 0.008193932448712315
180.0 17.975676215960867 0.02731829693197541
190.0 17.917724479476142 -0.0011865248285908845
200.0 17.93471950958408 0.0011898184793482838
210.0 17.96519004963855 -0.008523754231763216
220.0 17.93460485856972 -0.00010128599280586939
230.0 18.085692743232023 -0.005785215445558611
240.0 18.118843269528448 -0.018809605042479752
250.0 18.05255142017641 -0.005388211381858137
260.0 18.08788964731169 0.01243399027568696
270.0 18.108456726910873 0.011376032612350363
280.0 18.09327983257018 -0.0059071087701371375
290.0 18.083637023751894 -0.0008341037786641281
300.0 18.089707017721487 0.012903679206169841
310.0 18.020311397357784 -0.0018313023685026333
320.0 18.049414075917834 -0.0018108236061376212
330.0 18.014673648138977 0.01477533369299659
340.0 17.93657670899469 0.0105589178661782
350.0 17.823062807898335 0.016379319391546
360.0 17.87272772511145 -0.016848677944117797
370.0 17.801557483716564 0.001850616814015631
380.0 17.772460491783498 0.0037962400286592093
390.0 17.71871405610975 0.009932509103599755
400.0 17.820789112100776 -0.0013213489258837984
410.0 17.77160917001755 0.0002266465509242325
420.0 17.741332063314474 0.00613859896742933
430.0 17.759694437872366 -0.006690267421992255
440.0 17.861484532674567 -0.002720379125525995
450.0 17.895376619688143 0.0007063284563604669
460.0 17.92648024949865 0.013024106270128668
470.0 17.87915809402991 -0.0021823631136882117
480.0 17.90621516955781 0.00141424495231937
490.0 17.911358674492348 -0.0025412508577845913
500.0 17.814823784420586 -0.012776425451211581
510.0 17.774454288933573 -0.005023874621361164
520.0 17.829170623112546 -0.02171065643447339
530.0 17.933658001019502 0.014508162802544222
540.0 17.949103096862178 0.008545569243395732
550.0 17.941723387670233 -0.002772641994691626
560.0 17.94649569857949 -0.004885703402413436
570.0 17.99073905820131 -0.0022386249239008307
580.0 17.96903921778616 0.020387259870307345
590.0 17.98316332507483 0.0009257801068446746
600.0 17.98948038688781 -0.007295464665042407
610.0 18.051904521460493 0.015111413155904972
620.0 18.041707756542742 -0.012931497745625173
630.0 18.04055882762841 -0.011703120282898966
640.0 18.08002377583933 0.008967378306488005
650.0 18.086025782363016 -0.006092662024063594
660.0 18.033843403369335 0.014442183003861577
670.0 18.033551127182722 0.0026834294826229327
680.0 17.9697024713858 0.005264898741390841
690.0 17.98026235881694 -0.009257153411939193
700.0 17.976550792455352 -0.0061235496161970715
710.0 18.016219042311178 -0.0031748571534834747
720.0 17.971182634146356 -0.00635236486860894
730.0 18.01001410932449 0.002318635967769637
740.0 18.051727254559115 -0.007203195262749959
750.0 17.99891508565394 0.0033743174815662196
760.0 17.979670146824798 -0.011986340476584232
770.0 18.002759462526832 -0.012705144111308898
780.0 18.099755225161505 -0.014442900164874116
790.0 18.146000648859157 -0.0005362480139577112
800.0 18.06477223971668 0.0013056399739722305
810.0 18.02079353119584 0.016218505135163118
820.0 17.994070383482136 -0.008546326155372182
830.0 17.922128794590858 -0.005752894958869226
840.0 17.960938869929816 0.009586510505732074
850.0 17.869402974937174 -0.01082703639247197
860.0 17.89146925007552 -0.015562625620748609
870.0 17.910759598259197 0.0019564869321574137
880.0 17.86462616855469 0.0022376648738608074
890.0 17.929201077666146 -0.003675654983142998
900.0 17.919968037661334 0.001101550965297736
910.0 17.781846457351644 -0.0002014363144095681
920.0 17.713812072106563 -0.019333981628504145
930.0 17.874623077084205 0.0077839992759739934
940.0 17.94034262737171 0.01866570258804386
950.0 17.90295327537327 0.03078393968655444
960.0 17.967117183385344 0.0038497675451715546
970.0 18.002614530240837 0.003998837729844109
980.0 17.969019594098715 -0.021543845491390184
990.0 18.00792096137362 -0.006207567155194898
