0.0 17.904335078248906 -0.005534788930232895
100.0 18.030109734246498 -0.0070985707168456525
200.0 17.897954988500995 -0.007418932927411809
300.0 18.08500659596434 -0.005622500723900201
400.0 18.039303169214715 -0.006433311700962836
500.0 18.22244408368371 0.011227901248883555
600.0 18.007667643903428 -0.009077622299677157
700.0 17.89409860177584 -0.004730296720359655
800.0 17.733103649492566 -0.006859490111248213
900.0 18.076277701949614 0.02590789744271519
1000.0 17.880885967834832 -0.019441686686692435
1100.0 18.189894917721478 0.00288828473114574
1200.0 18.124557313729472 -0.007993556781422249
1300.0 17.777461118694404 -0.01136343746193617
1400.0 17.920480075138833 0.0020193670900578264
1500.0 17.882888698664445 0.00042965097617589495
1600.0 18.158460541309733 0.003602283607527325
1700.0 18.110801396360404 -0.01732265429733749
1800.0 17.945014704792726 -0.004096669060055246
1900.0 18.03260900061937 -0.009063859633612139
2000.0 18.181994672526535 -0.00047285108239819205
2100.0 17.917454520501742 -5.712984550656813e-05
2200.0 17.949018769469454 -0.008314458130005508
2300.0 17.82725653860387 -0.012416536865495422
2400.0 17.95498569049359 0.006108521776293256
2500.0 17.915169968260564 -0.00791457839956646
2600.0 17.97464272477811 0.018231133220830694
2700.0 17.87830126676984 -0.015952196091281266
2800.0 17.68589086544712 -0.004561189903769993
2900.0 17.9578569379374 0.00902818638559896
3000.0 18.032700205347577 -0.001625773929992561
3100.0 18.071104979204424 -0.00170568981275289
3200.0 17.956596049995525 -0.005193805594970345
3300.0 18.024676161887424 -0.006744562428815335
3400.0 17.981934954299533 0.015134823635494482
3500.0 18.00868773039415 -0.012095358610849182
3600.0 18.080029124904915 -0.0029839474891045583
3700.0 18.101027925670827 0.010190638212609706
3800.0 17.777933322166053 -0.006051318926627533
3900.0 18.01927951652585 -0.015386475368492513
