0.0 17.964897204468944 0.0108926143194515
100.0 18.1394592785595 -0.0017832103233738092
200.0 18.052545247664735 -0.023785902254451447
300.0 18.163092367980838 0.0016596306335595538
400.0 18.136646487292285 -0.0057041288108362845
500.0 18.04980353364992 -0.005038463385033171
600.0 18.005897412362785 -0.0005611248135246036
700.0 17.93281835294248 -0.009158097991315171
800.0 17.89051672935321 -0.002561576282100212
900.0 17.79438755152459 -0.009994491435853963
1000.0 17.89260848732924 -0.012337733681561151
1100.0 18.043856064624446 -0.00829411621256196
1200.0 18.035212355557178 0.00469273413286622
1300.0 18.2943598447774 0.0038577151186312253
1400.0 18.08583423501698 0.004854509395631856
1500.0 17.988289911700445 -0.004467284311177079
1600.0 17.889377804090717 -0.012940431885045265
1700.0 17.920837901162013 0.014831249286153012
1800.0 17.94539215869794 0.004736127228952787
1900.0 17.848088843496736 -0.017077522834629814
2000.0 18.084223719427474 -0.0025848225266447405
2100.0 17.582007726770478 -0.027168771736219892
2200.0 17.938723811965257 0.0007404144729278101
2300.0 17.978857874730544 0.03347701111951463
2400.0 18.066514908346058 0.018060078357269388
2500.0 17.84841185648696 0.02488373661253795
2600.0 18.041141023179023 0.002129093690732896
2700.0 18.127572060664942 -0.00040537260401197177
2800.0 17.978181723359572 0.0004767484885115719
2900.0 18.02251126896181 0.0038211548062639512
3000.0 18.149238637245357 0.0076354440137130376
3100.0 18.172670181384934 -0.019553187903341995
3200.0 17.90822013618922 0.00925778725196473
3300.0 17.80426431120866 -0.0001681362746854336
3400.0 17.72578114189571 -0.008014430060615784
3500.0 17.939539101531576 -0.006817501299510266
3600.0 17.882210522622817 -0.0026252709840436585
3700.0 17.810753765193166 -0.00429460908285584
3800.0 17.932156383845143 -0.002447293815328573
3900.0 18.044689277452665 0.010918068221431973
