0.0 17.98500896531545 -0.009039591307932469
75.0 18.105714856990797 -0.004125803894764041
150.0 18.169603246186327 0.010497101384168211
225.0 18.009171039327303 0.007698372922519161
300.0 18.208536577417625 0.00017955336835477777
375.0 17.952132475272666 0.004524545759640076
450.0 17.847055772279642 -0.01714799634424947
525.0 17.832348879424035 -0.010805941363639668
600.0 18.03696278773851 0.0023110849186424006
675.0 17.934621957462372 -0.011780670211662268
750.0 18.079506501075688 0.0032663380609958288
825.0 18.17336283571542 -0.003905155383409515
900.0 18.267261067192393 0.02856569517853884
975.0 18.080096065089514 -0.00023869102521926507
1050.0 18.027978003586735 -0.011276857776406631
1125.0 17.916096593338796 0.0005503514832790903
1200.0 17.908685828873182 -0.021412132516802122
1275.0 17.961101948902215 0.004026907042134488
1350.0 17.94414246770992 -0.01278673943660043
1425.0 18.144771786105842 -0.008825811352662988
1500.0 18.228017616189412 0.004219728028692111
1575.0 18.113109469098898 0.002431724921766148
1650.0 18.088492733010366 -0.0068815769628444955
1725.0 18.035598877681384 0.004704390710383294
1800.0 18.12522743006181 0.0036783604254660464
1875.0 18.31600797318587 -0.00818143353978453
1950.0 18.23653041653008 -0.0032894371482589564
2025.0 18.361773887424604 0.01226448569053265
2100.0 18.225700915740646 0.0073300210111699885
2175.0 18.24529836667371 -0.015791342486503945
2250.0 18.03950487475852 -0.002025875203007048
2325.0 18.048516174136818 0.014273487719371208
2400.0 18.05313520339252 0.0026489267337647493
2475.0 18.080922396373598 -0.0024826709739721063
2550.0 18.001752614526982 0.010354380624767533
2625.0 18.074201727028708 0.013501083476920361
2700.0 18.093224587751774 -7.830003655147694e-05
2775.0 17.986011218897513 0.004430608111588136
2850.0 18.00266209254131 -0.007295607513856685
2925.0 18.083554575197326 0.01075533932882677
3000.0 18.02158687462425 0.008358155408646518
3075.0 17.99014321838095 0.009159332501351982
3150.0 18.039752502642703 -0.01685519747367035
3225.0 17.87020129928247 0.006697799461518839
3300.0 17.948371281790735 -0.000684915305744186
3375.0 18.014438639826853 0.003755820810049838
3450.0 17.932035586595735 -0.028058798454126076
3525.0 17.979266305449908 0.018252959927637834
3600.0 18.125090833967114 -0.003813361074431692
3675.0 18.52539431578808 0.00910707636514777
3750.0 18.30162345701722 0.010013176971970074
3825.0 18.034537041285123 -0.0008240668980284161
3900.0 17.93798416584161 -0.006850236061267275
3975.0 17.878345470235416 0.010105216637619048
