0.0 18.078863616802725 -0.0028304978981603243
100.0 18.30686839483575 -0.0006199192643685451
200.0 18.027924566301127 0.009483383068877672
300.0 18.05292151838543 -0.006942225275618737
400.0 17.885373283772946 -0.00973935536328727
500.0 17.967605435654317 0.0036088008357976127
600.0 18.13731420794596 -0.020595269192086645
700.0 17.932327857143086 0.008378923513825675
800.0 18.199371499964506 0.004581064833980663
900.0 18.210427365722698 -0.013450674488621835
1000.0 18.056951247357485 -0.013874776003923213
1100.0 18.036610332794808 -0.005175447096816812
1200.0 18.112722136058263 0.012527867528038262
1300.0 18.166055134940503 -0.002705789272703306
1400.0 18.122264315581614 0.0060274300304194684
1500.0 18.02416016102847 0.0022129680370509795
1600.0 18.029876308415275 0.007900446740492456
1700.0 18.159726448240903 0.017366577101934885
1800.0 18.078439910519457 -0.008762123829980858
1900.0 18.460856910186287 -0.0020263405506699876
2000.0 18.2837362351195 -0.025007809650402134
2100.0 17.897369513286904 -0.011574309190608716
2200.0 17.79534715987629 0.0010501505332123622
2300.0 17.61066875425165 0.004952580350375353
2400.0 17.7887597663239 -0.014946148506273776
2500.0 18.38051646473688 0.005256623665113048
2600.0 18.173163656095124 -0.006674390743084818
2700.0 18.263659897270067 0.004210123892570728
2800.0 17.91510739622209 0.01413189824079963
2900.0 18.040596484634758 0.007846537787783485
3000.0 17.922645109089526 -0.007186105714160511
3100.0 17.88948546299752 -0.007898262681835114
3200.0 17.951318391732435 0.015389218119256039
3300.0 18.05834831237782 0.008431126893119098
3400.0 18.05491510021365 0.007515921516666288
3500.0 17.898115955898668 0.00209660067067634
3600.0 17.90964463422706 0.006168953312226214
3700.0 18.245331800066744 -0.00257444410819717
3800.0 18.17495893328088 0.0011314359809494767
3900.0 17.963658691583454 -0.012656303805277904
