0.0 18.04704641541272 -0.0030456255518957857
10.0 18.059659608865875 0.006643914228003562
20.0 18.047813586223143 0.002776716707704431
30.0 18.064914556197706 -0.005136965527565592
40.0 18.074378409328144 -0.011013774706465798
50.0 18.009023713846734 0.007186546271764314
60.0 18.035782167470416 0.005650959786473873
70.0 18.083294857580267 0.0014559795256724947
80.0 18.07311286057285 -0.016226678482534736
90.0 18.084341844946028 -0.006755093243589883
100.0 18.11540551582791 0.0010306623447077598
110.0 17.973405074241732 -0.01526539530155892
120.0 17.996057663948164 -0.00210754109376475
130.0 18.015831370409828 -0.011653106005950337
140.0 18.107227248644815 0.007152407030377718
150.0 18.121873468312177 -0.02575776079802346
160.0 18.102394988193673 0.023989037650749327
170.0 18.144435715212264 0.008693310184978943
180.0 18.09301583551861 -0.00036996338512953797
190.0 18.154533345197564 0.013326518618440393
200.0 18.104683239441457 -0.0016449014701824301
210.0 18.05774059586791 0.01217822861795739
220.0 18.108739326779872 -0.012531866499085569
230.0 18.11613716673411 0.002102901177589611
240.0 18.138426794113357 0.006973436178815814
250.0 18.208640778131336 -0.014238894702285818
260.0 18.15001462104554 0.0006554786101501438
270.0 18.10712091127255 0.00577912453913071
280.0 18.130524633247763 0.008452112515035099
290.0 18.008324257124915 -0.008440036276567945
300.0 18.074580073602412 0.017643505787574433
310.0 18.048761018524175 0.0035939564759609804
320.0 18.04736428392077 0.011067490308106132
330.0 18.06541902975036 0.009094226896410023
340.0 18.017422510305067 -0.002931641043563113
350.0 18.062408779095048 0.00208777308470125
360.0 18.12488494057613 -0.015467199560391066
370.0 18.129185447126545 0.005899189831912379
380.0 18.18159854647988 0.0009083095874823092
390.0 18.08688091165848 0.0020948016083799544
400.0 18.0279146362384 -0.011572330225813844
410.0 17.932155673137434 -0.017432714587571202
420.0 17.952231354249008 0.009143328866226005
430.0 18.02913980423671 0.010496739004478737
440.0 17.990822498098765 -0.013545694561292551
450.0 17.997759926563752 -0.002273521100421267
460.0 17.99404435184627 -0.005672184512818074
470.0 18.05530323997537 -0.008489082963733656
480.0 18.093719004631044 0.013406425081114937
490.0 18.069874744480504 0.001275850787291242
500.0 18.008792524525404 -0.013224682583196324
510.0 17.96864272415114 -0.011123860812545721
520.0 17.90517630901727 0.011786515217054035
530.0 17.925065585148676 -0.009710436160537867
540.0 17.907587721383994 -0.014161682747659514
550.0 17.87897792532601 -0.015292913447763413
560.0 17.97580708043275 0.0004569868579526083
570.0 17.967281597177216 0.011141167265115914
580.0 18.069091819887806 0.01918931597692568
590.0 18.033820829954745 0.004010685256461908
600.0 18.110787441095603 -0.0008542600033166573
610.0 18.196765025385027 0.012330487448757033
620.0 18.19777917552234 -0.003476180844162627
630.0 18.132924660666735 -0.005762991738386556
640.0 18.09416554534481 0.006772138814612996
650.0 18.021078814546527 0.01876559891352782
660.0 18.08036540589483 -0.008726151314623258
670.0 18.067661989298692 -0.004158057058301144
680.0 18.07794880446272 -0.012592166023765915
690.0 18.076216922057835 0.015601137725364079
700.0 17.990483173704607 0.0019013856284552883
710.0 18.019890752456458 0.015176199797965391
720.0 18.139024153626952 0.0044652449630147575
730.0 18.16019726394222 0.018614624787297668
740.0 18.082148248954518 -0.011533424836473124
750.0 18.034143032463724 -0.013615518995093362
760.0 18.020297206018864 -0.012293828311455333
770.0 17.956847903181725 0.012707727753132647
780.0 17.94461026610112 -0.003211486221340025
790.0 17.883983740715248 0.0008531574773525672
800.0 17.82534697698277 0.010339370784893316
810.0 18.00894063291232 0.010906438540525792
820.0 18.0281892528159 -0.0191982129336416
830.0 17.951368975454333 -5.682328642750149e-05
840.0 17.868830440909285 -0.009724295591990235
850.0 17.963152928396617 9.797849301055057e-05
860.0 17.96520551727473 0.02405255508600598
870.0 17.79584795429359 -0.008902975558513963
880.0 17.834993624289144 -0.0019239839199925745
890.0 17.858600633028605 0.021471147982595334
900.0 17.898616431250524 0.02352477671288363
910.0 17.87697760299395 0.00529616162313872
920.0 17.872873016659383 -0.00952039237818254
930.0 17.901858852517467 0.0025088688884582324
940.0 17.911153034481075 0.0035685295220773323
950.0 17.865612243305076 -0.013021997781392352
960.0 17.84491648217736 0.01926424214057928
970.0 17.91323434165453 0.0018914459031908921
980.0 17.96320979322439 0.005321091562296266
990.0 17.890086744511265 -0.0013998913559798343
