0.0 18.06487101065454 -0.0034640105693220405
10.0 18.098490322466372 0.016833016267798897
20.0 18.05917742324122 -0.002587897564808383
30.0 18.14664782920081 0.007198369688168711
40.0 17.98311614998622 -0.0026183454192809466
50.0 17.99044518717698 0.014699853803499594
60.0 18.07608214273241 0.0047229311527020165
70.0 18.070880966500717 -0.007240580676145099
80.0 18.090477825593407 -0.000585740860063446
90.0 18.11075126145921 -0.0022929712571890947
100.0 18.06747240626528 -0.0039141887556757606
110.0 18.134049837665106 -0.001871976612954696
120.0 18.257229723898018 0.008979881818959243
130.0 18.12370195630996 -0.00503344497085486
140.0 18.084358477558244 0.02886107255293054
150.0 18.136154875564582 -0.003940675764122062
160.0 18.1799503111882 -0.0013451776801712146
170.0 18.199935920983457 -0.010722957167481825
180.0 18.146352707162617 0.010222441119730254
190.0 18.142236042697288 0.009764212514961545
200.0 17.998099247385984 -0.007648097279304428
210.0 18.04110965757353 -0.02479430330108515
220.0 18.0551773475669 0.0060977949453411085
230.0 18.03784643027185 -0.002600599916205212
240.0 18.07308305158756 -0.0002368713722671382
250.0 18.08826566276158 0.002574677071414685
260.0 18.021702517931413 0.008470753068080285
270.0 18.01456909803617 -0.009401658624140666
280.0 18.198792199962075 0.011651820297906039
290.0 18.086844826550106 -0.007692420115798812
300.0 18.08415859951305 -0.004865003087014273
310.0 18.001077443921577 -0.0031704795295864996
320.0 17.926866766591523 -0.007778245368797437
330.0 17.947051782299397 0.0006549545020329338
340.0 17.95630922844235 0.005321133883384435
350.0 18.042478593539034 0.004462834635981357
360.0 18.005116060050508 0.014550775467538387
370.0 18.034698611562295 -0.0020246922028805837
380.0 18.02948665609121 -0.006141563895993879
390.0 17.998676571541612 0.007043467106935663
400.0 17.949603256036042 -0.003933672073297832
410.0 18.009406763633887 -0.002266184045852752
420.0 18.01150084689269 0.008831430218931222
430.0 17.98739585351614 -0.00028477320840288744
440.0 18.01975420413188 -0.007334661561053822
450.0 17.959567997470003 -0.005822234402037683
460.0 17.892736319046072 -0.0008205324770208378
470.0 17.820312256749308 0.008308609551998225
480.0 17.820486772465134 -0.01109179459881308
490.0 17.784465115673076 -0.006453260642442282
