0.0 18.120866470921246 0.0046241201803595075
100.0 17.948767883354897 0.01223816187741445
200.0 17.975571457660752 0.008440760188169754
300.0 18.01729232452427 -0.01565112466006909
400.0 17.805929706699917 0.008611082182118026
500.0 17.856497096986256 -0.005230705936636634
600.0 18.048097644071415 0.0009008008543564682
700.0 18.026375203475766 0.0032396572350976557
800.0 17.892576163918022 -0.003310962972736116
900.0 17.98268822657462 -0.0015092231076138166
1000.0 18.053899116710433 -0.011871156229154328
1100.0 18.001661794377192 0.0021533676521935476
1200.0 17.96379446884759 -0.0023348015336230126
1300.0 17.92830337981349 0.005570486465744033
1400.0 18.13569239026319 0.0012692069305515552
1500.0 18.03816174742118 0.0011267454563172819
1600.0 18.12435187171507 -0.005941751743015331
1700.0 18.207828365194107 -0.012780113313817404
1800.0 17.74094616267037 -0.006927152628396004
1900.0 17.853294590053764 0.01727277963406883
2000.0 18.107465614759487 0.007891298171824605
2100.0 18.1210498373084 -0.0006146271264727089
2200.0 17.877973251560665 0.007899457483797783
2300.0 17.904604944920106 0.0067244360007897765
2400.0 17.87426884093918 0.002179724006489578
2500.0 17.964965634963697 -0.011900642112266189
2600.0 17.880026642313872 0.0029459370219658055
2700.0 18.043162111514818 -0.016718512864202884
2800.0 18.04320301603265 -0.003965642438890221
2900.0 18.400970906595234 -0.010440941003295255
3000.0 17.98433051632632 0.01169061354274786
3100.0 18.192168756509215 -0.012573564317476185
3200.0 18.231533298061127 0.014556913789987969
3300.0 18.15667385631355 0.004470009089736245
3400.0 18.062219862982563 0.0003056848040932656
3500.0 17.893397248775077 -0.004304607960550797
3600.0 17.927878486747144 0.005149289585787196
3700.0 17.88944628070766 -0.0029877189228789346
3800.0 17.8336587620863 0.0018273471344832227
3900.0 17.84349869398992 0.008074270365399575
