0.0 18.17604128304989 0.01611511019591914
5.0 18.110869272530202 0.0018845237339156357
10.0 18.09389781673465 -0.0018092441981326951
15.0 18.11715618749088 0.0054632802791314055
20.0 18.12468832072736 0.0021656280534503463
25.0 18.072724797954056 -0.003423934175545028
30.0 18.135240893705742 0.01577500681623311
35.0 18.047135639832316 -0.0038454322071038854
40.0 17.99800795221101 0.003615951692609303
45.0 17.960694709856487 -0.0013598476278130105
50.0 17.957677462968938 -0.00034101862608568005
55.0 17.94197911238266 0.0025002708765997595
60.0 17.876905105770174 0.0002765363852468209
65.0 17.8339151794288 -0.001085068616315124
70.0 17.840492593277997 -0.019985795901162746
75.0 17.896334349595328 0.0012367393901302145
80.0 17.886132135462756 0.017614772246186853
85.0 17.84433484708238 -0.001587427378466075
90.0 17.77276339876199 0.00045588300558154437
95.0 17.762708468014306 0.009160076502126727
100.0 17.771407689296787 -0.000880196525218665
105.0 17.818960277310786 0.0003426771672214311
110.0 17.883836087003953 0.006143716032108655
115.0 17.87495608644928 -0.011444328363060436
120.0 17.89634189028169 0.01076935329609206
125.0 17.925067155718143 0.018450975699484548
130.0 17.92887491570142 0.006485664012141558
135.0 17.934318622970856 -0.002843376204194914
140.0 17.92418911113757 -0.001232097815704349
145.0 17.998336275410864 0.005329148494691091
150.0 17.981007344208347 -0.004704906897922971
155.0 17.990608347192126 0.006213874772792496
160.0 17.970176998033836 -0.0027935417351218307
165.0 17.9659341051517 0.011431728339866165
170.0 17.8874759115181 0.007058548555578411
175.0 17.918192631316824 0.010863975076427387
180.0 17.835798219470416 0.018407759852418822
185.0 17.806890865364824 -0.0009954453842254925
190.0 17.858391162753072 0.002583999036195133
195.0 17.782126194634966 0.004328028168715137
200.0 17.759166835017396 0.007569858204662371
205.0 17.74854311487727 -0.012526722419093434
210.0 17.70394619829427 -0.008921172888337167
215.0 17.696978936216087 0.00017024217806811936
220.0 17.66354888562561 0.003335305462507733
225.0 17.719496809998137 -0.0006461169428275384
230.0 17.73933039579624 0.00022494195360305065
235.0 17.76383707769294 -0.010894823271377299
240.0 17.791370128738443 -0.0010350789094347775
245.0 17.803533110314586 0.01878301866864676
250.0 17.723083000851233 0.0031415915027950313
255.0 17.685818742407655 0.010829954280688418
260.0 17.676023233904253 -0.020330764735900928
265.0 17.746739460187726 0.005440361017235277
270.0 17.76227244456183 0.015714984558657396
275.0 17.799205254576364 -0.004839891128332162
280.0 17.774080033811888 -0.011070196206271851
285.0 17.73858236662483 -0.011081991066334753
290.0 17.814259918955685 -0.007389821146391613
295.0 17.81309227522938 -0.0008232100896917206
300.0 17.821825052672015 -0.01324582139208297
305.0 17.843066126579444 -0.005090888152002722
310.0 17.807072393712858 0.010106576581508432
315.0 17.77193923161725 0.0012654038148551653
320.0 17.792857353173186 -0.009182492648966261
325.0 17.81892790878912 0.0067762647275245716
330.0 17.840858092078513 0.0032796182679937754
335.0 17.85285501278971 -0.010673872120639255
340.0 17.897584615443392 -0.008555008477021394
345.0 17.89113533147267 -0.0118319596259965
350.0 17.89432471326866 -0.010836378525255349
355.0 17.883710676108276 0.005081391567938099
360.0 17.833765639239033 0.031765714576884534
365.0 17.81844971261999 0.006231423048915649
370.0 17.86841729548667 0.018537362799212566
375.0 17.84661269913811 0.00047732571436504364
380.0 17.794117416686017 -0.0111546818805926
385.0 17.834815773503955 0.002965247726827969
390.0 17.893140697792393 0.007416967984894499
395.0 17.851538773775236 -0.0009838557808857463
400.0 17.86688358804123 0.002837667868768216
405.0 17.888327972705206 0.001445317714302003
410.0 17.820161191873886 0.0052529357836660654
415.0 17.84380435358065 0.009422613621319445
420.0 17.773244061601968 0.005272381116009148
425.0 17.738708328148963 0.004292713549742734
430.0 17.77178137456158 -0.0027769945276002943
435.0 17.829904145517634 -0.011244094441341355
440.0 17.838628235454127 0.0057393172946300555
445.0 17.751013300728033 0.01813937177842061
450.0 17.67903393109553 -0.0126554463688176
455.0 17.74364451479704 0.006925634456490607
460.0 17.727652835408588 -0.002805309923654435
465.0 17.793750579567167 0.00986123332311566
470.0 17.777481226441534 0.004135663836039282
475.0 17.792579369129122 0.0017976262534344883
480.0 17.841529175026672 -0.002565790726211197
485.0 17.808692520204353 -0.0018046385131196315
490.0 17.822962036328672 0.006476690103780785
495.0 17.871014915717435 0.001461879425020058
500.0 17.910876002446937 0.02088214700896784
505.0 17.946653269717537 0.006138675857719979
510.0 17.918042532362676 -0.02319009231349998
515.0 17.926975849324023 -5.1895575729922616e-05
520.0 17.946091473299152 -0.005839559749336194
525.0 17.917673561348774 0.0020587502506421696
530.0 17.87800478569454 -0.01095630374510531
535.0 17.912821163055497 0.010526644383616572
540.0 17.92667323551367 0.011336162006809224
545.0 17.980846490132866 -0.013075904758203936
550.0 18.000626898341565 -0.003853757433382576
555.0 17.983573668619275 -0.010346165126185101
560.0 18.122315007871176 -0.0041388068294328315
565.0 18.06091115903203 0.0031793870551706307
570.0 18.06976445324092 -0.00127053618418999
575.0 18.046816068011246 0.0034330981744576444
580.0 18.06206616823944 0.006966999705748803
585.0 18.142107846048685 0.0008579719759216619
590.0 18.145993136902092 0.001193051733718897
595.0 18.245518185278595 -0.00895812598765108
600.0 18.27518049487397 -0.009372278571330302
605.0 18.268843300961787 -0.010994853375026401
610.0 18.273562336470377 0.0008931160301149159
615.0 18.2093397773155 0.007576833571175519
620.0 18.190323383360006 0.0016214915092130635
625.0 18.188232196878943 -0.0033456150783525212
630.0 18.151477557026794 0.0016241292688711113
635.0 18.087715119318645 -0.006344326086637156
640.0 18.213086908734496 -0.005331634155085641
645.0 18.262768548291096 0.02960364112247244
650.0 18.267313859303837 0.011184929729910167
655.0 18.228361101128545 -0.005986518521131321
660.0 18.27485809722358 -0.006115060942398447
665.0 18.276983234957722 -0.0011187226080781234
670.0 18.258210223692256 0.019727684862043373
675.0 18.263240107311816 0.015252407190601365
680.0 18.253097271423115 0.008003148121528273
685.0 18.320267046419172 0.015532073689413046
690.0 18.290667747637848 0.007159523810268145
695.0 18.247369249257 0.005560838390898765
700.0 18.243190905765054 0.004675207243606143
705.0 18.22862112655379 0.004404569722557685
710.0 18.217495429992304 0.0004990735561299793
715.0 18.253875089691896 -0.01163406700498958
720.0 18.22124713489647 -0.023179338245823713
725.0 18.24755627834861 0.012043955521204715
730.0 18.219333577092502 0.005935476797689097
735.0 18.240102829763988 0.0018156731095241522
740.0 18.147888785460225 0.007008810144340837
745.0 18.130290487972037 -0.006007921169043393
750.0 18.135199819888694 0.013490099063876545
755.0 18.126463608321057 0.0029910471948623963
760.0 18.051186683017157 0.010009786430259049
765.0 17.94882754544389 -0.007776282848566871
770.0 17.95285444992821 0.00471277451185179
775.0 17.964056736461114 0.0019096574316464921
780.0 17.994513184795206 0.01466007374583922
785.0 17.909840992533635 0.006268715596500963
790.0 17.92848120301934 0.012082614640430202
795.0 17.85627747026418 -0.008380257413071223
800.0 17.83495907314727 -0.013999223895899008
805.0 17.912416358102714 0.004368365669492011
810.0 17.930708562048824 -0.013323268436665859
815.0 17.970837141952753 -0.016116912158082447
820.0 17.96540792253811 -0.0003239106017469961
825.0 17.8755634261051 -0.0170817227379071
830.0 17.858244668158775 -0.0011521424401504062
835.0 17.86218651913391 -0.0005703502516820748
840.0 17.890639772279854 0.010230336019178934
845.0 17.899793586658262 0.010123095162571726
850.0 17.885114640745403 -0.02632266417739486
855.0 17.937176000966122 -0.0055559728225720575
860.0 17.90166798085291 0.0161077934241405
865.0 17.857446532070817 -0.009345101364899534
870.0 17.87956701578916 0.0015738780704844888
875.0 17.865993072595014 0.004932683230751139
880.0 17.809963924275042 0.006030421708050859
885.0 17.836403118177117 0.004385099641229966
890.0 17.813840341549362 -0.01982165217323776
895.0 17.931460416120814 -0.0022836772075288322
900.0 17.928080990339726 0.00397729696399327
905.0 17.941867351909064 -0.002803489513610458
910.0 17.982514331445156 0.009540534486000016
915.0 17.929035012166594 -0.002637309851415309
920.0 17.91681469848006 0.0011566345129145252
925.0 17.88123030833129 -0.002827067022351461
930.0 17.835967023605047 -0.004760724354085991
935.0 17.836669457678155 -0.01120165889309662
940.0 17.7492285200216 -0.01762201507679145
945.0 17.833868288771075 0.009474478794712374
950.0 17.85718714737177 -0.0011501643286102336
955.0 17.857710801898417 0.002099208771977342
960.0 17.83542174191754 0.003519566916780461
965.0 17.7952325506478 0.010054900202384705
970.0 17.803459973134416 -0.012087926491635806
975.0 17.829866019313016 0.010257351062090638
980.0 17.903960555672658 -0.007921148882863632
985.0 17.971532031686465 0.01603111686526787
990.0 17.937657822509923 0.017578275705844356
995.0 17.939627773892216 -0.011819377590712117
1000.0 17.902727186079595 -0.016313875122696605
1005.0 17.9166435454531 -0.004390524767567837
1010.0 17.95177011821529 0.006490101764590237
1015.0 17.94811803214903 0.007307660409784711
1020.0 17.997753565102776 0.00392419217704114
1025.0 17.994426336159183 0.006828547213389822
1030.0 17.947326476702507 -0.01916741087107388
1035.0 17.9160723163189 0.0038448337591885065
1040.0 17.85860358357268 -0.006281162256404654
1045.0 17.87551402104791 0.003038833468328505
1050.0 17.94362614682971 0.00809299219910152
1055.0 17.947807873450582 -0.018689962126829895
1060.0 17.93141071081595 -0.009791631396399984
1065.0 17.969888920199484 0.016803723840697695
1070.0 18.044611006137536 0.0012833524888234754
1075.0 18.044526434918108 0.002034287242672419
1080.0 18.015382609558692 0.0033380266302336092
1085.0 18.00571089502413 -0.001040177532910304
1090.0 17.926144434463467 -0.01501540669774877
1095.0 17.920594561412326 -0.0035185009708045474
1100.0 17.982850413607927 0.0010631115350116641
1105.0 18.040985185399325 -0.00212798614059955
1110.0 18.00514119440871 -0.005611485024387496
1115.0 17.982135889429458 -0.010199500407575923
1120.0 17.990475464028503 0.0008876935586785079
1125.0 17.977209395861273 -0.004949469231768048
1130.0 17.960136340028782 0.011830898623997622
1135.0 17.88111772884307 -0.011695866904482986
1140.0 17.85412974881076 0.021618088699149402
1145.0 17.821480095855733 -0.009319419300630396
1150.0 17.83646549619633 0.007200279582817385
1155.0 17.80496458022203 0.005576333350475951
1160.0 17.815614583877778 0.009079087819923797
1165.0 17.787571000713328 -0.014680926612017725
1170.0 17.84290503677884 0.009874120142235054
1175.0 17.87276703962488 0.0004805934115452373
1180.0 17.91452389856733 -0.010808587761490527
1185.0 17.914708822623282 -0.002897800266569468
1190.0 17.950749294068107 -0.007079457854043287
1195.0 17.907539294487805 -0.007645233950200359
1200.0 17.905464404042476 0.005083967179584326
1205.0 17.870969685407044 -0.012769485752737517
1210.0 17.893598301961532 0.003701292331090715
1215.0 17.950279797011518 0.01707838795988989
1220.0 17.95780351777125 -0.013785344881553592
1225.0 18.083856306949716 0.0057004043820388095
1230.0 18.13750897131502 0.016542096154973533
1235.0 18.142317000077792 -0.003702960801750817
1240.0 18.10661519846514 -0.01800272469304894
1245.0 18.082559635870336 -0.01098959600683618
1250.0 18.129637380632982 0.01699364482100669
1255.0 18.099062403955397 -0.005712931076387334
1260.0 18.1104359392325 0.013948351686070656
1265.0 18.169376897731226 -0.0052585233009018245
1270.0 18.17736409090473 -0.015157514544737972
1275.0 18.21451251889058 0.002226261392004569
1280.0 18.22303641808724 0.00619909926962072
1285.0 18.137979052675878 -0.0048585925900531315
1290.0 18.060735496734033 0.0024623679693420654
1295.0 17.99260888832398 -0.004135488361924134
1300.0 18.079831897059712 0.001987437995673557
1305.0 18.039593331696505 0.0013623379939097097
1310.0 18.007980289709923 0.004868293503009467
1315.0 17.99350054641501 0.003421964422236355
1320.0 17.903129837304505 -0.011334581974191456
1325.0 17.99050998572171 0.0048193160395589695
1330.0 17.940268641417 -0.00947953106772051
1335.0 17.88382805419505 -0.013402528075096056
1340.0 17.850738001290427 -0.004360890518021606
1345.0 17.91751709495426 0.014984412360044289
1350.0 17.887657324555434 -0.007024379517861091
1355.0 17.98207111988464 -0.0075391792834152765
1360.0 17.984634363874065 -0.021319393562253697
1365.0 18.12265792567926 0.0027842313634623608
1370.0 18.19570923231615 0.0008968968038245426
1375.0 18.22301078242498 -0.0029347531177563537
1380.0 18.23962276165482 0.009209373586917402
1385.0 18.19728168011168 0.003950905263587592
1390.0 18.214750944279228 0.010957905018014236
1395.0 18.256119559151326 0.019119571186140615
1400.0 18.175888783703524 -0.0017685688518225221
1405.0 18.233843247420555 -0.0046108328401347175
1410.0 18.247936005440653 0.0038046773390975294
1415.0 18.22811622813802 0.0021035767348963276
1420.0 18.181165649782102 -0.0037451848556729747
1425.0 18.117163996355483 -0.0016258813270892106
1430.0 18.10254934317232 -0.0084176216754406
1435.0 18.104096553947144 -0.0027926448195062974
1440.0 18.052024267867143 -0.004036941041510263
1445.0 18.0532075258015 -0.01064593189179055
1450.0 18.1400745614054 0.018682703862410464
1455.0 18.093778237209854 0.00980280168739469
1460.0 18.13163770686457 0.006990446389519767
1465.0 18.058163846951217 -0.0004659389873070281
1470.0 18.04000404342523 0.018210799858043095
1475.0 18.073761945586607 -0.014489434227833817
1480.0 18.059933295263193 -0.0074872447864749335
1485.0 18.127516248824037 -0.0036560013673793924
1490.0 18.133984472424743 0.0017091719107320668
1495.0 18.19745940527762 0.011120064345244325
1500.0 18.159562575856086 -0.006329477682895428
1505.0 18.244459015769113 -0.0018065023737972434
1510.0 18.223310212488528 -0.0018274418876356295
1515.0 18.11910840004911 -0.02913293408703886
1520.0 18.197191111465635 0.010434492755888923
1525.0 18.177352064205685 0.005743602025487917
1530.0 18.183014423821522 -0.004460867398171585
1535.0 18.157591528965877 -0.0004561498256244261
1540.0 18.183021687563162 -0.002819227381251879
1545.0 18.183675840692423 0.004546616068234465
1550.0 18.204626160789147 0.005879002940143978
1555.0 18.2016412457945 0.01392610901119685
1560.0 18.195353275426037 0.006479886334595201
1565.0 18.22784865755687 0.003629706633250064
1570.0 18.25098950015999 0.021780059628851475
1575.0 18.21520604484287 -0.003723361397660296
1580.0 18.197128755560783 0.014926303166341507
1585.0 18.173278131971088 -0.0025306710005956307
1590.0 18.16272980289301 0.015223670452937505
1595.0 18.178605957500192 -0.0023038305230218235
1600.0 18.173406116069025 0.010680473170424991
1605.0 18.09264990318561 0.011226462478363943
1610.0 18.052079941411286 -0.015924463576290026
1615.0 18.009109222199463 -0.0031924524340974578
1620.0 18.010373385727267 0.0035556913795246406
1625.0 18.058201919392292 -0.0038481824187973548
1630.0 18.056694603435822 0.002610357381225689
1635.0 18.10803643614282 0.003691990827401433
1640.0 18.1407186407958 -0.004013922261787294
1645.0 18.181690859106382 -0.009128474468216017
1650.0 18.186240632260045 -0.007852324661848516
1655.0 18.26390382226605 0.004839679391139431
1660.0 18.218220663956117 -0.000824692560163914
1665.0 18.19189546369214 0.006481479148373662
1670.0 18.135346651471792 -0.010087787937657305
1675.0 18.14001347952178 0.02328839000877135
1680.0 18.084508115963178 0.019027215491606516
1685.0 18.067759986701756 0.009365701311676246
1690.0 18.06016099362294 0.00996283387102188
1695.0 18.12098528929572 -0.007452624818263113
1700.0 18.114384748181106 -0.004229222941145613
1705.0 18.137870011809486 -0.009805455012197626
1710.0 18.154547212019416 0.012408851912516353
1715.0 18.140560445422018 0.016788601223846684
1720.0 18.07888922757663 0.019761899886565456
1725.0 18.029513647563068 -0.007667274922472119
1730.0 18.058921132401338 0.0007630906126337279
1735.0 17.984043711752612 0.00616215099489444
1740.0 17.925604371571783 -0.01638556512946506
1745.0 17.97125255669015 -0.011894019296971488
1750.0 18.049081799032212 -0.001033738258074651
1755.0 18.04520230604125 0.014654502244824655
1760.0 18.05384362333328 0.010545933289063891
1765.0 18.104719808847307 -0.014819634409516773
1770.0 18.087769911878894 0.008577001848023827
1775.0 18.051170860902683 -0.006019190237598215
1780.0 18.092400511439998 0.010601436399670712
1785.0 18.028951007047343 -0.015636805908745652
1790.0 18.071609025146483 0.004155268143242961
1795.0 18.051556102620495 -0.005960931324104853
1800.0 18.055230969817245 -0.002955080753004402
1805.0 18.07089478510049 0.020234600317456466
1810.0 18.084905464039377 0.005645882823664342
1815.0 18.159714129220305 -0.00037915294061717703
1820.0 18.14986627326803 0.014093100980559594
1825.0 18.23744650507214 0.0019967306109576555
1830.0 18.250549109089423 -0.005835346072469251
1835.0 18.332718602425963 -0.008193341363597345
1840.0 18.283388709295593 -0.0010577735433549827
1845.0 18.232315861993015 -0.008439190516033339
1850.0 18.287296983749428 -0.013900165714070612
1855.0 18.26428065984331 0.005595717859565671
1860.0 18.339887557802022 0.006244953055546921
1865.0 18.35694791715366 -0.017007500050237673
1870.0 18.396503742387715 -0.00961721791864152
1875.0 18.40881870297987 0.00016166662777769187
1880.0 18.387507156652788 -0.0071635627677486356
1885.0 18.304876491161878 -0.0013974757763214327
1890.0 18.29049701236316 0.009762608835633648
1895.0 18.317027822832863 -0.0024905767313574186
1900.0 18.291401511575405 -0.016365982037632475
1905.0 18.26940272506475 0.014965126132814808
1910.0 18.22922965904551 0.008643557766330258
1915.0 18.099381289493657 0.0030584645465348077
1920.0 18.170062013157338 0.00225507155673648
1925.0 18.162562192423017 -0.000706553851388078
1930.0 18.199296360575907 -0.010889717262043064
1935.0 18.283551648803893 0.017391832309866614
1940.0 18.234930286659228 0.01386663923860107
1945.0 18.155064673818885 -0.0038960363605455156
1950.0 18.203476562159857 -0.0014597725469868217
1955.0 18.2385318737164 0.005543560533104054
1960.0 18.21143616045078 -0.009475190507244319
1965.0 18.149645279476662 0.00023383017011549496
1970.0 18.138692856873135 0.014466046610012337
1975.0 18.15403707949111 -0.0028484385369374693
1980.0 18.226480470379244 -0.008987785863772826
1985.0 18.25808441374923 0.0048390101210913
1990.0 18.166775779386786 0.010628787937532412
1995.0 18.18657087475184 0.005596102315347402
2000.0 18.13306185665745 -0.010914513472689704
2005.0 18.150268376240362 -0.003489338138560098
2010.0 18.190502329570432 0.01271962446735088
2015.0 18.12078624813589 0.010526107009435173
2020.0 18.0887998211184 0.0009311355674554753
2025.0 18.158105661579 0.0022044364601822987
2030.0 18.07314328232612 0.015543211547259628
2035.0 18.012963193806314 -0.00978568727366335
2040.0 17.999138479940054 -0.00449528916343417
2045.0 17.994478499406238 -0.0045114062413790165
2050.0 17.99628776528623 -0.009187921110339139
2055.0 18.050519554224255 0.007075852193406034
2060.0 17.94334355485492 -0.021505343013239225
2065.0 17.94606076617812 -0.029739299455401002
2070.0 18.00550986482202 -0.009001326351994543
2075.0 18.0650618327944 0.0012589003660508536
2080.0 18.058095123492315 -0.00766275183838197
2085.0 18.053995475542138 0.00498334450753745
2090.0 18.06088176454884 0.0055917317998445005
2095.0 18.01696528636285 -0.00590137846699088
2100.0 17.971352241124777 0.01628828610505915
2105.0 17.947048121970106 0.0074518171997976015
2110.0 17.931607120503376 -0.013613524431570328
2115.0 17.992635003565013 0.015766828886076865
2120.0 17.878983068152326 -0.015449554542529062
2125.0 17.807676690783715 -0.009835306312931495
2130.0 17.8516523456258 -0.0022418816843177143
2135.0 17.840430634115688 0.008890813973104117
2140.0 17.85969352486208 0.0014847491126320244
2145.0 17.848551495074144 0.002152618124227981
2150.0 17.837924303424685 -0.021280558121748665
2155.0 17.848338717951773 -0.01035139296476589
2160.0 17.826195758603887 -0.013316018101536169
2165.0 17.825670152381612 -0.011827143014796085
2170.0 17.75920280332237 -0.015251952168583572
2175.0 17.761184611907577 0.0012200360996722844
2180.0 17.744053868028118 0.0002831384116836872
2185.0 17.759710081539843 -0.0019236922670632392
2190.0 17.73952477024959 0.013719039825579092
2195.0 17.785644281551342 -0.0047648419594438435
2200.0 17.827451527747947 -0.004775275222449817
2205.0 17.86847237492426 -0.009537544044115285
2210.0 17.785567938744805 -0.0023917363701142914
2215.0 17.783513635763804 0.01955742763014889
2220.0 17.833072624076408 -0.004062685954290749
2225.0 17.856998619907532 0.001603041232662433
2230.0 17.859078937349466 0.016922944379620712
2235.0 17.850451835091448 -0.0053390598477137865
2240.0 17.795575866587765 -0.012138440391853614
2245.0 17.82609305394136 0.0051724126352919
2250.0 17.824121653244077 0.0008117965653526225
2255.0 17.902969920931344 0.024972441814212435
2260.0 17.857185609981368 0.004458848490362509
2265.0 17.812368962127202 0.005996108832257247
2270.0 17.92559426104377 -0.0034459276698232265
2275.0 17.999664181946432 0.004100623664421294
2280.0 17.99079057420043 -0.008425352650675694
2285.0 17.9891888827123 0.010707939156453586
2290.0 17.893057302660218 -0.013857245795462346
2295.0 17.91847265604596 0.004699386533671443
2300.0 17.898125237204518 -9.42843059768029e-05
2305.0 17.936774624450834 0.0015860502946986787
2310.0 17.938902664653817 0.005307557586554869
2315.0 17.89872345951972 0.015176007065633561
2320.0 17.886765432161447 -0.0005032630135970989
2325.0 17.902064333409804 -0.008310266972400993
2330.0 17.926315514994926 -0.0043339753395057745
2335.0 17.993238544984838 -0.0028108208169465806
2340.0 18.07171590661723 0.0025200242010881735
2345.0 18.086587993809182 0.0016319290351287732
2350.0 18.086522055307686 0.010146337467036285
2355.0 18.049924190215915 -0.0071528024359008005
2360.0 18.022834900390215 -0.004104267279774524
2365.0 17.990284665547637 -0.003744893523642467
2370.0 18.0874638310024 -0.012871717547580905
2375.0 18.13930888895848 0.01522932322141331
2380.0 18.060050325027074 -0.017560829113060904
2385.0 18.07658451167303 -0.013851619435342901
2390.0 18.125115834085253 0.0102682364129515
2395.0 18.18944047129503 0.00568682905369966
2400.0 18.189796654429706 -0.004051487535370623
2405.0 18.2349091179385 0.005947377470661698
2410.0 18.218347208794253 0.020542466308696175
2415.0 18.20897832935872 0.00022222686653008652
2420.0 18.21069295499652 -0.007670142273205683
2425.0 18.194001691892808 0.004121006248374169
2430.0 18.18976391787437 -0.013777229321309823
2435.0 18.211716753287174 0.016725373695976632
2440.0 18.24687822096616 0.02091889665102981
2445.0 18.257952521148948 -0.009530871868585918
2450.0 18.312903293462384 0.00022541927385895662
2455.0 18.261386894157678 -0.004824466936046816
2460.0 18.267335969799042 -0.012541085992831758
2465.0 18.242715418832365 -0.0063284986118638895
2470.0 18.229856084973232 -0.00798931491540309
2475.0 18.227994014556256 0.006844248961218474
2480.0 18.225646809792543 -0.00027459573715898347
2485.0 18.24068795965471 0.02930975131112494
2490.0 18.207622205304418 -0.0017221372192510037
2495.0 18.214849144938267 0.011138903969917386
2500.0 18.231650575032504 -0.0037825158258285793
2505.0 18.23487309403648 0.0029431595460843295
2510.0 18.350337331119334 0.013030208858134643
2515.0 18.382713630447768 0.005652794517074168
2520.0 18.39150294002339 -0.003919791412951889
2525.0 18.345512738118867 0.0060118079899543955
2530.0 18.339539191958217 -0.008337771704465239
2535.0 18.28086049275409 -0.004112654209522818
2540.0 18.27475822471435 -0.002760353069505126
2545.0 18.28031670477004 0.014007298229369271
2550.0 18.272607543614306 -0.020445911093044177
2555.0 18.349313533577366 0.00306691852348405
2560.0 18.290747539054653 0.015588305960038807
2565.0 18.26165028009297 0.010584344924090812
2570.0 18.1766073544092 -0.006683212926955985
2575.0 18.114489972909034 0.01144882705754713
2580.0 18.090681429648363 -0.004915859955946757
2585.0 18.162687789233402 -0.002247978273865497
2590.0 18.141837458358676 -2.937859580839041e-05
2595.0 18.167232867376754 0.005899297253526876
2600.0 18.09550426708323 0.005643790786264958
2605.0 18.073647287741302 0.009633598286872077
2610.0 18.06275361041299 -0.0036971531957605574
2615.0 18.158825206511242 0.01430018333810574
2620.0 18.08366900198511 -0.006669644786148665
2625.0 18.064190052924573 -0.015373556079040417
2630.0 17.970244451130476 0.004162051043576883
2635.0 17.95490633143716 -0.005460894034422892
2640.0 17.951151099287777 0.0005117815275509012
2645.0 18.02119365884247 -0.004052100960012125
2650.0 18.050837413339305 0.004030010563796756
2655.0 18.046683786577972 -0.011347916956288992
2660.0 18.057768917890158 -0.0063977910383702695
2665.0 18.089147190194318 -0.012590639790537369
2670.0 18.075219127564612 0.010968985352567032
2675.0 17.973784633054162 0.001469440983988727
2680.0 17.904905588988825 -0.012450386593821057
2685.0 17.92045333653104 0.009725120646997883
2690.0 17.947191046529696 0.00358933571731523
2695.0 17.983066152539095 -0.0008245027024759541
2700.0 18.012978725751843 0.0038636125177274813
2705.0 18.005364002744148 0.0007930599107030135
2710.0 18.012473441735466 0.007427524249187214
2715.0 18.047276353245408 0.014654991152917643
2720.0 18.015472522120586 0.012956955003955682
2725.0 17.93048834519624 0.005686601988106062
2730.0 17.938444566565124 -0.0021403227238694774
2735.0 17.93375950024484 0.009848596666438947
2740.0 17.936068556820953 0.010678019656430648
2745.0 17.841374982281568 -0.021658407219041775
2750.0 17.90519597700809 -0.005934539628899013
2755.0 17.959381298195442 0.0004519952605674691
2760.0 17.90097046925914 0.003128654477932714
2765.0 17.81983602587783 0.0034627314069765043
2770.0 17.8357660519388 -0.0032549632362159626
2775.0 17.890753362700128 0.007547606754847836
2780.0 17.910057643847423 0.007282788712054103
2785.0 17.840826617745265 -0.010445208378509178
2790.0 17.913471477017683 0.004019322803205479
2795.0 17.92788754575963 0.0008276234438330389
2800.0 17.82934213596416 0.011391106986048902
2805.0 17.74109595409135 0.00854330660220793
2810.0 17.73431103503229 -0.009271843872718781
2815.0 17.717049666996555 -0.009333106417388916
2820.0 17.69775368923276 -0.00020000160331116375
2825.0 17.65828535401506 -0.011371775530758877
2830.0 17.682225080431124 0.009169363439543944
2835.0 17.77213356670127 -0.0011952585599554195
2840.0 17.74301662873398 -0.014824674095481395
2845.0 17.77640220532421 -0.004430005758861078
2850.0 17.757123775328683 0.010901285856275832
2855.0 17.833454931558425 0.008221292838667335
2860.0 17.882328363343664 -0.009605849231813934
2865.0 17.902421486092905 0.005597673156616312
2870.0 17.932050368869813 -0.013763745479219078
2875.0 17.935632591565476 -0.012318429448545781
2880.0 18.009820279357076 0.023416839885236476
2885.0 18.023791404409874 0.00019317479479925726
2890.0 18.065582066759386 -0.017246432953001028
2895.0 18.000103183899114 -0.02059719547856526
2900.0 18.01842384613481 0.005076725910942091
2905.0 18.102784978321704 0.019759750781731283
2910.0 18.005391022600254 -0.0012372967816582417
2915.0 18.00571481309821 -0.012271078622907486
2920.0 17.999233944545065 0.0004928433731411022
2925.0 18.06745163314049 0.005721854100056148
2930.0 18.065728069183088 0.00821712296707555
2935.0 18.02616480063531 -0.003446085517576832
2940.0 17.98520907983995 0.0076388203908010575
2945.0 17.95680776762252 0.0032781811079650603
2950.0 17.97580656054382 0.009976901661550746
2955.0 17.957375683024328 0.0009010133301573012
2960.0 17.970256636094998 -0.010228398728667891
2965.0 17.923853440015357 -0.008030942656696302
2970.0 17.91313345889987 -0.0028933688616925757
2975.0 17.93907622891426 0.001422281522940178
2980.0 17.957603509706832 0.0047413288715989
2985.0 17.95358663390458 -0.013711494809491393
2990.0 17.95706735498964 -0.0033196758178713533
2995.0 18.042840004773115 0.018163797864919222
3000.0 18.079084020338687 0.002486774026477604
3005.0 18.122657825322413 0.001082252591317732
3010.0 18.16539767666013 0.0037001693595304338
3015.0 18.171281999286578 -0.0022469729638604314
3020.0 18.203369058406423 -0.01671434083625812
3025.0 18.221689181153327 0.0002232364218898652
3030.0 18.185257147625613 -0.0038832880678731415
3035.0 18.17753950497002 -0.0007847502465516528
3040.0 18.164531032597917 0.01228238737528553
3045.0 18.1738507105472 -0.006474742898356037
3050.0 18.1956887882372 0.006831725871598701
3055.0 18.208987167540137 0.014011052186513658
3060.0 18.226364665034517 0.002405342651964196
3065.0 18.277048204133525 -0.005560675556536201
3070.0 18.345573392221 0.012288121795634117
3075.0 18.323395827732213 -0.003697684796824145
3080.0 18.294551447786926 -0.015927824743909202
3085.0 18.217518147682664 -0.0241723092984935
3090.0 18.265026177930846 -0.017750943998477545
3095.0 18.282533889964395 0.011760593162551652
3100.0 18.308081509809703 0.01424184667475962
3105.0 18.25067912797925 0.006528993466328742
3110.0 18.19739752375278 0.01400817473019508
3115.0 18.192540582793605 0.004384822067327469
3120.0 18.265269891026772 0.01734698705860305
3125.0 18.173818882612913 -0.0016282460179533778
3130.0 18.22236736894382 -0.0008117331502048374
3135.0 18.210991098862632 0.00072368160126159
3140.0 18.13332094965184 -0.0024806506048244575
3145.0 18.082068670169104 0.013997292163974644
3150.0 18.071961567989156 -0.004648146337097497
3155.0 18.084364564419484 0.0021766713071920425
3160.0 18.125880245647963 0.014915762944240962
3165.0 18.1001866267977 -0.007466319997705089
3170.0 18.01859801398316 -0.026715951375726056
3175.0 18.0982332453362 0.007162901172325196
3180.0 18.02223876916815 0.005552534317008357
3185.0 17.995865768120407 0.0036193367206371002
3190.0 18.035539926537535 -0.006314991010316393
3195.0 17.979209038810723 -0.009960277757063367
3200.0 17.97001962601053 0.00892485485170156
3205.0 17.9556866757309 -0.008524831093809583
3210.0 17.999389856524413 0.004984669978242851
3215.0 17.906962993750106 -0.004572950966716214
3220.0 17.96681493370436 -0.0005954213639664114
3225.0 17.896038795723964 -0.008783908290750883
3230.0 17.903736269062936 0.01405013916193942
3235.0 17.95434215828025 0.008815453826083737
3240.0 17.931041900467903 -0.0016930908952022606
3245.0 17.85092895139682 -0.019027682585334986
3250.0 17.81833570231614 -0.0008448244718124748
3255.0 17.822764532938567 0.002980009466573958
3260.0 17.84540246460343 0.0015167809997885585
3265.0 17.85980640304662 -0.002826080180305117
3270.0 17.953569008823234 -0.0047114436771256395
3275.0 17.937711870437 0.004136947883726307
3280.0 18.004822922515107 -0.014976085263819178
3285.0 17.942759519078926 -0.022396218509807518
3290.0 17.89617677167763 -0.02387113974671743
3295.0 17.91693086792768 0.005656928357767106
3300.0 18.011703530045917 0.012502436137429471
3305.0 18.07699434976205 -0.0006913314588744101
3310.0 18.09698254256821 0.01306548658280009
3315.0 18.051370203698756 -0.004461141492428306
3320.0 18.012229501606416 0.0016357961411442388
3325.0 18.033959999673293 0.0049424410708511805
3330.0 18.15086556996015 -0.010671309404722051
3335.0 18.14250670189689 0.006180545699525164
3340.0 18.190737830135088 -0.004820652095921109
3345.0 18.2611923461595 0.019231487233281244
3350.0 18.29349163413214 -0.00032911772822359956
3355.0 18.2766756269009 -0.018321352214530958
3360.0 18.288965870793906 -0.01032442496200541
3365.0 18.34202224633632 0.009911593587964075
3370.0 18.326130085936402 0.008527372902784842
3375.0 18.321342627760966 0.016974473500121656
3380.0 18.33694653731699 -0.009674227563061369
3385.0 18.325108193993106 -0.010923429689222745
3390.0 18.302861145521366 0.020504312053503365
3395.0 18.26243609067382 -0.002842679812787543
3400.0 18.280629008688564 -0.00013610042765973708
3405.0 18.22396908038898 0.0065026755941312185
3410.0 18.218694173566387 0.015500892773362593
3415.0 18.146528941567084 -0.0007066221839074337
3420.0 18.22514889368245 0.0034653793488827966
3425.0 18.191638193743497 -0.005117814052378353
3430.0 18.1931724696853 -0.004372520044296668
3435.0 18.124297803628213 -0.011923173601005007
3440.0 18.106040244254515 0.001850247873405648
3445.0 18.13860110355382 -0.006282246049779838
3450.0 18.114766072765224 0.0048831175997155465
3455.0 18.086455167551918 0.019519963901332267
3460.0 18.118192588763314 0.005550436230245112
3465.0 18.06942275662811 0.0016474884550045877
3470.0 18.091942979130827 0.0006701069581009558
3475.0 18.116067993582387 0.0109381072688751
3480.0 18.12420074055606 -0.010588682034702179
3485.0 18.19388184835591 0.010413659747092218
3490.0 18.137873112114377 -0.013935168238938847
3495.0 18.168299045496035 -0.007950221721505706
3500.0 18.143036649944566 0.0024783171888324695
3505.0 18.089864564962216 -0.013198760822195371
3510.0 18.01125851868504 -0.012535143971936967
3515.0 18.116744371637555 -0.008072355256176604
3520.0 18.078471970054192 0.006978599581155215
3525.0 18.125485974948777 0.0017238719311843456
3530.0 18.1470317208613 0.007411440621932577
3535.0 18.154507037998176 0.005297647321555746
3540.0 18.08220781007445 0.01237413226710061
3545.0 18.051372505771912 -0.0012300577435964118
3550.0 18.045397551303846 0.0062198997204566935
3555.0 17.946817781542862 0.014758988688281712
3560.0 17.909546491899413 -0.015581157397371573
3565.0 17.91792807908368 0.00016291219299807786
3570.0 17.900738406113952 -0.01240219987901464
3575.0 17.896856829416585 -0.0013047928702637284
3580.0 17.880670584381274 -0.0029915960788499947
3585.0 17.839120328459497 0.00503491110738115
3590.0 17.83299569035676 -0.011159458079977995
3595.0 17.83475280676966 -0.016656140572575022
3600.0 17.83950471135796 0.019094675197605313
3605.0 17.80667708401268 0.0030508955748962795
3610.0 17.81689242665184 0.0054865644562546965
3615.0 17.8060257408087 -0.012460316757198497
3620.0 17.761065700602863 -0.003085011550447539
3625.0 17.713969369227755 0.00969923564403575
3630.0 17.74564079689439 0.007450413919796865
3635.0 17.71967708764971 -0.013572756341298344
3640.0 17.758105338591363 0.015578364046592243
3645.0 17.68608056565015 0.015904570951744076
3650.0 17.699219841810248 0.005495710079547293
3655.0 17.702166325075968 0.004248414558334028
3660.0 17.636968700369515 -0.004716311876411477
3665.0 17.584604612517836 -0.02039354843913391
3670.0 17.558550485675397 -0.010841306112360498
3675.0 17.63151996773148 -0.0028119746551892293
3680.0 17.667818075601826 -0.00362131829462517
3685.0 17.706933979746648 0.002519814094247149
3690.0 17.745975236462986 -0.0021598985968698785
3695.0 17.744844808488093 0.006254604252960043
3700.0 17.738560711996282 0.021039372094759954
3705.0 17.72304039266552 -0.00784541285407403
3710.0 17.740083101476316 0.006478377420759558
3715.0 17.72547694813852 -0.0021509038631027603
3720.0 17.71404274938 -0.003059352672028329
3725.0 17.661919844959307 -0.003559102663858423
3730.0 17.715509743619307 0.007963778956622865
3735.0 17.757906032145918 0.001771347670364189
3740.0 17.747258577994206 -0.010535431873784617
3745.0 17.72352938821853 0.0020111024818801706
3750.0 17.763246234079947 0.01374603777147929
3755.0 17.745021803513602 -0.004629310626399698
3760.0 17.74610053115627 -0.008307982341574626
3765.0 17.815285282264174 0.008114941326691789
3770.0 17.777753954719916 0.005729953555378512
3775.0 17.786817979864495 0.007580356039057516
3780.0 17.79506207644416 0.003774027168558354
3785.0 17.794605378975177 -0.0005699675525063326
3790.0 17.78027977496628 -0.005102034379410049
3795.0 17.771473227611217 -0.013214241518290423
3800.0 17.876634850119217 -0.0003616775638214373
3805.0 17.92590454286109 0.021487990951460922
3810.0 18.010137872865116 0.0026995711662558086
3815.0 18.073564550229023 -0.021086474429852186
3820.0 18.03970179627967 0.0065647827781155025
3825.0 18.02677373582073 0.0038318752209925678
3830.0 18.045199693669076 0.002966861330506923
3835.0 17.99838225200855 0.0023447270645407985
3840.0 17.93414327124973 -0.0035714453290011704
3845.0 17.995816655209374 0.007580260857724543
3850.0 17.987983612030103 0.005791444443790876
3855.0 18.013989771131715 0.003318519783082206
3860.0 17.990811007102838 0.012002274520650634
3865.0 17.96826934969221 0.005763626667983472
3870.0 17.92334955063248 -0.009807694641716018
3875.0 17.917152324256573 -0.01619123037716796
3880.0 18.003134060055473 -0.012854854758596093
3885.0 18.086046386943835 -0.00984770606481437
3890.0 18.108355920005998 0.0043494669018838365
3895.0 18.050527533065154 -0.010707866506439088
3900.0 18.126561993453798 -0.004611822539686695
3905.0 18.096923962740355 -0.0037544893558576083
3910.0 18.126653843235843 -0.0057325662104727015
3915.0 18.121955889281182 0.0015358048342810036
3920.0 18.18806825691039 0.014439817651039901
3925.0 18.093942171903013 -0.008026555041362104
3930.0 18.059629935275144 0.0036693960936497734
3935.0 18.058639179993676 0.004810913749384248
3940.0 18.08855601282716 0.0020177947352315946
3945.0 18.14488282398444 -0.00017391964056846982
3950.0 18.172024736019033 0.0006109201574590811
3955.0 18.10014563065844 0.008309164826648004
3960.0 18.11119712786348 0.02302113883457508
3965.0 18.06616644113907 -0.0036812353959272473
3970.0 18.086546004559203 0.00456807852761421
3975.0 18.13548284123497 0.014393089593878021
3980.0 18.006870836925508 0.0012317639343223123
3985.0 17.94841993126749 -0.010548534595040491
3990.0 17.953561510419817 -0.01095693363464357
3995.0 17.977223864560806 -0.002729002658281166
