0.0 18.0954111590899 -0.00628101028217516
50.0 18.15696748596015 0.011832065948041781
100.0 18.025391169929033 0.003946105732119449
150.0 18.15327430870509 -0.001873504246169004
200.0 17.938506981832944 -0.0057866512736901255
250.0 18.07239328656112 0.001602362391169582
300.0 17.984130020803583 0.0027877682406234716
350.0 18.038202148811198 0.00826180499405801
400.0 18.15784867638322 0.00036716328200862294
450.0 18.2326902577991 -0.01053660895490357
500.0 18.060087975633703 0.012133634861892253
550.0 17.97787857453875 -0.003119988802080632
600.0 18.254662876275184 0.011138965060351943
650.0 18.194854225369443 -0.003622831039743867
700.0 18.271113041459657 -0.00780814271184043
750.0 18.03169257500869 0.005367029383643912
800.0 18.027253368845145 0.01257898517909194
850.0 18.10598354078042 0.005273566786401961
900.0 18.221903901476562 0.0018772569595527106
950.0 18.05597996041594 0.0025512666091441743
1000.0 17.78821232649844 -0.002956307038422657
1050.0 17.825526007392703 0.015075390354624157
1100.0 17.85981351485141 0.013576556867965382
1150.0 17.91561717325994 -0.006620665576498684
1200.0 18.229739838784564 0.005635676195486494
1250.0 18.168136169725386 0.005221715068071045
1300.0 17.922798350281234 0.0044698232732486645
1350.0 17.98978856163751 -0.0213917916064836
1400.0 17.976669825998524 -0.009907831248040282
1450.0 17.81560867310511 0.019943217864399284
1500.0 17.89743683587021 0.0014146576231656685
1550.0 17.947833181001613 0.00048127994817685234
1600.0 17.74143367510562 0.003859629791808009
1650.0 17.939653069405907 0.00023456563685707936
1700.0 17.773655848080722 0.01244651458798069
1750.0 17.859953361073693 -0.002813485462038235
1800.0 17.900207371392067 0.0023771068845162865
1850.0 17.699190206026085 0.0059674941246236615
1900.0 17.8026787669191 0.0004432557740344849
1950.0 17.889393017363393 0.01149491659434101
2000.0 17.999093823967936 0.008684720255310993
2050.0 17.991276588746498 0.0018009772711600426
2100.0 18.085878074878515 0.00036577573822000096
2150.0 18.163661026180105 -0.01190148586759261
2200.0 17.963204929624997 -0.01704560932786061
2250.0 18.095359230967755 0.008760761424647262
2300.0 18.107425833504507 -0.013019982219014672
2350.0 18.11687287752876 0.0016326145325005815
2400.0 18.016930553027326 -0.006186940450356966
2450.0 17.98499110850274 0.00724247289373562
2500.0 17.951003715780434 0.008529646624391225
2550.0 17.983600944290153 -0.008152595757407856
2600.0 17.96246523141774 0.0022886291892975745
2650.0 17.78025225456251 -0.0002735759489314628
2700.0 17.85511057635411 0.001409406472221384
2750.0 17.88560220805221 -0.012958793646649664
2800.0 17.831457603018492 -0.004872695167274477
2850.0 17.90911523335141 0.009615996775166008
2900.0 18.044905568458002 0.0055610603991336025
2950.0 18.054965435139554 -0.00497488989550637
3000.0 17.90862575893226 -0.005603246255706611
3050.0 17.893011462911783 0.006516580864784947
3100.0 17.71568347757303 -0.009012831332322033
3150.0 17.700523307334887 0.013543832692671558
3200.0 17.900054193105458 0.01925069155905987
3250.0 17.894324289358078 0.021847217353963756
3300.0 18.073587291758354 0.022641572620925872
3350.0 17.939832066013054 -0.003048092835262429
3400.0 17.934415985759184 0.00589262273633586
3450.0 17.942623442699553 0.012611782171601455
3500.0 18.008611012246252 -0.004304053526408136
3550.0 18.10666866611401 -0.005078674634887638
3600.0 17.978258243243264 0.011675544636529684
3650.0 18.11373695698899 -0.0029169064087219395
3700.0 17.870646235083676 -0.0022152660226166833
3750.0 17.76696870026296 0.00695833950646153
3800.0 17.72589659162755 0.0007794184495458462
3850.0 17.752796368779734 -0.014374684154410955
3900.0 17.782520147730104 -0.011614087457956659
3950.0 18.269093000678147 -0.0022289621608214735
