0.0 18.013806910169247 0.0037554638174391386
50.0 17.895404726814764 -0.00389642215369219
100.0 17.909349630550494 -0.012784365878333419
150.0 18.09653351087538 -0.0034489147398221068
200.0 18.021301003495143 0.0019730457654568365
250.0 17.89922812019647 0.006746505713721346
300.0 18.085753799818935 -0.010601688971074573
350.0 18.083630273740297 -0.0009565555866432757
400.0 18.066519372196655 0.0007474200653578986
450.0 18.22385609964349 0.0032539084816491414
500.0 18.1733096697079 0.006960784608253154
550.0 18.077388534047326 -0.00706390353141495
600.0 18.14407822414239 0.013216272544313514
650.0 17.973272796633662 -0.018713158966626932
700.0 18.106960021509693 -0.0052672940785924065
750.0 17.8978131006604 0.004664274037726603
800.0 17.907194298328246 -0.0052878336541835845
850.0 17.907421528194067 0.0009760516410635821
900.0 17.967093539715425 -0.0016940377494787252
950.0 17.854292321238358 -0.009154764297672957
1000.0 17.716455399469766 -0.022655848944262136
1050.0 17.749020403791476 0.016600821077684815
1100.0 17.726287629167516 -0.0032174584148038816
1150.0 17.744151293685338 -0.0032559409249858003
1200.0 17.871058386324975 0.001501833989394335
1250.0 18.097850066715974 0.007362606301649746
1300.0 18.079094880146936 -0.007572696994010184
1350.0 18.182697279906023 0.001014847444676563
1400.0 18.14002868713358 -0.02022959786014114
1450.0 18.11795952015266 -0.007157938682648744
1500.0 18.148397775384517 -0.00914245141934534
1550.0 18.07712492697178 0.006517107196731917
1600.0 17.981480838352127 0.01577879826212658
1650.0 17.782199639097364 -0.018402977393901874
1700.0 17.977001134063325 0.013234405491739305
1750.0 18.004774438459464 -0.009060927569385206
1800.0 17.94652543595345 -0.0009092381256486052
1850.0 18.007841901599008 0.011994616059073804
1900.0 17.749532906197228 -0.010484161938209318
1950.0 17.915469830211574 -0.00299615860022868
2000.0 18.12846490861515 0.012726470668451027
2050.0 17.98660030329583 0.008557770991141559
2100.0 17.88978626987776 0.00795917877587891
2150.0 17.866306657539205 0.00459899795001322
2200.0 17.810672240415766 -0.007497883073785687
2250.0 17.969399298423085 -0.007759428954047
2300.0 18.17282394917397 -0.014287438567167045
2350.0 17.99497185979943 -0.004727841301033238
2400.0 17.945945721165682 0.021666090853891914
2450.0 17.872992859773472 -0.002871240512782131
2500.0 17.949456516621773 0.010395667603896265
2550.0 17.86671930748504 0.009518491192314042
2600.0 17.85158477081943 -0.02053679920188111
2650.0 17.95338442290094 0.010340730870621838
2700.0 17.787037722357827 0.0022395536164272886
2750.0 18.00252158745353 0.0085076332211514
2800.0 17.936763208992875 -0.0047535050521655495
2850.0 17.873434733480668 -0.0039384383524114904
2900.0 17.89388329337239 -0.014801970524133923
2950.0 18.028112988650005 -0.027823318020698325
3000.0 17.95874847522139 -0.021602341368687765
3050.0 18.133357412327634 0.008179534377573761
3100.0 18.150745430013643 -0.004112362039205396
3150.0 18.34732476090889 0.006504006000709854
3200.0 18.228691308857016 -0.013226609400845838
3250.0 18.09126979993059 0.009191363184291318
3300.0 18.21007079720938 -1.7558622541908134e-05
3350.0 18.221413035605828 -0.019994172195409558
3400.0 18.14984252680152 0.009008204460821852
3450.0 18.14620874230934 -0.00167681796572903
3500.0 18.334860344326685 0.007860336409936258
3550.0 18.06846935806755 0.01780786178740022
3600.0 17.99895873140447 -0.0053571484128549455
3650.0 17.970689737400214 0.009258457801838349
3700.0 17.90527902815231 0.0029364316351906147
3750.0 17.941504855981194 -0.02112557525312957
3800.0 18.029389577144006 -0.0033734459968139566
3850.0 18.1171806633242 0.015453615284207281
3900.0 18.157394935579823 -0.008732270386872285
3950.0 18.33102224420771 -0.002776571862762255
