0.0 18.299340173558683 -0.004306262482977597
50.0 18.18441926918795 -0.00635648878149501
100.0 17.950421937505364 -0.008710178328331424
150.0 18.019833360969976 -0.013236203000285312
200.0 18.117799226967346 -0.0006407557653603102
250.0 18.018409388135634 0.008506210433038223
300.0 18.119087465272298 -0.002547389656445752
350.0 17.970486596859693 -0.001903254727492523
400.0 17.89622153588687 0.0024281100823055793
450.0 18.028721006977424 -0.011638718059783512
500.0 18.083831505922653 -0.005727656376328319
550.0 18.196119622195045 -0.0026588558436762776
600.0 18.026124787005035 0.017049445244200417
650.0 17.96722456935682 0.002177075233952024
700.0 18.040639061123567 -0.007185880936758316
750.0 17.882105869888576 0.006407237496773282
800.0 18.046126053520556 0.004759684425354356
850.0 18.007087592132674 -0.014879825254424592
900.0 18.054000508827492 0.020421731659761206
950.0 18.110008626875796 0.006335734184528433
1000.0 18.25612471706846 -0.009507722664068623
1050.0 18.20675694519646 0.013045369884219294
1100.0 18.082470114923836 0.005781872536855616
1150.0 18.04057423938467 -0.006542305475596535
1200.0 18.337179871029363 0.0010285138054902903
1250.0 18.146186738847433 0.0007304059158248138
1300.0 17.960682886300805 -0.0019190642798974783
1350.0 18.04820648285199 -0.0033432082545851224
1400.0 18.093909583922354 -0.010941497392393947
1450.0 18.091460017305476 0.00024515289493332227
1500.0 17.993462261803803 -0.0012122602495929103
1550.0 18.212957600715583 0.0014082408642379768
1600.0 18.028793688337053 0.005763545974531325
1650.0 18.04706216054181 -0.018657223547483334
1700.0 18.00812520015595 0.0029007118961051344
1750.0 18.08008653585087 -0.025228049052012192
1800.0 18.112356332504607 -0.009051309742804745
1850.0 18.201661653677807 -0.005496456278767035
1900.0 18.15691135557462 -0.0059660633138338606
1950.0 18.09470278583594 -0.009402580486456308
2000.0 18.038041342642384 -0.009421749472288125
2050.0 17.942193881727903 0.007337827076202489
2100.0 17.88623979039526 -0.0006830820845262143
2150.0 17.97499857612943 0.0003466436296248328
2200.0 17.871175954999302 0.0032670124867590876
2250.0 17.637055735227403 0.0016397683199259592
2300.0 17.829084722362065 0.017331736649654674
2350.0 18.166646144066767 0.015731545604727747
2400.0 18.214334289974776 -0.0011802184436302673
2450.0 18.031511751122597 0.010387669033400423
2500.0 18.04120960445804 0.004196023711401794
2550.0 18.1153959337193 -0.017693194057455734
2600.0 18.245140382432954 0.0048949053440005925
2650.0 18.157709767086114 0.0025910823403717054
2700.0 18.041830438439916 -0.0007975895501254949
2750.0 17.980062808541852 -0.0022561790025570766
2800.0 17.943161335306787 -0.00566990123676571
2850.0 17.841657799881922 -0.014211883363716704
2900.0 17.91961855303467 -0.011929034718334664
2950.0 17.922026923304273 0.015054857071473587
3000.0 18.110155656013458 -0.0030225958596272586
3050.0 18.029311363898735 -0.01580740393481424
3100.0 18.096018699149827 0.007776025429296689
3150.0 18.1258964392298 0.0014934978467652706
3200.0 18.207357208223467 -0.009573528597031566
3250.0 18.16517746499067 -0.012650401921832904
3300.0 18.252832673593044 -0.004193461040395411
3350.0 18.139307805575395 0.01203405453627784
3400.0 17.970643888879195 0.015351167824739782
3450.0 18.16642876547928 0.007131028463749519
3500.0 17.88417744702076 -0.015588729017720095
3550.0 18.03534804922593 0.01086511783198413
3600.0 18.091581584708727 -0.0005423281636151888
3650.0 17.963176607097953 0.011606273819292382
3700.0 18.032800446302605 0.016242276830776302
3750.0 17.965120588387784 -0.007312519069010893
3800.0 18.07947255091804 -0.004361583202335131
3850.0 18.070145345156924 -0.004886540637613303
3900.0 18.068598233203403 -0.012435161420663227
3950.0 18.121501445039474 0.015967475715463163
