    133.30162726
    133.30162726
    133.54828780
    133.49339317
    133.51660373
    133.48242110
    133.53418638
    133.59044560
    133.59044560
    133.50966047
    133.33196453
    133.44761355
    133.44761355
    133.52555100
    133.54209160
    133.43558234
    133.50140574
    133.50140574
    133.50140574
    133.50140574
    133.10249923
    133.37213611
    133.34155401
    133.51586587
    133.50180766
    133.48574953
    133.48574953
    133.48947613
    133.48947613
    133.54759081
    133.54759081
    133.52763769
    133.16989174
    133.18154051
    133.34941481
    132.97444572
    133.04699650
    132.86199787
    132.86199787
    132.92660765
    132.92660765
    133.08069409
    133.08069409
    133.00744250
    131.97714103
    131.19455129
    130.12243572
    130.12243572
    130.12243572
    132.10410847
    132.72824173
    132.98380492
    132.98380492
    132.75890951
    132.70618928
    132.95977192
    132.95977192
    132.95977192
    133.06744655
    132.23367895
    132.23367895
    132.55682165
    132.55682165
    132.25304074
    133.34964438
    133.12630803
    133.12630803
    133.36220791
    132.90328216
    132.42094577
    133.26111444
    133.29005979
    133.27547324
    133.34305378
    133.34305378
    133.43559982
    133.45506475
    133.37746486
    133.37746486
    133.37746486
    133.37746486
    133.48815466
    133.29395652
    133.18941849
    133.18941849
    133.18871352
    133.18871352
    133.18871352
    133.18871352
    133.23533797
    133.24760251
    133.19599292
    133.19599292
    133.45917436
    133.42601106
    133.45620626
    133.45620626
    133.45620626
    133.41850376
    133.43638541
    132.49576027
    132.11982131
    132.11982131
    131.41368907
    129.95699225
    131.62327602
    132.18259179
    132.94818726
    132.46456476
    133.41264764
    133.41264764
    133.28521923
    133.31910504
    133.32967644
    133.32967644
    133.32967644
    132.96430834
    132.96430834
    132.96430834
    133.56685345
    133.53027283
    133.50696414
    133.44302569
    132.99303929
    133.05912395
    133.44004865
    133.15003005
    132.88379250
    132.09903299
    132.09903299
    132.09903299
    132.09903299
    131.77033741
    131.47903076
    133.12342890
    133.13391099
    132.66682376
    132.66682376
    133.29685045
    133.29685045
    133.29685045
    133.37947338
    133.40516894
    133.43324261
    133.55583586
    133.27713134
    133.08320838
    133.08320838
    133.11469958
    132.93017568
    133.06502378
    133.06297351
    133.06297351
    133.47528889
    133.44348256
    133.51789584
    133.50838563
    133.34476611
    133.44163458
    133.44163458
    133.50062994
    133.47261956
    133.39720385
    133.35798499
    133.01482720
    133.45711884
    133.45711884
    133.23458841
    132.95543688
    132.95543688
    133.12160251
    133.12160251
    133.12160251
    133.12160251
    133.33396381
    133.17022675
    133.47347920
    133.43509046
    133.43618487
    133.48895222
    133.51716546
    133.27248772
    133.19146845
    132.92974818
    132.45114982
    132.08500373
    131.97544883
    131.97544883
    131.97544883
    131.76647297
    131.76647297
    132.60377571
    133.14618191
    133.14618191
    133.05715830
    133.45960573
    133.45960573
    133.45934844
    133.55831831
    133.55831831
    133.16104642
    133.30588911
    133.22071456
    133.32287015
    132.22306731
    132.01852721
    132.03057301
    132.37323130
    133.40941234
    133.43821795
    132.98519027
    133.41739685
    132.35643602
    132.35643602
    132.35643602
    132.45691278
    132.45691278
    132.07428745
    131.54840294
    131.54840294
    132.19954202
    132.19954202
    129.65060552
    131.84172994
    130.51151132
    131.04802173
    131.04802173
    130.69893517
    132.03477953
    131.07845684
    130.47559966
    130.47559966
    130.47559966
    131.38115549
    131.61697775
    131.61697775
    131.61697775
    131.62774390
    131.62774390
    131.67716742
    131.67716742
    133.12686200
    133.29889137
    133.29889137
    133.29889137
    133.29889137
    133.31519921
    133.40490402
    133.46802052
    133.25372051
    133.16713853
    133.44444687
    133.58890478
    133.57213570
    133.11086446
    133.00307148
    133.10347542
    133.10347542
    133.10347542
    133.10347542
    133.36254217
    133.14689636
    133.14689636
    133.14689636
    133.31812574
    133.31812574
    133.32634933
    133.25730489
    133.32574246
    133.32574246
    133.32574246
    133.32574246
    133.34315479
    133.31947397
    133.31947397
    133.38782375
    133.34509233
    133.38467991
    133.38467991
    133.31732361
    133.14890427
    133.19094034
    133.19094034
    133.55443752
    132.54064480
    132.56417462
    132.31037991
    129.67270998
    129.67270998
    129.67270998
    129.67270998
    129.67270998
    129.67270998
    133.14251679
    133.57854961
    133.31319339
    133.41658436
    133.01808062
    133.01714113
    132.13588945
    132.20361659
    132.20361659
    132.49952180
    132.49952180
    132.44309098
    132.44309098
    132.44309098
    132.88639973
    131.58872451
    132.88112424
    132.99604269
    132.93557181
    132.93557181
    132.32065296
    132.23961802
    131.53511829
    131.53511829
    131.45583265
    132.52536219
    132.04255491
    133.09369352
    133.09369352
    133.27813961
    133.25230843
    133.13805524
    133.28203767
    133.10191162
    132.81529973
    132.81529973
    132.67405520
    132.67405520
    132.67405520
    132.72017743
    132.72017743
    133.19539732
    133.24270395
    133.26845654
    133.05546331
    132.86457482
    132.43808342
    132.43808342
    132.72777803
    132.72777803
    133.02745943
    133.30076148
    132.70379960
    133.13341096
    133.39987732
    133.39987732
    133.39987732
    133.10237851
    133.10237851
    132.81215473
    133.54662099
    133.34479683
    133.36635814
    133.28955722
    132.81319289
    132.43268956
    133.32946606
    131.49111277
    132.03067016
    133.14278210
    132.75516045
    133.50921643
    133.12691144
    133.12081136
    133.12081136
    133.23934316
    133.32870773
    133.59826267
    133.59325730
    133.57820259
    133.57820259
    133.57820259
    133.59416764
    133.57691354
    133.57691354
    133.51068572
    133.58470318
    133.56631521
    133.40567315
    133.16163813
    132.64334546
    132.64334546
    132.64334546
    132.64334546
    132.64334546
    132.78945811
    133.19125018
    133.19125018
    133.14306832
    133.41996838
    133.28733462
    133.28733462
    133.28733462
    133.28733462
    133.25530722
    133.03203899
    133.04495171
    133.26861903
    133.40908371
    133.32827609
    133.32827609
    133.32827609
    133.44689970
    133.45096511
    132.93287651
    132.86494821
    132.69371668
    133.13539058
    133.13539058
    133.12370931
    133.12370931
    132.18295693
    132.85013692
    133.44575885
    133.44575885
    133.44575885
    132.52163403
    133.10040869
    133.02744189
    133.11721492
    132.06290408
    132.06290408
    132.06290408
    132.67241823
    133.10148668
    133.07524913
    133.03019344
    133.03019344
    133.03019344
    133.46259823
    133.39540385
    132.91453399
    132.91453399
    131.81664178
    129.28940623
    129.28940623
    128.43639140
    128.43639140
    128.43639140
    128.43639140
    128.43639140
    131.06194470
    131.20748126
    132.29781192
    129.48682834
    129.48682834
    131.74299478
    128.42578855
    128.93953301
    129.97223187
    129.97223187
    131.07150062
    131.07150062
    132.07360003
    132.26797964
    132.26797964
    132.55323221
    132.55323221
    132.62249049
    132.68901068
    132.68901068
    132.68901068
    132.68901068
    132.68901068
    132.68901068
    132.88280038
    132.68732270
    132.68732270
    133.18921840
    133.19633996
    133.24064683
    133.24064683
    133.26084831
    133.25060750
    132.98648327
    133.40831257
    133.39912371
    132.98106879
    131.87961507
    131.87961507
    131.75793925
    132.33217273
    132.33217273
    132.66424822
    132.94314039
    132.94314039
    132.93216457
    133.22104126
    133.22104126
    133.22104126
    132.78140718
    133.41730532
    133.41730532
    133.42108393
    133.40774443
    132.83758534
    132.85606175
    133.42698717
    133.45144176
    133.51773781
    133.54470533
    133.54470533
    132.30868560
    132.26973002
    132.26973002
    132.21717676
    132.21717676
    133.15043073
    132.50903417
    132.93470417
    133.08759423
    133.34349913
    133.50273270
    133.57119013
    133.56365153
    133.54545910
    132.83512467
    133.24559278
    133.24559278
    133.33932080
    133.04331205
    133.04331205
    133.26484129
    133.22307509
    133.22307509
    132.79151338
    132.79151338
    132.38317881
    132.97612909
    130.68502859
    133.08546394
    133.08546394
    133.58454288
    133.31385054
    133.31385054
    133.30576262
    133.09986648
    133.22126318
    133.22126318
    133.22126318
    133.22126318
    133.19283717
    133.19283717
    133.19283717
    132.37446668
    132.37446668
    131.77125654
    132.01615577
    133.32029509
    132.88235070
    133.36256942
    133.32528169
    132.57905711
    132.41214761
    132.22650628
    132.87517243
    132.87517243
    132.84119751
    132.82875572
    132.82875572
    132.76433703
    132.58172108
    132.64429998
    132.82686045
    133.02718822
    133.02718822
    133.42375635
    133.48754380
    133.48754380
    133.46711354
    133.10482417
    133.10482417
    132.77136404
    132.30964280
    132.77396606
    133.01845873
    133.07208009
    132.96543459
    133.20389789
    133.17923272
    133.41473725
    133.37957539
    131.58231661
    131.41595293
    129.18163585
    129.18163585
    131.57654028
    132.72373753
    131.15045371
    131.90460686
    132.31500476
    132.47909016
    130.78017094
    131.86901412
    131.86901412
    131.81300555
    131.81300555
    133.26104470
    133.41196042
    133.52782898
    133.52782898
    133.53135590
    133.52551544
    133.55886671
    133.48388507
    133.22915181
    133.15371809
    133.07881821
    133.25341622
    133.13873399
    133.13756410
    133.13756410
    133.28364022
    133.16985436
    133.05749274
    133.16069430
    133.16069430
    133.16789198
    133.13136434
    133.10880754
    133.10520839
    133.10520839
    133.10520839
    133.10520839
    133.13262150
    132.97104830
    133.19816886
    133.59634208
    133.58854982
    133.58055852
    133.39261704
    133.50434161
    133.36286836
    133.10688144
    133.10688144
    133.20504601
    133.20504601
    133.40411664
    133.40980230
    133.55656394
    133.28585681
    133.28585681
    133.29628636
    133.23662298
    133.23662298
    133.23662298
    133.23662298
    132.69224875
    132.20491584
    132.20491584
    132.64912911
    132.72373240
    133.17207953
    133.19440716
    133.17756656
    133.13409812
    133.18168102
    132.59467536
    132.59467536
    133.03626998
    133.03626998
    132.54753651
    131.74561079
    131.61123676
    131.66675743
    130.67195258
    130.64245325
    130.64245325
    130.64245325
    129.53802262
    129.53802262
    129.53802262
    130.74061826
    129.26965799
    129.26965799
    130.43900316
    131.57648026
    131.57648026
    131.57648026
    133.34057187
    133.37760071
    133.51389856
    133.58250643
    133.58250643
    133.45499123
    133.33128476
    133.15267471
    133.32541343
    133.32541343
    133.29000166
    133.29000166
    133.34241701
    133.33827516
    133.33827516
    132.98313095
    132.98313095
    132.98313095
    130.77844099
    130.77844099
    127.55080863
    127.21229733
    127.21229733
    127.21229733
    127.21229733
    127.55356380
    130.43329405
    130.47755750
    128.92741157
    129.59895197
    129.59895197
    129.35863163
    128.57055298
    129.74266819
    132.24360510
    132.17069976
    133.19886772
    133.12548647
    133.06567493
    133.27764732
    133.13972307
    131.60576412
    132.58302343
    132.37305353
    132.37305353
    133.11527515
    133.47442010
    133.55810086
    133.34087291
    132.70868927
    132.70868927
    132.61635478
    132.61635478
    132.61635478
    131.75240018
    131.75240018
    131.75240018
    131.75240018
    131.75240018
    131.75240018
    131.22729205
    133.57869256
    133.57355662
    133.58520382
    133.58520382
    133.58520382
    133.26959365
    133.23506344
    132.47234061
    132.50594440
    133.07175841
    133.22955322
    133.22955322
    133.22955322
    133.17382924
    133.12864927
    133.13151849
    132.59463946
    132.59463946
    132.60656606
    132.18213563
    132.67387981
    133.49658390
    133.57522567
    133.31947314
    133.31803082
    132.75936024
    132.75936024
    133.36305713
    133.36305713
    133.36305713
    133.42428476
    133.45207163
    133.45207163
    132.97348258
    132.97348258
    133.13207737
    133.36040036
    132.49358217
    132.49358217
    133.31250363
    133.30413756
    132.68131746
    133.56907625
    133.31600572
    133.56428841
    133.56428841
    133.56428841
    133.56428841
    133.59108819
    133.10932887
    133.16377777
    133.44572271
    133.44572271
    133.50322775
    133.24843389
    133.24843389
    133.27945367
    133.25886333
    133.28647846
    133.28647846
    132.58622259
    133.09855242
    133.09855242
    133.09855242
    133.05224443
    133.13029963
    133.17906292
    133.38106048
    133.52440305
    133.31562251
    133.47727716
    133.41487034
    133.37945608
    133.37945608
    133.37644552
    133.17097038
    133.17097038
    133.17097038
    132.94558559
    132.95192783
    132.95192783
    132.02713601
    131.94426286
    131.94426286
    131.92486656
    131.82413612
    131.82413612
    131.82413612
    131.81267841
    132.41511258
    133.37462561
    133.49637645
    133.01611551
    132.74565875
    132.74565875
    132.39455160
    132.37747577
    130.86064924
    132.98540987
    132.98540987
    132.91481682
    133.10914064
    133.42623395
    133.41584287
    133.44673600
    133.41683834
    133.41176242
    129.92293177
    131.13522412
    129.71996339
    132.06500156
    131.74446225
    131.74446225
    132.44842563
    132.41329106
    133.12645147
    133.32597726
    133.53569136
    133.59698577
    132.63594490
    133.51763865
    133.59245452
    133.59245452
    133.44782570
    133.48189107
    133.56009534
    133.54826103
    133.40575308
    133.45628964
    133.45641493
    133.48821934
    133.48912911
    133.52630711
    132.51265850
    132.51265850
    132.76201671
    132.76201671
    132.76201671
    132.76201671
    132.73297235
    132.84652648
    133.39112460
    133.56138293
    133.29089803
    131.44427496
    133.36280778
    133.46720484
    133.47629083
    133.04151848
    133.04151848
    132.91077362
    133.09385204
    132.69595106
    133.36738382
    133.36738382
    133.36738382
    133.36738382
    133.25785810
    133.25785810
    132.99333998
    133.00686590
    133.10453650
    133.07715511
    132.85380577
    132.85380577
    133.01842220
    133.01842220
    133.01842220
    132.48558498
    132.56072747
    132.56072747
    133.53892255
    133.57579670
    133.57906890
    133.56459816
    133.55919695
    133.53310052
    132.48851049
    132.48851049
    132.98439274
    132.35485883
    132.97495117
    132.33307542
    132.33307542
    132.33307542
    131.66577600
    132.64939641
    132.82696636
    132.73492304
    133.00620596
    132.79105223
    132.79105223
    133.38914821
    133.43928733
    133.54742377
    133.56228328
    133.56738557
    133.28348669
    132.54190063
    132.44246699
    132.57227912
    129.95897628
    129.83392357
    130.26184502
    130.48248753
    131.96099328
    131.10892797
    133.00216773
    133.00216773
    132.61993364
    132.49773176
    133.33991858
    132.77437669
    132.56933213
    132.56933213
    130.93998606
    130.93998606
    130.93998606
    130.93998606
    130.93998606
    130.98127858
    130.86570896
    130.60023104
    130.60023104
    131.85526210
    132.01476976
    132.01476976
    132.14871317
    131.98219048
    131.98219048
    132.29915420
    132.70480322
    132.76150106
    130.62770731
    130.65556480
    130.65556480
    131.58745757
    130.72112027
    130.72112027
    131.98894625
    131.98894625
    132.83318487
    132.83318487
    132.83318487
    133.45470944
    133.34466053
    132.44250396
    132.44250396
    133.14708224
    133.13278149
    133.13278149
    132.78141015
    132.78141015
    132.71776022
    131.74432412
    130.98307630
    130.98801045
    130.78947355
    130.78947355
    130.78947355
    130.86018778
    130.76680425
    133.09741876
    133.09741876
    133.01600439
    133.01600439
    132.96773783
    132.99237883
    133.23498681
    133.08523398
    131.75299120
    131.75299120
    131.84089657
    131.84089657
    131.50753806
    131.50753806
    131.50753806
    131.04107660
    131.19528176
    132.29931571
    132.69874168
    132.69874168
    132.07314369
    132.07314369
    132.75549041
    132.75549041
    132.43711040
    132.43711040
    130.91139324
    130.91139324
    131.62646736
    131.57036980
    131.69673856
    131.08287428
    131.08287428
    131.29934233
    131.61532934
    131.89043206
    131.89043206
    131.61290397
    132.36195161
    132.11954896
    131.86153275
    131.65315982
    131.58699366
    131.58699366
    131.58699366
    132.90656056
    133.13040417
    133.01613192
    133.01613192
    132.98922672
    132.51598710
    132.51598710
    132.90437792
    132.47531701
    130.15857500
    132.37502409
    132.59274506
    133.41460261
    133.32153082
    133.38041813
    133.38041813
    133.38041813
    133.37593086
    132.99910753
    132.99910753
    132.99910753
    132.99910753
    132.96268244
    132.96268244
    132.62900871
    132.62900871
    132.62900871
    132.62900871
    132.98498436
    133.03081166
    133.15923278
    133.15923278
    133.34037449
    132.33766878
    132.14978403
    132.14340438
    132.14340438
    132.53560633
    133.14593791
    133.14593791
    132.72786624
    132.72786624
    133.28046256
    133.30423207
    133.54259783
    133.54761253
    132.94349082
    132.74841065
    133.11598297
    133.11598297
    133.06126718
    133.06126718
    133.24787799
    133.53572492
    131.44814820
    131.44814820
    131.00858114
    133.17268420
    133.17268420
    133.22564845
    133.14646366
    132.34597290
    132.34597290
    132.34597290
    132.36679619
    132.33078204
    132.33078204
    132.26158237
    133.20516093
    133.14414058
    133.03358565
    133.58348850
    133.41236604
    133.52003306
    133.54386585
    133.53119868
    133.36054298
    133.32838358
    133.55124716
    133.55031525
    133.24382336
    133.24382336
    133.24382336
    133.24382336
    133.25339967
    133.53250173
    133.25430351
    133.25430351
    132.51422285
    131.10940273
    131.64474263
    133.00422149
    133.07260072
    133.07260072
    133.35169174
    133.35169174
    133.35169174
    132.88912018
    132.88912018
    132.64439901
    133.42359250
    133.56170681
    133.56164591
    132.71079868
    132.71079868
    132.71079868
    133.38536991
    133.38536991
    133.43160327
    133.42467080
    133.42467080
    133.33800541
    133.33800541
    133.42749408
    133.42749408
    132.35799215
    132.98980625
    132.79250828
    132.58950324
    132.17312783
    132.02342393
    131.85085931
    131.95968144
    131.95968144
    131.95968144
    132.61973716
    132.61973716
    132.61973716
    132.61973716
    132.67328371
    131.66615680
    132.67730018
    131.79200401
    131.37197797
    131.35940772
    130.56756501
    130.56756501
    130.56756501
    130.56756501
    130.56756501
    131.32613837
    131.32613837
    131.19533468
    131.19533468
    132.37654875
    133.01826501
    133.01826501
    133.28372737
    133.10853689
    133.26169301
    130.27238886
    129.67457491
    129.67457491
    130.20921130
    130.55309993
    132.66955312
    132.20060083
    130.97329144
    130.97329144
    131.97819283
    132.24388395
    130.34482929
    130.34976921
    130.34976921
    129.31981620
    129.31981620
    129.31981620
    128.60412511
    128.65990899
    128.65990899
    128.65990899
    128.65990899
    130.24131838
    130.60206617
    132.12231932
    132.56581608
    132.54174614
    132.55512977
    132.55512977
    132.19489695
    131.57414506
    132.71165952
    131.88510157
    131.88510157
    131.88510157
    131.46242009
    131.46242009
    131.46242009
    130.99536857
    130.99536857
    129.28585717
    129.28585717
    128.44818757
    128.62326378
    131.07387423
    132.52577967
    132.32500422
    132.32500422
    132.32500422
    131.79752477
    131.98909479
    132.17538388
    132.17538388
    132.17538388
    132.17538388
    132.84606976
    133.17545932
    133.17545932
    132.47955632
    133.01052585
    133.54790943
    133.53741786
    133.37649647
    133.32410039
    133.21117679
    133.48022131
    133.54072618
    133.54191474
    133.52471699
    133.48488070
    133.49350153
    133.49350153
    133.44427067
    133.45888896
    133.42177903
    132.86325043
    133.17030894
    133.16200911
    133.28095813
    133.28095813
    133.28095813
    133.53157295
    133.24870258
    133.30158284
    133.08323156
    132.67312393
    132.67312393
    132.61781854
    132.61781854
    132.66754381
    132.95853443
    133.13690735
    133.45779718
    133.53693315
    132.85019101
    132.67570082
    132.75919420
    132.78935081
    133.06713942
    133.06584453
    133.52643964
    133.42356306
    133.41789320
    133.02341424
    133.03172106
    133.02621927
    133.49233088
    133.41274447
    133.41274447
    133.41274447
    133.41274447
    131.81599077
    133.20254108
    133.34146763
    133.14060516
    133.14060516
    133.25864853
    133.32734651
    133.33356099
    133.33356099
    133.00539427
    133.30067695
    133.30067695
    133.30067695
    133.44519180
    133.44519180
    133.52588843
    133.52588843
    133.52588843
    133.32745769
    133.32745769
    133.54550850
    133.54550850
    133.54550850
    133.54550850
    133.41215748
    133.51159592
    133.53901622
    133.25309295
    133.25309295
    133.25309295
    133.52515704
    133.51890715
    133.40763112
    132.78927266
    132.78927266
    132.80178872
    132.80178872
    132.80178872
    132.80178872
    133.27209773
    133.27209773
    133.32980545
    133.29434782
    133.29434782
    133.33819180
    133.33819180
    133.05206252
    133.03353570
    133.03353570
    133.13885713
    133.13885713
    133.13885713
    133.34204773
    133.34204773
    133.34204773
    133.34204773
    133.34204773
    133.31384441
    133.31384441
    133.31384441
    133.35986676
    133.35986676
    133.35986676
    133.09409816
    133.09409816
    133.15361185
    132.93055086
    133.18121511
    133.21229342
    133.37999276
    133.40477843
    133.40477843
    133.40477843
    132.81231567
    132.93146235
    133.27811105
    133.44933536
    133.55321715
    133.52446359
    133.52446359
    133.43000117
    133.25332912
    133.47618802
    132.97471063
    132.93274980
    133.32055507
    133.51765156
    133.51765156
    133.54833002
    133.40496039
    133.35707135
    131.43675688
    131.43675688
    132.01203351
    132.59520664
    132.69368268
    133.09332073
    132.91679625
    133.12924508
    133.12924508
    132.77972716
    132.75542585
    132.75542585
    133.58837904
    133.59344766
    133.59199476
    133.08586635
    133.08586635
    133.08060139
    133.08475541
    133.07947578
    133.07947578
    132.98155462
    133.35287190
    133.35287190
    133.35287190
    133.51122547
    133.58070473
    133.58070473
    133.55916156
    133.55916156
    133.53524455
    133.57605587
    133.59681185
    133.59623679
    133.59623679
    133.59810822
    133.18001023
    133.18001023
    133.14845163
    133.56317202
    133.52848507
    133.53997626
    133.53997626
    133.53997626
    133.53997626
    133.52673725
    132.38705237
    133.32135423
    128.53368699
    130.87036012
    129.89499056
    131.33488001
    131.33488001
    131.47381619
    131.32278564
    130.72396320
    131.82402443
    131.82402443
    131.87754266
    132.14656573
    132.41114501
    132.41114501
    132.98586918
    133.02047964
    133.02047964
    133.25734875
    132.98516330
    132.98531080
    133.13528414
    132.90653551
    133.38190854
    133.42064917
    133.42064917
    133.16776505
    133.00449124
    132.61148743
    131.86355012
    132.27649684
    133.25587831
    133.09254698
    133.07572567
    133.01515506
    132.37116729
    132.48105659
    131.79092383
    131.77319039
    131.85392392
    131.95428877
    131.91207777
    131.99038356
    132.66623714
    132.66623714
    132.66623714
    132.66623714
    132.25773123
    132.25773123
    132.25773123
    132.25773123
    127.36877256
    127.36877256
    127.36877256
    129.66054514
    131.59836152
    131.81234823
    128.51405434
    130.62034771
    130.62034771
    130.62034771
    130.62034771
    130.62034771
    130.62034771
    130.62034771
    131.78031307
    131.79466296
    131.74295371
    130.97499016
    130.93825284
    131.39659840
    131.39659840
    130.73549482
    130.73549482
    129.10408244
    129.10408244
    130.58766853
    130.07705588
    130.36454709
    130.36454709
    130.36454709
    131.31851887
    131.31851887
    130.40829189
    131.29572417
    131.97998901
    131.90097345
    132.17124794
    132.17124794
    131.06956846
    132.18723676
    132.18723676
    132.33585711
    132.03092743
    132.29629824
    132.10977915
    132.25245316
    133.31423690
    133.28455811
    133.11446301
    132.98229452
    131.59407322
    133.06556884
    133.06959800
    133.23664533
    132.23242373
    132.23242373
    132.23242373
    132.20187347
    132.20187347
    132.52639365
    132.57472017
    132.57472017
    132.86791535
    133.27508782
    133.19158872
    133.17379493
    133.17379493
    133.17379493
    133.33082136
    132.42263068
    132.43200212
    132.43200212
    132.53230160
    132.53230160
    132.88186312
    132.88186312
    132.80176824
    133.21162043
    133.21162043
    133.38021334
    133.34148712
    133.34148712
    133.44632657
    133.44632657
    133.44632657
    133.38693610
    133.40502372
    133.59016401
    133.59016401
    133.48715826
    133.14944163
    133.14944163
    133.14944163
    133.23800004
    133.53315145
    133.39103666
    133.15834166
    133.15834166
    133.10443138
    133.26631931
    133.36179231
    133.10842481
    133.10842481
    133.10842481
    132.66193652
    132.66193652
    132.79972669
    133.19192941
    133.19192941
    133.19192941
    133.19192941
    133.19192941
    133.19192941
    133.19192941
    133.19192941
    133.19192941
    133.19192941
    133.19192941
    133.33006845
    133.33006845
    133.35259566
    133.31982908
    132.87126317
    133.34419153
    133.26953524
    133.36924011
    133.26437523
    133.18725703
    133.43415604
    133.35774328
    133.35774328
    133.53973618
    133.15413877
    133.15413877
    133.11364357
    132.46205277
    133.52709506
    132.95750869
    133.07664499
    133.37846162
    133.05680059
    133.05680059
    133.10347881
    133.06182984
    133.37806052
    133.16967387
    132.84225551
    133.20157621
    133.48564236
    133.57740811
    132.38244917
    131.24570301
    131.24570301
    133.19468630
    133.19468630
    133.19468630
    133.20892930
    133.21599646
    133.29442555
    133.20091680
    133.20091680
    133.20091680
    133.30765725
    132.74433712
    133.44939816
    132.54119716
    132.01920631
    133.06211179
    132.99011148
    132.87594782
    133.11063750
    132.60119895
    133.20932071
    133.20932071
    133.20932071
    133.20456609
    133.52246672
    133.58418619
    133.59591642
    133.44814352
    133.49502431
    133.55779438
    133.56062127
    133.57377385
    133.58868372
    133.55617026
    133.42538686
    133.58886870
    133.58854498
    133.52825029
    133.51570044
    133.48567637
    133.43790505
    133.43790505
    133.28800069
    133.54717963
    133.59423486
    133.55280827
    133.54461986
    133.54461986
    133.36757807
    133.38721766
    132.80142721
    133.14339809
    133.19875870
    131.79484327
    131.88593413
    131.88593413
    131.88593413
    131.51203801
    131.51203801
    131.23893886
    131.48969616
    131.43284054
    131.43284054
    131.43284054
    131.84809172
    132.81606930
    133.05754396
    132.76244734
    132.76244734
    133.42795149
    133.52304897
    133.41184821
    133.24607498
    132.92659512
    132.34456273
    132.34166154
    132.46984308
    132.61200665
    133.13095951
    131.39242689
    131.39242689
    130.39255489
    130.39255489
    130.81753220
    130.81753220
    130.81753220
    130.07277705
    130.07277705
    131.44207719
    131.44207719
    131.17802744
    131.85189931
    132.52626464
    132.51183594
    132.69360056
    132.69360056
    133.09913324
    133.56238130
    131.06406329
    130.16012433
    130.16012433
    130.16012433
    132.52725558
    133.03605210
    133.49100872
    133.48281467
    133.48358005
    133.48358005
    133.22136810
    133.22136810
    132.71988282
    133.36586993
    133.22506407
    133.43149849
    132.85899099
    132.16352059
    132.80940431
    133.26616946
    132.71892158
    132.04897450
    130.98042718
    130.98042718
    130.98042718
    132.84646245
    133.27691536
    132.91845714
    132.91071702
    133.53646466
    133.24337443
    132.07025126
    132.07025126
    132.27351296
    132.56070628
    132.21176357
    132.21176357
    131.23684400
    132.31563841
    130.16887840
    130.09899389
    130.09899389
    130.09899389
    130.57743852
    130.57743852
    130.57743852
    130.57743852
    130.30904720
    130.76986171
    130.76986171
    132.10472907
    132.10472907
    132.57272902
    131.99113447
    131.99113447
    131.99113447
    130.51452252
    130.51452252
    130.51452252
    131.29808089
    131.29808089
    131.29808089
    131.29808089
    131.29808089
    131.29808089
    131.29808089
    131.29808089
    131.28215471
    131.28215471
    132.48647613
    132.48647613
    131.85563959
    131.85563959
    131.85563959
    130.26933624
    131.76424003
    131.76424003
    131.76424003
    129.82393705
    130.73173914
    132.59018377
    132.54374387
    131.43036577
    131.65399065
    132.11713221
    130.68371950
    130.94910548
    132.72743914
    132.09558483
    132.09558483
    132.21761304
    132.21761304
    132.21761304
    131.76260584
    131.76260584
    131.03218029
    132.71856311
    131.55343199
    131.55343199
    131.55343199
    131.62270704
    132.07165937
    131.93470854
    132.18316305
    131.24053322
    132.29798344
    132.29798344
    131.75037308
    131.81806893
    131.81806893
    131.81806893
    131.69759112
    132.05108497
    128.50729626
    131.13504122
    132.57996176
    132.57996176
    132.76431237
    132.76431237
    132.71133512
    132.71133512
    132.68272467
    132.94948205
    132.94948205
    132.94948205
    133.29173460
    133.46327615
    133.47871708
    133.47871708
    133.25739734
    133.04030921
    133.04030921
    133.06224006
    132.83665382
    132.93503638
    132.94627594
    132.90811475
    133.06105462
    133.21445200
    133.42475098
    132.87891421
    132.86908067
    132.26971297
    132.14736848
    132.49585852
    131.84398295
    131.84398295
    131.43549453
    131.53018851
    130.58809781
    132.69707799
    131.84468179
    131.95338950
    131.95338950
    131.95338950
    131.73649113
    129.66113753
    129.66113753
    129.66113753
    129.66113753
    128.62743287
    128.62743287
    130.91444599
    130.91444599
    130.91444599
    132.62214505
    133.09510339
    132.90691606
    133.39340140
    133.39340140
    132.99671106
    133.04604213
    132.67959751
    132.69601038
    132.91034651
    132.92967409
    132.92967409
    132.71386249
    133.28113168
    133.28113168
    133.28113168
    133.28113168
    133.07722964
    132.55528050
    132.55528050
    132.46402859
    132.46402859
    130.61340020
    130.01174575
    130.31640932
    130.67800205
    130.67800205
    130.82625960
    130.82625960
    131.28288087
    131.28288087
    132.13478576
    131.89387844
    131.61010878
    131.62378201
    133.18019218
    133.11567629
    133.11567629
    133.13000184
    133.13000184
    133.13000184
    133.13000184
    133.10782232
    133.12414118
    133.12414118
    133.05663441
    133.05663441
    133.05663441
    133.37727765
    133.56747400
    133.52688052
    133.43203262
    133.30678654
    133.12124667
    133.36977062
    132.98510215
    133.37554554
    133.56533903
    132.81665459
    133.45083027
    133.45653938
    133.50946846
    133.50946846
    133.03575214
    133.03575214
    133.03575214
    133.03575214
    133.03575214
    133.03575214
    133.21554383
    133.05759963
    132.78224531
    132.78224531
    132.73601946
    132.73601946
    132.31392894
    132.35496532
    132.56228598
    132.56228598
    133.21915613
    132.66273694
    132.75174341
    132.75174341
    132.75174341
    132.75174341
    131.56216755
    131.56216755
    132.45294171
    132.40014263
    130.74448053
    131.65185093
    131.65185093
    131.76342992
    132.34128842
    131.32875641
    130.01732369
    129.09876732
    129.09876732
    129.09876732
    129.09876732
    129.76592751
    130.08846171
    130.08846171
    130.08846171
    129.92968651
    129.92968651
    131.23366700
    132.33720483
    132.98690316
    131.71521999
    131.77566743
    131.77566743
    132.04613323
    132.04613323
    132.39488378
    132.20871491
    132.13472459
    131.01268189
    131.01268189
    131.01268189
    131.01268189
    129.69193452
    129.69193452
    129.69193452
    129.69193452
    129.69193452
    131.55377263
    130.80699373
    131.43350132
    131.43350132
    131.43350132
    131.33386027
    131.33386027
    131.15726366
    132.26017631
    130.70717266
    128.83459356
    128.83459356
    128.83459356
    128.83459356
    128.83459356
    128.83459356
    128.83459356
    131.44469522
    132.10581333
    131.73890358
    131.73890358
    132.35852071
    132.93163650
    132.93163650
    133.32796917
    133.32796917
    133.32796917
    133.35653664
    133.56282392
    133.49005650
    133.50658504
    133.48126894
    133.12613064
    133.47444514
    133.47444514
    133.46787297
    132.91579366
    132.91579366
    132.78844937
    132.34386904
    132.46546861
    132.46546861
    133.60004797
    133.60004797
    133.47484690
    133.47484690
    133.48708095
    133.57861262
    133.41205615
    133.43031156
    133.43031156
    133.43009463
    133.50470288
    133.42521044
    133.55172946
    133.55172946
    133.48670781
    133.48670781
    133.48670781
    133.25920845
    133.31546795
    133.31546795
    132.90449580
    132.81758759
    132.81758759
    132.85024193
    132.85952372
    133.49848511
    133.49186559
    133.46342411
    133.46342411
    133.48600110
    133.48600110
    133.48600110
    133.46565869
    133.28602626
    132.94810493
    133.53860945
    133.59518226
    133.60069390
    133.60082439
    133.35783451
    133.35783451
    133.41802622
    133.46910610
    133.51050230
    133.27218140
    133.30953487
    133.06954666
    133.06954666
    133.32754912
    133.32754912
    133.40510666
    133.40510666
    133.25852528
    133.56641262
    133.58099121
    133.58099121
    133.60061448
    133.46765237
    133.46765237
    133.44253390
    132.71451851
    133.38833992
    133.50723164
    133.20479721
    133.20479721
    133.20479721
    132.78952201
    133.01498457
    133.01498457
    133.04360202
    132.66803568
    132.84167180
    133.20060035
    133.32617721
    133.22403700
    133.12893544
    133.20176197
    133.46929026
    133.02043153
    133.37363529
    133.39030953
    133.31349414
    133.31349414
    133.31349414
    133.30914682
    133.55349841
    133.54042070
    133.54042070
    133.31914758
    133.06449728
    133.06449728
    132.99187531
    132.14220492
    132.14220492
    132.12755294
    133.36111889
    132.93221108
    132.92220194
    133.08423007
    133.08423007
    133.26856634
    133.09585234
    133.09585234
    133.08885230
    133.19043204
    133.38695367
    133.38519181
    133.38519181
    133.38519181
    133.57721444
    133.57721444
    133.40838531
    133.56924402
    133.57365997
    133.58693712
    133.58693712
    133.56095518
    133.34096275
    133.14220523
    133.14220523
    133.14546651
    133.56280601
    133.45902684
    132.70795852
    132.70795852
    132.64392515
    132.71819188
    132.01514206
    132.72834517
    132.90826725
    132.55736540
    132.94327439
    133.00214891
    133.16381352
    133.53633503
    133.54935863
    133.45529477
    133.44084480
    133.41328308
    132.59739781
    132.45592003
    133.21054913
    133.17375620
    133.17375620
    133.54951808
    133.59924008
    133.59924008
    133.59924008
    133.07553528
    133.07553528
    132.75196876
    132.93124185
    132.93124185
    132.66397545
    133.38721325
    133.38721325
    133.46807418
    133.44426580
    133.44426580
    133.51421045
    133.27251379
    133.25010136
    133.51861766
    133.42063574
    133.42063574
    133.55227498
    133.55227498
    133.39425606
    133.43692382
    133.36892723
    133.55644488
    133.53222199
    133.45783293
    133.46739618
    133.49511489
    133.52234271
    133.44458361
    133.35041331
    133.35041331
    133.35041331
    133.35041331
    133.35041331
    133.34785295
    133.10593217
    133.10593217
    133.10593217
    133.10593217
    133.47678911
    133.47615961
    133.47615961
    133.49263794
    133.49263794
    132.97310247
    133.14887277
    132.95632176
    132.91020729
    132.99377363
    132.99377363
    132.22202300
    132.22202300
    131.86643132
    131.58076713
    131.58076713
    131.58076713
    133.25126705
    133.46186335
    133.46186335
    133.46103321
    133.17664691
    133.17664691
    132.70569432
    132.70569432
    132.38089219
    132.38089219
    132.38089219
    132.38089219
    132.33126458
    132.61038008
    132.95031820
    132.82341633
    132.30596653
    132.30596653
    132.30596653
    132.30596653
    131.98280248
    130.79088327
    130.79088327
    130.48270405
    130.48270405
    130.48270405
    130.68448367
    131.73393682
    132.08480022
    132.04124835
    132.30011210
    131.75506170
    131.97393005
    131.97393005
    132.36556290
    132.98793706
    133.48946788
    133.45967102
    133.50452826
    133.49774605
    132.74162358
    132.69495902
    132.94471198
    132.87025216
    131.57689851
    131.57689851
    131.65206073
    131.65206073
    132.50483356
    132.51441035
    131.67330586
    131.69688087
    131.69688087
    132.92913407
    132.92008993
    132.92008993
    133.01948626
    132.89747535
    131.49730903
    131.49730903
    131.51265161
    131.51265161
    131.51265161
    133.40090543
    133.43093638
    133.29752085
    132.84014284
    132.84014284
    133.48470231
    133.45714289
    133.41991915
    133.25633839
    133.25633839
    133.48597209
    133.42335924
    133.42335924
    133.58249123
    133.37875673
    133.37875673
    133.21019611
    132.89374080
    132.48339560
    132.73362393
    133.06662121
    133.12265367
    133.12265367
    133.12265367
    133.12350412
    133.08269312
    133.08868037
    133.18837477
    132.98431744
    132.27939174
    132.27939174
    132.27939174
    132.19880833
    132.26964093
    132.26964093
    132.35856190
    132.44206063
    132.21481690
    132.53287371
    132.78163511
    132.78163511
    132.67751784
    132.39176736
    132.39176736
    132.58801572
    131.17805748
    131.17805748
    131.17805748
    131.17805748
    131.15350373
    133.47047856
    133.47047856
    133.47047856
    133.20981462
    133.49073820
    133.49073820
    133.49073820
    133.57426086
    133.57426086
    133.42723400
    132.94591991
    132.74973999
    133.13486913
    133.19455013
    133.14296532
    130.38411616
    130.38411616
    131.71610911
    131.08319666
    131.08319666
    131.08319666
    132.72112605
    133.22735272
    132.89531602
    132.89531602
    132.89531602
    132.71885250
    132.47926846
    132.47926846
    131.94482878
    131.94482878
    132.09470006
    132.09470006
    132.09470006
    132.93346337
    132.93346337
    132.94440315
    133.01086384
    133.02311274
    133.02311274
    132.61455793
    133.46653394
    133.31324906
    133.31324906
    133.31324906
    133.33044836
    133.33044836
    133.21045642
    133.21045642
    133.16942002
    133.54613226
    133.22537942
    133.22537942
    133.25472707
    133.45604138
    133.53055842
    133.53481601
    133.58948788
    133.58948788
    132.74487011
    132.74487011
    132.74487011
    132.63155595
    132.63155595
    132.63155595
    132.87168303
    132.08608507
    132.08608507
    133.48348772
    133.40148789
    133.43199171
    133.13932457
    133.13932457
    132.69598300
    132.32155281
    132.25727817
    132.25727817
    132.25727817
    132.25727817
    132.11117777
    132.69232500
    133.16848642
    133.16538996
    133.16538996
    133.13234265
    133.13234265
    133.41346267
    132.98851735
    132.45088130
    133.28053463
    133.28053463
    133.28053463
    133.52185363
    133.57316914
    132.87365675
    132.87365675
    132.85731227
    133.12848442
    132.98897856
    133.05505340
    132.05346038
    132.20925674
    132.58320746
    132.62454976
    133.02057170
    133.02057170
    133.01369217
    132.49284350
    132.09386409
    130.44884723
    130.44884723
    128.49471660
    128.49471660
    128.49471660
    128.49471660
    128.49471660
    128.49471660
    128.49471660
    128.49471660
    130.79662666
    131.17179946
    131.17179946
    131.17179946
    130.99838006
    130.99838006
    130.99838006
    130.99838006
    130.99838006
    132.84779357
    132.84779357
    132.84779357
    132.92072062
    132.75726090
    132.75726090
    132.02490904
    132.80726336
    132.92054164
    130.54313484
    132.96890631
    133.07126636
    133.13361725
    133.49819001
    133.54282063
    132.85423938
    132.37736709
    132.31309691
    132.31309691
    131.73216796
    132.79274294
    132.22056121
    131.21467065
    131.21467065
    131.98636709
    132.21615714
    132.28355132
    132.28355132
    132.28355132
    132.86869990
    133.00860157
    132.40661276
    132.40661276
    133.46290178
    133.48671604
    133.12175594
    133.21848165
    133.51925571
    132.75628129
    132.90602789
    132.66883936
    132.66297774
    132.66297774
    131.57085820
    132.15794844
    132.27590295
    132.27590295
    132.34587631
    132.11476002
    132.11476002
    132.71963169
    133.25076008
    133.35490579
    132.56618350
    133.10570661
    132.76407142
    132.76407142
    132.76407142
    132.76407142
    133.31626322
    133.19416902
    133.26536342
    133.28849035
    133.08980098
    133.54545678
    133.54545678
    133.54517830
    133.55263404
    133.55263404
    133.55386175
    133.55386175
    133.53759976
    133.50323722
    133.50323722
    133.53202133
    133.49475572
    133.49475572
    133.42103721
    133.52722518
    133.55066152
    133.57282701
    133.40952810
    133.15262316
    133.52774723
    133.52765242
    133.52765242
    133.58017376
    133.33404435
    133.33404435
    133.33404435
    133.33404435
    133.33404435
    133.33404435
    133.20938317
    133.20938317
    133.32972690
    132.97445913
    132.97445913
    132.68803384
    132.98546831
    133.26601603
    133.20940508
    133.22955502
    133.35361310
    133.05893907
    133.36687189
    133.39400552
    133.39400552
    132.07639599
    131.86973874
    131.92566699
    131.74283112
    132.66918677
    132.44074826
    132.35351015
    132.66372353
    133.17350706
    133.46543802
    133.44648195
    133.45857727
    133.18081486
    133.31783529
    133.47375480
    133.47120674
    133.04350162
    133.04350162
    133.04350162
    133.06696331
    133.06696331
    133.03311557
    133.25915033
    133.48776222
    133.14055147
    133.14055147
    133.14055147
    133.14055147
    133.14055147
    133.14055147
    133.38126919
    133.12427227
    133.37959967
    133.54191424
    133.54191424
    133.48146948
    133.43104519
    133.40717888
    133.19904415
    131.49220331
    131.88925648
    132.27883120
    132.27883120
    132.72866663
    132.72866663
    132.31115053
    132.10232158
    132.21346942
    131.98071107
    131.98071107
    130.26685010
    130.47766134
    130.47766134
    131.50336651
    131.50336651
    131.77428707
    132.85687111
    132.85687111
    132.85687111
    132.49118992
    133.10457556
    132.84917448
    132.84917448
    132.84917448
    131.74593983
    131.74593983
    131.74593983
    128.98447866
    128.98447866
    128.98447866
    131.79535315
    131.79568029
    131.79568029
    132.13434649
    132.15089862
    132.15089862
    132.68107806
    133.18124878
    133.43251011
    133.43251011
    132.69653208
    132.69653208
    132.69981125
    133.01490136
    133.01490136
    132.97048886
    130.81674441
    130.81674441
    130.81674441
    130.81674441
    130.81674441
    130.81674441
    131.22573036
    130.84716326
    132.39287361
    133.34741797
    133.51582856
    133.51582856
    133.48918985
    133.35822526
    133.35822526
    133.32684686
    133.28672132
    133.28672132
    133.15819450
    133.15819450
    133.15819450
    133.15819450
    133.15672083
    133.15672083
    132.11860162
    132.60053532
    132.60053532
    132.64879085
    133.07984077
    133.07984077
    133.04052825
    133.52436792
    133.52436792
    133.52436792
    133.45883299
    132.98983824
    133.21764879
    133.46019048
    133.46019048
    133.40239326
    133.15962740
    133.45277995
    133.44578439
    133.42703309
    133.37443067
    133.37337086
    133.37337086
    132.94795455
    132.94795455
    133.20983836
    133.25614746
    133.37781817
    133.38036732
    133.33123081
    133.33123081
    133.33123081
    133.19993035
    133.49033856
    133.59070551
    133.54217316
    133.34033010
    133.34033010
    132.81101348
    132.06406444
    132.51159242
    132.51159242
    133.33727494
    133.20428984
    133.20428984
    133.20428984
    132.60660762
    132.60660762
    132.80756380
    132.80756380
    132.80756380
    132.80756380
    132.92492523
    133.58311970
    133.25290113
    133.25290113
    133.59764160
    133.54798298
    133.41611266
    133.41611266
    133.39827768
    133.22177782
    133.27091041
    131.79168001
    131.75951738
    133.05526934
    133.31478657
    133.31478657
    133.31478657
    133.31478657
    133.31478657
    133.37866628
    133.36759346
    133.36759346
    133.32387195
    133.32387195
    133.43147573
    133.34908795
    133.24641194
    133.20973199
    133.04314433
    132.95940728
    132.95940728
    132.73984922
    132.29404051
    130.79964966
    130.79964966
    130.43530010
    130.43530010
    131.62596185
    131.51642570
    131.51642570
    131.50360980
    131.50360980
    131.77243721
    131.65114195
    131.65114195
    132.03422996
    132.03422996
    132.36818482
    132.36818482
    132.36818482
    132.42892550
    133.21619575
    129.97568515
    131.78467529
    132.40700426
    132.40700426
    132.40700426
    131.81473616
    131.49175037
    131.49175037
    133.01428753
    132.86992173
    133.24280068
    133.23285657
    133.23285657
    132.84909974
    133.25701343
    132.91180145
    132.91180145
    132.79125124
    132.99403422
    133.03144742
    133.29520941
    133.17043938
    133.17043938
    133.49587477
    133.27477407
    133.27477407
    133.29985143
    133.33428432
    133.40624519
    133.40624519
    133.43704055
    133.43704055
    133.47854841
    133.47837488
    133.45577449
    132.35896401
    131.96864905
    131.96864905
    132.54719782
    132.89374576
    132.47813553
    133.10568780
    133.10568780
    132.91993558
    132.88926775
    133.18512836
    133.29291127
    133.04139662
    133.04139662
    133.04137464
    133.01329610
    132.78107412
    133.07227228
    133.07227228
    133.07227228
    133.09713113
    132.56797704
    132.56797704
    133.02317370
    133.05851631
    133.06363676
    133.17596742
    133.02682043
    133.35152343
    133.35362568
    133.35809223
    133.50879391
    133.53180175
    133.53180175
    132.73284280
    132.23682469
    132.95473761
    132.44657768
    131.56300169
    131.56300169
    131.56300169
    132.05572638
    131.94512209
    132.72193497
    132.70203453
    131.24125822
    131.82340200
    131.82340200
    130.83560159
    131.73869606
    131.80419142
    131.61234678
    131.60798314
    132.35112732
    131.52599706
    131.85771274
    131.85771274
    132.94997182
    133.15008109
    133.03229436
    132.19782961
    132.19782961
    132.19782961
    132.27402034
    132.82076392
    131.49781978
    127.35575945
    127.35575945
    127.88149626
    130.97490867
    130.97490867
    130.97490867
    129.85334930
    129.85334930
    129.85334930
    129.71060000
    129.11089700
    129.10646220
    129.37152997
    131.24986984
    131.39816857
    132.17764774
    132.84851286
    132.64285188
    133.08542482
    133.03772625
    133.03772625
    132.90100040
    132.87912251
    133.16651089
    133.16730684
    133.14205783
    133.36694917
    133.22569209
    132.52036871
    132.52036871
    132.36361187
    132.36361187
    132.18311894
    132.45453475
    132.45453475
    132.43184194
    132.43184194
    133.23405711
    133.16713924
    131.89055716
    131.89055716
    131.85830821
    131.85830821
    132.00448830
    133.39082625
    133.50832064
    133.50832064
    133.52185301
    133.57547471
    133.15187121
    132.42553449
    131.64244339
    131.64244339
    131.64244339
    131.64244339
    131.64244339
    131.64244339
    132.08084156
    131.80455796
    131.80455796
    133.09462609
    133.22724359
    133.22977742
    133.32935699
    133.32935699
    133.45677717
    133.46215069
    133.46215069
    133.46215069
    133.43913277
    133.36456617
    133.42416592
    133.52992529
    133.32232520
    133.46877043
    133.36692305
    133.40113856
    133.52539336
    133.02527016
    132.47397501
    131.89819278
    131.43245238
    132.13245126
    132.13245126
    132.40614293
    132.87258373
    132.89421237
    132.89421237
    132.12859533
    132.12859533
    132.87196777
    132.87196777
    133.40022739
    133.14047954
    133.49570149
    133.31451248
    133.33043184
    133.41606511
    132.84860151
    132.61739939
    132.63965192
    132.80683879
    132.59948045
    132.63824703
    132.37422879
    132.50815020
    132.93742308
    132.93742308
    132.93742308
    132.51434505
    132.51434505
    132.35235341
    132.80453681
    132.09348121
    131.57133252
    132.07897493
    132.90874619
    132.02039776
    132.02039776
    132.02039776
    131.67101418
    131.67101418
    128.68221725
    128.68221725
    129.11706676
    131.01551227
    131.97115203
    132.19173008
    131.14239610
    131.85615379
    131.53593880
    131.54336265
    131.54336265
    132.16438095
    132.83252695
    133.04127370
    133.04671123
    133.09747120
    133.27101308
    133.21274378
    133.26238569
    132.64987499
    132.64987499
    132.65095097
    132.17985798
    131.87219627
    132.46478877
    132.41605928
    132.22600798
    128.84631343
    131.84915558
    131.92307265
    132.16026065
    133.11771210
    133.14193996
    132.07519224
    131.37462006
    131.37462006
    131.37462006
    131.37462006
    131.37462006
    130.07558939
    130.07558939
    130.07558939
    130.07558939
    132.88076627
    132.88076627
    132.56775762
    132.41134580
    133.25926808
    133.09057293
    133.17251125
    133.17251125
    133.44303238
    133.44303238
    133.45090104
    133.19802572
    133.19802572
    133.19802572
    132.86534113
    132.86534113
    133.33427160
    133.21154550
    132.81434339
    133.43010852
    133.59684129
    133.58413014
    133.57807134
    133.57807134
    133.56652131
    133.50460041
    133.38060008
    133.52385668
    133.33258491
    133.50678040
    133.57651488
    133.50511495
    133.50511495
    133.47974891
    132.49290699
    132.49290699
    132.42692035
    131.61233581
    131.44013889
    132.64613376
    133.30717963
    133.29258477
    133.26542063
    133.26542063
    133.24790144
    133.06412997
    133.06412997
    132.92405433
    132.92405433
    132.91412670
    132.36173217
    132.53588662
    132.99740657
    132.99824213
    132.99824213
    133.16948095
    133.08630765
    132.51400929
    132.51400929
    132.79213841
    132.78785413
    132.44306071
    132.51553507
    133.05891707
    133.10656431
    133.21078702
    133.21871283
    133.25416143
    132.30522707
    132.51041541
    131.47240238
    131.84161643
    132.05775333
    132.05775333
    131.03540942
    131.69558205
    131.69558205
    132.43731206
    132.67826514
    131.16771782
    131.16771782
    130.09300559
    131.12653000
    130.75404621
    133.57256262
    133.57256262
    133.53843032
    133.52025452
    133.56679782
    133.56679782
    133.55516832
    133.56865339
    133.56865339
    133.56865339
    133.56865339
    133.49645894
    133.54864299
    133.50479995
    133.50109609
    133.50109609
    133.52327283
    133.52327283
    133.43500497
    133.49316551
    133.55706107
    133.57383202
    133.59482450
    133.58240398
    133.27784255
    133.48585470
    133.47608600
    133.13958929
    133.40500219
    133.40500219
    133.49468235
    133.00338060
    132.80528873
    132.54056533
    132.54056533
    132.26268393
    132.00465535
    132.11783689
    132.11783689
    133.47377867
    133.47377867
    133.47751923
    133.57054436
    133.57965078
    133.30677931
    133.31307200
    133.09205582
    133.40072305
    133.34894543
    132.77537840
    133.21084611
    133.58880589
    133.58880589
    133.14692657
    133.16262839
    133.20443804
    133.20443804
    133.19456391
    133.37506031
    133.49376124
    133.49376124
    132.87970669
    131.95313887
    131.95313887
    132.60297774
    132.60297774
    132.60297774
    132.60297774
    132.03276904
    132.08111461
    132.08111461
    131.00507516
    131.00507516
    132.06081880
    132.06081880
    132.13936883
    133.10491964
    133.10491964
    133.12726382
    133.07055400
    133.07055400
    133.07055400
    132.10388878
    132.10388878
    132.10388878
    132.10814671
    132.44678463
    132.44678463
    131.68460847
    131.67868175
    132.01052187
    132.00039763
    132.00039763
    132.00039763
    131.90916739
    132.86386496
    132.83699883
    132.14127202
    132.59491553
    133.37986816
    133.56616807
    133.51447300
    133.51447300
    132.99711118
    132.20826915
    132.69112782
    132.69112782
    132.69112782
    132.94281870
    132.57707993
    132.90294170
    132.90294170
    132.90294170
    133.24089273
    133.15449942
    133.11225239
    133.11225239
    133.11318329
    132.29642724
    132.29642724
    133.34464847
    133.34464847
    133.34464847
    133.44073208
    133.52217593
    133.33856365
    132.71010287
    132.71010287
    132.71010287
    133.00710430
    133.00710430
    133.58729394
    133.58712319
    133.53747990
    133.35941368
    133.35941368
    133.42908784
    133.51173010
    133.46199008
    133.00682169
    133.00682169
    133.00682169
    133.14227190
    133.01814349
    133.01814349
    133.01814349
    133.01814349
    133.03960216
    133.38813533
    133.38813533
    132.46385875
    132.46385875
    132.69345169
    132.51219621
    132.15390160
    132.15390160
    132.07786311
    131.99531190
    132.02312019
    133.10208242
    133.10208242
    133.09449277
    133.09449277
    133.08930588
    133.23209524
    133.30563721
    132.92850977
    133.44663821
    133.51827240
    133.51860111
    133.55912151
    133.55132169
    133.55722899
    133.55014133
    133.54615763
    133.52720298
    133.55503350
    133.53405214
    133.54140694
    133.55867566
    133.55867566
    133.58990338
    133.59890282
    133.58284001
    133.54542751
    133.54542751
    133.02478867
    133.45168687
    133.07021396
    133.07021396
    133.04501112
    132.86740596
    132.63719747
    132.63719747
    132.63719747
    133.19111133
    132.84874061
    132.63978860
    133.40231655
    132.75460122
    123.91819036
    123.91819036
    123.91819036
    124.62225511
    124.28707567
    124.28707567
    127.27165495
    127.27165495
    130.34596621
    130.34596621
    130.46403734
    130.46403734
    130.46403734
    130.46403734
    130.46403734
    131.67830079
    131.10315798
    130.55861858
    130.55861858
    130.55861858
    131.00245584
    129.68690647
    129.68690647
    129.68690647
    129.68690647
    130.95078789
    132.04898669
    132.04898669
    132.64424041
    131.86119891
    132.38371575
    132.38371575
    132.62244048
    132.62244048
    132.62244048
    132.48580972
    132.42288582
    132.42288582
    133.04693114
    132.98083042
    132.98083042
    132.98083042
    132.94743317
    132.77932067
    132.77932067
    132.47914579
    132.47914579
    132.37751883
    132.37751883
    132.61169418
    133.47023968
    133.45743631
    133.48501283
    133.48501283
    133.41619211
    133.57153067
    133.57153067
    133.53714609
    133.39396646
    133.36151146
    133.09500860
    132.39520791
    132.06930432
    132.26291655
    131.07996234
    131.41640773
    132.50355681
    131.85547893
    131.90571247
    131.91792829
    132.76909363
    132.64081782
    132.52312708
    132.22574754
    131.61489506
    131.61489506
    131.61489506
    131.61489506
    131.61489506
    132.46424402
    132.46424402
    132.48407848
    132.48407848
    132.42865088
    132.42865088
    132.42865088
    132.09815182
    132.09815182
    132.05313871
    132.05313871
    132.05313871
    132.05313871
    132.88759402
    132.88759402
    132.73233216
    132.21413012
    132.16413459
    132.10766842
    132.42831534
    132.42831534
    132.69374583
    133.07927670
    133.42341560
    133.42341560
    133.42341560
    133.45328229
    132.83755569
    132.83755569
    132.89403381
    131.66057260
    131.66057260
    131.66057260
    132.67042643
    132.67042643
    132.65613276
    132.65613276
    132.65613276
    132.56460159
    132.37115755
    132.82621341
    132.97500447
    132.80946463
    132.80946463
    132.80946463
    133.52523579
    133.53550135
    133.20427576
    133.20427576
    132.83241665
    132.83241665
    133.00250517
    133.00250517
    133.05825098
    133.29935915
    133.27777655
    131.96258727
    132.53962816
    132.61693140
    132.94886109
    132.50710025
    131.84378741
    131.91378462
    131.80459770
    132.87224343
    132.86445953
    132.86445953
    133.08469072
    133.39023475
    133.48626592
    133.53445077
    133.07166580
    132.00468759
    132.69407073
    132.69407073
    132.69407073
    132.62137735
    132.62137735
    133.31802589
    133.32345682
    133.32345682
    133.44718426
    133.44718426
    133.46935700
    133.46935700
    133.55584068
    133.55584068
    133.56438314
    133.40234398
    132.68528408
    132.65351563
    132.65351563
    132.99883590
    133.12412590
    133.46814368
    133.46814368
    132.91561661
    132.91561661
    132.91561661
    133.58445310
    133.57144538
    133.56559465
    133.53505729
    133.54330232
    133.50289130
    133.27643974
    132.91380421
    133.20778757
    133.22448382
    133.22448382
    133.26066491
    133.26066491
    133.23181296
    133.19628887
    133.53268377
    133.26199413
    133.14582965
    133.14187861
    133.15667995
    133.15667995
    133.15667995
    131.45390613
    131.45390613
    131.45390613
    131.45390613
    131.45390613
    132.46100156
    132.41858251
    132.41858251
    132.41858251
    132.58240277
    131.62385008
    131.62385008
    131.62385008
    131.62385008
    131.41745109
    131.41745109
    131.41745109
    131.41745109
    131.41745109
    132.41482567
    133.28293960
    133.20744542
    133.20535666
    133.28671778
    133.28671778
    132.97845014
    132.97845014
    132.97845014
    133.12574071
    133.12574071
    133.12574071
    133.12574071
    132.99774420
    132.99774420
    133.46151169
    133.46151169
    133.45169368
    133.46675395
    133.48045411
    133.44407352
    133.44407352
    133.36310560
    132.94811670
    133.26217695
    133.26217695
    133.14099947
    133.14099947
    133.07651404
    133.06605135
    133.06605135
    132.95757097
    132.81432216
    132.81432216
    132.80988256
    132.52467355
    132.52467355
    132.52467355
    132.94898665
    133.09425124
    132.93223872
    132.93223872
    132.93223872
    132.93223872
    132.93223872
    132.93223872
    132.76610474
    132.51646505
    133.38068731
    133.58286353
    133.58286353
    133.59438640
    133.58841736
    133.58841736
    133.59536573
    133.10314708
    132.90809237
    132.41600818
    132.41600818
    132.78875754
    133.00916337
    133.00916337
    133.30052014
    133.30407908
    133.52398897
    133.54791185
    133.51055071
    133.16807760
    132.89322684
    131.95518224
    131.66448551
    131.81884413
    129.34077152
    131.24236457
    132.21166527
    132.24309183
    132.63335633
    133.32961689
    133.32961689
    133.52861542
    132.77452564
    126.14071252
    123.68878931
    123.68878931
    123.68878931
    127.48674424
    129.20613384
    130.68995595
    129.28923995
    127.41819379
    127.52466156
    129.67231229
    129.67231229
    128.97399769
    129.37281142
    129.37281142
    129.37281142
    129.37281142
    131.41683632
    131.35561688
    131.96422268
    133.05384750
    132.18939111
    131.82184294
    132.59733037
    132.83644430
    132.83644430
    133.30112524
    133.35984333
    133.35702545
    133.35702545
    133.46740313
    133.51163464
    133.60193597
    133.60255662
    133.55899307
    133.53722105
    133.51308773
    133.51308773
    133.25181923
    133.33705383
    133.33705383
    133.56906590
    133.20072643
    133.13596491
    133.13653277
    133.13653277
    133.27963130
    133.40342259
    133.21193890
    132.59602267
    133.58438298
    133.58438298
    133.57268078
    133.52311924
    133.29083293
    133.28142685
    133.28142685
    133.23919850
    133.16743270
    133.16743270
    133.33671919
    133.36276959
    133.09769965
    133.19055010
    133.35223150
    133.53448773
    133.35804336
    133.35224774
    132.92924157
    132.92924157
    132.95185460
    132.96359804
    132.96359804
    133.05531777
    133.05531777
    133.05136874
    132.40711284
    132.21610758
    132.35121000
    132.30955312
    131.13637652
    131.25796218
    132.45745965
    132.58634195
    132.44555325
    132.44555325
    132.44555325
    132.44555325
    132.44555325
    132.44555325
    132.94063787
    132.58142415
    132.58142415
    132.04770666
    132.04770666
    132.04770666
    132.66108469
    132.66915819
    132.73602012
    132.73602012
    129.91467350
    129.91467350
    129.91467350
    130.35701354
    130.86882754
    131.67733328
    131.67733328
    131.67733328
    131.67733328
    129.71109384
    129.71109384
    129.92068614
    130.85679706
    130.74328847
    132.04977438
    133.58062737
    133.57667241
    133.52588181
    133.54171330
    133.50003223
    133.31575814
    133.31575814
    133.31575814
    133.31575814
    133.50902203
    133.59668928
    133.50781705
    133.37509100
    133.37509100
    133.44014505
    133.26879064
    133.25464591
    133.25464591
    132.41475910
    132.07570627
    132.34073942
    132.34073942
    132.33145106
    132.64088229
    131.81701859
    131.81701859
    132.34301504
    132.50994094
    132.50994094
    132.50994094
    131.33568523
    131.33568523
    133.02099749
    132.81335577
    132.64052998
    125.81475980
    126.54803409
    129.27305592
    129.43097831
    129.43097831
    129.15846229
    131.72221679
    132.21223653
    132.25118114
    131.40704548
    131.40704548
    130.99859435
    131.43058196
    131.05336980
    132.78733121
    132.80332456
    131.60393717
    132.94978341
    132.94978341
    132.60658219
    132.47781737
    132.26700509
    132.64532649
    132.04612778
    132.04612778
    132.04612778
    132.81343185
    132.90773517
    132.90773517
    132.87740212
    132.48316215
    132.58783737
    132.58783737
    132.58783737
    132.06993148
    132.56471169
    132.68957736
    132.92367325
    132.24258158
    132.28902447
    132.30694139
    132.61764215
    132.61764215
    132.61764215
    132.57095353
    132.57095353
    132.08409825
    131.78471072
    131.78471072
    131.78471072
    131.70865453
    132.02872418
    131.51257977
    132.13072228
    132.13072228
    133.10916839
    132.80819471
    132.12295403
    130.06836521
    130.86676625
    130.07758235
    131.39659048
    131.39659048
    133.02428681
    133.02428681
    133.08135408
    133.12235053
    133.47900639
    132.28245876
    132.28245876
    132.71914553
    132.71914553
    132.75166372
    132.21910699
    133.09569976
    133.09569976
    132.94770978
    132.59978435
    132.59978435
    132.61535815
    132.71808580
    132.71808580
    132.71808580
    132.52147113
    132.89483185
    133.06845030
    132.76974314
    132.83939982
    132.83939982
    132.83939982
    132.83939982
    132.83939982
    132.83939982
    132.90106250
    132.90106250
    133.41909983
    133.40372350
    133.40372350
    133.32095972
    132.41316294
    132.08326463
    130.15409599
    131.91098163
    131.91098163
    131.91098163
    132.06040152
    131.76570621
    133.12285725
    133.26981833
    133.21771713
    133.18961357
    133.10232942
    133.19430818
    133.28102319
    133.30778799
    133.36058471
    133.45274243
    133.56972578
    133.56972578
    133.07722545
    131.53324403
    131.53324403
    132.11570448
    132.11570448
    132.51147006
    131.69566875
    132.26356411
    132.26356411
    132.26356411
    132.26356411
    132.26356411
    131.06024309
    130.78036503
    130.78036503
    130.78036503
    130.78036503
    130.78036503
    129.50995676
    131.35571961
    130.48373886
    132.07505433
    131.00041718
    131.69405684
    130.70152160
    130.70152160
    131.69362071
    131.69362071
    132.05667590
    131.56623673
    131.89638955
    133.52551044
    133.46391846
    133.46391846
    132.60740590
    132.63131815
    132.63131815
    132.63131815
    132.89638215
    132.87707440
    132.55630110
    133.10115149
    132.88804974
    133.27550663
    133.25521525
    133.25521525
    133.24245712
    133.49389368
    133.50339763
    133.48010643
    133.48010643
    133.44485897
    133.44547573
    133.55894848
    133.55540584
    133.55540584
    133.53088389
    133.18234913
    133.18575550
    132.95100751
    132.73055660
    133.05729264
    133.50854904
    133.54307629
    133.54841128
    133.54841128
    133.53802159
    133.26963019
    133.26963019
    133.55964085
    133.57104061
    133.58708686
    131.58558386
    131.22905483
    131.22905483
    131.22905483
    131.22905483
    131.97916689
    131.97916689
    131.55565791
    131.80369911
    131.86126989
    131.86126989
    131.86126989
    132.94585448
    132.79810345
    132.72253264
    132.72253264
    132.60352949
    131.80299741
    131.80299741
    132.49913262
    133.51596827
    133.51596827
    133.50114710
    133.50114710
    133.50114710
    133.27030605
    133.59409591
    133.59409591
    133.35520399
    133.40412592
    133.39629563
    132.96292022
    132.71142136
    132.71058394
    131.63586921
    132.75106247
    131.13985283
    132.18518290
    131.41771369
    132.70402534
    131.99748869
    132.79429176
    132.79429176
    132.79592810
    132.15759959
    132.71722515
    131.56251252
    132.18471122
    132.53394543
    132.83555411
    132.88220566
    132.85890934
    132.85890934
    131.94269432
    131.94269432
    131.94269432
    131.94269432
    133.04410691
    133.04968361
    132.70032253
    132.74249465
    132.77774447
    132.77645093
    132.77812710
    131.61341482
    132.65499355
    132.06581559
    132.02438062
    132.06559078
    132.06559078
    128.88218871
    128.88218871
    131.51202082
    131.51202082
    130.78680455
    128.25139759
    128.25139759
    128.25139759
    129.30504955
    130.10958796
    130.10958796
    130.14825569
    130.14825569
    130.14825569
    129.82083729
    131.41888251
    131.41888251
    130.84780167
    130.84780167
    130.84780167
    130.70968590
    129.94145755
    129.94145755
    130.40692794
    131.16099219
    131.16099219
    131.83228662
    131.57221461
    130.83594400
    130.83594400
    131.99146488
    131.55693017
    129.97372888
    127.64249802
    129.58054812
    132.26255976
    132.26255976
    131.84991099
    133.12158402
    133.44453370
    133.41362229
    133.07419618
    132.60444955
    133.01291760
    133.09259207
    133.33335183
    133.35592447
    133.22642485
    133.22642485
    132.67546051
    133.42977048
    133.42977048
    133.51542756
    133.36342061
    133.36342061
    133.36342061
    133.29827337
    133.12658462
    133.27540788
    133.27540788
    133.28791342
    133.32696817
    132.67606231
    133.11695746
    132.99528845
    133.03756316
    133.03756316
    133.30265820
    133.36959341
    133.42542163
    133.52821669
    133.52821669
    133.49757408
    133.06784918
    133.32809159
    133.42799802
    133.42799802
    133.36878050
    133.39278156
    133.26724901
    133.32334075
    132.85413279
    132.10637949
    132.01655435
    132.01655435
    132.01655435
    132.01655435
    132.01655435
    132.04129853
    132.63281002
    131.97866046
    131.61410469
    131.61410469
    131.35153230
    132.07537272
    132.21195349
    132.25985986
    132.58263184
    132.82944972
    132.98486054
    132.68134300
    132.68134300
    132.68134300
    132.04692157
    130.72940953
    131.53006693
    131.53006693
    130.74688439
    130.74688439
    130.74688439
    133.27176508
    133.18153360
    133.18153360
    133.18113565
    133.28142232
    133.28142232
    132.30564686
    132.30564686
    132.30564686
    131.89302044
    131.89302044
    131.89302044
    131.89302044
    132.41046363
    132.41046363
    132.41046363
    133.00572871
    133.00572871
    132.80182084
    132.80182084
    132.80182084
    132.80182084
    132.80446384
    131.70656595
    132.48885623
    131.28704581
    131.47793305
    131.47793305
    132.03214781
    132.52545440
    132.52545440
    132.52545440
    132.52545440
    132.52545440
    132.01189959
    132.30772843
    132.29317470
    132.29317470
    132.45847456
    131.17324846
    131.17324846
    131.17324846
    131.17324846
    129.86807237
    129.82625178
    130.45279089
    130.45279089
    131.83891412
    132.69369349
    132.74924543
    133.17343171
    133.17343171
    132.83109955
    132.65686052
    132.71280940
    132.68358518
    131.24425620
    132.42591693
    133.38717274
    133.07575394
    133.17780217
    133.12709455
    129.00747236
    129.00747236
    132.25512095
    132.32271270
    132.85272912
    133.45812545
    133.25447468
    133.05828300
    133.28450918
    133.28450918
    133.13443037
    133.05222789
    133.35237067
    133.36561880
    133.15635078
    133.19143146
    133.39681331
    127.88008366
    127.88008366
    127.88008366
    128.78206237
    128.44808953
    128.44808953
    128.56173330
    128.56173330
    128.56173330
    128.56173330
    128.56173330
    128.56173330
    128.56911480
    128.56911480
    128.56911480
    129.95079734
    130.53758650
    130.53758650
    131.43084957
    131.00138623
    131.92445726
    132.68990478
    133.43346434
    133.40149564
    133.49163973
    133.50408866
    133.54273762
    133.54273762
    133.56038162
    133.60014397
    133.55088248
    133.55088248
    133.27866824
    133.35653628
    133.39340928
    133.20148839
    133.20381291
    133.20381291
    133.14805020
    133.23038338
    132.81006133
    132.81006133
    133.39321828
    132.87479288
    132.68135535
    132.68135535
    132.68135535
    132.05514032
    131.16830179
    129.32064772
    133.43302273
    133.38684235
    133.38684235
    133.35384475
    133.37509285
    133.06249059
    133.52107756
    133.52107756
    133.60184429
    133.59632927
    133.50474505
    133.38253275
    133.59330281
    133.58136836
    133.60043033
    133.19144564
    133.02775409
    133.02775409
    133.49545176
    133.36959970
    133.36959970
    133.36959970
    133.27346609
    133.27346609
    133.53410836
    133.51938485
    133.51938485
    133.48292686
    133.48292686
    133.52043742
    133.36945897
    133.39225531
    133.14562359
    133.33607928
    132.43121603
    132.43121603
    132.35161254
    132.43625397
    133.45318332
    133.18357076
    133.18357076
    132.40396457
    132.40396457
    132.28571440
    133.34663956
    133.33728616
    133.12495474
    133.10404189
    133.26141569
    133.26141569
    129.41036606
    129.41036606
    129.41036606
    129.39143402
    129.20502894
    130.45530582
    130.83544545
    129.85890508
    131.18517802
    129.47731735
    130.50353276
    129.79246619
    131.17153519
    131.17153519
    131.17153519
    131.41517352
    131.56302819
    131.56302819
    131.95688818
    131.85970979
    132.72765348
    133.54464499
    133.54464499
    132.75038925
    133.31092845
    133.32696839
    133.60120270
    133.49904036
    133.49904036
    133.49904036
    133.08061865
    133.59605911
    133.59605911
    133.43494544
    133.43534290
    133.41252750
    133.41252750
    132.98369480
    132.70341622
    132.26485549
    131.22714720
    132.34243514
    132.47882378
    132.47882378
    130.53035207
    130.53035207
    130.53035207
    130.47035670
    130.47035670
    130.47035670
    132.90111839
    133.04488717
    132.29262739
    132.03107411
    132.50176465
    132.19168674
    131.44569345
    131.44569345
    132.34160786
    132.34160786
    132.34160786
    132.49426654
    132.56990904
    132.50069453
    132.50069453
    132.83520448
    132.22196490
    132.22196490
    132.22196490
    132.22196490
    133.27427679
    133.30688705
    133.54181313
    133.51655582
    133.51655582
    133.46476797
    133.47052249
    133.47052249
    133.07351338
    133.33597162
    132.89557618
    132.89557618
    133.49015222
    133.51088163
    133.52993792
    133.02908811
    133.02908811
    132.98172258
    133.10606685
    133.29419122
    132.39006940
    133.42705926
    133.42705926
    133.42705926
    133.34509334
    133.34509334
    133.36658275
    133.36658275
    133.36658275
    133.36658275
    133.48063152
    133.48311435
    133.21523876
    133.08996736
    132.19628501
    132.19628501
    132.19628501
    132.19628501
    132.15965733
    131.63769319
    131.63769319
    131.54545027
    131.54545027
    131.54545027
    131.54545027
    131.51263121
    128.72845912
    128.72845912
    128.72845912
    126.19829986
    131.68512068
    131.68512068
    131.23739451
    132.14510086
    132.15047525
    132.36541840
    132.74689212
    132.79826080
    132.11316457
    131.63311496
    132.98673414
    132.97900800
    133.03621530
    133.10164385
    133.10419108
    133.12035691
    132.56547243
    132.51026642
    133.37644759
    133.37644759
    133.27083457
    132.82406431
    132.81651778
    132.81651778
    132.81651778
    132.63535049
    132.36736537
    132.98391203
    133.17508557
    131.67924433
    133.47870194
    133.20747636
    132.01157649
    131.74773304
    131.74773304
    132.19033106
    132.19385128
    132.20463252
    132.16583027
    131.77993794
    131.44660344
    129.55041375
    131.41274886
    131.08332302
    131.89783833
    132.90439221
    133.01194921
    133.06580595
    132.96226739
    132.96226739
    132.96226739
    132.96226739
    133.26163108
    133.55763844
    133.55763844
    133.05246588
    133.05246588
    133.11309981
    133.16433844
    133.16433844
    133.49913017
    133.41290386
    133.52982267
    133.24425120
    133.24425120
    133.48514365
    133.56586451
    133.56538696
    133.56237444
    132.97201420
    133.22893723
    133.22893723
    132.98654441
    132.98654441
    132.93841241
    132.93841241
    132.05585372
    132.05585372
    132.96433728
    132.96433728
    133.08768362
    133.08768362
    133.08768362
    133.08768362
    133.03954413
    133.03954413
    133.45425517
    132.82038547
    132.60207531
    133.43093227
    133.42659121
    133.27477196
    133.27487695
    133.27487695
    133.27547007
    133.31667849
    132.67207090
    132.67207090
    132.77736457
    132.17862310
    132.40052729
    132.41189543
    132.66440627
    133.52545746
    133.23792393
    133.23874703
    133.23874703
    133.23874703
    133.58041970
    133.56826316
    132.52449271
    132.71890114
    132.25258344
    132.84878822
    132.43903490
    132.82349783
    132.82349783
    130.45225066
    130.71247162
    131.75615029
    131.75615029
    131.75615029
    131.75615029
    131.75615029
    131.61052989
    131.90651444
    132.20769848
    132.29759620
    132.29759620
    131.78541199
    133.46278911
    133.46278911
    133.45652943
    133.40094951
    133.40094951
    133.14145497
    132.21743430
    132.21743430
    132.21743430
    132.21743430
    133.58528032
    133.57292412
    133.43658745
    133.43035200
    133.55357871
    133.50559603
    133.46186793
    133.46186793
    133.46186793
    133.47365762
    133.46662224
    133.47565792
    133.43022755
    133.38046878
    133.38046878
    133.38046878
    133.35935733
    133.35935733
    133.35249741
    132.74440094
    132.80390432
    132.75819492
    132.75819492
    131.86430572
    133.27447403
    133.26284183
    132.88484151
    131.49878202
    132.61330872
    133.35272204
    133.40714017
    133.38966379
    133.46052799
    133.42024026
    133.28659580
    133.38302931
    133.56627125
    133.56577569
    133.39555154
    133.39555154
    132.79978809
    132.62558398
    132.00272031
    132.05133838
    132.05133838
    132.05133838
    132.05133838
    133.35723785
    132.45523671
    132.45523671
    130.75979260
    132.39339406
    132.52437023
    132.59939345
    132.17297205
    132.17297205
    132.84258249
    132.66441263
    132.66441263
    132.99917201
    132.51955649
    132.66553610
    132.95817979
    133.55957622
    133.55957622
    132.80753739
    132.80753739
    132.80753739
    132.80753739
    132.80753739
    133.06058563
    133.55585920
    133.47142303
    133.42438952
    133.18421499
    133.18421499
    133.18421499
    132.74077819
    132.03887204
    131.46252748
    131.46252748
    131.46252748
    131.11439764
    132.14007110
    132.14007110
    132.98071267
    133.50364690
    133.41476040
    133.07989561
    133.07989561
    132.49382984
    132.49382984
    132.49382984
    132.49382984
    132.09898110
    132.09898110
    132.29339737
    132.13041876
    132.13041876
    132.13219546
    132.65899131
    132.75226380
    132.75226380
    132.64284713
    132.36537747
    133.06295772
    132.97360393
    133.16101131
    133.14705908
    133.34856484
    133.19661531
    132.69020911
    132.54470326
    133.16817290
    133.14121087
    133.16048428
    133.24043224
    133.14995741
    133.14995741
    132.80041951
    133.01463335
    133.46188525
    133.46216036
    133.42472927
    133.38684608
    133.38684608
    133.49135493
    133.49135493
    133.49135493
    133.49135493
    133.17721156
    133.43200545
    132.87146913
    132.87146913
    132.28085295
    132.87824954
    133.02934654
    133.02934654
    131.85496395
    132.38427585
    133.44832609
    133.44832609
    133.44832609
    133.50207739
    133.52414859
    133.13924018
    133.13924018
    133.24605364
    133.24460885
    132.03058221
    132.92772442
    132.92772442
    132.92772442
    132.54910561
    132.54910561
    131.19611002
    132.39922396
    132.39922396
    133.01299214
    133.01881739
    132.83126376
    132.62136471
    133.11451840
    132.80673312
    132.31073900
    132.31073900
    132.31073900
    132.73991047
    133.09047973
    133.09047973
    133.08795357
    132.41465379
    132.62752880
    132.11813368
    133.22564256
    133.16092017
    133.16092017
    133.46595869
    133.50411122
    133.33896959
    133.21660304
    132.30030122
    132.36093068
    132.19055631
    132.49151548
    133.28671861
    133.36032813
    132.07320606
    130.85785800
    129.71064186
    132.95021681
    132.95021681
    132.64357997
    132.78478750
    132.78871201
    132.22762400
    132.09904583
    132.79890159
    132.79890159
    133.04964293
    133.04964293
    133.04964293
    133.51310058
    133.48810680
    133.48810680
    133.27836086
    133.39224190
    133.39224190
    133.28263385
    133.47954336
    133.44365075
    133.44230349
    133.38842560
    133.38842560
    133.38842560
    133.41225795
    133.41286788
    133.41286788
    133.54759177
    132.79126834
    132.90936282
    132.56587153
    131.84487447
    131.84487447
    132.30460871
    131.82104654
    132.36021221
    132.30667377
    132.86680559
    133.07050222
    133.00470320
    133.41060511
    133.41060511
    133.23953158
    133.42241029
    133.50319481
    133.17676652
    133.12452494
    132.95682078
    132.46092157
    132.87424026
    133.38831164
    133.38831164
    133.26447780
    133.26447780
    133.33188219
    133.30425486
    133.30425486
    133.30425486
    133.24747596
    133.23588419
    133.23501386
    133.09409475
    133.09409475
    132.93394634
    132.88388210
    133.47327323
    133.47327323
    133.26828347
    133.26828347
    133.26123920
    133.15756464
    133.07701415
    133.07701415
    133.07701415
    133.05134962
    133.05134962
    133.36960950
    132.47387959
    131.91677235
    131.81238498
    131.81238498
    131.81238498
    131.81238498
    132.62300336
    133.15544319
    133.15544319
    133.52130809
    133.58253723
    133.57712569
    133.57278322
    133.52672400
    133.53220390
    133.42344462
    133.44102577
    133.25266142
    133.45690431
    133.51879854
    133.47345486
    133.47147929
    133.24727499
    133.24727499
    133.24727499
    133.46001970
    132.46662277
    131.88012652
    131.73885876
    131.17503975
    131.17503975
    131.17503975
    133.17748748
    133.10308518
    132.86471110
    133.01489507
    133.23644195
    133.29929432
    133.37242392
    133.41100551
    133.45220613
    133.55544106
    133.29719533
    133.57342383
    133.24628110
    133.24628110
    133.24628110
    133.04520212
    133.54061562
    132.04723125
    132.04723125
    132.04723125
    132.93034740
    133.46998917
    133.46998917
    133.46841726
    133.43696933
    133.43696933
    133.15580609
    133.49630990
    133.59062633
    132.87839000
    133.37557436
    133.40670461
    132.97618704
    133.15708274
    132.91813890
    133.39255879
    133.39255879
    133.39255879
    132.96150128
    132.96472337
