    109.94386530
    109.94386530
    109.59830586
    109.59830586
    109.77726908
    108.65358600
    108.65358600
    110.51096139
    110.51096139
    110.24044789
    110.33845327
    110.33845327
    109.90029798
    109.90029798
    109.90029798
    109.90029798
    109.11875260
    109.11875260
    109.11875260
    109.11875260
    109.11875260
    109.11875260
    109.11858921
    109.11858921
    109.57310453
    109.99653947
    110.40980426
    110.32802108
    110.45333413
    110.00312264
    109.96373356
    109.97188121
    109.84479382
    110.24719563
    109.83671250
    109.83671250
    109.67684370
    109.56363615
    109.75587247
    110.40951921
    110.40951921
    110.40951921
    110.40951921
    110.40951921
    110.40951921
    110.48478465
    110.32700426
    110.42315322
    110.25907347
    110.14877574
    110.57752975
    110.49048946
    110.27006885
    110.27006885
    110.27006885
    110.27006885
    110.25564602
    110.40900344
    110.40900344
    110.40900344
    109.11549170
    109.11549170
    109.11549170
    109.11549170
    109.73191429
    109.05956839
    109.05956839
    110.61928577
    110.61928577
    110.12327260
    110.12572152
    110.12572152
    110.59806912
    110.44815856
    110.61371738
    110.50318984
    109.86308052
    109.54515726
    109.15917831
    106.18547789
    106.18547789
    105.57462392
    106.76476623
    108.42962744
    110.16316347
    110.34616051
    109.91134887
    110.28077949
    110.31178566
    110.06691084
    110.23772475
    109.88081912
    109.88081912
    109.88081912
    108.35976529
    109.56715016
    109.56715016
    109.56715016
    109.77320415
    109.19001573
    109.71335345
    108.03273834
    108.03273834
    109.13456209
    109.13456209
    107.92428816
    107.92428816
    107.92428816
    107.92428816
    107.92428816
    108.62848286
    107.16176164
    108.88986455
    108.86611133
    108.24268560
    108.24268560
    108.44600562
    108.44600562
    108.44600562
    108.98967934
    110.00407088
    109.58371205
    109.75970824
    108.40521247
    108.20043540
    108.01023329
    108.76039356
    108.79832988
    109.45293789
    109.37909290
    109.38415674
    109.38415674
    109.81581608
    109.53217858
    109.48773414
    109.41190820
    109.62058641
    110.08172013
    110.24553715
    110.39654872
    110.39694088
    110.21128472
    110.43901856
    110.47292332
    110.43398513
    110.09619931
    107.15307374
    107.15307374
    107.15307374
    107.15307374
    110.54218056
    110.54218056
    110.54218056
    110.51863851
    110.51863851
    110.51546618
    110.38775152
    110.22443101
    110.22443101
    110.22443101
    108.94042444
    108.94042444
    108.94042444
    108.94042444
    109.23413615
    109.18661160
    108.83565132
    108.83565132
    108.83565132
    108.83565132
    108.02464159
    108.02464159
    108.02464159
    108.00776135
    109.92726741
    110.19257590
    109.92543692
    109.92543692
    109.92543692
    110.20273399
    105.49113122
    110.13167668
    109.46613457
    109.07214502
    109.07214502
    109.07214502
    108.43536676
    109.27653723
    109.43390610
    109.43390610
    109.60963093
    110.01149924
    110.01149924
    109.72781796
    110.58391202
    110.59327217
    109.65164937
    109.79033194
    109.73664811
    109.73664811
    110.04388880
    110.04388880
    110.04388880
    110.04388880
    110.53494398
    110.49228109
    110.49228109
    110.50486272
    110.42382024
    110.41959376
    110.57555032
    110.13020937
    110.13020937
    110.13020937
    109.88967854
    110.27797398
    109.75028127
    109.75028127
    109.75028127
    110.26499700
    109.63308101
    110.13176887
    110.13176887
    110.13446431
    109.31225298
    109.54582209
    108.85774432
    108.89746735
    108.89746735
    109.33276426
    109.62053681
    109.62094257
    110.26725061
    110.26725061
    110.05625648
    110.63443898
    110.62812109
    110.59340645
    110.59340645
    109.71691720
    109.71691720
    108.68338940
    107.71108282
    109.42407406
    110.16885724
    110.16885724
    110.20376979
    110.20376979
    110.19898272
    110.19898272
    109.67406853
    108.90696084
    107.42728729
    107.42728729
    108.77147641
    108.77147641
    108.77147641
    108.40974208
    108.40974208
    108.13805806
    109.78406218
    109.84336261
    109.68625651
    109.67962747
    109.67962747
    109.50037499
    109.26650326
    109.26650326
    109.64688612
    109.64688612
    109.64688612
    109.64688612
    109.64688612
    109.10597594
    109.10597594
    108.80694668
    109.42282218
    109.42282218
    109.42282218
    109.06006840
    109.06006840
    109.25257315
    109.37818600
    109.37818600
    110.39433320
    110.49703943
    110.47069760
    110.28271882
    110.21877186
    110.34841140
    110.34841140
    110.34841140
    110.02198371
    110.11928928
    110.11928928
    110.11928928
    110.11666967
    110.46968597
    110.35616356
    110.27481547
    109.26175560
    109.26175560
    109.26175560
    109.46950836
    109.99815157
    109.99815157
    110.00315953
    110.00315953
    110.10801739
    109.52049439
    109.75272292
    110.23794305
    110.22701660
    110.24947551
    110.14430424
    110.30769081
    110.27763034
    110.23830910
    110.23830910
    110.23830910
    110.30754280
    110.30754280
    110.40020776
    110.47437686
    109.24511302
    109.17562025
    108.02201424
    108.99692229
    108.29830953
    108.29830953
    108.76808913
    108.76808913
    108.96236668
    108.96236668
    109.57523738
    109.18429325
    109.23761325
    109.23761325
    107.63520560
    107.58905373
    107.94711383
    109.12571925
    109.12571925
    109.79574716
    110.31443424
    110.30387814
    110.40139918
    109.93940531
    110.48522600
    110.21410610
    109.74736920
    110.13487728
    110.13938649
    110.07318368
    110.07318368
    110.51071231
    109.94441095
    110.35745307
    110.41676858
    110.41676858
    109.07318351
    109.76317694
    109.57832020
    109.57832020
    109.60422533
    109.67438655
    109.60446804
    110.16155760
    108.55757109
    108.55757109
    108.47729442
    108.48733695
    108.48733695
    108.71931630
    108.71931630
    109.73329889
    108.54693923
    108.54693923
    108.54693923
    110.18786227
    109.97405252
    109.75905474
    110.08411562
    110.09106590
    109.98538163
    109.94068201
    108.93264467
    110.24734373
    110.24734373
    110.04411941
    110.04411941
    110.18880053
    110.09372860
    110.49642017
    110.45586603
    110.51366577
    110.51366577
    109.32963491
    109.32963491
    109.32963491
    107.84968433
    107.36654128
    107.36654128
    107.36654128
    108.67783352
    107.50515975
    107.50515975
    107.50515975
    108.02077992
    108.02077992
    108.02077992
    108.09364637
    108.09689359
    108.09689359
    108.69738039
    108.69738039
    110.09943718
    109.73558489
    110.46660454
    110.62421746
    110.21899068
    110.28660328
    110.28278257
    110.37197690
    110.19480330
    110.59909495
    110.04900499
    110.12835457
    110.44344764
    110.44344764
    110.29591900
    110.60788261
    110.31265554
    110.64408558
    110.64408558
    110.64408558
    110.64408558
    110.62280616
    110.52958614
    110.10143368
    110.10143368
    109.73219685
    109.93752102
    110.04799767
    110.16998095
    110.16998095
    110.62533465
    110.55529368
    110.63710270
    109.97059126
    110.40623238
    110.33142754
    110.32839232
    110.51857366
    110.47843802
    110.45255913
    110.26776412
    110.33898886
    110.16459367
    110.21977295
    108.97636482
    108.97636482
    109.99795275
    110.02703611
    110.44438249
    110.12334972
    110.12334972
    110.12334972
    109.93695903
    109.88245906
    109.12187023
    109.12187023
    109.43233773
    109.43233773
    109.49242960
    108.14731262
    108.14731262
    108.07011847
    108.07011847
    108.07011847
    107.87441840
    107.76874544
    108.64866286
    108.64866286
    108.74697529
    108.74697529
    108.74697529
    108.54329580
    108.86460544
    109.29607034
    109.76633385
    109.97436050
    110.16153795
    109.97559434
    109.97792656
    110.08064613
    110.11108868
    110.34523753
    110.55219998
    110.55219998
    106.68247481
    107.63424710
    107.63424710
    107.63424710
    108.12293744
    108.12293744
    108.41994985
    107.47647904
    107.47647904
    107.47647904
    107.02804463
    107.45602037
    108.18343003
    109.31831280
    108.96484192
    109.52562489
    109.75487031
    108.61077488
    108.85500070
    108.75240355
    108.75240355
    109.43857459
    109.31897534
    110.53943522
    110.52618532
    110.61089348
    110.58442258
    110.58442258
    110.58442258
    110.55859781
    110.56258510
    110.56833119
    110.59124804
    110.59124804
    110.57291339
    110.57291339
    110.57291339
    110.57291339
    110.22545000
    110.31206040
    110.31206040
    110.31206040
    109.62102188
    109.62102188
    109.90875391
    109.90875391
    110.63459253
    110.63459253
    110.63459253
    110.26609055
    107.73608827
    107.71288581
    107.71288581
    107.71288581
    104.77809015
    104.77809015
    105.03472623
    106.48705911
    108.30892168
    105.70342282
    106.85646056
    109.12559420
    109.21552034
    109.21552034
    109.40249083
    108.66210660
    109.82872889
    109.82738002
    109.97279498
    110.25655670
    110.56009384
    110.52471005
    109.66061481
    109.89063031
    109.89063031
    109.89063031
    109.89063031
    109.86589012
    110.13117271
    110.13117271
    110.37437723
    110.60256015
    110.44913389
    110.63377355
    110.49537288
    110.61114315
    110.60620126
    109.88832463
    110.20829852
    110.13991829
    110.16528214
    110.63723312
    110.15915109
    109.84718611
    109.46327608
    109.32263436
    107.72815006
    108.07914374
    107.73264943
    107.73264943
    110.40203852
    110.54769840
    110.54769840
    110.56742626
    110.45458325
    110.29896111
    110.20317686
    110.20317686
    110.57235801
    110.57235801
    110.57235801
    108.40622987
    108.40622987
    107.13968959
    108.81320018
    109.00997796
    109.00997796
    109.00997796
    109.25891085
    109.07103757
    109.07103757
    107.18763110
    107.58646190
    107.58646190
    106.66813201
    108.10511005
    108.10511005
    108.85038285
    108.85038285
    108.85038285
    108.85038285
    108.85038285
    109.15904056
    109.15904056
    109.05822113
    109.26516001
    109.93503589
    110.05234831
    109.02804711
    109.83155938
    109.73246939
    109.25510676
    109.25510676
    110.50146872
    110.43125795
    110.48836456
    110.47646425
    110.47646425
    110.47646425
    110.34146662
    108.18040679
    108.18040679
    108.18040679
    108.37421587
    108.37421587
    108.89979634
    108.89979634
    108.89979634
    108.89979634
    110.43335961
    110.14819415
    110.14819415
    109.44377312
    109.76802936
    109.76802936
    110.12076520
    108.91762222
    108.91762222
    110.39102303
    109.77193511
    110.11933357
    109.91395342
    109.30322292
    109.11626281
    109.38107703
    109.38107703
    108.78173019
    108.78173019
    108.78173019
    108.78173019
    109.59272936
    109.59272936
    109.33846503
    109.80019937
    109.80019937
    110.22066275
    109.89499599
    109.91629883
    109.91629883
    109.83372160
    109.83372160
    110.34819761
    110.30220248
    110.30220248
    110.24741195
    110.24741195
    108.82215578
    107.06090776
    107.15789443
    108.33265628
    110.32447552
    110.34540076
    110.34540076
    110.36530688
    109.81553791
    110.21542034
    110.21542034
    110.14807390
    110.04283230
    109.90387232
    109.90387232
    109.25474432
    108.82801927
    109.52153100
    109.99838042
    110.24979806
    110.24979806
    110.24719648
    110.59272201
    110.60944281
    110.60944281
    110.36360478
    109.69299834
    109.69299834
    108.62011907
    109.69975145
    109.47246726
    108.41546260
    108.41546260
    109.66030595
    109.96248138
    109.98588349
    109.98588349
    109.98588349
    109.98588349
    109.98588349
    110.57140918
    110.63780502
    110.38831210
    110.53191184
    110.53191184
    110.52256603
    110.52256603
    110.21722466
    110.44443308
    110.51494744
    110.51494744
    110.10386732
    110.03620427
    110.02081714
    108.75776816
    107.79626051
    106.20703312
    108.69875598
    108.79079113
    109.99780205
    109.99780205
    109.29829793
    108.63074732
    108.63074732
    108.63074732
    108.35490008
    108.35200980
    106.48118403
    106.48118403
    106.48118403
    107.24418024
    108.12031786
    108.12031786
    108.12031786
    108.12031786
    108.13475885
    107.80496681
    107.80496681
    108.68094193
    108.30494994
    108.53871152
    108.42247786
    108.42247786
    108.42247786
    108.42247786
    108.42247786
    108.42247786
    109.36447926
    109.59410050
    108.23725507
    108.23725507
    108.23725507
    108.10760676
    108.67271194
    108.67676733
    107.93271478
    107.65463074
    107.79033019
    107.79033019
    107.54413090
    107.54413090
    107.54413090
    109.00608353
    108.80368859
    108.80402462
    107.90422914
    107.83201980
    107.83201980
    108.17573885
    109.58222214
    109.92208307
    109.81514006
    110.19485198
    110.19485198
    109.85461368
    109.68103049
    109.41252055
    109.50363750
    109.37446117
    109.37446117
    109.37446117
    109.98049953
    109.12884383
    109.27403302
    110.14668247
    109.78787911
    109.31371638
    109.31371638
    108.38184599
    108.91814436
    109.50498660
    109.50498660
    109.61406661
    109.61406661
    110.35101136
    110.30842645
    110.63537505
    110.59559897
    110.59442822
    110.57314193
    110.56695806
    110.45750320
    110.22784396
    110.49754621
    110.49856619
    110.53501628
    110.52848033
    110.10239057
    109.42668118
    109.42668118
    109.45094570
    110.36070308
    110.01772637
    110.01772637
    107.92906891
    108.29538649
    110.46551325
    110.46551325
    110.24211283
    110.24211283
    110.31497179
    110.31497179
    110.54626337
    110.54718320
    110.47539170
    110.44779090
    110.44779090
    110.46814018
    110.46503287
    110.52088889
    110.43567706
    110.43567706
    110.09391490
    109.95785386
    109.24521390
    109.24521390
    108.61307593
    108.61307593
    108.61307593
    108.63495235
    108.11919249
    108.11919249
    109.99026984
    109.50432500
    108.78009228
    108.78009228
    108.37653876
    107.26808420
    105.19918478
    105.19918478
    105.19918478
    105.19918478
    105.19918478
    106.85110174
    105.98598298
    106.77135982
    106.15685453
    108.20696241
    108.39082477
    107.91048224
    108.06424861
    108.72519474
    108.72519474
    108.37923013
    109.83299891
    109.95148562
    110.04693791
    109.32208262
    109.39245808
    109.36245704
    109.82371475
    109.82371475
    109.45379236
    109.45379236
    109.45379236
    109.57703088
    109.57703088
    109.73634437
    109.96543030
    109.96543030
    109.83233123
    109.74239223
    110.35609300
    110.29654108
    109.60993688
    109.88819378
    109.88819378
    109.91598468
    109.30287618
    109.30287618
    109.30287618
    109.30287618
    109.30287618
    109.06353178
    109.22605866
    109.22605866
    110.06889889
    110.13008577
    110.13008577
    110.04892593
    109.77672483
    109.77672483
    109.77672483
    109.77672483
    109.77672483
    109.77672483
    109.80782303
    110.08234683
    109.03151224
    110.46090608
    110.45434526
    110.45434526
    110.27604336
    110.27739124
    110.04517942
    110.34588865
    110.13318672
    109.80708593
    109.85896538
    109.85896538
    108.66458825
    109.87474890
    109.84054047
    109.75007648
    109.88432407
    110.36532863
    110.33136413
    110.33136413
    110.34939850
    110.34939850
    110.34939850
    109.88774814
    109.88774814
    109.90574134
    110.23457913
    109.05644458
    108.41483797
    109.24773394
    109.05252421
    109.22341288
    109.51089477
    108.66489038
    108.55510883
    110.13824570
    110.12273580
    110.37502397
    110.38093428
    110.42357474
    109.93156383
    109.87861272
    109.86914292
    110.13721606
    110.08579647
    109.32948485
    109.32948485
    109.91069721
    109.45246922
    108.43814397
    108.07445066
    108.98550348
    109.07021203
    108.73198056
    108.73198056
    108.56196225
    110.32502649
    110.31931959
    108.57485388
    108.57485388
    108.38506185
    110.18113689
    110.00269666
    109.51189830
    109.51189830
    109.34920738
    110.29638848
    110.09430576
    109.96677686
    109.49782776
    110.18446105
    110.11447631
    109.85854327
    109.88139527
    109.88139527
    109.68046594
    109.74893151
    109.60453000
    107.70844697
    105.71964048
    107.90679143
    108.00095144
    108.00095144
    108.38887427
    109.54750375
    109.55339206
    109.49435330
    109.64910508
    109.67510809
    109.71547106
    109.07253324
    109.07253324
    109.81821680
    109.81821680
    109.93766495
    109.44016627
    109.89247913
    109.87921259
    109.19734660
    109.19734660
    109.32311016
    109.32311016
    109.15737766
    109.15737766
    109.15737766
    109.15737766
    110.53333395
    110.48863342
    110.34584139
    110.34584139
    110.41327184
    110.40491937
    109.49988048
    109.49988048
    108.14538176
    108.14538176
    108.14538176
    108.14538176
    108.14538176
    108.14538176
    109.10037429
    109.10037429
    108.76392052
    108.76392052
    108.76392052
    109.71635509
    109.40936818
    109.40936818
    110.11506493
    110.11506493
    110.13625672
    110.34638198
    110.34638198
    110.35458983
    109.43558764
    109.86880235
    109.86880235
    110.41778719
    110.39088095
    109.78458996
    109.81213528
    109.81213528
    110.54662945
    109.94051395
    110.22554518
    110.22554518
    110.02415955
    109.98466135
    109.98466135
    110.01684598
    110.43714235
    110.50585543
    110.50585543
    110.57748227
    110.60321405
    110.60321405
    108.13237038
    108.13237038
    108.13237038
    108.33019982
    107.81311506
    108.69555349
    109.42337811
    110.10490113
    110.09606183
    110.08927976
    110.60240618
    110.56046981
    110.62092763
    110.52059217
    109.96777418
    110.30313254
    110.54203831
    110.51265459
    110.51265459
    110.44063335
    110.60635719
    110.40937066
    110.55981816
    110.60409968
    110.50823264
    110.57964370
    110.49113244
    110.49113244
    110.28062299
    110.28062299
    110.12326814
    110.12326814
    109.42688253
    109.34676774
    109.34676774
    110.48476214
    110.48476214
    109.94126098
    110.14974417
    110.31000652
    110.39815096
    110.28153758
    107.61222674
    107.61222674
    109.70711376
    110.47140928
    110.12386687
    109.05432959
    109.05432959
    109.05432959
    110.19801065
    109.75619378
    109.60322340
    109.09205199
    110.19309342
    110.52375649
    110.54170753
    110.58046876
    110.58046876
    110.51583276
    110.51583276
    110.22097811
    109.18726021
    110.25743298
    109.96523806
    108.31486446
    108.31486446
    108.50594445
    106.33651422
    106.33651422
    106.33651422
    106.33651422
    108.59068520
    108.59068520
    108.59068520
    108.59068520
    108.59068520
    110.28735880
    110.45272407
    110.31645576
    109.97584381
    109.95242245
    109.82174244
    109.82174244
    110.25795039
    109.98900200
    110.02316994
    110.02316994
    110.25756338
    110.25756338
    110.25756338
    110.07224365
    110.35752071
    110.35752071
    110.35752071
    109.14891215
    109.81354297
    108.89197882
    108.59057794
    107.02538356
    108.61029913
    108.61029913
    108.77010370
    109.67522783
    108.77577171
    108.77577171
    107.33540315
    109.69358168
    110.29551725
    110.29551725
    110.29551725
    110.10987696
    110.16784629
    110.16784629
    109.93387325
    107.61319362
    108.00489435
    105.16089163
    107.44017206
    107.56629326
    107.65680848
    108.03890848
    108.03890848
    108.03890848
    106.39253099
    106.39253099
    106.39253099
    106.17055526
    106.17055526
    109.49410628
    109.23237700
    109.23237700
    109.23237700
    109.40965462
    109.40965462
    110.12297510
    110.43383800
    109.88639664
    110.14374316
    110.14374316
    110.14374316
    110.30704024
    110.61466974
    110.27103745
    110.45835603
    110.53026730
    110.52538029
    110.49273135
    109.76317189
    109.04777945
    109.53980536
    109.83174335
    109.90674395
    109.77972201
    109.33896449
    109.33896449
    108.99463275
    109.79693918
    108.80415637
    109.43134687
    109.50200179
    108.58077394
    108.63835010
    108.69544552
    109.26724527
    107.58845428
    107.58845428
    107.58845428
    107.58845428
    107.69015435
    108.72219233
    108.72219233
    108.72219233
    108.72219233
    108.59849653
    108.59849653
    108.28894799
    108.21228039
    108.09970669
    108.96036052
    109.76668107
    110.16345818
    110.06131842
    110.33852758
    110.38238032
    109.93613143
    109.67654687
    109.76133722
    110.06464201
    109.39731601
    109.43123599
    108.80741470
    109.04723189
    109.07822437
    108.60306403
    108.42167796
    108.66525294
    109.07466277
    109.07466277
    108.97505022
    110.41752594
    109.41402647
    109.38500045
    109.38500045
    109.82470079
    110.38214541
    110.38214541
    110.35489868
    110.42473652
    109.86235481
    109.80524014
    110.47912302
    110.47912302
    110.32903873
    110.26625861
    110.38175913
    110.15672244
    109.69465494
    109.69465494
    109.69465494
    108.22687512
    108.44962332
    108.48261480
    108.48261480
    108.48261480
    108.48261480
    108.40472074
    106.78946886
    107.47969041
    107.47969041
    108.14379171
    108.14379171
    107.71448785
    109.68959740
    108.86847728
    109.58020824
    110.14405501
    110.14405501
    110.14405501
    110.26566108
    110.33168135
    110.61804520
    110.61804520
    110.16952348
    110.12300467
    110.12300467
    109.94616152
    110.24459095
    110.20221141
    110.20221141
    110.53390968
    110.33051206
    110.55057937
    110.47166563
    109.63480607
    108.82910869
    109.49223933
    109.79895131
    110.12087268
    109.93310074
    109.77747760
    109.77747760
    109.77747760
    109.90090324
    110.16114749
    110.57105339
    110.57105339
    110.57075265
    110.61400007
    110.61722692
    110.61722692
    110.63493017
    110.63493017
    110.63430587
    110.63459514
    110.63459514
    110.47187899
    109.85716605
    110.18951007
    110.22966989
    110.50297459
    110.03146504
    106.79732977
    106.79732977
    106.79732977
    107.21154937
    110.40939763
    110.40939763
    110.60838305
    110.60838305
    110.60838305
    110.60838305
    110.60838305
    110.60091528
    110.31121815
    110.42061279
    110.51078555
    110.50670859
    110.58899303
    110.57245543
    109.74745339
    109.74927804
    109.74927804
    110.57356095
    110.59815897
    110.62681626
    110.63616345
    110.52120088
    109.35040068
    109.52542985
    109.54177761
    110.31040859
    110.31040859
    110.40526840
    110.45053182
    110.45053182
    110.45088143
    110.45088143
    110.45416888
    110.45416888
    110.16354623
    110.13762079
    109.50115101
    107.06325531
    107.06325531
    106.62619453
    106.62619453
    105.93069042
    106.46813173
    106.25278826
    106.52699678
    107.90997800
    109.24229780
    109.24176690
    109.25783203
    109.89710878
    109.52337689
    109.96160450
    108.74500064
    108.74500064
    108.20340865
    108.20340865
    108.20340865
    105.39597327
    105.39597327
    105.55702139
    105.55702139
    106.88522712
    109.50086704
    109.50086704
    108.60839204
    108.66368661
    108.66368661
    108.96520873
    110.09945882
    109.97709478
    109.97709478
    109.51406477
    109.51406477
    110.53414560
    110.53414560
    110.61547955
    110.61547955
    110.61547955
    110.61547955
    110.60747267
    110.58621924
    110.33050488
    110.33050488
    110.22419355
    110.46382672
    110.48841234
    110.51479085
    110.64302431
    110.33190089
    110.16903997
    109.97766849
    110.55976088
    110.64047171
    110.46507081
    110.42635732
    110.12616137
    110.32084342
    110.08479749
    110.07771052
    110.15020564
    110.01431330
    109.86386126
    110.20088643
    108.75177236
    106.94056153
    106.94056153
    108.57510733
    108.57510733
    108.57510733
    108.57510733
    109.55361410
    109.55361410
    110.04520077
    109.43733776
    109.87757759
    109.64888519
    109.89497908
    110.31756963
    110.35720365
    110.40076353
    110.01250354
    110.02399137
    109.98444128
    110.12888053
    110.12888053
    110.13888020
    110.08355940
    108.78620820
    108.78620820
    109.63601293
    109.91374975
    110.51727111
    110.23818118
    110.51401509
    110.51401509
    110.62076152
    110.62076152
    110.45585008
    110.01492172
    110.01492172
    110.01492172
    109.94530887
    110.12532702
    110.15899144
    110.29106274
    110.29106274
    110.23043443
    110.15508001
    109.22377064
    109.19265737
    109.19265737
    109.13443654
    109.30548029
    109.30548029
    109.70107970
    109.70107970
    109.76832727
    109.88537087
    110.49762649
    110.49137507
    110.59190031
    110.54333038
    110.54333038
    110.51251797
    110.61532287
    110.08561926
    109.67354878
    109.67354878
    109.68742023
    109.68742023
    109.68742023
    110.21819103
    110.22051255
    110.22051255
    110.22051255
    110.22051255
    110.22503385
    110.08468952
    110.14038334
    110.18770806
    110.51960622
    110.14170589
    110.14170589
    109.97195462
    109.97195462
    110.44085813
    110.33436312
    110.33436312
    110.42432012
    110.15616043
    110.15616043
    109.66764290
    109.66764290
    109.66764290
    110.50357810
    110.01248330
    110.17238711
    109.90926729
    109.90926729
    110.01246453
    110.54067612
    110.53967715
    110.53967715
    110.53967715
    110.48213049
    110.45980801
    110.45980801
    110.45980801
    110.33371258
    110.45529421
    110.38577037
    110.18998621
    110.38630806
    110.33227619
    110.19481134
    110.27055456
    109.46422749
    109.70656526
    109.70656526
    109.82867543
    109.57594086
    109.78356524
    110.10442665
    110.10442665
    110.55643474
    110.48369254
    110.48369254
    110.57695010
    109.84545759
    109.84545759
    109.84545759
    109.84545759
    110.31335950
    110.31335950
    110.38871388
    110.38871388
    110.59300069
    110.57094764
    110.59197585
    108.84515772
    107.50154273
    110.10808028
    110.08031900
    108.70109488
    108.70109488
    108.70109488
    110.51053820
    110.51053820
    110.57964641
    110.57892164
    110.57892164
    110.57892164
    110.28625420
    110.34333995
    110.34333995
    110.20694649
    110.29562479
    110.24047392
    110.24047392
    110.32766328
    110.16202663
    110.52843040
    110.62355660
    110.60492410
    110.58742596
    109.29389190
    109.36761348
    109.36761348
    110.25334544
    110.25334544
    110.13681956
    109.41163536
    110.09167778
    110.10909253
    110.32073061
    110.42285824
    110.54595063
    110.54808123
    110.57660141
    110.61230757
    109.47731720
    110.30983736
    110.15149812
    110.15149812
    109.92976705
    110.08287379
    109.85857060
    109.01463183
    109.01463183
    108.90082229
    109.92964905
    109.92964905
    109.92964905
    109.94680970
    109.94680970
    109.91769681
    109.91769681
    110.16586805
    109.91115102
    109.91115102
    110.06548828
    110.41954838
    110.41954838
    110.21376880
    110.53773494
    110.61785528
    109.81186476
    109.81186476
    110.46828948
    110.10728626
    110.48843953
    110.48843953
    110.40105769
    110.41106702
    108.77196741
    107.54854556
    108.88896480
    108.72831917
    107.16214157
    106.92759003
    106.98271837
    106.98271837
    107.72595144
    108.35531156
    109.91607918
    109.91607918
    109.91607918
    108.77194906
    108.77194906
    108.77194906
    109.58248641
    109.58248641
    109.58248641
    109.58248641
    108.56056799
    108.63528560
    107.90688066
    107.94218252
    106.87290209
    107.21689402
    107.59339638
    109.39041849
    109.42108333
    110.08214090
    110.41897271
    109.82862577
    109.89499760
    109.89499760
    109.89499760
    109.89499760
    109.94461744
    109.94461744
    109.81421487
    109.61891468
    109.83535894
    109.89441386
    109.22204241
    109.85186827
    109.32316634
    109.66613761
    109.67034322
    109.29911533
    109.29911533
    109.30391187
    110.09917161
    110.09917161
    110.20432570
    110.02520175
    110.28909264
    110.45551754
    110.45338741
    110.43479460
    110.34289278
    110.34289278
    110.34289278
    110.41196174
    110.20560137
    110.21993335
    110.29180051
    110.18167826
    109.91884197
    109.88329957
    110.01259812
    109.66888905
    109.57383180
    109.57383180
    109.48230883
    109.48230883
    107.81485158
    109.51028691
    109.51028691
    109.12367337
    109.20330564
    109.49900536
    107.55624963
    107.55624963
    109.32547299
    109.32096374
    109.56185107
    109.56185107
    109.56185107
    110.49992895
    109.57852251
    109.03974395
    109.74367735
    108.80842844
    108.80842844
    108.80842844
    108.80842844
    109.66876953
    109.66876953
    107.36406163
    107.31203891
    107.14726020
    110.56642709
    110.63056321
    110.62233394
    110.61793346
    109.81109650
    108.92682381
    110.52359900
    110.52359900
    110.52359900
    110.55079522
    110.55677834
    110.55677834
    110.55152565
    110.49353056
    110.54596693
    110.55028677
    110.55028677
    110.19854941
    110.19068715
    108.35950685
    108.35950685
    108.35950685
    108.16377831
    109.67232901
    108.15769231
    107.91898042
    108.36692842
    108.36692842
    107.69034986
    107.69034986
    107.69034986
    107.69034986
    108.43216425
    108.43216425
    109.41874468
    110.46878505
    110.46878505
    110.48948071
    110.50711300
    110.61437668
    110.11652529
    110.11652529
    110.27313323
    109.58305107
    109.41904831
    110.09760788
    110.09760788
    110.09760788
    110.17612451
    110.17612451
    110.53685767
    110.51760862
    110.25616669
    109.65204932
    109.89314096
    110.22748411
    110.16049190
    110.16049190
    108.16593335
    108.16593335
    107.90815285
    108.13662175
    108.13662175
    108.89443120
    108.97757049
    108.97757049
    108.97757049
    108.97757049
    109.37812749
    110.08997685
    110.14276906
    110.18593961
    110.31471811
    110.58831361
    110.54582701
    110.54582701
    110.54582701
    110.54582701
    110.54582701
    110.60991746
    109.94848485
    109.59638050
    109.97302488
    109.93593799
    110.13935480
    110.45526016
    110.45526016
    109.66445630
    110.43757628
    110.52802172
    110.32725237
    110.37142584
    109.87616303
    108.56805782
    108.31001123
    108.31001123
    108.31001123
    109.02829570
    110.02992762
    110.02992762
    109.30777493
    108.87706780
    108.87706780
    108.87706780
    108.87706780
    108.87706780
    109.23729993
    109.72220345
    109.29676005
    109.29676005
    108.71369531
    108.71369531
    108.41326651
    109.87344287
    109.87344287
    109.87344287
    109.74565650
    110.11763073
    110.11763073
    110.54366092
    110.55806379
    110.53281869
    109.09469230
    110.04360743
    110.04360743
    110.36265537
    110.08489005
    109.13617327
    109.39557431
    110.23394129
    110.54690462
    109.80317656
    110.48565756
    110.50435552
    110.43066066
    109.66004616
    109.93569490
    109.99268499
    110.46489455
    110.46489455
    110.46489455
    109.88349502
    110.52136606
    110.26832632
    110.42601213
    110.53562536
    110.60901611
    109.93014447
    109.82031438
    109.95567620
    108.26518369
    108.25592940
    108.31176542
    108.55815265
    108.37050003
    108.37050003
    108.98011509
    108.48888859
    108.48888859
    107.96765290
    109.33593923
    109.33593923
    109.58283339
    109.48275875
    108.85517391
    108.85517391
    108.85517391
    109.34755791
    110.29566127
    109.13918678
    107.40856309
    107.40856309
    107.40856309
    108.47129669
    108.47129669
    108.42844981
    108.72874183
    109.09407010
    109.01327149
    108.93808909
    109.82212212
    109.82340428
    109.47934162
    110.00920785
    110.00487571
    109.86768920
    109.71143050
    110.19203064
    110.07595115
    110.08878620
    109.32303521
    109.46680708
    109.46680708
    109.18866409
    109.78715757
    109.69804622
    109.05811100
    109.24410074
    110.23818969
    110.23818969
    107.76056116
    108.17720908
    109.01113792
    108.31774384
    108.31774384
    108.18492464
    110.21950455
    109.20986260
    108.93514938
    108.93514938
    108.93514938
    108.93514938
    109.75664032
    109.61512182
    109.61512182
    109.61512182
    109.61512182
    109.61512182
    109.61512182
    109.58717349
    110.38680407
    110.61126437
    110.59064025
    110.59064025
    110.59064025
    110.59064025
    110.59064025
    110.63630360
    110.63905693
    110.50671951
    110.13935771
    110.06415784
    110.06415784
    110.55732174
    110.23734460
    109.94237836
    110.23692872
    110.23692872
    110.23692872
    110.56166191
    110.56166191
    110.62474656
    110.52349923
    110.14043550
    110.15153746
    110.15153746
    110.27952495
    110.13831682
    110.13831682
    110.24474204
    110.36726576
    110.21802920
    110.50307735
    110.50307735
    110.63734560
    110.59527931
    110.11507707
    109.88111829
    109.88111829
    110.01850937
    110.34794432
    110.28111787
    110.51429133
    110.47495823
    110.52157201
    110.34070259
    110.13812354
    110.13812354
    110.12586910
    110.39625792
    110.44750386
    110.45389668
    110.41775527
    110.55134241
    110.54423943
    110.42975742
    110.26857741
    110.15892420
    110.15892420
    110.15892420
    110.15892420
    110.15892420
    110.53519740
    110.48157396
    110.48157396
    110.51838480
    110.51838480
    110.47019448
    110.30297856
    108.77359309
    108.44316523
    108.17399830
    109.56591986
    109.56591986
    108.99069577
    109.50499834
    109.51514854
    109.74421653
    110.56303900
    110.56686676
    108.49531068
    108.66346010
    109.46716856
    109.28082060
    109.26917305
    109.26917305
    109.26917305
    108.74493556
    109.79872033
    109.79513532
    107.71713878
    107.71713878
    108.17422038
    108.55440502
    108.55440502
    109.07958775
    110.17227630
    110.19356504
    110.19356504
    109.46353398
    109.56838523
    110.51890425
    110.50933349
    110.33558139
    110.45144836
    110.37316651
    108.74244892
    109.35279709
    109.77632809
    110.37429046
    110.37429046
    110.47084733
    110.47084733
    110.60508897
    109.84718171
    109.35285317
    109.35285317
    109.35285317
    109.35285317
    109.17798869
    108.97056528
    108.14789018
    108.14789018
    108.14789018
    108.14789018
    109.65014162
    109.65014162
    108.79211792
    109.66126240
    109.67052849
    109.71032056
    110.28409365
    110.35404353
    110.36627095
    110.61784087
    110.55577613
    110.55577613
    110.57764202
    110.52936236
    110.23051030
    110.07219948
    110.06207919
    110.06392613
    110.04882587
    110.02106466
    109.95428081
    109.95428081
    109.95725703
    109.66956013
    109.66956013
    109.49099687
    109.30882648
    108.92983922
    108.92983922
    108.92983922
    108.92983922
    108.92983922
    109.02026766
    109.02026766
    108.88095369
    109.66808543
    109.66808543
    109.83699968
    109.37479088
    109.37479088
    109.71385007
    109.71068363
    108.27442252
    108.27442252
    109.91008337
    109.91018262
    109.76225397
    109.91904299
    110.01840392
    109.67435616
    109.70678427
    110.26011853
    110.10786309
    110.00647235
    110.00647235
    109.95885016
    110.04175076
    110.04175076
    110.49612462
    110.49612462
    110.49612462
    110.56654645
    110.28905452
    110.28905452
    109.54062832
    109.72333478
    109.73900158
    109.87437401
    109.87437401
    109.87437401
    109.82244792
    110.14414684
    110.33462065
    110.24021828
    110.32647228
    110.53325340
    110.53325340
    110.53325340
    110.53325340
    110.53325340
    110.50445411
    110.50135940
    110.48983068
    110.48983068
    110.48983068
    110.46465312
    110.07834133
    110.45245290
    110.31870654
    110.18526052
    110.55332214
    110.34930057
    110.36658344
    110.22337006
    110.56558236
    110.29019232
    110.29019232
    110.35162686
    110.34561196
    110.38820516
    109.59322649
    109.00014494
    108.82831037
    108.80330877
    109.24307428
    110.30521893
    110.30521893
    110.30731372
    110.30731372
    110.22449576
    109.91145829
    110.45589783
    109.77493499
    110.07909561
    108.92041336
    109.46869327
    110.04271664
    110.48999466
    110.43913484
    110.43913484
    110.43913484
    110.43913484
    110.48876243
    110.12910747
    110.12910747
    108.94201888
    109.08920610
    109.27126328
    109.42849462
    109.42849462
    109.42753504
    109.36456667
    109.36456667
    109.71096132
    109.87837804
    109.78369372
    110.33021854
    110.15975241
    110.33332127
    110.33332127
    110.51632101
    110.57597830
    110.48133662
    110.03864521
    110.24006767
    110.24006767
    110.22234738
    109.73400321
    110.38586875
    110.20767908
    109.72755024
    109.40624641
    108.73865464
    108.73865464
    108.73865464
    109.85798689
    109.87177701
    109.87177701
    110.11242857
    109.63315457
    109.76121159
    109.76121159
    109.70835106
    110.57640247
    109.85693358
    109.60100444
    108.74427816
    109.17443206
    109.38130979
    108.90970215
    109.83185251
    110.37620096
    110.36117763
    110.50177814
    110.50177814
    109.48731210
    109.48731210
    108.01066277
    108.01066277
    107.90774195
    107.47329814
    107.47329814
    107.47329814
    107.47329814
    108.42298686
    107.06893416
    108.66129825
    107.45785596
    108.97294140
    108.97294140
    108.97294140
    109.08361517
    109.08361517
    109.08361517
    109.08361517
    109.08361517
    109.24953161
    110.01031987
    109.02088780
    109.37713868
    109.51644241
    110.37633416
    110.37633416
    110.52294380
    110.46266401
    109.95377793
    110.08410960
    109.28927082
    109.02744856
    109.37926574
    109.59724904
    109.02209317
    109.02209317
    109.02209317
    109.14875784
    109.26670152
    109.52763837
    109.89703331
    110.22581079
    110.23825878
    110.27867028
    110.32549119
    110.24431357
    110.10774976
    110.03425011
    110.03425011
    109.99312754
    110.16875073
    110.45269277
    110.45269277
    110.57619096
    110.57751347
    110.64153589
    110.60594868
    110.61821219
    110.61821219
    110.23022553
    110.60370343
    110.59831781
    110.24970416
    110.24970416
    110.28912910
    110.21037421
    110.21037421
    110.21037421
    110.37370289
    110.37370289
    110.31550676
    110.30673768
    110.14613638
    110.07944338
    110.07944338
    110.07944338
    109.09659077
    109.71674457
    110.25085715
    110.26125266
    110.53302675
    110.62230431
    110.57165160
    110.45490060
    110.19314273
    110.38809684
    110.38809684
    110.25226636
    110.25226636
    110.24152927
    108.00604275
    109.05883316
    109.48722711
    109.48722711
    109.48722711
    109.48722711
    109.48722711
    107.96238695
    107.96238695
    107.96238695
    109.13170864
    109.13092352
    109.13092352
    109.13092352
    110.44265307
    110.33170127
    110.17768524
    109.16041657
    109.79965107
    109.02641995
    109.02641995
    109.42547765
    108.69400042
    109.75443631
    109.75443631
    109.82635885
    109.72120167
    109.93810499
    109.00468143
    108.66892648
    108.66892648
    108.78584218
    108.78584218
    109.46752511
    109.46752511
    110.23341947
    108.40082084
    108.37787155
    110.22739487
    109.64821446
    109.97737491
    110.28081249
    110.28081249
    110.50425321
    110.51321679
    110.57753219
    110.57753219
    110.55708155
    110.52189161
    110.57963383
    110.57963383
    110.57963383
    110.58452916
    110.58452916
    110.56625383
    110.57980502
    110.13519549
    109.97018688
    110.08069680
    110.08069680
    109.35347199
    108.93528866
    109.16963533
    104.59182640
    105.37212849
    105.37212849
    105.37212849
    109.33566638
    109.33566638
    109.33566638
    109.67339658
    109.67339658
    109.67339658
    110.46809516
    110.57807153
    110.50258714
    110.47517876
    110.47517876
    110.08144010
    110.08144010
    110.61149569
    110.61149569
    110.61149569
    110.57695752
    110.14332349
    109.74864134
    109.74864134
    109.80559290
    109.97256506
    109.01981857
    109.01981857
    109.01981857
    109.23258156
    109.23258156
    109.31086296
    109.31086296
    108.96634731
    108.96634731
    110.14981282
    110.14163197
    110.17583148
    110.06307554
    109.73269092
    109.87431502
    109.87431502
    109.87431502
    109.74534436
    110.34015108
    110.34015108
    110.13746254
    110.54451687
    110.52406482
    110.58697454
    110.62579778
    110.63444578
    110.48474490
    110.55412271
    110.56261285
    110.51648560
    110.51648560
    110.51648560
    110.62717805
    110.62717805
    110.18019818
    110.46584502
    110.63730951
    110.42874409
    110.44025232
    110.44025232
    110.44618724
    110.61868005
    110.08452142
    108.26494623
    108.26494623
    108.60244830
    108.76401949
    108.81521398
    108.78911522
    109.38718740
    109.36521509
    109.63915370
    109.62383273
    109.61310171
    109.61310171
    109.31585689
    109.18918089
    108.98715094
    108.66338742
    107.75494921
    106.85435619
    106.85435619
    106.85435619
    106.85435619
    106.85435619
    106.85435619
    106.85435619
    106.85435619
    106.85435619
    107.82024462
    108.87669079
    109.74598622
    109.81893906
    107.54200482
    107.54660164
    107.54660164
    108.54954888
    108.88676609
    108.88676609
    108.88676609
    108.88676609
    108.70674167
    109.74077057
    109.58473482
    108.49080660
    108.49080660
    109.84566278
    109.59479065
    109.88473172
    110.03671822
    110.19385220
    110.19385220
    110.42152387
    110.44682644
    110.45072988
    110.46002802
    110.40058196
    109.27821940
    109.49692821
    110.06832082
    110.06832082
    109.99967102
    109.77112812
    109.77112812
    110.38245950
    110.24545376
    110.31712209
    110.32048620
    110.42657427
    110.26611571
    110.47267006
    110.46661054
    110.10723051
    109.70065201
    109.70065201
    109.24783621
    109.04506439
    109.04744712
    108.85403523
    108.85360196
    109.09642993
    108.86041114
    108.86041114
    108.04309989
    108.74106400
    109.03255445
    108.84462519
    109.62151531
    110.48753168
    110.56055109
    109.51847984
    109.51847984
    109.58516305
    109.66416226
    109.30049002
    109.30049002
    109.05201249
    109.05201249
    109.05201249
    108.75594458
    109.80324195
    110.42048367
    110.42048367
    110.42048367
    110.56488564
    110.33508767
    109.80986046
    109.93232200
    109.93232200
    108.96532605
    107.68247230
    107.64803100
    107.33027171
    107.33027171
    107.56488245
    107.75722926
    107.75722926
    107.06563266
    107.06563266
    107.06563266
    109.35713606
    109.35713606
    109.65743416
    109.65743416
    109.65743416
    109.65743416
    109.65743416
    109.65743416
    109.33633635
    109.09375347
    109.09375347
    109.12247325
    109.22252551
    109.22252551
    109.22252551
    109.11594601
    110.37812462
    110.37812462
    110.38026597
    110.09106011
    110.06995520
    110.06995520
    108.63420592
    108.31718584
    108.31718584
    108.31718584
    108.31718584
    109.91818784
    109.41655416
    109.41655416
    109.71560762
    109.50645053
    108.96686931
    108.93964687
    109.73553961
    108.81451222
    108.81451222
    109.05288118
    109.32613581
    110.63840160
    110.63840160
    110.62269152
    110.62269152
    110.54287833
    110.60215468
    110.45550007
    110.45550007
    110.15643204
    108.99332704
    109.91001065
    110.62702564
    110.58217952
    110.36007662
    110.36052867
    110.55257258
    110.52237543
    109.96526181
    109.96526181
    110.35656699
    110.39334853
    110.39334853
    109.53038404
    109.99097310
    109.99097310
    109.99097310
    109.99097310
    109.99097310
    110.60556379
    110.61551084
    110.08359704
    110.08359704
    109.58366412
    110.02466104
    110.02466104
    110.04382769
    109.88224449
    109.96729587
    109.53557354
    110.03847413
    110.63577223
    110.64026407
    110.64026407
    110.03458223
    110.08141321
    110.08141321
    110.37187292
    110.39212448
    110.39212448
    110.19142475
    106.47294696
    106.47294696
    106.74299145
    106.74299145
    106.51216697
    106.51216697
    106.84436456
    109.16472170
    109.16472170
    109.16472170
    107.50535057
    107.50535057
    107.50535057
    108.89835340
    109.35517692
    108.94130572
    108.94130572
    108.08366608
    107.14930072
    107.73026851
    107.91193786
    108.92536673
    108.92536673
    109.37971890
    110.11652993
    109.76367776
    109.76367776
    109.68447003
    109.68447003
    109.48408017
    109.78670744
    109.81827969
    109.88935121
    109.88935121
    110.50179157
    110.60516901
    110.60516901
    110.60986605
    110.45290315
    110.43831690
    110.24640078
    110.28751520
    110.27019806
    110.14316066
    110.14316066
    110.08123483
    110.40234895
    110.40234895
    110.40709600
    110.41547511
    110.35844256
    110.35844256
    110.24063073
    110.42830027
    110.42830027
    110.02333768
    108.85670190
    108.85670190
    108.85670190
    108.47970064
    108.47970064
    108.47970064
    108.47970064
    108.47970064
    108.47970064
    109.10685896
    109.70499343
    109.70499343
    109.97910481
    109.91397977
    109.50395207
    109.44500525
    109.33799127
    109.10629080
    109.10629080
    109.58298038
    109.58298038
    110.44194952
    109.76121092
    109.47965399
    109.50998073
    109.88168647
    109.44930517
    109.44930517
    109.03709311
    109.03709311
    108.96187604
    109.75081621
    110.08837169
    110.06992724
    110.25283381
    109.97700254
    109.64855357
    110.07912753
    109.59964547
    109.47654180
    109.47654180
    106.66781026
    106.66781026
    104.57267926
    110.20000352
    110.20000352
    110.45426991
    110.46651733
    110.48859293
    110.42696744
    110.32084855
    110.32084855
    110.34735746
    110.38007888
    110.43721911
    110.16119732
    109.99268914
    109.99268914
    109.94789415
    109.92514792
    110.36363020
    110.49061881
    110.56098615
    110.54330978
    110.23113512
    110.36225310
    110.00619443
    110.00619443
    110.00619443
    110.00619443
    110.02286642
    109.89532443
    110.24996178
    110.22300131
    109.84280742
    110.23723797
    110.23723797
    109.45847445
    109.53598026
    109.53598026
    110.12046847
    109.90470481
    110.33535716
    110.23146796
    110.13108480
    109.99671414
    109.99548130
    109.20590210
    109.20590210
    109.76173589
    109.76173589
    109.42333520
    109.01043791
    109.38220458
    110.62108699
    110.62108699
    110.56033241
    107.94999432
    108.84569986
    109.96297110
    109.20040655
    109.20040655
    109.20040655
    109.20040655
    109.44213018
    109.66798161
    110.62025500
    110.62025500
    110.63759236
    110.57881710
    110.57144410
    110.46842644
    110.32757610
    110.24959169
    110.24959169
    109.01626071
    109.03488096
    110.53875307
    109.21393554
    109.03870565
    109.03870565
    109.40362437
    109.40362437
    109.40362437
    109.51201213
    108.68466801
    107.53847537
    107.53847537
    107.53847537
    107.36048525
    108.76110565
    108.76110565
    108.59792864
    109.62169924
    109.96839592
    109.36126376
    108.78709246
    108.78709246
    108.78709246
    109.42821137
    109.69622306
    109.66041355
    108.96507181
    109.31489435
    108.15839728
    109.14441458
    109.47931621
    109.27100547
    109.48042238
    109.69279728
    110.09722498
    109.89821630
    109.98900419
    109.78730556
    105.51236166
    105.61504937
    105.61504937
    107.98270953
    108.12854870
    108.38549591
    107.94540029
    107.94540029
    110.12626841
    110.31007260
    109.52878256
    109.69781572
    109.69781572
    109.69781572
    109.73429150
    109.73429150
    109.90084422
    109.61895776
    109.87943932
    109.46614556
    109.46614556
    109.46614556
    109.46614556
    109.66469113
    109.32111371
    109.32117851
    109.32117851
    110.40903294
    110.60688336
    110.44256222
    110.44256222
    110.25033695
    110.15607818
    110.15607818
    110.32240118
    110.54866097
    110.54866097
    110.55840840
    109.12973512
    109.12973512
    109.44676721
    109.44676721
    109.84466665
    110.16144254
    110.19323331
    110.12482750
    109.44269138
    109.71386398
    109.07432303
    109.07432303
    109.13938095
    109.13938095
    109.14389450
    108.56120197
    108.56120197
    108.56120197
    109.37994604
    109.53762029
    109.18092883
    109.18092883
    109.72297629
    109.90818382
    109.91008446
    110.06390760
    110.06390760
    110.26058633
    109.75294211
    109.75294211
    110.16218686
    110.17512211
    109.39308784
    109.43703994
    109.43703994
    109.90132870
    109.87276222
    110.17267925
    110.21732617
    110.21732617
    110.10806686
    109.76616920
    110.59072049
    110.59072049
    110.61707973
    110.61707973
    110.60256157
    110.34880268
    109.69146235
    109.21966033
    109.21966033
    109.31744182
    109.40017617
    109.73612482
    109.33543823
    110.35208312
    110.06016804
    110.08963027
    109.31256896
    109.31256896
    109.31256896
    109.31256896
    109.31256896
    109.31256896
    109.21311943
    109.41367423
    109.41367423
    110.28637743
    109.12566066
    109.12566066
    109.12242850
    108.84274807
    108.84274807
    108.42890224
    108.44566616
    109.16661306
    109.82404999
    109.82404999
    109.81368566
    109.84090497
    110.40098235
    110.40468175
    110.38024510
    110.18230805
    109.61838238
    109.71368135
    110.25525056
    110.08292314
    110.37501340
    110.55567068
    110.51202766
    110.57135677
    110.51012904
    110.51012904
    110.48578950
    110.46047276
    110.46047276
    110.46047276
    110.44779121
    110.44779121
    109.42412907
    109.92554548
    109.80495982
    110.05655031
    110.00804686
    109.86713665
    108.86817732
    108.00192495
    108.59489764
    108.59489764
    108.59489764
    109.05736092
    108.67921191
    109.79638777
    109.64508634
    109.38205252
    108.34100390
    108.34100390
    109.35485997
    109.35485997
    109.37876824
    109.42983303
    109.66050756
    110.44666068
    110.29857363
    110.33964735
    110.33605817
    110.33605817
    109.92953003
    109.83325715
    109.48318629
    110.39933041
    110.39933041
    109.38902779
    109.98136787
    109.98136787
    110.51225828
    110.42294325
    110.42294325
    110.44297370
    110.27368857
    110.27368857
    110.26358039
    110.21152630
    110.21152630
    110.21152630
    110.52793986
    110.55433756
    110.59826890
    110.59826890
    110.47379337
    110.46769364
    108.36160875
    108.36160875
    109.26518163
    109.26518163
    109.49101871
    109.49101871
    110.00408866
    110.00408866
    110.00408866
    109.51564528
    109.51564528
    109.98558780
    110.02314744
    109.82702104
    108.58641678
    108.62882766
    108.62882766
    108.62882766
    108.47349771
    108.26158017
    108.26883890
    107.93553136
    108.07450553
    109.32273553
    109.37027138
    109.61559288
    109.99043800
    110.30515522
    110.59325621
    110.58073685
    110.56191437
    110.47698254
    110.63437247
    110.47474594
    110.42352176
    110.42352176
    110.42352176
    110.42352176
    110.62579980
    110.63249475
    110.57682825
    110.60736791
    110.56314755
    110.48129195
    110.39488706
    110.39488706
    110.42696640
    109.91372698
    109.68867907
    109.70678303
    109.56337897
    110.45682231
    109.57488554
    109.57488554
    110.38572846
    110.38572846
    110.49580684
    109.87460666
    110.49207991
    110.43821903
    110.43821903
    110.34192389
    110.34099532
    110.23730868
    109.52134743
    110.04091062
    109.95831055
    110.07519444
    108.97988705
    108.98322105
    108.91102275
    108.91102275
    108.91102275
    109.86926321
    110.05784848
    110.00954493
    109.15518764
    110.04306420
    109.44201085
    109.57842992
    109.57068370
    109.57068370
    110.31963733
    110.02122460
    110.14938672
    110.49373303
    110.30309774
    110.18924293
    109.84854483
    110.14069534
    110.14069534
    110.14069534
    109.34734294
    109.34734294
    109.02766001
    109.02766001
    109.42784683
    108.39609486
    108.39609486
    110.05213072
    110.60728511
    110.60728511
    110.59790269
    110.59790269
    110.59754866
    110.63757875
    110.13252051
    110.49225776
    110.41014460
    110.45700273
    110.40410372
    110.40410372
    110.09297045
    110.09297045
    110.09297045
    110.09297045
    110.09297045
    110.08332689
    109.40785320
    110.35261523
    110.23756645
    110.08535961
    110.05228665
    110.05228665
    110.05228665
    109.95775138
    109.97234139
    109.97234139
    110.63664079
    110.63981849
    110.64136166
    110.55462486
    110.15305207
    109.91631925
    109.91631925
    109.91631925
    109.83233110
    109.61402711
    109.61402711
    109.95001706
    109.95634063
    109.91457428
    110.07366241
    110.07366241
    110.04653166
    109.91619088
    109.91619088
    109.77814246
    109.97584636
    109.94053995
    110.05567225
    110.07801794
    109.89556866
    109.89556866
    109.92725141
    110.12647846
    110.02371586
    110.02371586
    110.10879368
    110.10879368
    109.53453599
    109.53702050
    109.53702050
    109.53702050
    109.79510062
    109.20018070
    109.20018070
    109.11995468
    107.41745036
    107.41745036
    109.52025174
    109.68285727
    109.49377517
    109.51432054
    108.23136903
    108.23136903
    108.23136903
    108.49246940
    108.38473760
    108.45599639
    108.31568650
    110.44460120
    110.44460120
    110.46335541
    110.34568314
    110.35309047
    110.35309047
    109.80493502
    110.18919416
    110.18360555
    110.57417596
    110.13093456
    110.13093456
    110.17376885
    110.17376885
    110.17376885
    110.17376885
    110.19967329
    110.02075914
    110.13456832
    109.79780927
    109.79780927
    108.61564628
    109.14748917
    109.26618520
    109.45024003
    109.45024003
    109.71352416
    109.91443389
    110.30068552
    110.17685784
    110.17685784
    110.10612440
    109.80179077
    110.17891570
    110.18440959
    110.29188628
    110.33294784
    110.33294784
    110.33184192
    110.02018011
    110.24950647
    110.62193026
    110.35452424
    110.39496711
    110.37233470
    110.37233470
    110.31229342
    110.31229342
    110.31229342
    110.29556972
    109.21310446
    109.21310446
    109.21310446
    109.21310446
    110.33614626
    110.37039483
    110.40954102
    110.58717799
    110.59633937
    110.60357979
    110.13110343
    110.13110343
    109.97678555
    110.31658382
    110.43504336
    110.39244447
    110.61373234
    110.63048611
    110.62056763
    107.81518531
    107.81518531
    108.75910443
    108.75910443
    108.75910443
    108.75910443
    108.37135063
    109.64363035
    109.27694959
    109.49704210
    109.30172013
    109.30172013
    109.35796761
    109.09580429
    109.09580429
    109.09580429
    109.44320721
    109.51656833
    109.51656833
    109.51656833
    110.60565873
    110.60565873
    110.64023793
    110.64030828
    110.62389475
    110.59888859
    110.60099465
    110.45146680
    110.62022927
    110.59230339
    110.59230339
    110.59121039
    110.63351803
    110.43127341
    110.60002213
    110.27884496
    108.62028273
    108.62543254
    108.62543254
    109.66198581
    107.90928168
    107.21838412
    107.21838412
    108.04087700
    108.02104540
    108.02104540
    108.02104540
    106.60351348
    107.65335809
    107.65335809
    110.29124380
    110.18957383
    110.14765605
    110.14765605
    109.02746620
    110.46014734
    110.50731889
    110.44115828
    110.44115828
    110.19086217
    110.19086217
    110.19086217
    110.27832142
    110.21365025
    110.13668492
    110.13668492
    110.08483873
    109.91735440
    109.35224073
    109.35224073
    109.35224073
    108.51730363
    109.09446373
    109.61180739
    109.70819619
    109.70819619
    109.88226375
    109.76221741
    110.06638078
    109.45243952
    109.37835125
    109.96612076
    109.68246412
    108.91384975
    109.54624363
    109.57114247
    109.23045726
    109.25434194
    109.26345154
    109.14814477
    108.63349218
    108.21001494
    108.21001494
    108.11535827
    108.68889521
    108.68889521
    109.09801089
    109.86300703
    109.30029634
    109.43951078
    109.90111291
    109.71548968
    109.47547711
    109.47547711
    109.47547711
    110.02436891
    110.02436891
    110.47146550
    110.16049543
    110.16049543
    109.79667042
    110.15187443
    108.99406250
    109.01055271
    108.29785259
    109.78530001
    108.70565082
    108.27982139
    108.27982139
    108.04158962
    108.04158962
    108.01300075
    108.01300075
    108.01300075
    108.01300075
    107.88196570
    106.80591205
    106.74526334
    108.53764775
    108.53764775
    108.53764775
    108.18826383
    107.39783749
    107.39783749
    107.39783749
    108.09621679
    108.09621679
    108.09621679
    108.59997037
    108.59997037
    109.52975182
    110.15705755
    110.19010530
    109.96773291
    109.95452232
    110.43697131
    110.43814063
    110.43814063
    110.43930696
    110.46231256
    110.22883095
    110.24094043
    110.24094043
    110.03063524
    110.03063524
    109.91884961
    110.00570534
    110.10140114
    109.84178719
    109.67069326
    109.78273025
    109.57429292
    108.81656500
    109.29656583
    109.91997075
    109.85717948
    110.44457798
    110.36914489
    110.39597936
    110.35067281
    109.38418831
    109.46562550
    109.46562550
    109.46562550
    109.25353396
    109.25353396
    109.14799323
    109.14799323
    109.17709866
    109.65044319
    109.65044319
    109.68032281
    110.14395513
    110.45984469
    110.55155184
    110.51045102
    110.57308427
    110.51892485
    110.27497989
    110.27497989
    110.37152139
    110.43384974
    110.25073023
    109.78098756
    109.48688769
    109.70130525
    108.73119639
    108.31837444
    108.31837444
    108.93788979
    109.52557378
    110.14477153
    110.14477153
    110.14477153
    109.69899562
    110.44668877
    110.30713291
    110.30713291
    110.41739957
    110.41739957
    110.41739957
    109.79209402
    109.79209402
    109.51680368
    109.98741481
    110.04330094
    110.04330094
    110.04330094
    110.04330094
    110.34584744
    110.34584744
    109.21478196
    109.21478196
    109.31634935
    109.73112107
    110.07832217
    109.74114399
    109.80049656
    109.80049656
    107.85600921
    107.85600921
    109.02846138
    108.78097215
    109.77555446
    109.77555446
    109.97136132
    110.34900977
    110.08576869
    110.07946409
    110.13380027
    110.07131425
    110.26086252
    109.48070587
    109.48070587
    109.48070587
    108.52053497
    108.52053497
    108.52053497
    108.52053497
    108.52053497
    108.83501212
    108.30767138
    108.08739388
    108.08739388
    107.87859887
    107.87859887
    107.87859887
    107.62208063
    107.62208063
    107.62208063
    108.04143487
    109.59929448
    109.59929448
    108.80816302
    109.74085811
    109.77158058
    109.35410118
    109.35410118
    109.35410118
    108.58642452
    109.10839694
    108.20240416
    108.20240416
    108.20240416
    109.29019287
    109.36901623
    109.03494015
    109.09637998
    109.13396068
    108.32390648
    108.00124989
    108.31621828
    108.31621828
    109.01344200
    109.64469139
    109.00622983
    106.14594663
    107.34392575
    107.34392575
    107.34392575
    108.52889467
    108.52889467
    108.11175540
    107.95000231
    107.95000231
    107.97265226
    108.19523384
    108.19523384
    108.79320447
    108.80400258
    108.92546104
    108.48016673
    109.43045894
    109.43045894
    109.43045894
    109.06760197
    110.15623582
    110.03391050
    109.89312653
    110.30245236
    110.21890341
    110.39713045
    109.96783332
    110.49570147
    110.54751328
    110.59800983
    110.61246658
    110.57966366
    110.57966366
    110.54699428
    110.38710882
    110.38529056
    110.52147515
    110.52147515
    110.52147515
    110.52147515
    110.52147515
    110.52147515
    110.52147515
    110.63275065
    110.63000333
    110.63000333
    110.18809487
    110.28010207
    110.40304294
    110.25387764
    109.64025269
    110.00790206
    109.91419886
    109.10322050
    109.10322050
    108.72224766
    108.48477129
    108.48477129
    108.31640975
    108.31640975
    108.80656238
    109.53390824
    109.53390824
    109.61407349
    110.61972051
    110.61972051
    110.60681704
    110.46981196
    110.49939309
    110.60879697
    110.42819056
    110.40788320
    110.29734237
    108.92916529
    108.92916529
    108.92916529
    108.64002428
    108.64002428
    108.64002428
    108.24572449
    108.24572449
    108.24572449
    108.24572449
    109.82609035
    109.82181529
    109.82181529
    109.75777771
    107.54270276
    107.76302601
    107.76302601
    109.19318772
    109.73932696
    110.00872541
    110.57829905
    110.51183086
    110.55105489
    110.54886305
    110.54886305
    110.37115609
    110.37115609
    110.37971038
    110.35993614
    110.35993614
    110.58702330
    110.58983925
    110.35922413
    110.15082721
    110.15082721
    110.15082721
    110.49209040
    110.25348532
    110.18067370
    109.67601674
    109.23376026
    110.41250514
    110.41250514
    110.21133777
    109.85524300
    109.85524300
    110.48391242
    110.47576441
    110.45074854
    110.45074854
    110.08952405
    110.08952405
    109.89994719
    110.48780053
    110.51459515
    110.51459515
    110.47717105
    110.28903601
    110.28903601
    110.26868682
    110.26868682
    106.87471639
    109.05124117
    110.10241799
    110.10241799
    110.00363432
    109.92933620
    110.07964852
    109.84002122
    109.84002122
    110.25894335
    110.51687335
    110.51687335
    110.52390114
    110.46566828
    110.00781739
    109.80815289
    109.80815289
    109.80815289
    109.78623383
    108.36936457
    110.05101029
    110.43882262
    109.77555940
    109.74723925
    109.55060682
    109.55060682
    109.55060682
    109.66357375
    110.04280318
    110.15750866
    110.24937624
    110.18252556
    110.41712493
    109.37625265
    109.64926033
    109.64926033
    108.02389753
    108.02389753
    107.42475754
    107.42475754
    108.71206402
    110.13646853
    110.10120109
    110.10120109
    110.13134901
    110.13134901
    109.91151128
    110.31660333
    110.19896331
    110.43319775
    110.48316150
    110.46792578
    109.88803171
    109.92291472
    109.92291472
    109.32068728
    109.57472343
    109.57472343
    109.57472343
    109.09188776
    109.36070020
    108.90430377
    108.90430377
    108.90430377
    108.98634477
    108.82318483
    108.77525229
    108.77525229
    108.60534494
    109.19938835
    108.83127600
    108.47846519
    108.47846519
    108.63958912
    108.96676751
    108.96676751
    108.92278118
    109.45452006
    109.46475151
    109.87484352
    108.61339140
    108.61339140
    108.86051368
    107.87972302
    107.87972302
    107.87972302
    107.87972302
    109.78236656
    108.56829555
    108.53347310
    108.53347310
    110.17337556
    110.17210895
    110.09973515
    110.12991573
    110.14068483
    110.13155961
    109.98420693
    110.12020806
    110.61861648
    110.61861648
    110.62503915
    110.55692792
    110.55692792
    110.55450723
    109.74704428
    109.74704428
    110.13673680
    110.22531605
    110.02208415
    110.02236198
    109.97158252
    108.93999082
    108.93999082
    109.38732182
    109.21839956
    110.30546119
    108.54555738
    108.54555738
    108.48382932
    108.63604929
    109.67160189
    109.67160189
    109.67160189
    109.67160189
    110.44451669
    110.13157729
    110.13157729
    110.38630055
    109.73245824
    110.30705689
    110.43777350
    110.27330985
    109.67217654
    110.57114893
    110.59458551
    110.60329905
    110.59676498
    110.62920911
    110.63220251
    110.50228146
    110.50228146
    110.20084153
    110.46073989
    110.45435871
    110.36087700
    110.29063100
    110.12556550
    109.19483234
    109.63063826
    109.62576196
    109.62576196
    109.67550760
    109.67550760
    108.78054987
    108.78054987
    106.90852541
    106.90852541
    106.15529168
    107.97311546
    110.24810637
    110.24810637
    109.65983784
    109.63147098
    109.56752189
    108.45974903
    108.22459553
    109.63278862
    109.83641503
    109.53980124
    110.28339869
    109.32404584
    108.96448102
    106.98242240
    108.06265483
    108.06265483
    108.06265483
    108.62834477
    108.62834477
    108.62834477
    109.77900196
    109.84696264
    108.82587460
    108.82587460
    110.60191130
    110.56403469
    110.53077024
    110.53077024
    110.40085381
    110.40085381
    110.36377616
    109.98258413
    109.98258413
    109.80736481
    109.47581458
    108.23561095
    106.31571252
    104.37554053
    106.26801749
    106.26801749
    107.02864881
    104.16826403
    107.54451701
    110.32112210
    109.94139460
    110.17544256
    107.30720123
    107.30720123
    108.74755940
    108.88447416
    109.57350897
    108.89546323
    107.35689868
    108.22684475
    109.29015151
    109.29015151
    109.11388418
    108.59680884
    108.59680884
    108.59680884
    107.58095192
    108.72680518
    108.72680518
    108.54479361
    105.76153604
    106.55025864
    107.21668640
    108.86429613
    108.72404975
    108.68511029
    110.35185408
    110.35185408
    110.43500773
    110.50323139
    110.50323139
    110.50323139
    110.50323139
    110.50365742
    110.53217912
    110.53869888
    110.04109122
    110.04109122
    110.05666464
    110.14617490
    110.49177555
    110.48992382
    110.48992382
    110.49122857
    110.49122857
    110.19673434
    110.19673434
    110.27801074
    110.32343034
    109.97219055
    110.23507368
    110.23507368
    110.36610197
    110.07340871
    110.07340871
    110.07340871
    110.08301345
    110.10515342
    110.55122728
    110.55122728
    110.58553136
    110.48690890
    110.48690890
    110.60774103
    110.35473798
    110.35473798
    110.44940287
    110.44940287
    110.19715738
    110.13727558
    107.83519456
    109.01933845
    109.17118431
    108.90969584
    108.95256249
    108.98483679
    110.21914183
    110.43596946
    110.50006042
    110.50006042
    110.48811753
    110.28985834
    110.20222074
    110.20222074
    109.99765609
    110.21345949
    110.21345949
    110.04538867
    109.51364472
    109.53160433
    109.53160433
    109.38832736
    108.95312146
    108.46415738
    108.18341646
    108.18341646
    108.18341646
    109.25672914
    109.25672914
    108.64821609
    108.64821609
    108.64821609
    108.64821609
    108.64821609
    108.53710996
    108.53710996
    108.53710996
    108.53710996
    108.53710996
    110.51306375
    110.31815377
    110.32931399
    110.52438150
    110.52438150
    110.36942521
    110.36942521
    110.36942521
    110.47068402
    110.31573685
    110.31573685
    110.31768982
    110.41027280
    110.52801668
    110.45672467
    110.45672467
    110.21148237
    109.31799135
    109.84700890
    109.54616349
    109.74644060
    109.96919144
    109.94931396
    110.07832505
    109.44810192
    109.44810192
    109.55375533
    109.82177076
    109.82177076
    109.82177076
    109.82177076
    109.41307247
    110.46849280
    110.47047599
    110.63136749
    110.52260436
    109.58034660
    109.04175119
    108.69903001
    108.69903001
    108.69903001
    108.69903001
    110.34273205
    110.02732829
    109.85486861
    109.94268616
    110.02329407
    109.98607381
    109.91237172
    110.32837392
    110.33842149
    107.79294710
    108.00783494
    108.00783494
    108.00783494
    108.68193570
    108.68193570
    109.06357248
    109.06357248
    108.02117154
    108.02117154
    107.03017643
    109.01331780
    108.51763077
    108.51763077
    110.21536301
    110.14301431
    109.99448786
    109.99462155
    110.28768027
    110.28768027
    110.59017255
    110.59017255
    110.41665867
    110.26262503
    110.26262503
    109.91025358
    110.19740612
    110.47333888
    110.24125612
    110.05261810
    110.40399015
    109.50408839
    109.50408839
    109.81871602
    110.19589212
    110.19589212
    110.19589212
    110.19589212
    110.31829019
    110.30953742
    110.25652093
    110.25652093
    110.25652093
    110.31683972
    109.80383904
    109.80383904
    110.28416743
    110.33337290
    110.33337290
    110.56101519
    110.56362294
    110.49456028
    110.43811683
    110.00738648
    110.14682960
    109.72591719
    110.03706718
    109.69976039
    108.91046306
    109.55777560
    109.50935645
    109.02531311
    108.23484920
    108.23484920
    108.27388978
    107.95871746
    110.48148892
    110.08550950
    110.32714179
    110.04373946
    108.99907226
    108.41955025
    108.41955025
    109.41400915
    108.50486598
    108.50486598
    108.69277931
    108.66385162
    109.48141614
    109.51139059
    109.51139059
    109.45930055
    109.80062156
    109.88700027
    109.88700027
    110.28932452
    110.58953291
    110.58247463
    110.57206031
    110.63125003
    110.63125003
    110.37956009
    110.02918437
    110.47213023
    110.47172857
    110.34520538
    110.38010745
    110.26962911
    110.19785815
    110.27102683
    110.27102683
    110.10468045
    110.23671876
    110.39111701
    110.59671656
    110.59697743
    110.59697743
    110.59697743
    110.59834925
    110.60777431
    110.60777431
    110.61578728
    110.52302074
    110.52302074
    110.53217529
    109.56503840
    109.41186955
    108.67380704
    109.50210851
    109.35371388
    108.63537208
    109.24206323
    109.24206323
    109.51453524
    109.51453524
    110.04492021
    110.31992576
    110.26155812
    110.00781932
    110.00781932
    110.00781932
    110.25405321
    110.12182423
    110.10359757
    109.72169727
    109.71049177
    109.78173672
    109.79446178
    109.72734327
    109.72734327
    109.66185957
    109.13969053
    109.34032293
    108.72270247
    108.87692890
    108.95138260
    108.95138260
    109.14559633
    109.14559633
    109.14559633
    109.14559633
    108.06205775
    106.94783077
    106.94783077
    106.94400350
    107.12060986
    107.12060986
    107.12060986
    106.83688897
    106.83688897
    106.83688897
    106.83688897
    106.83688897
    107.20392184
    107.37185429
    107.37185429
    110.52448575
    110.58736273
    110.40164421
    110.56921602
    110.30768809
    110.58239931
    110.22836918
    110.22836918
    110.19344580
    110.19344580
    110.19344580
    110.57759574
    110.42680321
    110.45529871
    110.20073921
    110.06646796
    109.84811510
    109.49576926
    109.41482022
    109.16829590
    108.82610884
    109.40525326
    109.40525326
    109.40525326
    109.40525326
    110.08164066
    109.98774531
    110.00004434
    110.00004434
    110.03978861
    109.76143165
    109.76143165
    109.76143165
    109.94802170
    110.45208223
    110.51367550
    109.95428620
    110.26815282
    109.79031499
    109.82835635
    109.82835635
    110.51535287
    110.51535287
    110.51535287
    110.60387749
    110.22562499
    109.82894075
    108.96385181
    109.85936193
    109.61179459
    108.84831638
    109.59857730
    109.90014727
    109.91299744
    109.99345449
    109.96997060
    109.95892799
    109.10764796
    109.11486861
    110.33335435
    110.24583068
    108.27746402
    108.27746402
    108.27746402
    109.56093699
    110.49066487
    110.51201688
    109.41604203
    108.02366257
    108.23639274
    107.91299989
    107.91299989
    107.99383221
    108.01813936
    109.26273679
    109.42420987
    110.26678898
    110.37563060
    110.24684019
    110.37964510
    110.39682723
    110.60886149
    110.63092611
    110.54536628
    110.50433373
    110.50433373
    109.67452510
    110.29155589
    109.64796277
    110.62601190
    110.52339357
    110.41490150
    110.30372391
    110.10555497
    107.48467271
    106.54054955
    106.54054955
    108.48833083
    109.91684930
    110.25667092
    110.45908752
    110.41395689
    110.13536626
    110.13536626
    110.13536626
    110.13536626
    110.53967789
    110.45760060
    110.27586243
    109.98928900
    109.68490056
    109.68490056
    109.68490056
    109.76034234
    110.57579655
    110.59901506
    110.32806688
    110.32806688
    110.23005476
    110.56311120
    110.60148765
    110.58074993
    110.58074993
    109.54383983
    110.34444973
    110.34444973
    110.13629051
    110.63899618
    110.63050831
    110.60173598
    110.58715913
    110.36588381
    110.36588381
    110.31024980
    110.31491608
    109.19044769
    109.82076148
    109.54603835
    109.31554869
    109.31554869
    109.55948912
    110.27949568
    110.26257923
    110.35071198
    110.35071198
    110.40212705
    109.48460655
    110.44054448
    109.53359441
    109.53359441
    110.40150356
    109.78055993
    109.09283877
    109.10497097
    109.35288277
    109.00735628
    109.27998790
    109.27998790
    109.29354042
    109.29354042
    108.94136649
    108.94136649
    109.16204782
    109.16204782
    109.70946660
    110.10474192
    109.90019087
    108.88778611
    108.88778611
    110.29109863
    110.25619934
    110.19347017
    110.18838426
    110.18838426
    110.44181634
    110.19014157
    110.08905090
    110.08905090
    109.91585881
    110.32419347
    110.50112794
    110.50112794
    110.47587745
    110.43555929
    110.43555929
    110.59264914
    110.61055759
    110.60197522
    110.52692731
    110.03138432
    109.67426794
    110.05135599
    110.05135599
    110.05135599
    110.44751857
    110.60402118
    110.60402118
    110.44584687
    108.75496254
    108.75496254
    110.46133195
    110.46133195
    110.46133195
    110.40802790
    110.40802790
    110.40802790
    109.43642869
    109.43642869
    109.40652687
    109.40652687
    110.19420898
    109.86585173
    110.03069545
    110.16144740
    110.59166650
    110.59166650
    110.56100041
    110.56459240
    109.97773501
    109.97773501
    109.97773501
    109.97773501
    110.21573871
    110.30443182
    110.12234213
    109.99844612
    109.87978293
    110.48849526
    110.37448135
    110.37448135
    106.67862050
    106.67862050
    110.42756301
    110.34842465
    110.53657541
    110.55471205
    110.58250029
    110.26597375
    107.96544887
    106.24327125
    109.32320952
    110.57307012
    110.60017504
    110.56696888
    110.61745492
    110.33691694
    110.34898436
    109.74529252
    110.01901594
    110.56009337
    108.07457481
    108.07457481
    108.73981394
    108.73816853
    108.73816853
    108.30812993
    108.30812993
    108.31928626
    108.82791399
    108.82791399
    108.39075105
    109.56846082
    109.75896430
    109.76313065
    110.15736070
    108.28018878
    108.28018878
    108.14408569
    107.82985664
    107.82985664
    107.82985664
    107.39377113
    108.10764460
    108.10764460
    108.14785491
    108.13296519
    108.55431974
    108.39502822
    107.27649699
    104.89658498
    102.30018665
    102.30018665
    106.49489159
    106.49489159
    107.73466865
    107.73466865
    107.73466865
    107.73466865
    107.73466865
    108.34833725
    108.18864181
    108.11885070
    108.11885070
    108.11885070
    107.97516424
    107.97516424
    109.24118824
    109.29154740
    109.37305540
    109.95428023
    110.02205971
    110.00330885
    109.95199926
    110.41787221
    110.31466568
    110.31466568
    110.14694213
    107.07859601
    106.99601351
    104.67393027
    109.73701511
    109.90991042
    109.90991042
    110.17433393
    110.17433393
    110.37804136
    110.37459742
    110.36277030
    110.50569625
    110.52841806
    110.47434542
    110.10182933
    110.12321689
    110.12321689
    110.12321689
    110.05067874
    110.05067874
    110.05067874
    110.05067874
    110.07488557
    109.39100810
    109.39100810
    109.82306741
    110.41506734
    110.31142106
    110.41068179
    110.19198686
    110.44721243
    110.44721243
    110.59502672
    110.59502672
    107.73367255
    107.73367255
    107.73367255
    107.73367255
    109.92752162
    109.91960728
    109.91960728
    109.28981573
    108.25965205
    110.64121700
    110.36559530
    110.36559530
    110.36559530
    110.36559530
    110.34000768
    110.34000768
    110.60698758
    110.62276475
    110.08009222
    109.66677223
    109.65472117
    109.42423473
    109.76627072
    109.76627072
    109.70596273
    109.70596273
    109.70596273
    109.43526432
    109.17192175
    109.17192175
    110.08174336
    109.28791057
    109.28791057
    109.88832260
    109.88832260
    109.87207109
    109.73904824
    109.66278812
    109.84776246
    110.43792890
    110.28267138
    110.18271452
    110.38825918
    110.37747937
    110.50092745
    110.42858935
    110.26681193
    110.40412561
    110.40412561
    110.51267235
    110.51267235
    109.73779163
    109.73779163
    109.56324527
    108.49192637
    108.49192637
    108.49192637
    108.49192637
    108.92292241
    110.36034234
    110.36814976
    109.82982163
    110.31254430
    109.92676082
    110.14800159
    110.41473487
    110.62588854
    110.62588854
    110.63151349
    110.40494774
    110.49020873
    109.91552994
    109.38013832
    109.38013832
    109.83196389
    109.35305381
    109.54873607
    109.24013836
    109.56834548
    110.09540060
    110.46964730
    110.46964730
    110.20790596
    110.20790596
    110.06991750
    110.06991750
    110.54017461
    110.52942864
    110.52942864
    110.62616372
    110.63356990
    110.56347339
    110.50015453
    110.50015453
    110.54254467
    110.53545712
    110.46206469
    110.00897624
    110.00897624
    110.00897624
    110.00897624
    109.74077725
    110.17354893
    108.90347515
    110.03187329
    110.03187329
    110.03187329
    110.03187329
    110.61637297
    108.80549167
    109.34996179
    109.18750669
    110.08203059
    109.85119916
    110.00163475
    109.51760339
    109.51760339
    107.93219035
    107.93219035
    107.93219035
    107.93219035
    109.49784818
    109.49784818
    109.49784818
    109.58617209
    109.74483572
    109.74483572
    109.74483572
    109.60334336
    109.60334336
    109.63008996
    109.42414043
    109.42414043
    109.42414043
    109.89055457
    110.46054499
    110.17921898
    109.79159352
    109.68292640
    110.09115073
    109.76448459
    109.76448459
    109.91086896
    110.14282397
    109.75458599
    109.99389495
    110.14335292
    110.13920056
    110.05877419
    109.34688574
    109.34688574
    108.97739584
    109.14034443
    109.52459597
    110.43397341
    110.46860752
    110.46860752
    110.63000346
    110.57488195
    110.13103722
    110.36604401
    110.50815584
    110.61759441
    110.61759441
    110.61759441
    110.64406993
    110.64406993
    110.36527158
    110.28734267
    110.27696466
    110.25238186
    110.25238186
    110.25238186
    110.08793247
    110.08642484
    110.57197619
    110.45416060
    109.77717027
    110.11165853
    110.11165853
    110.11165853
    108.36821423
    108.36821423
    107.62730118
    108.69020650
    108.54055538
    107.27460769
    107.27460769
    108.98818712
    108.98818712
    108.98818712
    110.38246379
    110.38246379
    110.38246379
    110.50926316
    110.52126561
    110.52143298
    109.93946073
    110.00991247
    110.00991247
    110.33297863
    110.28664681
    110.38351130
    110.38351130
    109.46105548
    109.46105548
    109.63201341
    109.79711372
    109.74219096
    110.45617216
    110.45617216
    110.44912347
    110.46515475
    110.63237425
    110.63237425
    110.63237425
    110.63459624
    110.63459624
    110.35108441
    110.26925015
    110.26925015
    110.26925015
    110.18920735
    110.18920735
    110.18920735
    110.18920735
    110.18920735
    109.89049589
    109.76533962
    110.25904158
    110.38626604
    110.44131671
    110.44131671
    110.37662128
    110.32845311
    109.68025224
    109.35156551
    110.38676636
    110.28343861
    110.32938567
    110.32938567
    110.32938567
    110.11999524
    110.11999524
    110.30918307
    110.46987364
    110.38095740
    109.78101591
    109.90021744
    109.90021744
    109.56720986
    109.59445601
    109.74093373
    109.58452124
    109.58452124
    108.95489364
    110.41278378
    110.24226972
    110.10068104
    109.02896447
    109.02896447
    109.02896447
    110.50158955
    110.54243252
    110.53707530
    110.08861082
    110.08861082
    109.95515175
    109.07992151
    108.95910609
    108.91541178
    109.01963385
    109.01963385
    108.69599681
    108.48422685
    109.26469682
    109.26469682
    108.68126279
    109.20268068
    107.85940154
    108.33701046
    106.73907838
    106.73907838
    106.73907838
    107.60581859
    107.60581859
    107.41186953
    108.17725139
    108.03645964
    109.35225051
    110.13375868
    110.21749454
    110.21749454
    109.72133048
    109.65476210
    110.63444992
    110.61522914
    110.53794735
    110.53794735
    110.58883606
    110.64208519
    110.64208519
    110.54174679
    110.21825943
    110.15574314
    109.27846108
    109.19612295
    108.64222336
    107.44058777
