     53.23594574
     53.16608269
     53.16608269
     53.16608269
     53.16608269
     51.39015918
     53.12256086
     53.12256086
     53.29113437
     53.29113437
     54.70246315
     54.61177801
     54.83763538
     54.83763538
     54.62733416
     52.89776748
     54.29623416
     54.29623416
     54.29623416
     54.27421589
     53.13573877
     53.32185451
     54.25712296
     53.34937626
     54.57127363
     54.57127363
     54.57127363
     54.48129694
     54.90495862
     55.20766829
     55.28076650
     55.28076650
     55.31079976
     54.51693682
     54.51693682
     53.95597533
     53.12888255
     53.31452918
     54.11314281
     53.83313892
     53.83313892
     53.93769720
     54.87450225
     54.87089251
     54.90711756
     54.54003624
     54.82548071
     54.84956606
     54.84956606
     54.84956606
     53.70807628
     53.41053531
     54.39007503
     52.08191512
     51.41606441
     51.66805034
     51.49491352
     50.00291834
     50.00291834
     48.50844809
     50.25692045
     50.25692045
     50.25692045
     50.25692045
     50.25692045
     53.01883905
     53.01883905
     53.01883905
     54.20511476
     54.69256886
     55.52982507
     55.49650631
     55.49650631
     55.49650631
     55.52325209
     55.52325209
     55.46804175
     55.46804175
     55.46804175
     55.47387698
     55.50348486
     55.53157469
     55.37627677
     55.35952423
     55.34449707
     55.34449707
     54.78255222
     54.51169048
     55.20275521
     55.29451099
     55.27199184
     55.05610992
     54.99542585
     55.10876307
     55.10962696
     55.41948031
     55.45145289
     55.45487041
     55.48909427
     55.46008478
     54.94200202
     54.69993554
     54.72415050
     54.72415050
     54.82951136
     53.65441449
     53.65441449
     53.65441449
     55.41518568
     55.38450645
     55.38450645
     55.35594082
     55.46206726
     55.41192391
     55.41192391
     55.41192391
     55.51451320
     55.45868915
     55.45868915
     55.34531599
     55.34531599
     55.34531599
     55.34531599
     55.34531599
     55.41556635
     55.41556635
     55.41556635
     55.49468797
     55.49468797
     55.49625206
     55.49625206
     55.56200725
     55.54210645
     55.56500305
     55.56500305
     55.56500305
     55.57079453
     55.57302464
     54.99499984
     55.46225492
     55.46225492
     55.45239833
     55.29084846
     55.07580369
     55.07414486
     55.12423243
     54.87945432
     54.57867029
     54.29544900
     53.22374558
     55.21046687
     54.65182409
     55.47054468
     54.69549349
     55.10826339
     55.24641393
     54.59684813
     54.59684813
     53.83516805
     53.83516805
     53.83516805
     54.12260435
     54.60889395
     54.60889395
     54.60889395
     55.10836631
     55.08912448
     54.97878938
     54.97878938
     55.18805619
     55.13290547
     55.13290547
     55.57306426
     55.55996648
     54.97724782
     55.05484173
     55.05484173
     54.90048269
     54.90048269
     54.90048269
     54.90048269
     54.80828306
     54.80828306
     55.23542436
     55.23737051
     55.24191986
     55.08450572
     55.13608672
     55.33171805
     55.42527747
     55.44687427
     55.40621644
     55.40621644
     54.91629909
     54.91629909
     54.91629909
     54.91629909
     54.91629909
     55.33417005
     55.44871207
     55.50039056
     55.43580664
     55.18219411
     55.17939401
     55.06789961
     54.45147850
     54.25072326
     54.35276416
     53.28323014
     53.28323014
     53.28323014
     53.28323014
     54.52033155
     54.77931860
     54.85305515
     54.91960699
     53.83955479
     54.63843104
     54.62888959
     54.45769335
     54.58263593
     54.80540899
     54.92186431
     54.93282122
     54.93282122
     55.10884824
     54.80561613
     55.12689428
     55.01118476
     54.69487877
     54.67107245
     55.03617187
     53.91728824
     53.79213912
     54.77802946
     54.77802946
     54.77802946
     54.38470186
     54.43861598
     54.31463782
     54.99561089
     54.97101035
     54.67290926
     54.53635814
     53.96308680
     53.91035603
     54.13035115
     54.76608937
     55.22910937
     55.52915412
     55.17028493
     54.12366366
     54.22576624
     54.22576624
     54.26817743
     54.26817743
     54.26817743
     54.00868457
     54.00868457
     54.89762890
     55.22449393
     55.22449393
     55.33128871
     55.39159947
     55.39016069
     55.10349147
     55.32486088
     55.16222735
     55.16222735
     55.16222735
     54.74118434
     55.35116486
     54.99524443
     54.99524443
     55.13023891
     55.54909317
     55.50446237
     55.51648263
     55.51648263
     55.45712728
     55.45938275
     55.45938275
     55.45938275
     55.29456611
     55.31945812
     55.06030093
     55.19196676
     55.19196676
     55.26479385
     55.56341919
     55.56341919
     55.53473986
     55.48640800
     55.46130830
     54.86167798
     54.50070489
     54.50070489
     53.53539665
     53.53074764
     53.56044881
     54.43415567
     51.63412452
     53.30154359
     54.16294781
     54.16294781
     54.16294781
     54.73822014
     54.86248118
     55.00775284
     55.00494534
     54.86713706
     54.86713706
     54.96551037
     54.38153501
     54.38153501
     53.21164436
     52.77103037
     53.47789479
     54.21153600
     54.21920192
     54.30897758
     54.30897758
     54.30897758
     54.30897758
     52.49043495
     52.11419318
     52.11419318
     51.70673639
     51.70673639
     51.70673639
     51.64018324
     51.64018324
     51.64018324
     51.92201104
     51.92201104
     52.83250938
     52.83250938
     55.09305618
     54.99040294
     55.00334174
     55.22609888
     54.46852729
     55.19902321
     55.19067868
     54.96762651
     55.47485870
     55.45684013
     55.45684013
     54.97991244
     55.43240960
     54.05390093
     55.13818736
     55.13818736
     55.16055996
     54.59266747
     54.65958053
     55.30280937
     55.30280937
     55.30687879
     55.23803922
     54.90958849
     54.92062879
     54.98939930
     55.36951119
     55.36951119
     55.36951119
     55.41746523
     55.45498937
     55.55893537
     55.56992642
     55.56531587
     55.54627786
     55.54627786
     55.38911435
     55.38911435
     54.99722649
     54.99722649
     54.99344679
     55.31903121
     55.08578871
     55.08603878
     55.04059544
     55.13341474
     54.88759380
     54.88759380
     54.88759380
     54.90128358
     54.96725371
     54.96725371
     55.14558872
     55.14558872
     54.49150102
     54.79181215
     54.76954134
     54.37373438
     54.37373438
     55.35326320
     55.35278637
     55.50302843
     55.50302843
     51.26673079
     52.99170491
     52.75609856
     52.75609856
     52.75609856
     52.73012999
     51.35318935
     52.46011735
     52.46011735
     52.09792231
     52.09792231
     53.91371857
     53.96393183
     53.96393183
     53.96393183
     54.24920323
     54.21941299
     53.69831376
     53.69831376
     53.69831376
     53.69831376
     52.77329015
     52.77329015
     52.77329015
     53.58984737
     53.02956371
     53.36898752
     53.57415424
     53.57176230
     51.93894740
     51.92705957
     54.08087793
     54.08087793
     54.08087793
     54.08087793
     53.85877748
     54.05707760
     53.76974406
     53.86225958
     53.77142877
     53.60825337
     52.32471776
     52.32471776
     52.32471776
     52.91716999
     53.46302791
     54.53269586
     54.53269586
     52.95336042
     53.43234964
     52.40415567
     52.40415567
     52.40415567
     52.40415567
     51.64291766
     51.85672926
     53.54686085
     54.31136748
     54.44777526
     54.13169823
     53.85535763
     53.77251252
     53.77251252
     53.84154954
     54.50189605
     54.52712643
     54.32617313
     54.58917872
     54.27603279
     54.99389900
     55.03681929
     54.74722956
     54.97767826
     55.23287988
     54.90930623
     54.90930623
     54.90754242
     55.24489848
     55.03369051
     55.03841924
     55.03841924
     55.06737132
     55.03872020
     55.03909778
     54.94921581
     54.57331973
     54.64531444
     54.64531444
     54.01186493
     54.01186493
     52.91864363
     54.67310708
     54.67310708
     54.67310708
     55.00593933
     55.00593933
     55.00593933
     54.73461209
     54.69604912
     54.64781908
     52.56414955
     52.76782766
     51.46913124
     53.47429987
     53.75482830
     53.50095177
     52.05148499
     53.23219406
     53.02279834
     53.17213897
     53.78332876
     53.78332876
     52.97325705
     52.97325705
     52.97325705
     52.09326675
     51.46648973
     51.46648973
     51.46648973
     51.48444965
     51.48444965
     53.17061511
     53.25096386
     53.25096386
     53.18465586
     53.64354322
     53.48858123
     53.48858123
     53.55664435
     53.55543579
     54.58083306
     54.58083306
     54.84574028
     54.94690488
     55.28424870
     55.56018616
     55.56018616
     55.53112930
     55.45476907
     55.54549368
     55.32157105
     55.38305200
     55.31699247
     55.31699247
     55.32750601
     55.48739114
     55.32628844
     55.32628844
     55.53021685
     55.54725221
     55.01211787
     55.36399469
     55.26441005
     55.26481718
     55.00886572
     55.00886572
     55.36452629
     55.36452629
     55.32852379
     55.32852379
     55.12197356
     54.71003686
     53.59540411
     53.92072236
     54.75921914
     54.75921914
     54.48784594
     54.48784594
     54.96315409
     55.15330291
     55.07607674
     55.21065095
     55.18880848
     55.01836588
     55.01836588
     54.77196739
     54.86334602
     54.82929088
     54.38933199
     54.69085094
     54.69085094
     54.69085094
     53.91711096
     54.64395314
     55.54759652
     55.54759652
     55.07441029
     55.31626091
     54.62224277
     54.54730847
     55.28905185
     55.06970076
     54.16273205
     54.37543155
     54.37543155
     54.74344018
     55.07196072
     54.58733461
     54.58733461
     54.53820847
     53.07898066
     53.37034469
     55.20697059
     55.22143610
     55.22143610
     55.41307542
     55.41307542
     55.41307542
     55.41307542
     54.69900756
     54.97511279
     54.97511279
     54.97511279
     54.90597900
     54.86017360
     54.79402786
     54.89719326
     54.89719326
     54.64126544
     54.64126544
     55.54493641
     55.49434802
     55.49554607
     55.43217257
     55.43217257
     55.43217257
     55.39549329
     55.24353476
     55.04859798
     55.04859798
     55.04859798
     55.04859798
     55.04859798
     55.04859798
     55.04859798
     55.54720823
     55.54720823
     55.48684503
     55.48877103
     54.87208905
     55.23943328
     55.23465406
     55.35724221
     55.35724221
     55.18357316
     55.13199308
     55.20815113
     55.20815113
     55.53892073
     55.54461052
     55.48566437
     55.48566437
     55.49198236
     55.50897767
     55.50897767
     55.48898695
     55.48898695
     55.43645163
     55.14322571
     55.07296987
     55.07296987
     55.49838353
     55.47173937
     55.46801561
     55.27339814
     55.40415280
     55.40860884
     55.48016902
     55.47769465
     55.48236265
     55.27294457
     55.27294457
     55.11453255
     55.11453255
     55.26022333
     55.26022333
     54.86355625
     54.81166369
     55.19818630
     55.10247794
     54.68492077
     54.68492077
     55.32285919
     54.97358701
     54.80076025
     54.80076025
     53.63843596
     53.63843596
     53.63843596
     53.63843596
     54.43141622
     54.54352735
     48.41896467
     53.98692489
     55.04308981
     55.54882166
     55.57746784
     55.38093745
     55.30020719
     55.40519974
     55.53276308
     55.53276308
     55.46477496
     55.46533661
     55.37922170
     55.37922170
     55.35438568
     55.36019926
     55.49189077
     55.26621635
     55.26621635
     55.26549303
     55.22716451
     54.69586852
     54.50214010
     54.15366018
     53.69583462
     52.53445529
     52.86290254
     52.86290254
     54.40757506
     54.92601032
     54.70760017
     55.25453715
     55.43287417
     55.30904947
     55.35492045
     54.88315088
     54.85442013
     55.24491647
     55.31382255
     55.23250468
     54.09118256
     54.09118256
     54.09118256
     55.13768606
     54.93184648
     55.24047684
     55.12113556
     54.98370176
     55.10103867
     54.98619856
     55.14327719
     55.18656535
     55.19377963
     54.99084133
     54.18399254
     54.73037877
     54.73037877
     54.44902809
     55.50705390
     55.50705390
     55.50705390
     55.35180902
     55.35180902
     55.19328567
     55.24285288
     55.19196209
     55.48166391
     55.42098149
     55.15791315
     55.05495240
     55.16942269
     54.73842917
     54.80395777
     54.58411182
     54.58411182
     54.98474645
     54.74233570
     54.98604297
     54.95513375
     54.48769055
     54.48769055
     54.48769055
     54.48769055
     54.25024269
     54.25024269
     54.25024269
     54.25024269
     55.34312955
     55.29508507
     55.02046592
     54.92885360
     55.25463277
     55.00480758
     55.22875286
     54.92560361
     55.28802716
     54.79694574
     53.92077727
     53.75746758
     53.75746758
     51.04672153
     53.97954007
     53.97954007
     55.51789180
     55.51789180
     54.53464454
     54.53464454
     54.67870288
     53.37556468
     53.37556468
     53.37556468
     53.46664543
     53.29705757
     53.29705757
     53.91466575
     53.93307060
     53.93307060
     53.93307060
     53.93307060
     54.85556789
     54.44980412
     54.71669827
     55.05381303
     55.51809293
     55.51809293
     55.45976399
     55.29505402
     55.29505402
     55.03940648
     55.03940648
     55.02730832
     54.86241156
     54.86241156
     54.86241156
     54.56661747
     53.64607411
     53.26554350
     51.72315696
     51.72315696
     53.53142533
     52.64945343
     53.62381586
     53.62381586
     53.49151811
     54.08239900
     53.49777805
     52.67882271
     52.63850438
     52.84560402
     52.82629836
     52.82629836
     54.34427791
     54.67581680
     54.67581680
     54.67581680
     55.18274473
     55.20644730
     55.23104064
     54.57746238
     54.65093863
     54.51978765
     54.54157618
     54.54157618
     54.54157618
     52.54702670
     51.87520753
     52.64013567
     52.64013567
     52.61558847
     53.51905008
     53.68173698
     52.43720156
     50.18534697
     50.18534697
     52.09072563
     53.40217857
     53.23556370
     52.81121931
     52.81121931
     52.46928551
     52.47739463
     52.73577477
     53.45820150
     53.51143544
     52.47481467
     52.47481467
     52.47481467
     51.59739048
     50.81561831
     51.22631999
     53.63350967
     53.41254779
     53.36386467
     53.30295794
     53.30295794
     52.41312047
     52.41312047
     53.74393398
     52.81289770
     53.47501368
     52.70322424
     51.36400722
     50.71893905
     49.42570784
     52.18261470
     52.18261470
     53.99799615
     53.99799615
     49.52273709
     49.52273709
     51.17032807
     51.17032807
     53.71299040
     51.77205512
     51.22130884
     51.69021307
     53.95645923
     53.95645923
     53.30093232
     52.98661621
     52.98661621
     53.81525864
     54.21322911
     54.23940326
     54.16058773
     53.97840191
     53.68448432
     54.46159280
     54.70512457
     54.69520814
     54.27780230
     54.27780230
     55.27279296
     55.19291836
     55.19291836
     55.15402186
     54.66333813
     54.81907590
     54.82091960
     54.84503163
     54.84503163
     54.83411514
     54.67475486
     54.67475486
     54.67475486
     54.52190481
     53.18266756
     52.66991222
     52.54861427
     52.54861427
     53.67123926
     53.28803478
     53.39729665
     52.88969638
     53.87943822
     53.31305447
     53.31305447
     54.18569817
     55.01318091
     54.97893993
     54.97893993
     55.22818036
     55.19115964
     55.26343492
     55.26343492
     55.24430362
     55.24153910
     55.47941852
     55.47941852
     55.46904683
     55.46904683
     54.84342460
     54.84342460
     54.44981840
     52.76678865
     52.76678865
     52.76678865
     52.76678865
     54.87974845
     55.43433481
     55.53034617
     55.53034617
     55.53034617
     55.53034617
     55.53034617
     55.39188238
     55.39188238
     55.25787905
     55.25787905
     55.30181274
     55.30181274
     55.32284093
     55.42842884
     55.42842884
     55.42842884
     55.55689957
     55.55956933
     55.52821977
     55.52821977
     55.52821977
     55.57131060
     55.57012465
     55.57012465
     55.57012465
     55.57012465
     55.54761421
     55.40771304
     55.54323275
     55.29502201
     55.19859404
     55.47381338
     55.43607071
     55.43607071
     55.42236162
     55.38125004
     55.37522590
     55.41434530
     55.38030768
     55.32651368
     55.56932681
     55.56932681
     55.56932681
     55.56695840
     55.55320959
     55.55320959
     55.55320959
     53.43204063
     53.43204063
     53.43204063
     54.51219699
     54.51219699
     55.26049233
     55.11052564
     55.06932799
     55.44919350
     55.41013193
     55.32299693
     55.51734180
     55.51734180
     55.57983509
     55.57555513
     55.37997996
     55.38375499
     55.38375499
     55.38375499
     55.38375499
     55.35704379
     55.35704379
     55.18678497
     55.34398289
     55.15830024
     55.26447439
     55.43701779
     55.46595218
     55.46595218
     55.46595218
     55.46595218
     55.46890504
     54.00195701
     54.33991410
     54.33991410
     54.27109820
     53.43624042
     54.09013670
     54.80973748
     54.80041844
     54.63488582
     54.63488582
     54.63488582
     54.33829834
     54.47092386
     54.71907251
     54.30798302
     54.63055981
     54.63055981
     54.84796378
     54.87075566
     54.73056345
     54.73056345
     54.73056345
     54.83161489
     54.99058947
     54.68051405
     54.72660828
     54.65787587
     54.62848590
     54.90255078
     55.46639691
     55.07968762
     54.93029407
     55.34024661
     55.48444600
     55.51671523
     55.51671523
     55.51978020
     55.55391832
     55.53184604
     55.52252912
     55.51614635
     55.51614635
     55.53820634
     55.51901418
     55.51901418
     55.51901418
     55.38930115
     55.46757585
     55.46757585
     55.46757585
     55.46021416
     55.46021416
     55.46021416
     55.46021416
     55.54725128
     55.43234668
     52.61539706
     53.03949000
     53.03949000
     50.28175510
     50.28175510
     50.28175510
     51.16499071
     51.60967097
     51.60967097
     51.60967097
     51.60967097
     51.71321685
     51.71321685
     51.71321685
     51.71321685
     54.66195555
     54.29428960
     54.29428960
     54.40640570
     53.57986304
     54.15468383
     54.25650069
     54.76054325
     54.59603407
     55.13822284
     54.62511192
     55.10100910
     54.52936958
     54.52936958
     54.52936958
     53.94351961
     53.29746206
     53.25313894
     54.54452067
     54.40503612
     54.40503612
     53.95967423
     55.14261068
     55.14261068
     55.14261068
     55.44708671
     55.47753642
     55.49056498
     55.49895132
     55.50074068
     55.17810564
     55.17810564
     55.17810564
     55.19586629
     55.41694645
     55.41694645
     55.41694645
     55.41694645
     55.41721145
     55.29611461
     55.35824662
     55.25424112
     55.18080510
     55.30980696
     54.71468589
     54.71468589
     55.09851535
     55.02293951
     54.92599350
     54.98002100
     54.98002100
     54.93995644
     54.93995644
     54.99178472
     54.99178472
     54.78943495
     54.73332509
     54.73332509
     55.36442207
     54.35126944
     54.35126944
     54.35126944
     54.35126944
     54.24981554
     54.26537947
     54.11181977
     54.78686413
     54.78686413
     54.78686413
     54.78686413
     55.10536462
     54.15027844
     54.95596500
     54.30353064
     55.16191893
     54.68774896
     54.70691070
     54.68809797
     54.70616734
     53.08959430
     53.83379077
     53.41230879
     53.41230879
     53.12515401
     54.55012882
     54.44784276
     53.49155356
     53.49155356
     54.33675494
     54.55082543
     54.55082543
     54.59715607
     54.35506430
     53.17034588
     53.17034588
     53.17034588
     53.17034588
     54.21821251
     54.07390084
     54.12402359
     55.15271757
     55.20615027
     54.35795299
     54.35795299
     54.26541863
     54.23265878
     53.56232780
     51.94394096
     51.94394096
     51.94394096
     52.28107998
     52.28107998
     52.28107998
     52.28107998
     52.28107998
     52.47780887
     50.65436461
     51.54279423
     51.54279423
     53.43864127
     53.98350264
     54.09692849
     54.09692849
     52.86437009
     52.86437009
     52.86437009
     52.86437009
     52.86437009
     52.86437009
     54.40519581
     54.67711419
     54.67711419
     54.96143943
     53.57744353
     53.57744353
     55.00548145
     55.00693637
     54.72931730
     54.66366557
     53.97020947
     53.12656233
     53.12656233
     53.12656233
     53.12656233
     53.12656233
     51.51860697
     51.59177643
     52.19067055
     52.98257249
     52.37152126
     52.37152126
     51.82875911
     52.64251772
     51.74158470
     51.48656009
     52.79903116
     52.79903116
     53.80420291
     53.50847202
     54.01179876
     54.18947502
     53.74296278
     53.74763227
     53.66508696
     53.66508696
     53.66508696
     52.60347237
     54.58388796
     54.50797922
     54.39389302
     54.60250496
     54.48523891
     54.37643947
     53.54644260
     53.54644260
     54.87894345
     54.54184158
     54.71779235
     54.67298055
     54.24042893
     54.24042893
     54.01548798
     54.19672185
     53.35971737
     53.35971737
     53.30487613
     53.51223560
     53.29244035
     54.05650925
     54.41216233
     53.41543216
     52.99026693
     52.99026693
     52.99026693
     53.24844655
     53.24844655
     53.37736369
     53.37736369
     54.78707956
     54.97429453
     55.04702807
     55.04702807
     55.08095706
     55.02705258
     55.32015413
     55.32378918
     55.47566724
     55.17033834
     55.17033834
     55.05810341
     55.03143202
     55.57185800
     55.53732051
     55.54409866
     55.58043030
     55.56025616
     55.56025616
     55.52644396
     55.52644396
     55.50879734
     55.50879734
     55.50879734
     55.41592700
     55.22367891
     55.25741417
     55.25741417
     55.25618938
     55.03504166
     55.03504166
     55.07227059
     55.07227059
     55.08626362
     55.19461721
     55.19461721
     54.49685129
     54.65262295
     53.54048639
     53.54048639
     54.91997199
     54.91334618
     54.95504862
     54.95504862
     55.05531679
     54.84024511
     54.09942937
     54.32205629
     54.32205629
     54.87142208
     55.40797348
     55.41217527
     55.41217527
     55.41217527
     55.41217527
     54.30309747
     54.53386929
     54.53386929
     54.61900441
     53.91490797
     53.91490797
     53.87856575
     54.46866548
     55.19567152
     55.11542782
     54.96605444
     55.02924680
     55.25950090
     55.25711023
     54.86811843
     54.86811843
     54.86811843
     54.64237110
     54.88524672
     55.11708549
     55.03819927
     55.03819927
     55.03819927
     54.53944642
     54.53944642
     55.40828881
     54.91546464
     54.14447075
     55.07863785
     55.05448439
     55.05448439
     55.05448439
     55.28783937
     54.33221705
     55.18180320
     54.92426719
     55.20311104
     55.20432077
     54.81750377
     54.62902530
     54.63470473
     54.75996368
     54.65180564
     54.71563660
     54.96119734
     54.83947077
     54.20245545
     54.03060164
     54.03060164
     54.44265892
     54.54761951
     53.99706305
     53.99706305
     53.33264121
     53.33264121
     53.33264121
     53.33264121
     53.99979957
     54.07664014
     54.07664014
     54.07664014
     54.07664014
     54.90330674
     54.90330674
     54.90330674
     54.90330674
     54.90330674
     53.65714290
     53.65714290
     54.17888066
     54.06437059
     51.92948248
     54.89267220
     54.91988778
     54.91988778
     54.66763500
     53.20088619
     53.20088619
     54.06122579
     54.06349091
     54.06349091
     54.62413139
     54.62413139
     54.99649842
     55.10371521
     55.24926297
     55.27235476
     55.09805010
     54.76154346
     55.22945698
     55.22895875
     55.22895875
     55.16787975
     54.01914990
     54.39217942
     54.49764780
     54.49764780
     54.49764780
     54.49764780
     55.04015864
     54.90471365
     54.59315134
     54.88599745
     54.69477662
     54.64525796
     54.31879435
     53.51170706
     53.51170706
     54.13951057
     53.60677594
     52.50374298
     52.50374298
     52.50374298
     53.83596792
     53.83596792
     55.05571721
     54.32540827
     53.06105455
     52.24210002
     52.48693923
     55.20459911
     55.20459911
     55.20459911
     55.48582412
     55.47301911
     55.43979978
     55.00651444
     54.81927170
     54.81927170
     54.98497548
     55.11956634
     55.10099271
     55.10099271
     55.09003188
     55.13018356
     55.32704631
     54.82746757
     53.46715320
     51.65225049
     51.65225049
     51.65225049
     51.65225049
     53.71331170
     53.47419989
     53.25695369
     53.25695369
     54.20412396
     54.20412396
     54.20412396
     54.20412396
     54.20412396
     54.85036163
     55.19866447
     55.21666856
     55.21666856
     55.21666856
     55.21666856
     55.21439079
     55.37236373
     55.37236373
     55.37236373
     55.33860828
     53.69974540
     53.69974540
     53.77714359
     53.69544380
     53.32723009
     53.32723009
     53.32723009
     53.54407808
     54.52894923
     54.83279481
     53.22931613
     53.25308922
     54.99030598
     54.41394112
     55.30375866
     55.07303936
     55.05657639
     54.99725578
     55.43588837
     55.43588837
     55.43588837
     55.34350646
     55.31388978
     55.19487204
     55.44976557
     55.44976557
     55.44976557
     55.44976557
     55.50820620
     55.02547060
     55.43646216
     55.39291416
     55.32683736
     55.03465056
     55.17882396
     55.23585527
     55.14933432
     55.16775854
     54.70054466
     54.28082654
     54.28082654
     54.82436238
     54.64289242
     54.57577061
     53.69790663
     54.46145965
     54.49965575
     54.68646161
     54.71835657
     55.16847710
     54.88428736
     54.88428736
     54.51690102
     55.02369892
     55.02369892
     54.98258268
     54.91987842
     54.54866548
     54.50427823
     53.57853742
     54.06653262
     54.06653262
     54.06653262
     54.06653262
     55.04452396
     55.04452396
     55.04298835
     55.04298835
     55.04298835
     55.04298835
     55.04298835
     55.05767261
     55.05767261
     55.19980195
     55.35416365
     55.33419622
     54.92913374
     55.02651254
     54.77441047
     54.77441047
     54.78501848
     54.69111177
     54.69111177
     54.94094532
     54.91348131
     54.91348131
     54.81777027
     55.10037998
     55.30922799
     54.91111884
     55.10038106
     54.68904598
     54.68904598
     54.68904598
     53.59866528
     53.36749621
     53.75849880
     54.18392068
     54.18392068
     53.85836529
     54.40256637
     54.09341373
     54.08954530
     54.38566340
     54.20326718
     54.03187363
     54.03187363
     53.77980190
     53.13300549
     53.13300549
     50.45464221
     50.45464221
     48.96211424
     54.28843834
     55.17798127
     55.28733765
     55.29617030
     55.50833699
     55.47593847
     55.39214563
     54.99892900
     54.99892900
     55.05751224
     55.32031563
     54.82001032
     55.37727542
     55.37727542
     55.32710179
     55.32710179
     55.32710179
     55.32710179
     55.29847711
     55.29847711
     55.46181554
     55.33836602
     55.33337284
     55.33337284
     55.33337284
     55.27094800
     54.94696025
     55.01839965
     55.01839965
     55.01839965
     52.51720227
     51.59642645
     54.82487887
     55.46287851
     55.46287851
     55.39294016
     55.39294016
     54.61984903
     54.61984903
     54.22732614
     54.84898496
     55.16520633
     55.24792885
     55.18448465
     55.14123969
     55.12983733
     55.51532658
     55.51532658
     55.57263854
     55.57263854
     55.57263854
     52.16732938
     50.95466558
     50.94618815
     50.94618815
     50.94618815
     50.94618815
     53.01412200
     53.48811682
     53.48811682
     53.60348147
     53.60348147
     53.75641084
     53.46410094
     53.46410094
     53.46410094
     53.46410094
     53.46410094
     53.46410094
     53.46410094
     53.39525942
     53.39525942
     53.39525942
     53.39525942
     53.39525942
     53.42389069
     52.80040354
     52.17951017
     52.25107071
     51.22156676
     51.22156676
     52.83562204
     53.07128882
     54.31654751
     54.31654751
     54.52883606
     54.64477765
     54.73613592
     54.80738306
     54.80738306
     55.39141134
     55.37125858
     54.89963695
     54.89963695
     54.89963695
     54.89963695
     54.89963695
     54.94321157
     55.45743617
     55.45743617
     55.46559303
     55.24234361
     55.24234361
     55.24234361
     54.16343602
     54.04545972
     54.51595856
     54.51595856
     54.51595856
     54.80888232
     53.38370444
     53.47145856
     54.77743690
     54.28114151
     54.21151169
     54.70919282
     54.97345339
     55.40093331
     55.40093331
     55.40093331
     55.45950945
     55.49142283
     55.32812566
     55.32812566
     55.32812566
     55.40672956
     55.40672956
     55.40672956
     55.55345374
     55.55345374
     55.55345374
     55.56496619
     55.55089501
     55.56440329
     55.55629212
     55.45116546
     55.45116546
     55.10306568
     55.10306568
     54.26635908
     54.22109638
     55.13466293
     54.92613178
     55.15555164
     55.15555164
     55.26254781
     54.01487445
     54.27450249
     54.42968835
     55.46761516
     55.51796212
     51.97185418
     51.97185418
     51.50121647
     52.05155624
     51.89389957
     52.21136405
     51.30733482
     51.30733482
     51.50774117
     52.52669969
     52.15293886
     52.76324986
     52.76324986
     52.76324986
     52.82179212
     52.96725578
     53.60261542
     54.32749053
     54.19085159
     54.90566478
     55.15344764
     55.33046817
     55.43523896
     55.46369245
     55.46666039
     55.48208804
     55.49575360
     55.48314600
     55.48314600
     55.49063534
     55.54647717
     55.54647717
     55.57526071
     55.56595189
     55.56595189
     55.51993112
     55.51993112
     55.56441386
     55.51090227
     55.53301377
     55.27707099
     55.45618056
     55.45847377
     55.17900454
     55.17900454
     55.17900454
     54.86931789
     54.86931789
     55.40776386
     55.40776386
     54.09891822
     54.02651565
     54.02651565
     53.03929032
     53.03929032
     53.03929032
     53.03929032
     54.49717330
     52.82245835
     53.72825503
     53.72825503
     54.52241694
     54.52241694
     54.52241694
     55.09392422
     55.20108503
     55.07189138
     55.38930868
     55.45318985
     55.45318985
     55.45318985
     55.45318985
     55.26842696
     54.47177087
     54.01972264
     54.01972264
     54.01972264
     53.15246652
     53.02409013
     53.02409013
     52.97758712
     53.99464817
     53.22202383
     53.88815783
     53.88815783
     52.54551462
     52.25951353
     52.15341441
     52.15341441
     51.20202018
     52.19901660
     51.78238738
     51.78238738
     53.31370666
     53.04084086
     51.77302954
     53.13905010
     54.32814452
     54.15936497
     54.12601038
     55.32493872
     55.34767456
     55.35139856
     55.18107323
     54.91626151
     54.68980178
     54.65339300
     54.65339300
     54.76907024
     54.76972907
     55.11550239
     54.94282383
     55.47590757
     55.47838716
     55.47838716
     55.47838716
     55.47838716
     55.36135403
     55.36135403
     55.36023126
     55.36023126
     55.37436874
     55.37436874
     55.32068742
     55.30323122
     55.35742504
     55.35267367
     55.42311966
     55.42311966
     55.13780759
     55.42368259
     55.38037664
     55.45591463
     55.28124695
     55.34914174
     55.34914174
     55.28823164
     55.12192555
     55.12192555
     55.06190261
     55.03584755
     54.73867860
     54.22763909
     55.17225704
     55.05193064
     55.05193064
     54.88973952
     54.58954062
     54.77246543
     54.77729703
     54.63910152
     54.63910152
     54.58773083
     54.55105169
     54.55105169
     54.82634924
     53.76789087
     53.72610197
     53.72610197
     52.73286019
     51.83546871
     53.70506229
     54.43153288
     54.55220570
     54.55220570
     54.23194441
     53.77632808
     54.93590506
     54.98757229
     54.98757229
     54.98757229
     54.91198977
     54.97231989
     54.95117929
     55.18067458
     54.80648545
     54.38183413
     54.08419026
     54.08419026
     54.08419026
     54.92186702
     55.48602721
     55.55216735
     55.48193874
     55.52115572
     55.36841001
     55.36841001
     55.36841001
     55.36841001
     55.36841001
     55.36841001
     55.36841001
     55.36841001
     55.10457153
     55.04458984
     55.04458984
     55.04458984
     55.04458984
     55.04458984
     55.04458984
     55.46751973
     55.52356353
     55.57356766
     55.25993359
     54.66191674
     54.17029486
     54.23987520
     53.92055125
     53.92055125
     53.92055125
     54.83954020
     54.83954020
     54.58285134
     54.90218032
     54.90218032
     54.90218032
     54.90218032
     55.01274963
     55.01274963
     55.01274963
     55.01274963
     54.55926262
     55.24587680
     55.27878594
     55.34040805
     55.16748462
     53.93116442
     54.19116530
     54.18453159
     53.19902632
     53.13879276
     53.13879276
     53.13879276
     54.11196060
     52.46273995
     52.46273995
     52.32991614
     52.32991614
     53.37677548
     52.34145971
     52.34145971
     53.44632977
     52.82922236
     52.87542803
     52.95878850
     52.95878850
     52.95878850
     52.95878850
     52.95878850
     52.95878850
     54.66285732
     54.60961985
     53.88468304
     53.32056474
     54.26683834
     54.26683834
     54.26683834
     54.44153658
     54.89346752
     55.06801933
     54.72398089
     54.69574190
     54.69574190
     54.78152723
     54.81566942
     55.23882272
     55.23910874
     54.97056642
     55.27900708
     54.67986182
     54.44357701
     53.96960508
     53.83928840
     54.05938851
     54.05938851
     53.84239008
     54.53051523
     54.47324612
     54.47324612
     55.39913982
     55.42165970
     55.42165970
     55.27138594
     55.27138594
     55.41268269
     55.37880297
     55.37219816
     55.16102126
     55.11640049
     55.11640049
     55.12736178
     55.12736178
     55.14781357
     55.14781357
     55.12927863
     54.72823035
     54.70246591
     54.70246591
     54.70246591
     54.70246591
     53.92027786
     53.62883115
     53.62883115
     50.24532946
     50.24532946
     51.22266607
     51.22266607
     52.27662229
     52.29488212
     53.18841083
     53.18841083
     53.84698404
     53.74292943
     53.13414295
     52.64995990
     52.64995990
     53.40702943
     53.40702943
     53.54268767
     53.77302404
     53.79024530
     54.51287153
     54.75188137
     55.23814237
     55.20311797
     54.65330447
     54.65330447
     54.81910172
     54.54540201
     54.70962673
     54.70962673
     54.71010742
     54.55294350
     54.94496271
     55.27997171
     55.30382055
     55.25127764
     55.25127764
     54.59175850
     54.89380597
     54.89380597
     55.03056970
     54.61845259
     54.61845259
     54.58978628
     54.58978628
     54.58978628
     54.58978628
     54.65575575
     54.41319087
     55.20345009
     55.49678212
     55.41346575
     55.41346575
     55.41346575
     55.21757856
     54.95142874
     54.95142874
     54.36024586
     54.44145405
     54.17952233
     53.96645472
     53.93612258
     54.32383832
     54.38289857
     54.66240029
     55.16157044
     55.38238852
     55.53004892
     55.52670953
     55.33461791
     55.27590309
     55.27590309
     55.24900996
     55.09789082
     55.09191390
     55.17497548
     54.88233270
     55.18618939
     55.17076676
     55.36353265
     55.36353265
     55.15324235
     55.13023782
     55.13097694
     54.24450957
     54.75459142
     54.80197308
     54.64148616
     54.65333397
     54.28495664
     54.09360796
     54.09360796
     54.09360796
     53.91158232
     52.32986879
     52.32986879
     51.05435878
     54.05628176
     54.05628176
     54.41149737
     54.41149737
     54.41149737
     54.41149737
     54.28105325
     52.91374630
     52.91374630
     53.59454406
     53.59454406
     53.59454406
     53.65108682
     53.46609213
     53.77408838
     54.09775635
     53.76286021
     53.76286021
     53.76286021
     54.58987412
     54.22144807
     54.22144807
     54.22144807
     53.99322308
     52.34129679
     51.78237262
     51.63770461
     52.41135211
     52.41135211
     52.41135211
     53.46694212
     53.46694212
     54.33418223
     54.23577760
     54.23577760
     53.79488449
     53.79488449
     53.79488449
     53.50685064
     53.09366423
     53.09366423
     53.09366423
     53.09366423
     54.34386151
     54.57255568
     54.52710600
     55.25886122
     55.24216103
     55.28333369
     55.02185021
     54.55512192
     54.55512192
     55.54988011
     55.51521118
     55.53003881
     55.55800029
     55.55800029
     55.55800029
     55.17418079
     55.13216083
     55.13216083
     55.00762128
     54.09692850
     54.12440217
     53.46353739
     53.46934538
     53.43134710
     54.07005631
     52.94286663
     52.94286663
     52.97154106
     53.34279645
     53.58766213
     53.58766213
     53.58766213
     53.58766213
     53.81150855
     54.01488211
     54.01488211
     54.01488211
     54.11874786
     54.24478606
     54.24478606
     54.24478606
     54.24478606
     54.03291729
     54.03291729
     54.03291729
     53.11742436
     53.28578485
     53.28578485
     53.22337083
     53.22337083
     53.22337083
     53.89184177
     53.89184177
     53.85585091
     53.85585091
     54.14982322
     54.06696850
     54.90277714
     54.90277714
     54.18060228
     54.75697075
     54.75697075
     55.45657166
     55.45657166
     55.45712893
     55.45712893
     55.45712893
     55.45712893
     55.39243284
     55.20081767
     55.15614133
     54.51191723
     54.76223298
     55.13469303
     55.13469303
     55.13469303
     55.13469303
     55.13469303
     54.85754137
     54.89066834
     54.89066834
     54.89066834
     55.11306771
     55.14339110
     55.12037617
     54.84242685
     54.84242685
     55.29551347
     55.28267555
     55.28267555
     55.51958475
     55.52055010
     55.49376163
     55.35461302
     55.35461302
     55.34065564
     54.90639941
     54.90639941
     55.12007590
     55.12007590
     55.17111136
     54.96331969
     55.00241872
     55.00241872
     53.50799048
     53.50799048
     53.50799048
     53.50799048
     53.50799048
     53.18635761
     53.63688620
     53.78008732
     53.20893734
     52.84111804
     52.84111804
     52.84111804
     52.42522633
     51.70698548
     53.20729134
     53.20729134
     53.20729134
     53.20729134
     53.20729134
     53.20729134
     53.06188748
     54.32403392
     54.52455671
     54.52455671
     54.78677706
     55.04521679
     55.04521679
     55.22599502
     54.82265920
     54.80350837
     55.05921867
     55.05921867
     54.80711704
     55.26622031
     55.25276921
     55.26061203
     55.26061203
     55.07818389
     53.03745014
     52.49269923
     52.43116672
     51.89937470
     54.19458420
     54.51620204
     54.73631862
     54.73631862
     54.73631862
     54.54619583
     55.00757567
     54.93065678
     54.93065678
     54.88038198
     55.04268429
     54.11509105
     54.11509105
     55.50668109
     55.56019760
     55.37424604
     55.10711860
     55.45559228
     55.47267861
     55.22852502
     55.22852502
     55.54294767
     55.54294767
     55.55939761
     55.55939761
     55.55939761
     55.54661159
     55.54661159
     55.54661159
     55.54661159
     55.46039247
     55.46039247
     55.38467313
     55.36518018
     55.12273477
     54.96842009
     54.64548585
     53.16440779
     53.16440779
     53.16440779
     53.16440779
     52.33944351
     52.33944351
     52.31647815
     52.63760790
     52.44354877
     54.31888359
     54.31888359
     54.31888359
     54.41195367
     54.41195367
     55.13035708
     55.13035708
     55.13035708
     55.13778059
     55.12213762
     55.09222522
     55.54450481
     55.54450481
     55.54663786
     55.54663786
     55.49585621
     55.52665642
     53.70045874
     53.19109719
     53.19109719
     53.74062707
     53.74062707
     53.85240058
     53.30542640
     53.66861784
     55.00082305
     55.00082305
     55.00416846
     55.05934427
     55.28766858
     55.00940831
     54.95891471
     54.79489957
     54.79489957
     54.25799448
     53.43680932
     54.48232779
     53.95820459
     53.95820459
     54.25686582
     55.05783094
     54.60772603
     54.39038512
     54.40835910
     54.77935391
     55.23364077
     55.23364077
     55.33399610
     55.33399610
     55.33399610
     55.32840121
     55.32840121
     54.78935540
     54.79252235
     54.81363250
     54.34752360
     54.34752360
     54.34752360
     54.34752360
     54.73096148
     54.73096148
     54.83400855
     54.65074639
     54.62006841
     55.13510823
     55.13510823
     55.16158946
     55.46205551
     55.50720501
     55.48899500
     55.48726101
     55.48726101
     55.45185515
     55.44321226
     55.44321226
     55.49900226
     55.49900226
     55.46742429
     55.46742429
     55.46742429
     55.39524272
     54.40111980
     53.75337374
     53.87747789
     53.66150120
     54.17391702
     54.10479142
     54.10479142
     54.55143246
     54.55143246
     54.37130806
     55.30166186
     55.01192857
     55.01192857
     55.05662478
     55.04082546
     55.26555007
     55.26678953
     55.19668705
     55.18149190
     55.18149190
     55.17038517
     55.11267500
     55.18854541
     55.17819979
     55.18092538
     55.13803627
     55.13803627
     55.14474833
     54.55616468
     54.55649786
     54.55649786
     54.55649786
     53.77495110
     53.79771633
     53.79771633
     53.79771633
     54.77735501
     54.48240825
     54.48240825
     54.48240825
     54.12745301
     55.24913681
     55.25892587
     55.25892587
     55.12190458
     55.09205945
     55.09205945
     55.09205945
     55.06092879
     55.06092879
     54.79987794
     54.79987794
     53.67589959
     54.68143116
     54.68143116
     54.68143116
     55.57790764
     55.56150845
     55.57050670
     55.53026539
     55.55362128
     55.55362128
     55.55362128
     55.39601665
     55.39601665
     55.57760467
     55.46689251
     55.46689251
     55.46689251
     55.44881770
     55.48394470
     55.53720971
     55.34756842
     55.34756842
     55.31907365
     55.43711717
     55.35746094
     55.35746094
     55.51494019
     55.51494019
     55.51494019
     55.49543945
     55.48909201
     55.48909201
     54.88845086
     55.54360674
     52.32361046
     53.59938218
     54.34432795
     54.15058064
     54.15264583
     54.10894101
     51.85425806
     52.72853210
     53.12655521
     53.03633369
     53.03633369
     54.12214056
     54.63488339
     54.63488339
     55.01504057
     55.15324635
     55.12774054
     55.19455833
     55.14687436
     55.16148698
     54.94753086
     54.89818634
     55.29012297
     55.37552007
     55.22895926
     55.55329758
     55.38681305
     55.10428496
     55.19831510
     55.16734323
     54.73893131
     55.18281101
     53.53564967
     53.35763937
     53.10085067
     53.10085067
     53.10085067
     53.10085067
     53.10085067
     53.10085067
     54.72711552
     54.83416122
     55.18165784
     55.34886494
     55.34886494
     55.34886494
     55.41397339
     55.41397339
     55.41397339
     55.41397339
     55.01803493
     54.85015196
     54.76602895
     54.76602895
     54.77964450
     54.97864838
     55.07075993
     55.07766971
     54.27602373
     54.97518379
     55.42348040
     55.52003731
     54.91352846
     54.52508789
     54.07854656
     54.86495588
     54.86495588
     54.86495588
     54.86589820
     54.96761225
     54.96761225
     54.57850396
     53.80301385
     54.02308978
     54.19038783
     54.88419128
     54.92618809
     54.92618809
     54.92618809
     55.31247158
     55.33994308
     55.42436461
     55.42436461
     55.42436461
     55.42436461
     55.42436461
     55.42436461
     54.93323241
     54.88941842
     54.72939540
     54.72939540
     54.86181808
     54.86181808
     55.55829567
     55.57638106
     55.50993234
     55.54603636
     55.53199863
     55.53199863
     55.41777289
     55.58041448
     52.86724016
     53.94867109
     53.94867109
     53.94867109
     53.94867109
     54.48981272
     55.30977935
     55.30977935
     55.30977935
     55.30977935
     55.30891223
     55.30891223
     55.30891223
     55.25274697
     55.42631885
     55.42631885
     55.42631885
     55.42631885
     55.27104663
     55.27104663
     55.27104663
     55.28222708
     55.37405145
     54.91900665
     55.48208261
     55.35424614
     55.35424614
     55.36471664
     55.10895683
     55.07912586
     55.07920742
     55.06613761
     55.11352065
     54.89152855
     55.42408165
     55.03513345
     55.03513345
     55.03513345
     54.93808280
     54.90827741
     55.41187147
     55.42087106
     55.20257693
     55.20257693
     55.08072895
     54.98865020
     54.98865020
     54.98865020
     54.98865020
     55.38285240
     55.38285240
     55.38285240
     55.20685913
     55.10022590
     55.26816304
     55.24022349
     55.49331765
     55.22955904
     55.22955904
     55.26063620
     55.23119740
     55.16097580
     55.12490118
     55.12490118
     55.39699561
     54.52338986
     54.87025957
     54.99714564
     54.94061602
     54.94061602
     54.70409775
     54.70409775
     55.51779425
     55.51779425
     55.21410742
     55.21587076
     55.24791035
     55.24791035
     55.22321411
     54.23117681
     54.69692068
     54.69692068
     54.81938999
     52.98750981
     53.17011109
     54.20112741
     54.20112741
     53.39896798
     53.39896798
     54.18139650
     54.18139650
     54.18139650
     54.27770613
     54.27770613
     53.00191273
     53.00191273
     53.00191273
     53.63697596
     54.57841767
     54.33375984
     54.40704847
     53.60392909
     53.60392909
     53.60392909
     53.60392909
     53.44138375
     53.44138375
     53.44138375
     53.44138375
     53.38995601
     54.42769118
     54.88320594
     54.92339006
     55.18942841
     55.24123817
     55.34227610
     55.34729065
     55.43179761
     55.46385303
     54.65437032
     54.65437032
     54.71804707
     54.71804707
     54.71804707
     54.23850181
     54.24289302
     54.48665128
     54.48665128
     54.26887540
     54.26887540
     54.39354298
     51.68777075
     53.11049077
     53.11049077
     54.41654974
     54.58309238
     54.28486639
     54.28486639
     54.28486639
     54.28486639
     54.47258303
     54.47258303
     54.47258303
     54.88962535
     55.07889361
     55.02563121
     55.02563121
     55.24394428
     55.34366018
     55.36938649
     55.36938649
     55.48586640
     55.48586640
     54.69243513
     53.28235491
     54.38843536
     54.41291481
     54.21707693
     54.41212863
     54.41212863
     54.41212863
     54.83385862
     54.80777630
     54.80057415
     54.87283084
     54.83838089
     54.40710899
     54.55224985
     54.55224985
     54.55224985
     54.55224985
     54.55224985
     54.70689233
     54.70094172
     54.89232019
     54.67646276
     54.67646276
     54.79989291
     54.75884729
     54.67866265
     54.67866265
     53.77127854
     54.12087470
     53.16325807
     53.16325807
     52.93856139
     53.52812122
     53.52812122
     53.52812122
     55.21134229
     55.22913496
     54.60289988
     54.60289988
     54.03084746
     54.25446995
     54.90811232
     54.86188611
     54.86188611
     54.68370860
     55.33835207
     55.30226468
     55.51638558
     55.51638558
     55.57319510
     55.57319510
     55.57319510
     55.57319510
     55.54428250
     54.86945783
     54.92996291
     54.92996291
     54.94074619
     54.79805357
     54.79805357
     54.50640524
     54.33802630
     54.82653607
     55.09818568
     55.25187058
     55.21322938
     53.82222350
     54.06712266
     55.06076686
     54.68177422
     54.68177422
     55.32365707
     55.31146240
     55.31146240
     55.03859993
     55.03859993
     55.03859993
     55.03859993
     55.50514814
     55.50514814
     55.50514814
     55.49998220
     55.43239273
     55.31059743
     55.49385637
     55.38200074
     55.38574651
     55.18181928
     55.18181928
     55.32160051
     55.32160051
     54.40951670
     54.16488111
     54.16488111
     54.37767874
     51.02493663
     53.08454333
     53.08454333
     53.70112570
     53.65461899
     53.65461899
     53.78843195
     52.80287958
     52.97424565
     52.97424565
     52.97864096
     53.76016551
     54.51675858
     54.53350003
     54.66787378
     54.65648070
     54.78597505
     55.00458817
     55.45490890
     55.45490890
     55.54093783
     55.41519105
     55.44253302
     55.44253302
     55.44253302
     55.51162472
     55.51162472
     55.54825000
     55.51670879
     55.52185463
     55.53451574
     55.56944539
     55.56944539
     55.14038652
     55.14038652
     55.28669941
     55.33518782
     55.33518782
     55.42467314
     55.49790137
     55.57698914
     55.57762591
     55.57762591
     55.50337449
     54.16806927
     54.16806927
     54.85075627
     54.85075627
     55.24029469
     54.95528863
     55.40070729
     55.44182133
     55.14217050
     55.30048464
     55.30048464
     54.97803356
     55.07076723
     55.07076723
     54.92454562
     55.02360240
     55.22985188
     55.22857706
     55.22857706
     55.11399955
     55.40610908
     55.31868893
     54.59724367
     55.21072075
     55.28635052
     55.28476979
     54.97305801
     54.88511174
     54.75138337
     55.53069990
     55.57866660
     55.53913627
     55.51350069
     55.54915845
     55.50048225
     55.51020557
     55.31023010
     55.31023010
     55.31023010
     54.80153986
     54.80153986
     54.74466529
     54.74466529
     55.10661967
     55.05887530
     55.46591409
     55.46591409
     55.43129097
     55.43129097
     55.41874254
     54.71168201
     54.71168201
     55.04574885
     55.04574885
     55.04574885
     55.04574885
     55.52635533
     55.55086214
     55.55086214
     55.55086214
     54.74894491
     54.74894491
     55.53485670
     55.53485670
     55.54176173
     55.57997218
     55.57997218
     55.57997218
     55.57974735
     55.57131570
     55.55013593
     55.54204289
     55.55308233
     55.55308233
     55.49390570
     55.41322253
     55.41322253
     55.41322253
     55.41322253
     55.41322253
     55.41322253
     55.52988135
     55.52988135
     55.44352644
     55.47113970
     55.47113970
     55.47113970
     55.47113970
     55.48864745
     55.30854364
     55.18701701
     54.99050544
     54.99050544
     55.39406535
     55.39406535
     54.47126830
     54.47126830
     54.47126830
     54.47126830
     54.92379255
     54.70885550
     54.19419055
     54.99207401
     54.97756173
     54.97756173
     54.97756173
     55.29225587
     55.41385514
     55.48393993
     55.45464903
     55.45464903
     55.25226041
     55.47371916
     55.47469476
     55.47431776
     55.47431776
     55.47531522
     55.47531522
     55.50803973
     55.44545633
     55.32666278
     55.32666278
     54.57901883
     54.75325863
     54.78209950
     54.84679056
     54.84679056
     54.84679056
     54.86588575
     54.86588575
     54.86588575
     54.93197215
     54.93197215
     54.85573061
     54.85573061
     54.04056940
     53.76708982
     53.91777204
     53.91777204
     53.01766835
     52.97713025
     52.97713025
     53.28558607
     53.72205103
     54.25855167
     54.48608858
     54.31250776
     54.29962388
     55.35552843
     55.12321373
     54.90599430
     54.57214234
     54.42534624
     54.67228441
     55.10516767
     55.10516767
     51.88938994
     52.72307366
     53.94073875
     53.71532854
     53.58534940
     55.38439423
     54.95745284
     55.31845458
     55.31845458
     55.31845458
     55.31845458
     55.30167452
     55.30167452
     55.17732233
     55.17732233
     55.20624507
     55.41783384
     55.35831860
     55.35831860
     55.38381895
     54.91516401
     54.84172778
     54.84067396
     54.84067396
     54.54116618
     54.77051759
     54.58975093
     54.54414726
     54.54414726
     53.53199302
     54.57240758
     54.57240758
     54.57240758
     54.50090385
     53.08423529
     53.08423529
     53.08423529
     53.97894627
     53.97894627
     53.85654017
     53.85654017
     53.06677368
     52.55976907
     52.55976907
     52.55976907
     53.80625512
     52.88679446
     54.45816777
     54.55909344
     54.55909344
     54.23269491
     54.15060756
     54.15060756
     53.75663616
     53.75663616
     53.75663616
     53.78137929
     53.05188523
     53.05188523
     53.60574176
     53.60574176
     52.91691181
     52.95692300
     52.95692300
     52.95692300
     53.19190441
     53.19190441
     54.04545829
     54.82771098
     54.82771098
     54.62951338
     54.37468071
     53.35559652
     55.01023945
     54.86504710
     54.47546375
     54.40172892
     53.91485133
     53.58589637
     52.00925070
     52.00925070
     54.02175088
     54.12720516
     54.13350345
     54.33267008
     54.85562623
     54.85562623
     54.81792243
     54.81792243
     55.13895699
     55.10085874
     55.13736971
     55.21244482
     55.21244482
     55.48811103
     55.51193281
     55.51193281
     55.51104135
     55.36369253
     55.37371330
     55.50466995
     55.42998447
     55.40728750
     55.12438330
     55.08288817
     55.45544548
     55.39216725
     55.40299411
     55.46686024
     55.40244444
     55.38627215
     55.46053611
     54.78754532
     54.82690696
     53.76575105
     54.01813286
     54.16848344
     54.13293303
     54.26942024
     53.93893345
     53.66966883
     53.02090439
     53.63893844
     53.68036464
     53.44971659
     53.76632833
     54.87427971
     54.87427971
     54.87427971
     54.82195802
     54.82195802
     54.98931713
     54.62360846
     54.82962549
     54.86564639
     54.86564639
     54.79750538
     53.37397231
     54.29007869
     54.29007869
     55.16491216
     55.28222905
     55.28374090
     55.01005870
     55.01005870
     55.09589386
     55.09589386
     55.13556308
     55.13556308
     54.23461262
     54.74109530
     54.74109530
     54.77629496
     54.72659139
     54.72659139
     54.71762501
     53.42335161
     53.43917586
     53.43917586
     53.65768439
     54.38004584
     54.34670717
     53.41802230
     51.97214039
     51.97214039
     51.97214039
     50.58745948
     49.58674240
     49.58674240
     49.86583886
     49.39191780
     48.32213640
     48.32213640
     49.45968789
     49.45968789
     51.30435337
     51.11913388
     51.11913388
     52.02753103
     52.02753103
     52.02753103
     52.02753103
     52.68650076
     53.42347411
     53.42347411
     53.42347411
     52.92892630
     52.92892630
     53.11867215
     53.43507181
     53.43507181
     53.39510037
     53.39510037
     53.39510037
     53.39510037
     53.18247061
     52.62659545
     53.69752626
     52.73285649
     52.99285136
     55.49404410
     55.54999208
     55.45327617
     55.13019296
     55.13019296
     55.07046213
     54.51305021
     54.78655597
     54.86667869
     55.49751625
     55.49806633
     55.51478931
     55.53185335
     55.50449443
     55.23332027
     55.42530509
     55.50437018
     55.58028298
     55.58028298
     55.58028298
     55.51872382
     55.51559393
     55.51675495
     55.44135879
     55.44135879
     55.44135879
     55.46742365
     55.52338157
     55.36761808
     55.36878992
     54.90331785
     54.84846423
     54.12579235
     54.21812462
     54.20433275
     55.02986806
     55.02986806
     55.03642138
     55.23123425
     55.03934988
     55.03934988
     55.06345567
     54.49769674
     54.50178472
     53.33634688
     52.77453316
     52.77453316
     54.97081852
     55.06157600
     55.08445190
     55.14858605
     55.14858605
     55.19993486
     55.15004079
     55.15004079
     55.41915788
     55.11382092
     55.11382092
     55.11382092
     55.11382092
     55.39001174
     55.52439470
     55.50895361
     55.47105211
     55.53589340
     55.40997961
     55.41145096
     55.54193521
     55.48081675
     55.45632782
     55.21078293
     55.26348139
     55.12727073
     55.10819633
     54.64609638
     54.64609638
     55.00380702
     54.03299311
     54.03299311
     52.35017274
     52.35017274
     52.35017274
     54.01164291
     53.92927339
     54.60936794
     53.87979572
     54.67216481
     54.67216481
     54.49851287
     54.41621942
     55.19545584
     55.28290228
     55.28290228
     55.28290228
     55.28290228
     55.55486435
     55.55486435
     55.43468024
     55.35126739
     55.00771928
     55.36816316
     55.36816316
     55.34069887
     55.40791541
     55.11405569
     55.17660626
     55.44429900
     55.44750624
     55.17787873
     54.87825883
     55.02319885
     55.02319885
     54.97013029
     54.84134077
     54.79131995
     54.79131995
     55.16515854
     54.61636703
     55.08238735
     55.20083819
     55.15074660
     55.15074660
     55.15074660
     54.91175387
     55.33074582
     55.18257464
     55.39999805
     55.37150488
     55.37150488
     55.37150488
     55.02155090
     55.03536826
     55.21719531
     54.86948472
     54.86948472
     55.34164772
     55.08505426
     55.08505426
     55.08505426
     55.08505426
     55.08505426
     55.53920547
     55.53729885
     55.56331430
     55.56331430
     55.54688155
     55.40357793
     55.35009073
     55.32723130
     55.32723130
     55.45134802
     55.45134802
     55.41524727
     55.18931270
     55.21003459
     55.23558041
     55.06357353
     55.13004285
     55.24299271
     55.17799586
     55.34714815
     55.03113594
     55.34768412
     55.46056706
     55.46056706
     55.47319343
     55.47319343
     55.47319343
     55.47319343
     55.47319343
     55.47319343
     55.47319343
     55.47319343
     55.47319343
     55.47319343
     55.47319343
     55.47319343
     55.47319343
     55.47319343
     55.43516643
     55.42817533
     55.42817533
     55.45915976
     55.45274478
     55.45274478
     54.98876216
     54.71542780
     55.17052607
     55.17052607
     55.17052607
     55.13103049
     55.13103049
     55.13103049
     55.13103049
     55.13103049
     55.13103049
     55.54575135
     55.54575135
     55.54966985
     55.54966985
     54.48502369
     54.46297999
     53.99222352
     53.99222352
     53.99222352
     53.35286791
     53.35286791
     54.16212969
     54.16212969
     54.74358536
     55.13321099
     55.17939791
     55.14841711
     55.45930626
     55.45930626
     55.45930626
     55.45930626
     55.44006955
     55.56846443
     55.34010688
     55.34010688
     55.34010688
     55.40315935
     55.57453389
     55.57469323
     55.57469323
     55.57217267
     55.57217267
     55.49266232
     55.09912251
     55.09912251
     55.16017106
     55.16017106
     54.28378817
     55.09747099
     54.65659886
     54.76818973
     52.93780763
     52.93780763
     52.93780763
     52.93780763
     53.70288124
     53.70288124
     53.70288124
     55.10533591
     55.11535882
     55.11900446
     55.11900446
     54.45026044
     54.45026044
     55.55951594
     55.52412238
     55.52412238
     55.52412238
     55.52412238
     55.52412238
     55.09060287
     55.09060287
     55.09060287
     55.09060287
     55.09060287
     55.08713872
     55.08713872
     55.08713872
     55.08713872
     55.49106295
     55.49106295
     55.39171245
     55.39171245
     55.39171245
     55.54480806
     55.54800803
     55.54279071
     55.54279071
     55.44807609
     55.44807609
     55.44807609
     55.35092757
     54.94904096
     54.94904096
     55.57197297
     55.57197297
     55.56913516
     55.56913516
     55.56913516
     55.38588008
     55.38588008
     55.42880903
     55.42880903
     55.42880903
     55.34543314
     55.45584185
     55.45584185
     54.46418644
     52.97317487
     55.16138072
     55.17270044
     55.17270044
     55.20433016
     55.36698602
     53.40987183
     53.99099143
     53.17206914
     53.17206914
     53.35347644
     52.42876131
     52.42876131
     53.97831644
     53.97061450
     52.77798709
     52.77798709
     54.38253664
     53.79072043
     53.83813412
     53.83813412
     53.83813412
     54.33446589
     54.48311085
     54.98007499
     54.84436793
     54.47483762
     53.98703047
     52.87262910
     53.18563608
     53.18563608
     53.18563608
     52.91573551
     53.97547764
     54.03082442
     54.82280683
     53.11957120
     53.11957120
     54.32833949
     54.91374533
     54.43788509
     54.97815639
     55.00377101
     55.03475417
     54.94484331
     54.94484331
     54.94484331
     54.97343038
     55.08044589
     54.81499808
     54.81499808
     55.24073123
     55.36366825
     55.36366825
     55.39399342
     55.38980606
     53.47246977
     53.33776420
     54.39843541
     55.08682634
     55.08682634
     55.08682634
     55.08682634
     55.04405694
     55.00903974
     54.49436292
     53.57412361
     53.89709233
     54.52417783
     54.52417783
     54.52526918
     53.51705627
     53.51705627
     53.15479396
     54.33810796
     54.30614499
     54.54613704
     54.58754655
     54.58754655
     53.22727922
     53.78275451
     53.53928342
     53.53928342
     53.53928342
     53.53928342
     53.10349373
     52.77630583
     51.02037957
     52.46983940
     52.46983940
     52.46983940
     52.46983940
     52.73403469
     53.08530920
     53.08530920
     53.29130369
     52.84555858
     52.84555858
     52.94863170
     53.63756493
     52.85031840
     52.85031840
     53.21507551
     53.21507551
     52.59426324
     53.60401955
     53.48642825
     53.48642825
     53.13882901
     53.13882901
     53.13882901
     53.13882901
     54.94678093
     54.13195268
     54.13195268
     54.13195268
     54.43001665
     54.82401497
     54.82401497
     54.64431097
     54.64431097
     54.64431097
     54.63965275
     52.83817777
     54.10625959
     53.20931504
     52.88361050
     54.22940470
     54.37255764
     54.35819814
     54.77567032
     53.95979841
     54.46260247
     54.86496698
     54.81035037
     54.26624808
     54.77422848
     54.19407876
     54.19407876
     54.76814842
     54.76814842
     54.96670200
     54.96670200
     54.98660299
     54.83665717
     53.76161131
     53.63525110
     54.67742348
     54.67742348
     54.69815108
     54.90956516
     54.90956516
     54.30994838
     53.64895514
     53.64895514
     54.23123993
     54.72724413
     54.83489647
     54.62138465
     54.78463611
     55.02332964
     55.02332964
     55.54856325
     55.50955059
     55.51653842
     55.51653842
     55.40332030
     55.46503289
     55.46503289
     55.43873493
     55.43873493
     55.47394688
     55.51498801
     55.51498801
     55.51498801
     55.51498801
     55.51498801
     55.51498801
     55.51498801
     55.51498801
     55.47251978
     55.47229255
     55.44787876
     55.44787876
     55.31355639
     55.35112226
     55.36192644
     55.41759887
     55.31327999
     55.31327999
     53.36685469
     51.48096920
     53.26860689
     53.26860689
     53.25392422
     53.25392422
     54.08228393
     54.46749310
     53.01485832
     52.21642301
     52.21642301
     52.21642301
     53.07505587
     53.00722480
     53.29373822
     53.76340774
     55.22939261
     55.22939261
     55.15745500
     55.16678243
     55.16678243
     55.29407439
     55.29407439
     55.36629067
     55.22511066
     55.25939937
     55.22948468
     55.16550664
     51.71129568
     51.71129568
     51.71129568
     51.71129568
     52.89518675
     53.25589736
     53.25589736
     54.45611930
     54.96817066
     55.09087962
     54.92359769
     54.92359769
     53.22730925
     54.97183330
     54.97183330
     54.94179481
     54.94179481
     54.94179481
     54.94179481
     55.23635083
     55.54649367
     55.51938590
     55.51938590
     55.49305310
     55.49305310
     55.56827229
     55.56681204
     55.45051454
     55.44956171
     55.44693780
     55.52763176
     55.39266593
     55.37388585
     55.20471717
     55.43464892
     55.48283986
     55.25903052
     55.22581950
     54.66854391
     51.65940558
     53.67199849
     54.04364719
     54.04364719
     53.10063364
     53.10063364
     53.10063364
     54.20306453
     53.18239036
     54.00124215
     54.00124215
     54.00124215
     54.00124215
     54.00124215
     54.00124215
     55.20789673
     55.13713635
     55.13713635
     54.67974220
     54.67974220
     54.98620568
     54.98620568
     55.07079135
     54.72794473
     54.81229306
     54.23784326
     54.29752711
     55.01269759
     54.70497817
     54.70497817
     54.47495930
     52.58049386
     52.89026601
     51.13241562
     51.72840167
     51.72840167
     51.07577969
     50.80735797
     50.80735797
     50.52337999
     49.70412203
     49.70412203
     49.70412203
     49.70412203
     51.73553123
     51.70177792
     52.74428740
     53.24770027
     54.06879346
     55.36838847
     55.11898803
     54.95580496
     55.06501632
     54.44345145
     54.35666507
     54.71930654
     54.71930654
     54.71930654
     53.69376586
     54.09619781
     53.79435920
     53.35427038
     53.35427038
     52.74479001
     52.74479001
     51.40726388
     51.41648817
     51.41648817
     52.32690571
     51.65107017
     51.65107017
     51.21035896
     52.27543349
     52.40313612
     51.38790103
     51.38790103
     51.47243115
     51.76511571
     51.50227452
     51.78018084
     51.78018084
     50.94598630
     48.62328378
     48.62328378
     51.68933383
     51.64955608
     51.64955608
     51.64955608
     54.17777325
     53.22447321
     52.36196404
     53.66958675
     53.70275636
     53.76552811
     54.63941689
     54.62280672
     54.25390197
     54.25390197
     53.21706691
     55.24584033
     55.24584033
     55.10988353
     55.21364364
     55.27615791
     55.27615791
     54.83717215
     54.83717215
     54.62701596
     54.94782704
     53.98410243
     54.06846110
     54.20250025
     54.20250025
     55.04158165
     55.57010057
     55.57010057
     54.15956758
     54.15956758
     53.79834992
     53.79834992
     53.92843882
     54.90944458
     54.93778676
     54.28464176
     54.28464176
     54.04061526
     55.43047621
     55.47345963
     55.44184353
     55.44184353
     55.39472481
     55.36650003
     55.36650003
     54.81758717
     54.81758717
     55.44779947
     55.44779947
     55.44779947
     55.17670283
     55.17456935
     55.49723255
     55.49564707
     55.49987326
     55.50992103
     55.45196633
     55.43314334
     55.47601277
     55.46356906
     55.39688435
     55.46019194
     55.24530527
     53.69007569
     53.69007569
     54.19614011
     54.70300047
     54.70300047
     54.43061418
     53.47365009
     53.36573312
     53.36573312
     54.67835658
     53.18606643
     53.18606643
     50.45509677
     51.59398512
     51.59398512
     51.83150557
     53.99781649
     54.73530864
     54.73762921
     54.73762921
     54.73762921
     55.07880251
     55.07880251
     55.13723171
     55.05713966
     55.05713966
     55.27943714
     55.32591490
     55.33172906
     55.33172906
     55.34403696
     55.12747492
     54.67070723
     54.67070723
     54.51115836
     54.51115836
     54.80088842
     54.38309715
     54.52315639
     54.82122476
     54.82122476
     54.61811176
     54.60916495
     54.67119476
     54.87447687
     54.87447687
     54.84685462
     54.84303138
     52.92068382
     52.92068382
     53.23182830
     53.23182830
     53.23182830
     53.23182830
     54.37350862
     54.35934346
     54.35934346
     53.58650501
     53.58650501
     53.58650501
     53.76278832
     54.84348901
     54.64717567
     54.45973715
     54.24716882
     54.17297653
     53.73875434
     54.43501865
     54.30339918
     53.19837652
     53.19837652
     53.19837652
     53.19837652
     53.19837652
     53.19837652
     53.19837652
     52.48209812
     52.48209812
     53.20939840
     54.35889996
     55.17266027
     55.17266027
     55.17266027
     54.52912200
     54.12431199
     54.12431199
     53.15979711
     53.00170219
     53.46150414
     53.46150414
     54.64332143
     54.64332143
     54.64332143
     54.64332143
     54.64332143
     54.82712089
     55.02622476
     54.89551947
     54.55661555
     54.65631866
     54.65631866
     54.65631866
     54.65631866
     54.65631866
     54.96672499
     54.80438428
     55.09510569
     54.14920303
     54.14920303
     53.75264245
     55.02872798
     54.91933616
     54.44863074
     54.92416818
     54.92204666
     55.53722736
     55.53722736
     55.55000706
     54.83819176
     54.95566169
     54.95566169
     55.09401298
     54.58926751
     54.58926751
     54.61343654
     54.61343654
     54.41651218
     55.28950205
     55.26629783
     55.26522460
     55.53459832
     55.47433871
     54.15304078
     53.61735198
     53.99919375
     53.99919375
     53.99919375
     54.22301999
     55.28921685
     55.08500157
     55.08500157
     55.08500157
     54.12072262
     53.70514727
     53.70514727
     53.70514727
     53.70514727
     53.70514727
     55.57565526
     55.54234355
     55.28839605
     55.28819690
     55.28819690
     55.29199804
     55.45536217
     55.46635276
     55.46635276
     55.38970972
     55.38970972
     55.51773315
     55.54229480
     55.47274454
     55.47274454
     55.42341190
     55.42341190
     55.41889188
     55.41889188
     55.36445061
     55.04133720
     55.04133720
     55.38408098
     55.38408098
     55.32780138
     55.32780138
     55.28553377
     55.28553377
     55.33795703
     55.29522968
     55.29522968
     55.24488741
     55.24488741
     55.24488741
     55.24488741
     55.30070132
     55.26979258
     55.31070808
     55.11602903
     55.11602903
     55.20404273
     55.11127498
     55.31317662
     55.31317662
     54.56107760
     54.42344709
     54.42344709
     55.03049471
     55.03049471
     52.89814381
     55.32975651
     54.86505185
     54.42268464
     54.86512675
     54.86369742
     54.21938370
     54.14042354
     54.36631689
     54.55006107
     54.27307543
     54.36932254
     54.40229130
     53.95243238
     53.92989194
     54.00072828
     54.00072828
     54.31228057
     54.42326597
     54.42326597
     54.42326597
     54.61311955
     54.61311955
     54.64639288
     54.60163478
     54.60163478
     53.81043520
     53.81043520
     53.81043520
     52.80755203
     53.59227253
     54.01149129
     53.98333194
     54.66058229
     54.66058229
     54.66230627
     54.75230506
     54.79491952
     54.68896171
     54.95582753
     54.96294596
     54.96294596
     54.90262482
     54.93340526
     54.93340526
     54.93340526
     54.93340526
     55.00534668
     55.00534668
     55.04438069
     55.19500324
     54.66497910
     55.05888173
     54.79527658
     54.33549752
     54.33549752
     54.33549752
     54.44842802
     54.44842802
     53.25070571
     53.45775531
     52.88718721
     52.88718721
     52.27879928
     51.67854344
     51.67854344
     51.67854344
     51.67854344
     52.11189433
     54.88410444
     55.55101810
     55.46306881
     55.49283624
     55.44863636
     55.30460834
     55.29792244
     55.29792244
     55.29792244
     55.30199122
     55.30199122
     55.39148297
     55.35734944
     55.03952404
     54.79886828
     54.79886828
     54.81599557
     55.04447535
     55.04447535
     55.04447535
     55.04447535
     54.13305310
     54.58817740
     54.58817740
     53.91791845
     53.91791845
     53.91683350
     54.31876399
     54.31876399
     54.30787192
     54.30787192
     54.30787192
     54.91503488
     54.70599897
     54.39424964
     54.39424964
     55.39952109
     55.39952109
     55.19634459
     55.17398069
     55.26901197
     54.82584812
     54.82584812
     55.06767950
     55.06767950
     55.30255870
     54.93892139
     54.93892139
     54.93892139
     55.14440079
     55.16207394
     55.24700176
     54.94886124
     54.94886124
     54.14308456
     54.14308456
     54.14308456
     53.75265910
     53.75265910
     53.66114442
     54.06695520
     54.06695520
     54.93920089
     55.16501586
     54.37083440
     54.37083440
     54.86273459
     53.94772855
     54.36483027
     54.52259577
     55.01055171
     54.63385122
     54.56551129
     53.71576217
     54.61043906
     53.89548319
     53.36703256
     54.57467506
     55.42115815
     55.42115815
     55.42115815
     55.45247492
     54.48129886
     54.63364924
     54.43027370
     51.41087372
     51.41087372
     53.21149414
     53.21149414
     53.85187371
     53.85187371
     54.28920197
     54.28920197
     54.15747524
     53.76567120
     53.76567120
     55.00846442
     54.52124030
     54.04378096
     55.28573361
     55.20930882
     55.20930882
     55.14432927
     55.43281141
     55.51931049
     55.50664182
     55.49351015
     55.44456981
     55.25118494
     55.42439504
     55.47315884
     55.52594298
     55.52594298
     55.40761947
     55.40761947
     55.40761947
     55.40761947
     55.42076705
     55.25161423
     55.29854901
     55.29659393
     55.29659393
     55.36374920
     52.49675285
     52.49675285
     53.45340592
     53.45340592
     52.02726490
     51.89849994
     51.89849994
     53.86558104
     54.06363534
     50.31535227
     49.02884150
     49.02884150
     49.02884150
     50.28625534
     52.03422348
     52.03422348
     52.34529699
     53.02940146
     52.75307197
     52.75307197
     51.81902267
     52.47534468
     51.55553124
     51.55553124
     49.93922203
     49.98848549
     50.53141218
     51.97498476
     51.97498476
     52.63640315
     52.63640315
     52.49656662
     54.25229603
     54.26252997
     54.89008538
     54.89008538
     55.23913084
     55.23913084
     55.23913084
     55.23607009
     55.26811116
     55.26745341
     55.14458649
     55.19824079
     54.68420909
     54.68420909
     54.30634508
     54.76312145
     54.76312145
     54.59710016
     54.46189938
     54.46189938
     53.89551247
     53.89551247
     54.39934833
     54.39934833
     53.97561158
     54.51592674
     55.35072884
     54.74881717
     54.74881717
     54.74881717
     54.50573309
     54.50573309
     54.50573309
     54.50573309
     54.69125162
     54.69125162
     54.33131845
     54.69280502
     54.50326879
     54.80308279
     53.70730526
     53.70730526
     53.73472222
     55.34414363
     55.19292663
     54.21995043
     54.21995043
     54.29456344
     55.02522756
     55.06482250
     53.38004862
     51.31776621
     51.31776621
     51.23055082
     51.23055082
     52.67158114
     52.67158114
     52.67158114
     54.31135132
     54.56043267
     54.56193594
     54.16373377
     54.16373377
     54.16373377
     54.47509260
     54.47509260
     54.03120457
     52.54893056
     52.54893056
     52.54893056
     52.54893056
     52.54893056
     52.89384910
     52.89384910
     53.59124229
     53.49216219
     53.78084856
     55.56671535
     55.56853020
     55.40559554
     55.54244837
     55.54244837
     55.51034281
     55.51034281
     55.51034281
     55.51034281
     55.12766763
     55.39162016
     55.39162016
     55.20842676
     55.35438088
     55.44160399
     55.44160399
     54.71147248
     55.24455269
     55.24455269
     55.17736858
     55.26059100
     55.16959076
     55.16959076
     55.25350122
     55.25350122
     55.50828266
     55.50828266
     55.52844841
     55.52844841
     55.52844841
     55.51773705
     55.51773705
     55.13168217
     55.19681448
     54.91076300
     54.91076300
     55.47545314
     55.46771002
     55.52968552
     55.52425072
     55.52425072
     55.55679283
     55.55725245
     55.55725245
     55.55725245
     55.55725245
     55.30061908
     55.30061908
     54.51634403
     54.51634403
     55.50797373
     55.54473748
     55.09014428
     55.30455817
     55.30455817
     55.30254504
     55.30254504
     55.42000824
     55.50355594
     55.23630241
     55.08788231
     55.08788231
     55.08788231
     55.08788231
     55.09293144
     55.51773692
     55.51773692
     55.47775971
     54.91847028
     54.46244822
     54.46244822
     54.46244822
     54.46244822
     54.83317862
     54.83317862
     54.83317862
     54.83317862
     54.63888763
     54.63888763
     54.75127856
     54.75127856
     55.36652186
     55.36652186
     55.39152270
     55.39152270
     55.39856875
     55.39856875
     55.50660754
     55.51449462
     55.23783534
     55.17025772
     55.16905577
     55.10304851
     55.06868537
     54.51194344
     55.15404758
     53.83247818
     53.83247818
     54.22626312
     54.09153491
     54.06390399
     53.77559604
     53.77559604
     53.77559604
     53.77559604
     53.77559604
     53.77559604
     54.31886206
     54.31886206
     53.77094855
     53.77094855
     55.14361024
     55.14361024
     55.31233864
     55.28025061
     54.88535413
     54.78427294
     54.87317957
     54.67726397
     54.88560767
     54.88560767
     54.53888389
     54.97387912
     54.85745167
     54.74858242
     54.78421818
     55.00451432
     54.89036492
     55.23915580
     55.23900659
     55.13703622
     55.22966230
     55.18424895
     55.30103993
     55.25593738
     55.14837683
     55.14837683
     55.36596967
     55.29821443
     55.29821443
     54.38406000
     54.38406000
     54.29882508
     54.29882508
     54.29882508
     54.18424962
     54.65460861
     55.02764016
     55.50120326
     55.45856574
     55.16617175
     55.14099156
     55.12653036
     54.67356065
     54.65770440
     54.66378081
     54.67581092
     54.27515135
     54.62648139
     54.59592973
     55.12205875
     55.08432407
     55.08432407
     55.05507541
     55.02652013
     54.42422626
     54.42422626
     54.42422626
     54.62494537
     54.62494537
     55.17496076
     55.49911160
     55.48210719
     55.48210719
     55.53673085
     55.53356622
     55.53356622
     55.29774572
     55.18734504
     54.52972908
     55.20690260
     55.16206928
     55.11656648
     55.53194067
     55.50675624
     54.93010258
     54.93010258
     54.93010258
     55.23049404
     55.52494315
     55.52494315
     55.53614803
     55.53614803
     55.55441551
     55.43024434
     55.51607097
     55.38835377
     55.51666409
     55.30014593
     55.30014593
     53.86830280
     53.86830280
     54.65823869
     55.30984062
     55.30984062
     55.31196059
     55.39551628
     55.39551628
     55.35111389
     55.48060952
     55.48060952
     55.48060952
     55.48060952
     55.53526465
     55.53526465
     55.58005389
     55.55937695
     55.49402426
     55.02093250
     55.02093250
     55.47642899
     54.92359143
     54.22145178
     54.22145178
     54.39677758
     54.15226344
     54.15992802
     54.16991971
     54.16991971
     54.39647830
     54.12298148
     54.17123837
     54.56750107
     54.37656175
     54.37656175
     53.94292036
     53.94292036
     54.00972226
     52.46476019
     52.46476019
     53.31056710
     53.91445091
     53.91445091
     53.91445091
     53.87536531
     53.87536531
     53.87536531
     53.43496838
     53.43496838
     52.58459138
     54.33646340
     54.34162240
     54.10532061
     53.95428236
     53.95428236
     53.95428236
     53.95428236
     54.16464288
     54.16464288
     54.16516682
     54.16516682
     54.16198789
     54.67617542
     54.67617542
     55.18720034
     54.84383880
     54.87486898
     54.18767750
     54.62633574
     54.62633574
     54.51587653
     54.51587653
     54.51587653
     52.97027918
     52.92856912
     52.92856912
     52.13500384
     52.13500384
     53.11327781
     53.32146976
     53.32146976
     53.32146976
     53.32146976
     52.64020648
     52.64020648
     53.63243685
     53.63243685
     53.63243685
     53.63243685
     53.63243685
     53.63243685
     53.63243685
     52.74232930
     52.74232930
     54.72520917
     54.88688301
     54.96914594
     55.11871604
     54.31667839
     54.31667839
     54.61386509
     55.33701077
     55.33289641
     55.38147964
     55.43542460
     55.43542460
     55.43542460
     55.43542460
     55.48429693
     55.45004982
     55.37168375
     55.37111310
     55.35790340
     55.35790340
     54.91165938
     54.95313592
     54.85439847
     54.85439847
     54.85439847
     55.47332480
     55.29534100
     55.29534100
     55.29534100
     55.29792739
     55.28076530
     55.02083425
     53.80859610
     54.11368408
     54.13373779
     54.13373779
     54.70125815
     55.13029517
     54.78713045
     55.51426200
     55.51426200
     55.51426200
     55.49100154
     55.49100154
     55.25756628
     55.28208340
     54.99549254
     54.84148075
     54.80527289
     54.80527289
     53.89283908
     52.97706873
     52.97706873
     53.15022877
     53.82350734
     53.95356067
     50.70259270
     50.80891717
     53.11065800
     51.46708531
     51.46708531
     52.39988292
     52.39988292
     52.41211848
     53.23926378
     53.23926378
     51.80902591
     53.37437652
     53.00557252
     52.78029696
     52.80432903
     52.80432903
     52.56980487
     52.56980487
     52.02741072
     52.02741072
     52.02741072
     52.02741072
     53.47957918
     52.92523050
     53.52601353
     54.18181465
     54.18181465
     52.52527240
     52.17575763
     54.33911469
     54.33769494
     54.99167589
     54.97951205
     54.97951205
     54.98773256
     55.29967929
     55.37454394
     55.13167475
     54.90683612
     54.98901771
     55.13688181
     55.13688181
     54.52074327
     55.01913978
     54.83740506
     54.44621928
     54.75832271
     55.23027482
     55.07521888
     54.89378018
     54.81690607
     54.81690607
     55.13490792
     54.51801534
     54.50668472
     54.50576813
     54.51004633
     54.51004633
     54.84132522
     54.84132522
     55.48126508
     55.50516349
     55.41163353
     54.94099188
     54.74649449
     53.19013976
     52.95108090
     53.04430068
     53.79129499
     51.62561425
     51.62561425
     50.93379186
     50.93379186
     50.93379186
     50.93379186
     51.68848593
     50.24103375
     51.48403080
     53.21833113
     53.21833113
     53.16268667
     53.16268667
     53.73488186
     53.73488186
     53.71341594
     53.71341594
     53.91688803
     53.48881737
     53.39561693
     54.60096142
     54.24863247
     54.24863247
     54.07313656
     54.28095743
     53.16552882
     50.17034607
     50.17034607
     51.30972452
     51.12308605
     51.12308605
