    909.84160390
    909.84160390
    909.46087157
    909.48243690
    909.49445707
    909.37599179
    909.16996881
    908.62489839
    908.62489839
    908.97495542
    908.97495542
    908.97495542
    907.63622495
    908.53036358
    908.88130176
    908.88130176
    909.35392139
    909.35392139
    909.61953850
    909.79254669
    909.79254669
    909.60029916
    909.09049918
    909.65146348
    910.40829669
    909.77088001
    909.44408157
    908.95588964
    908.91234841
    908.83294178
    908.83294178
    909.69612155
    910.19771246
    910.73492253
    910.80082669
    910.83428408
    910.79224394
    910.63018756
    910.63018756
    910.39106985
    910.25807612
    910.50865330
    910.44854416
    910.67450359
    910.57227331
    910.54293416
    909.91922859
    909.63221891
    909.63221891
    909.63221891
    909.50906619
    909.50906619
    910.20431627
    910.17155687
    909.92985075
    909.92985075
    910.54815937
    910.54565475
    910.48631135
    910.48631135
    910.48861214
    910.48861214
    910.56150282
    910.68327001
    910.41976892
    910.44166376
    909.25544001
    909.25544001
    908.84692427
    908.84692427
    908.84692427
    908.84692427
    909.21544514
    909.21544514
    909.54395544
    909.72344486
    910.50333061
    910.71294580
    910.51762444
    910.47915315
    909.17215255
    910.59033775
    910.46912106
    910.87202730
    910.87202730
    910.16153256
    909.27469691
    910.38103542
    910.64248550
    910.82787454
    910.86776504
    910.85083202
    910.85106888
    910.76107829
    910.76107829
    910.73154764
    910.73154764
    910.63295277
    910.87374607
    910.84877011
    910.35720911
    910.35720911
    910.35720911
    910.73907317
    910.73907317
    910.73907317
    910.70483854
    910.82828157
    910.56731514
    910.75325942
    910.63409835
    910.64417166
    910.37276985
    910.25747308
    910.56625638
    910.66477927
    910.60710973
    910.58128350
    910.64617802
    910.60597568
    910.60597568
    910.35196913
    910.80844130
    910.62102280
    910.62102280
    910.62102280
    910.62275853
    910.62275853
    908.72762199
    908.98154178
    908.93026032
    908.92191164
    908.32080657
    907.94482444
    907.36781175
    907.36781175
    907.36781175
    907.75790849
    910.25214069
    910.41392841
    910.67765374
    909.72138288
    909.72138288
    909.06853676
    910.16938761
    910.16938761
    910.10519799
    910.10519799
    909.73089548
    909.92705441
    908.64027002
    908.64027002
    908.64027002
    908.96727370
    908.96727370
    910.58511256
    910.56100210
    910.51433889
    910.51433889
    910.47832142
    910.47832142
    909.95298819
    910.06809321
    908.72472864
    908.72472864
    909.67496808
    909.67496808
    909.67496808
    909.42104911
    910.36273786
    910.85029081
    910.85029081
    910.74661602
    910.72428671
    910.72275522
    910.74038978
    910.51266737
    910.18378162
    910.18378162
    910.51969245
    910.31788403
    910.04657903
    910.51974936
    910.42033957
    910.42033957
    910.42033957
    910.42033957
    909.54876323
    909.54876323
    910.80611390
    910.80368499
    910.71958961
    910.71958961
    910.78300842
    910.78300842
    910.86791053
    910.74025805
    910.42802450
    910.20195791
    910.20195791
    910.54349582
    910.70501745
    910.75453963
    910.75453963
    910.51683887
    910.51683887
    910.51683887
    910.58522470
    910.34557230
    910.23536300
    910.23536300
    910.09808140
    910.52684245
    910.04023112
    910.60136552
    910.22586881
    910.48955776
    910.76436616
    910.83282993
    910.76514162
    910.76502094
    910.80622010
    910.80622010
    910.80622010
    910.81250721
    910.62661934
    909.99070265
    909.80479410
    909.00442101
    909.65576660
    908.97117977
    908.77789367
    908.77789367
    909.41683164
    910.06761680
    910.06761680
    910.06761680
    908.64778652
    908.64778652
    909.51651975
    909.51651975
    909.57736197
    909.47668747
    910.13721134
    910.13614255
    910.01829785
    910.10629933
    910.10629933
    910.24069063
    910.26253625
    910.82024958
    910.88216914
    910.86910656
    910.86910656
    910.74032097
    910.74032097
    910.77084543
    910.80528682
    910.40578139
    910.66309241
    909.22931564
    909.63077468
    909.63077468
    909.65071654
    910.55587069
    910.75307454
    910.19857240
    910.19857240
    910.32655845
    910.59587016
    910.59587016
    910.70352528
    909.76493179
    910.32736777
    910.16715989
    908.13756788
    909.35183729
    909.35183729
    908.24797137
    909.18449150
    909.18449150
    909.18449150
    910.35805125
    910.02058342
    909.95383562
    909.85070121
    909.81779340
    910.02368070
    910.75909225
    910.75909225
    910.26970689
    910.62904442
    910.62695655
    910.62695655
    910.79003532
    910.25978566
    910.25978566
    910.02595522
    909.93698813
    910.25080527
    910.20749816
    909.25162602
    909.51682226
    909.94811583
    910.09945210
    909.91365294
    909.02282380
    908.93343884
    907.82815208
    907.82815208
    907.82815208
    907.82815208
    907.95148725
    907.95148725
    906.79686717
    907.04912638
    907.09493009
    907.09493009
    906.95445603
    906.95445603
    906.95445603
    908.09966257
    909.26571446
    909.26571446
    909.26571446
    909.26571446
    909.26571446
    909.26571446
    910.34617665
    910.60821194
    910.62897384
    910.55891811
    910.10672707
    909.75096628
    910.19551530
    910.35523607
    910.58345893
    910.81981457
    910.81981457
    910.81923486
    910.81392103
    909.73941562
    910.22887660
    910.22887660
    910.22887660
    910.22887660
    908.95053086
    908.70591691
    908.70591691
    908.70591691
    910.77332492
    910.18981899
    909.93148998
    909.93452243
    910.35707328
    910.78663671
    910.78663671
    910.87205107
    910.87661061
    910.87661061
    910.89533657
    910.84782820
    910.84282529
    910.74126439
    910.74126439
    910.57665079
    910.56455111
    910.56455111
    909.24613106
    909.24613106
    910.72536667
    909.35512191
    909.21539554
    909.21539554
    908.05163338
    908.05163338
    909.11369222
    907.48131002
    908.27050969
    909.24364273
    909.24364273
    909.80005532
    908.49454690
    908.37608431
    907.46650232
    910.09190285
    910.13224558
    910.01029763
    910.01029763
    910.71384860
    910.73932755
    910.73932755
    910.73932755
    910.89092382
    910.78083928
    910.78007672
    910.64937116
    910.62024212
    910.28641358
    909.84811379
    906.20796827
    906.20796827
    906.44688221
    906.44688221
    906.44688221
    908.71831523
    909.89342340
    909.89342340
    909.73712016
    909.76948618
    910.23526787
    910.23526787
    910.13821457
    910.13821457
    909.59998486
    910.43139698
    910.55421887
    910.55421887
    910.39969747
    910.38045826
    910.38045826
    909.86367482
    907.28889048
    907.28889048
    907.05918232
    907.05918232
    908.38367446
    907.10463303
    907.99527132
    910.01513809
    910.08193400
    910.01296004
    910.01296004
    910.02189662
    910.02189662
    909.21808798
    908.52838220
    908.52838220
    909.40344932
    910.08189506
    910.32259880
    910.65335672
    910.89972328
    910.88188731
    910.54847650
    910.54847650
    910.52341858
    910.44517606
    910.78141914
    910.78141914
    910.44174580
    910.44174580
    910.82425834
    910.82425834
    910.77074398
    910.77074398
    910.77074398
    910.82994352
    910.89575447
    910.83970225
    910.84034119
    910.49915760
    910.32107856
    910.31434159
    910.07650579
    910.07650579
    909.64734025
    909.64734025
    910.56054007
    910.33786017
    910.40746450
    910.22111426
    910.22111426
    910.85046533
    909.22257414
    909.22257414
    909.22257414
    909.34663353
    909.34663353
    909.49434030
    909.49434030
    909.91449162
    909.91449162
    910.75577421
    910.80375908
    910.02107266
    910.02107266
    909.79066843
    909.62172272
    908.74789368
    909.89169732
    909.72553422
    908.67824968
    907.92607145
    907.92607145
    907.92607145
    907.92607145
    907.92607145
    907.92607145
    907.92607145
    909.61408010
    909.56728345
    909.55161485
    909.15323810
    909.06114288
    909.06114288
    909.91408112
    909.97549554
    910.16027093
    910.16027093
    908.14063866
    908.14063866
    908.70826223
    909.24617273
    909.24617273
    909.22836605
    909.82440489
    905.32490432
    905.32490432
    905.32490432
    907.35973276
    908.83903251
    908.04282032
    906.69030794
    906.69030794
    907.56633258
    907.56633258
    906.60652087
    909.91643281
    909.91643281
    909.91643281
    910.21691211
    910.31742471
    910.14148059
    910.24475067
    910.72118375
    910.77398365
    910.87701063
    910.87701063
    910.76581079
    910.71732017
    910.71732017
    910.84258614
    910.81391910
    910.78804301
    910.48738078
    910.13236273
    908.98747200
    909.77084326
    909.77084326
    909.27611895
    909.07615780
    909.07615780
    910.47727393
    910.68145983
    910.83912386
    910.83912386
    910.88191143
    910.87466921
    910.63977388
    910.63977388
    910.70998178
    909.57018539
    909.57018539
    909.61618826
    910.56873650
    910.15615466
    910.58522825
    910.87238997
    910.87238997
    910.50493400
    910.56607025
    910.56607025
    910.48078275
    910.37196228
    910.37196228
    910.56962888
    910.62402233
    910.62402233
    910.69602753
    910.62270082
    910.59527441
    910.56540630
    910.80129100
    910.80129100
    910.71406804
    910.62067905
    910.57557871
    909.74936580
    909.71747759
    909.88637876
    909.58182064
    907.82443415
    907.15129475
    905.84227857
    905.84227857
    906.68946181
    906.31198869
    906.31198869
    909.82318926
    909.54297803
    910.14791231
    910.05186390
    909.47985337
    909.64238179
    909.64238179
    910.19334734
    909.82544128
    909.51378124
    909.36910004
    910.07542619
    910.07542619
    910.41791469
    909.51867467
    909.18097478
    910.45717289
    910.45717289
    910.44427371
    909.47784236
    909.47784236
    909.38974652
    910.43961015
    910.09978162
    909.25262543
    909.98258789
    909.98258789
    909.95962788
    910.07235437
    910.12068092
    910.00264831
    910.05944098
    910.08269411
    910.46123454
    910.47184195
    910.78049029
    910.78049029
    910.79230094
    910.85845274
    910.87407856
    909.25947141
    909.71857813
    909.97898107
    909.93657775
    910.00364239
    910.05974933
    910.05974933
    910.05974933
    909.22733835
    909.22733835
    909.03352188
    908.51813407
    908.51813407
    908.51813407
    908.51813407
    908.51813407
    909.29334602
    908.99993631
    908.99993631
    908.99993631
    909.85784611
    910.38643783
    910.03463653
    910.67796053
    910.52979713
    910.52979713
    910.52979713
    910.52979713
    910.61697479
    910.62863504
    909.72087445
    910.44575241
    910.25795450
    909.91110143
    909.91110143
    909.91110143
    910.18543116
    910.37507860
    910.77461204
    910.77461204
    910.82927313
    910.71909531
    910.79454677
    910.71853696
    910.84267622
    910.84267622
    910.37210447
    910.66989834
    910.53455242
    910.40714851
    910.40714851
    909.36431023
    910.37946366
    910.49380810
    910.53422549
    910.69974432
    910.83538779
    910.83538779
    910.82011847
    910.07274097
    907.81502114
    910.73628435
    910.72581262
    910.72581262
    909.57145100
    910.12532735
    910.09790775
    910.32175860
    910.41015198
    910.41988175
    910.52323509
    910.20904210
    909.29638310
    909.29638310
    909.17485416
    910.54910910
    910.12387177
    909.92490091
    908.34665188
    910.75046816
    910.75046816
    910.85213587
    910.85975133
    910.85975133
    910.88462502
    910.88462502
    910.88950127
    910.81610547
    910.72545986
    909.54813318
    909.66679432
    909.91874226
    909.91874226
    907.73973197
    907.73973197
    907.73973197
    909.04406887
    909.04406887
    910.37118132
    910.37118132
    910.37118132
    910.36257714
    910.36257714
    910.36257714
    910.36257714
    910.34092462
    910.34092462
    910.75502737
    910.78573812
    910.75514557
    910.62262410
    901.83222644
    901.83222644
    901.83222644
    901.83222644
    907.40315385
    909.01271196
    909.10109017
    908.74171263
    908.39276435
    908.95702397
    908.83828536
    908.91173736
    908.17631579
    908.17631579
    908.17631579
    907.01711735
    907.01711735
    908.04860169
    908.46064357
    908.46064357
    906.89231442
    905.33672725
    905.33672725
    903.61774009
    903.96561169
    905.35617712
    905.35617712
    906.72249196
    909.04775700
    909.04775700
    910.36691686
    910.36691686
    910.32921762
    910.31955664
    910.31955664
    910.42861225
    910.49640298
    910.49640298
    910.55860153
    910.72690170
    910.74127367
    910.74127367
    910.84774639
    910.88181222
    910.88525723
    910.33067102
    910.33231782
    910.02730410
    910.52492757
    908.84224980
    910.84174041
    910.78479384
    910.78479384
    910.78479384
    910.74395965
    910.87543086
    910.84655005
    910.50256322
    910.27126214
    910.49454109
    910.49454109
    910.53719591
    910.53719591
    910.53719591
    910.53719591
    910.13098178
    910.66044072
    909.41708793
    909.82680789
    908.85990141
    908.85990141
    905.99218317
    905.99218317
    908.99917039
    908.58656489
    908.58656489
    908.58656489
    908.58656489
    908.58656489
    908.58656489
    908.58656489
    909.94848020
    910.17846896
    909.47704991
    910.38621625
    910.33758871
    908.86686723
    909.94035885
    909.94035885
    909.94035885
    909.94035885
    909.94035885
    909.94035885
    910.73557070
    909.67182271
    908.65319096
    909.39290433
    910.35583488
    910.35992775
    910.35992775
    906.56226981
    906.56226981
    906.56226981
    906.56226981
    906.56226981
    907.70053882
    907.70053882
    906.32881117
    908.87359883
    910.05478147
    910.09514789
    910.09514789
    910.77021532
    910.77021532
    909.43772675
    909.20288515
    909.53332654
    910.25190569
    909.96653333
    910.03295400
    910.03295400
    910.03295400
    910.03295400
    910.56367645
    910.34641330
    910.51732651
    909.81629474
    909.81629474
    910.33391968
    910.33391968
    910.36285089
    910.34278885
    910.17208114
    910.72896665
    910.54868681
    910.14301263
    910.24859443
    910.25097733
    910.25097733
    910.71584230
    910.77435504
    909.50892054
    909.50892054
    909.36438088
    909.36438088
    908.41782522
    908.41782522
    908.41782522
    908.41782522
    907.77862474
    908.52152298
    908.62796335
    908.62796335
    910.48114262
    910.63106452
    910.63106452
    910.63106452
    909.52000742
    908.90295052
    908.90295052
    908.90295052
    908.90295052
    910.54856843
    910.67011858
    910.67011858
    910.67011858
    910.66546040
    910.37674532
    910.31401384
    910.31401384
    910.31401384
    910.16548187
    910.16551592
    910.28378856
    910.28378856
    910.59429178
    910.33228336
    910.59780332
    910.59780332
    910.24722505
    910.29980976
    910.07561028
    910.24785100
    910.49625054
    909.97317486
    910.26155487
    910.26155487
    910.52118590
    910.50746950
    910.50060655
    910.62331109
    910.75968653
    910.56541644
    910.76760019
    910.73257564
    910.28159211
    910.28159211
    910.28159211
    910.13888054
    910.33619310
    910.20913875
    909.66015035
    910.14636588
    908.68341379
    910.28248795
    910.26950395
    910.46550366
    909.39180985
    909.39180985
    908.39192170
    909.44647193
    909.68884664
    909.34219393
    909.34219393
    909.34219393
    910.11515499
    909.98829932
    909.75270828
    909.99364836
    909.99364836
    909.33174074
    909.79897303
    909.79897303
    910.72996706
    910.72996706
    910.72996706
    910.83154078
    910.84267653
    910.79402168
    910.77099630
    910.77099630
    910.36904032
    910.16259922
    909.56985630
    909.56985630
    909.99002929
    910.23535057
    910.08485413
    910.11437873
    909.93217041
    909.93217041
    910.43790281
    910.17124843
    908.79428133
    908.79428133
    908.79428133
    910.06861606
    910.06976810
    910.28571201
    910.54570345
    909.49502042
    909.31214671
    908.56625846
    910.27456255
    910.34091152
    910.05873127
    910.11789949
    910.14570031
    910.09448518
    910.65632409
    910.65632409
    910.56001332
    910.49327305
    910.40848725
    909.45219163
    909.45219163
    910.41724789
    910.46061729
    910.62993208
    909.84361369
    910.29068166
    910.52734028
    910.52734028
    910.24606276
    909.50622528
    909.36007108
    908.59434661
    908.59434661
    908.59434661
    908.66983592
    909.34398611
    909.34398611
    909.34398611
    910.65256655
    910.56122669
    909.82834678
    909.82834678
    910.05551877
    910.05551877
    910.05551877
    909.28228733
    908.82269787
    908.15651844
    908.15651844
    908.66776680
    908.66776680
    910.35160286
    910.58863607
    910.66742471
    910.85576793
    908.61504931
    908.69384815
    908.79572652
    908.69262286
    908.69262286
    908.30241988
    908.30241988
    908.32030613
    908.32030613
    908.59897993
    908.96911148
    908.96911148
    908.96911148
    908.96911148
    909.63965833
    909.63965833
    909.83214469
    909.83214469
    910.01188796
    908.59229679
    908.09311784
    908.32499532
    909.36536553
    909.36536553
    909.32537956
    909.21602225
    908.43465803
    908.43465803
    908.43465803
    909.21739079
    909.21739079
    906.33985098
    908.28091195
    908.28091195
    909.02196382
    910.57201154
    910.57201154
    910.28847736
    910.28847736
    910.02387849
    909.56941603
    909.78985835
    910.59649176
    909.57925653
    907.14513267
    908.06455695
    909.11540550
    909.11540550
    909.14140800
    909.14140800
    908.90600901
    908.90600901
    909.01867252
    909.01867252
    909.01867252
    909.01867252
    910.68411846
    910.68411846
    910.85604202
    910.41140134
    910.37959910
    910.39397897
    910.39397897
    909.79066274
    910.56435490
    910.76499268
    910.54300409
    910.54300409
    910.76177267
    910.76177267
    910.42485673
    910.22016584
    910.83637880
    910.69506251
    910.69506251
    910.69506251
    910.67897625
    909.81154362
    909.98583437
    910.62870214
    910.63516791
    910.81328390
    910.82246466
    910.82246466
    910.82246466
    910.78114328
    910.70538031
    910.31787559
    910.73756162
    910.47839466
    910.48939257
    910.64555427
    909.53318558
    910.53073786
    910.52927582
    910.52927582
    909.70986312
    909.70986312
    910.04837373
    910.33089450
    909.85567340
    910.65676518
    910.38080170
    910.40098347
    909.28712094
    909.64426330
    909.64426330
    909.95962123
    910.28164065
    910.40859685
    910.77161587
    910.77161587
    910.73331164
    910.59775497
    910.71129018
    910.40903445
    909.96139015
    909.88881700
    909.65681491
    909.65681491
    910.12771869
    909.98693825
    909.55619628
    909.61445368
    910.75650117
    910.75650117
    910.77358658
    910.44606607
    910.44606607
    910.44606607
    910.49627387
    910.14118637
    910.00437222
    910.41835975
    910.06268248
    910.30303113
    910.30303113
    910.62103759
    910.85888015
    910.79389335
    910.79389335
    910.79389335
    910.73739548
    910.76048720
    910.86787427
    910.86669414
    910.83905156
    910.80831969
    910.59906592
    910.68101185
    910.43157067
    909.28322006
    909.28322006
    909.28322006
    909.28322006
    910.49030929
    909.94847776
    910.26836763
    909.95894760
    910.16261620
    910.16261620
    910.60859379
    910.60859379
    909.61862099
    909.74101217
    909.74101217
    910.69382958
    910.85706633
    910.88242147
    909.45533310
    909.45533310
    909.45533310
    908.77522054
    909.74972483
    910.06190744
    910.06190744
    910.06190744
    909.84207681
    909.95953828
    909.95953828
    909.95953828
    910.79192226
    910.73330092
    910.76110096
    910.80867351
    910.80867351
    910.34679827
    909.81763974
    909.81763974
    909.75449870
    910.61559267
    910.61559267
    910.61559267
    910.61559267
    910.50578944
    910.64839574
    910.63117421
    910.78053241
    910.78053241
    910.89176595
    909.18166533
    909.18166533
    909.79526553
    910.26045375
    909.79344546
    910.49600378
    909.83147568
    909.94436360
    909.34496991
    909.34496991
    909.85688554
    909.81941286
    907.67217031
    907.67217031
    907.95862700
    907.76402731
    907.76402731
    909.93991973
    909.77194323
    908.88888667
    909.01118417
    909.01118417
    909.01118417
    909.34784253
    909.34784253
    909.34784253
    909.60135305
    909.60135305
    910.38167381
    910.54077882
    910.54077882
    909.15207909
    908.99929621
    910.52177477
    910.54450445
    909.52991564
    909.68036447
    909.68036447
    909.30900269
    910.16496743
    909.73134168
    909.70453009
    909.70453009
    909.70453009
    909.01583669
    908.02103885
    908.24285985
    908.24285985
    908.24285985
    908.24285985
    910.74540509
    910.75995052
    910.16327065
    910.59375016
    910.50407255
    910.53866258
    910.59810277
    910.03208832
    910.65179410
    910.83845359
    910.88564816
    910.58451109
    910.71227486
    910.83308140
    910.53853715
    910.53853715
    910.24764489
    910.40589974
    910.34465957
    910.37572674
    909.83230936
    910.45925167
    910.74804971
    910.74804971
    910.79362819
    910.26483035
    910.26483035
    910.53336875
    910.53336875
    910.53336875
    910.40268617
    910.89287732
    910.88235123
    909.66134298
    909.92882699
    909.84914756
    908.56629380
    908.56629380
    910.02938287
    908.76723405
    909.23518801
    909.23518801
    910.12768735
    910.12768735
    910.12768735
    910.30956724
    910.25935283
    910.25935283
    910.24252827
    910.68695085
    910.56365503
    910.56365503
    910.25385239
    910.33650081
    910.85126856
    910.73846677
    910.54514435
    910.50722246
    910.51944408
    909.99895608
    909.99895608
    910.22515933
    910.48132881
    909.65210108
    910.70099422
    910.86610615
    910.57970549
    910.09411429
    910.11100105
    910.11100105
    910.16841620
    910.01724217
    910.01724217
    910.01724217
    910.01724217
    910.01724217
    910.31184023
    910.34932250
    910.51793181
    910.24787668
    910.62506195
    910.62506195
    910.66577373
    910.59010512
    910.69223238
    910.69223238
    910.72985603
    910.78138985
    910.69364170
    910.51425395
    910.50139419
    910.50139419
    909.06751404
    909.06751404
    909.82289091
    909.82853018
    910.20268491
    909.88695939
    910.86324531
    910.85785712
    909.46297102
    909.46297102
    909.54210535
    909.54210535
    909.54210535
    908.76296243
    909.08633118
    908.64407225
    908.25334094
    908.25334094
    908.25334094
    908.25334094
    908.25334094
    910.36334302
    910.53933553
    910.65559276
    910.26043043
    909.64508137
    910.44340721
    910.55806613
    910.55374356
    910.55374356
    910.10388074
    910.59927600
    910.57908921
    910.62761414
    910.62761414
    910.77350398
    910.77350398
    910.78619356
    909.87870182
    909.87870182
    909.87870182
    909.87870182
    909.93264947
    910.31369455
    910.06072793
    910.06072793
    910.32900284
    910.57075884
    910.58186504
    908.56680336
    909.09723015
    909.65581546
    910.30902937
    910.30902937
    910.82424567
    910.75658934
    910.75658934
    910.67428131
    910.19225160
    909.97745342
    909.85044824
    909.85044824
    909.90946823
    910.54652199
    910.54316501
    910.61663410
    910.61278208
    910.45796243
    910.70097146
    910.72797508
    910.39027729
    910.39027729
    910.85449734
    910.85261674
    910.85261674
    910.87006501
    910.87006501
    910.27951052
    910.80273033
    910.80273033
    910.72272416
    910.47993170
    910.59137697
    910.50105949
    910.50105949
    910.58089261
    910.84496900
    910.84978073
    910.90081098
    910.52079970
    910.52079970
    910.73986062
    910.84860382
    910.78129833
    910.20548482
    910.32456261
    910.32456261
    910.09524664
    910.09524664
    910.26381886
    910.53543498
    910.66455353
    910.44142573
    910.48861373
    910.87082788
    910.89525398
    910.68150194
    910.68150194
    910.73317064
    910.73317064
    910.69444236
    910.72535871
    910.72535871
    910.19116148
    910.27584302
    910.27584302
    910.77407666
    910.38240475
    910.60561911
    910.62073247
    910.58365234
    910.58365234
    910.57396978
    910.49949533
    909.04469972
    909.04469972
    910.81923359
    909.72334602
    909.85920606
    909.85920606
    909.46343622
    908.89437828
    908.89437828
    908.89437828
    908.43127173
    909.04787547
    909.58578539
    908.87031377
    908.78872032
    908.78872032
    910.71295967
    910.44936515
    910.44936515
    910.54801652
    910.26861361
    910.54334244
    910.54334244
    910.58319528
    909.76109668
    909.80444478
    908.57360167
    908.57360167
    909.43093354
    909.43093354
    909.43093354
    910.21444635
    910.21444635
    910.35924888
    910.83121505
    909.96482874
    910.35594272
    910.09817491
    910.09817491
    910.09817491
    910.07233495
    910.19604074
    910.19604074
    910.20305277
    910.12939033
    910.12939033
    910.38972734
    910.38972734
    910.14948848
    910.32008797
    909.83032428
    908.54141493
    910.58311725
    910.58311725
    910.58311725
    910.75200745
    910.63247932
    910.64437227
    910.36805005
    910.22707566
    910.71618695
    910.71618695
    910.76927715
    910.63157431
    910.63157431
    910.49940560
    910.73587692
    910.73563543
    910.73563543
    910.82122766
    910.88787938
    910.47755932
    910.47755932
    910.81837532
    910.77377079
    910.77863883
    910.79469883
    910.74218422
    910.69549254
    910.74414822
    910.85347033
    910.41097803
    910.33529186
    908.30723851
    910.76788380
    910.76788380
    910.78994052
    910.78994052
    910.83722006
    910.75717739
    910.75717739
    910.61682355
    910.69010665
    910.82661863
    910.27252219
    910.27252219
    910.44222479
    910.75280025
    910.40025617
    909.26840924
    909.26840924
    908.43980014
    908.43980014
    909.03689550
    910.51341528
    910.44172776
    910.49539751
    910.49539751
    910.51605946
    910.45387288
    910.17035174
    909.60494950
    909.60494950
    909.60494950
    909.60494950
    909.18954382
    909.25694456
    909.25694456
    909.83228415
    909.83228415
    909.83228415
    910.71576871
    910.43423074
    910.37327007
    910.46127069
    910.16868946
    910.02591157
    909.03621449
    910.28479784
    910.28479784
    910.36156057
    908.68237539
    909.20904635
    909.20904635
    909.57304387
    909.53531121
    909.53531121
    909.53531121
    908.64506084
    908.64506084
    909.82370742
    909.82370742
    910.09085708
    910.57607086
    910.57607086
    910.42780783
    910.72216998
    910.56450080
    910.58557869
    910.24417916
    910.78031164
    909.28286974
    909.28286974
    909.57282360
    908.64824246
    908.64824246
    909.80038635
    910.57262332
    910.42577603
    910.31792343
    910.66300462
    910.42229639
    910.42229639
    910.39088124
    910.39088124
    909.44315327
    909.44315327
    910.17430453
    910.16782839
    909.71593691
    909.71593691
    908.47189472
    908.47189472
    909.36511006
    909.73466003
    909.73466003
    909.70595839
    909.70595839
    909.66646766
    909.82779273
    909.82779273
    909.87849727
    909.85743298
    910.33638494
    910.64094135
    910.64160029
    910.51501931
    910.45778845
    910.52538604
    910.46373145
    910.49369572
    910.55862346
    910.62477832
    910.61715464
    910.66392443
    909.79308716
    910.39222211
    910.39222211
    910.32749389
    910.12431792
    910.65392610
    910.09455857
    909.40771758
    909.66437801
    909.86660768
    909.86660768
    909.86660768
    910.44601942
    910.63243739
    910.63243739
    910.63243739
    910.86973982
    910.86973982
    910.09226120
    909.50226105
    909.11926013
    909.11926013
    909.11926013
    910.00874043
    905.87263468
    907.36053932
    907.36053932
    907.36053932
    905.89532706
    907.88060960
    908.08446969
    908.08446969
    908.08446969
    907.58617318
    907.54403318
    907.73957539
    908.43387353
    908.43387353
    909.75086443
    910.42087272
    909.46222579
    908.59102990
    908.59102990
    909.54790250
    909.54790250
    909.54790250
    909.54790250
    910.14684319
    910.14684319
    909.85194991
    909.36098204
    910.38052938
    910.18609353
    909.48838208
    909.48838208
    909.48838208
    909.41625174
    909.66517458
    909.43312879
    909.48591442
    910.13584056
    910.78820834
    910.78820834
    910.82584387
    910.82584387
    910.82584387
    910.42152485
    910.79357161
    910.78307172
    910.71947372
    909.84803577
    909.19178350
    909.28681571
    909.37508966
    908.63622759
    908.63622759
    909.64690003
    909.40131757
    907.70254731
    909.83244481
    909.80246668
    909.60738246
    909.72558225
    909.90268445
    908.50135713
    907.14564843
    906.22860796
    906.22860796
    908.19347960
    910.80319575
    910.57941350
    910.57941350
    910.57941350
    909.57169464
    909.57169464
    909.57169464
    909.32464242
    909.32464242
    909.83422194
    909.26746833
    909.84661914
    909.84661914
    909.84661914
    909.84661914
    909.84661914
    909.64200762
    909.78224722
    909.11105891
    908.51403196
    909.78654062
    909.35828838
    908.96557397
    909.69097486
    909.69097486
    910.08394869
    909.40450423
    909.40450423
    910.09292153
    910.09292153
    910.53296539
    910.36535047
    910.49819912
    910.35122917
    909.62059085
    909.26143502
    908.89530128
    908.89530128
    908.89530128
    908.89530128
    909.16111454
    910.65354335
    910.76241538
    910.86352059
    910.86352059
    910.86352059
    910.81549745
    910.81365518
    910.85808446
    910.72250535
    909.12230989
    909.30361073
    909.30361073
    909.19931579
    909.52007630
    909.64314172
    909.64314172
    910.49793225
    910.39663901
    910.85128910
    910.84600256
    910.80374326
    910.80374326
    910.49802647
    910.09808797
    910.20442015
    910.20442015
    910.28132603
    910.45700343
    910.42235083
    910.42235083
    910.42235083
    910.82668708
    910.46580585
    910.58999994
    910.58999994
    910.58999994
    910.70639043
    910.68973907
    910.68973907
    910.68728392
    910.18892713
    910.18892713
    910.18892713
    910.28410579
    909.48173685
    909.48173685
    907.81230818
    907.81230818
    907.81230818
    908.97690098
    908.97690098
    909.41139498
    909.42211501
    909.42211501
    909.42211501
    909.42211501
    910.06795936
    910.05541101
    909.81848151
    910.34895755
    910.47937732
    910.47937732
    910.47937732
    910.59796173
    910.59796173
    909.94080072
    909.94080072
    910.57425041
    910.19783156
    908.61911533
    908.25095537
    908.56899663
    908.56899663
    908.47822245
    908.47822245
    908.47822245
    910.07335166
    910.24009749
    910.56739679
    910.46662300
    909.89755587
    910.44032823
    910.44032823
    910.63211196
    910.63211196
    910.63211196
    910.63211196
    909.01283081
    908.10563692
    907.74479199
    907.74479199
    907.21100035
    908.02108984
    907.97095993
    908.27278123
    908.27278123
    908.77663901
    908.77663901
    908.77663901
    908.56770597
    909.59503883
    910.27452946
    910.68548983
    910.82495921
    910.79786043
    910.83251552
    910.83023446
    910.81551883
    910.81551883
    909.90477962
    909.90477962
    909.91898523
    910.04076595
    910.12291420
    910.12291420
    910.79598069
    910.79107518
    910.86853284
    910.85791836
    910.66602287
    910.65732677
    910.72102792
    910.46814573
    910.66873338
    910.43807144
    910.43807144
    910.50574787
    910.51986389
    910.56843853
    910.56843853
    910.87306153
    910.87306153
    910.52281361
    910.81219026
    910.81219026
    910.85218359
    910.86047462
    910.88249651
    910.88249651
    910.82906689
    910.83910452
    910.69830583
    910.69830583
    910.10546819
    908.79293632
    909.18361847
    909.82212535
    909.98958919
    909.93165882
    909.93165882
    910.67908276
    909.79809475
    909.79809475
    910.61778531
    910.61778531
    910.52694115
    910.70624244
    910.70624244
    910.08297368
    910.33874919
    910.33874919
    910.33874919
    910.22082333
    910.22082333
    910.22082333
    910.28617919
    909.74984269
    910.14605614
    910.14605614
    910.14605614
    910.42947787
    910.42947787
    910.87527718
    910.86013163
    910.87437110
    910.87627226
    910.86548769
    910.83902916
    910.83902916
    910.81307121
    910.75955903
    910.75955903
    910.68733661
    910.80339181
    910.66151779
    910.80476632
    910.23717101
    910.14615676
    910.57853137
    910.89373073
    910.89373073
    910.88161811
    910.59484483
    910.63580021
    910.67693628
    910.67693628
    910.71491003
    910.86636983
    910.89638773
    910.89307384
    910.30243968
    908.90199939
    910.23232643
    910.10177138
    910.89007218
    910.33678288
    908.54757276
    908.54757276
    908.43361843
    910.36544935
    910.37339330
    910.43465205
    910.43465205
    910.16408999
    910.88349199
    910.89659648
    910.89762479
    910.85460603
    910.04995060
    908.36203056
    908.55890619
    909.72656201
    909.72656201
    909.72656201
    909.72656201
    909.72656201
    909.56304033
    909.56304033
    909.55550059
    909.55550059
    909.55550059
    909.55550059
    910.78189851
    910.88225602
    910.85776228
    910.86182360
    910.77763665
    909.77806531
    909.76570155
    910.34968592
    910.34968592
    910.51674891
    910.35574120
    909.90432085
    909.92219102
    910.12795657
    910.20487000
    910.20487000
    910.44182655
    910.44182655
    910.44182655
    909.47130419
    909.47130419
    909.35938950
    909.75249257
    909.75249257
    909.89203775
    909.46391119
    909.46391119
    908.78151014
    909.72162202
    910.37010740
    910.32639759
    910.06219241
    908.92943074
    910.43014594
    910.43014594
    910.43014594
    910.35680425
    910.34959022
    910.34959022
    910.32529976
    909.67187647
    909.72867870
    909.52164527
    909.52164527
    909.83185884
    910.27492588
    910.76756587
    910.85433127
    910.85433127
    910.82194882
    910.82459400
    910.12156341
    910.12156341
    910.85057798
    910.89043284
    910.56244502
    910.56244502
    910.56244502
    910.56244502
    910.56244502
    909.96546209
    910.09278836
    910.09278836
    908.47155409
    908.92819393
    908.92819393
    907.31552633
    908.20813196
    908.20813196
    908.21948436
    909.69359346
    909.12780942
    909.12780942
    909.12780942
    909.12780942
    909.00375756
    910.05249400
    907.08747300
    905.97071181
    905.97071181
    907.21858334
    909.98053073
    909.92433697
    909.92433697
    910.35026891
    910.35026891
    910.33719871
    910.53679173
    910.88720670
    910.78899227
    910.82497233
    910.82497233
    910.81970772
    910.41802393
    910.41802393
    910.63776012
    910.58886998
    910.63062533
    910.63062533
    910.51031643
    910.08662786
    910.21813373
    910.12779176
    910.88114256
    908.90130369
    908.89525164
    908.89525164
    910.19415169
    910.19624535
    910.19624535
    910.19624535
    909.75754424
    909.56812560
    909.56812560
    909.56812560
    909.56812560
    909.56812560
    910.66429737
    910.80262057
    909.79715556
    909.73116411
    906.56766309
    908.60055254
    908.83087148
    904.84941902
    904.84941902
    904.84941902
    910.68722208
    910.73510866
    910.72353806
    910.46866914
    910.74435822
    910.74435822
    910.58891178
    910.58891178
    909.09600800
    907.89782443
    907.34115137
    908.96497089
    909.63754856
    909.60627395
    910.08129630
    910.11933100
    910.19953026
    910.10475357
    910.16727525
    910.16727525
    910.16727525
    910.16727525
    910.16727525
    910.23496830
    909.51309343
    909.79383107
    910.82498402
    910.65053165
    910.65053165
    910.36621622
    909.53950455
    908.95901340
    909.86186857
    909.88965434
    909.88965434
    909.93217088
    909.93217088
    908.66600290
    910.19227972
    909.91308382
    909.85137802
    910.49447733
    910.54647724
    910.54647724
    910.54647724
    910.54647724
    910.54647724
    910.34769397
    910.72321855
    910.76218831
    910.88249676
    910.78684571
    910.78684571
    910.78684571
    909.62192729
    910.69470522
    910.73873041
    910.76570866
    910.83753062
    910.83753062
    910.86345470
    910.55455310
    910.55447804
    910.74124319
    910.74124319
    910.74124319
    910.89158044
    910.88380613
    910.88455049
    910.88455049
    910.83712206
    910.39323376
    910.44239899
    910.41170267
    910.34640027
    910.38286284
    910.29222566
    909.79659034
    909.79659034
    909.79659034
    909.79659034
    909.79659034
    909.79659034
    909.79659034
    909.79659034
    909.79659034
    910.68447948
    910.68447948
    910.63062933
    910.84140437
    910.84140437
    910.77773307
    910.90001392
    910.66948849
    910.66948849
    908.99707761
    908.99707761
    908.99707761
    909.77615611
    909.98560431
    910.30065308
    910.25267604
    910.48360871
    910.48360871
    910.48360871
    910.77544536
    910.39729239
    910.03357344
    910.24290199
    910.24290199
    910.80371517
    910.68188188
    910.06623485
    910.11949903
    909.21818701
    909.21818701
    910.22842255
    909.74454666
    909.15625146
    909.15625146
    909.15625146
    908.77437230
    908.77437230
    908.77437230
    908.77437230
    908.77437230
    908.77437230
    908.77437230
    908.77437230
    910.17714306
    910.41330727
    910.41330727
    910.41330727
    910.41330727
    910.41330727
    910.81658890
    910.81658890
    910.81658890
    910.68194193
    909.33473458
    910.87258869
    910.87258869
    910.88310088
    910.79703292
    910.80410624
    910.79653669
    910.78171750
    909.79399639
    910.35892065
    910.35892065
    910.38866006
    909.80361705
    910.45545041
    910.35287153
    910.35287153
    910.39275200
    909.74106048
    910.40460831
    910.27446469
    910.02840166
    909.80759479
    910.36569000
    909.30333123
    909.51689834
    909.54280866
    910.63529969
    910.61222800
    910.64417540
    910.64417540
    910.69180665
    910.66686993
    910.23399791
    910.16878926
    910.50486543
    910.33101300
    910.33101300
    909.80885293
    909.28779129
    909.14418791
    909.05544790
    909.95654615
    909.42764833
    908.78314088
    908.91955917
    909.22117285
    908.85629231
    908.85629231
    908.85629231
    909.43253284
    909.43253284
    909.43253284
    910.15871120
    910.20703694
    908.32738937
    908.32738937
    909.62845592
    909.67555638
    909.13585083
    906.05599852
    906.05599852
    910.51281518
    910.51281518
    910.05723149
    910.43270653
    910.12571622
    909.54374513
    909.54374513
    909.59949506
    909.59949506
    909.59949506
    910.57552042
    910.55188783
    910.55188783
    909.89033268
    910.06478793
    910.06478793
    910.75487479
    909.82074856
    910.03393306
    910.66083299
    910.66083299
    908.41831704
    909.74003301
    909.66867213
    909.66867213
    908.23136490
    908.23136490
    909.05303967
    909.91502027
    909.94869077
    909.94869077
    910.13568894
    910.46932538
    909.85226704
    910.70801049
    910.70801049
    910.43973768
    910.68334618
    909.81888249
    909.81888249
    910.46089087
    910.10350835
    909.19134025
    909.33764827
    910.33818855
    907.30587461
    908.23089118
    908.23089118
    908.23089118
    908.23089118
    905.74126325
    905.74126325
    905.22325388
    906.78926710
    906.78926710
    906.35438466
    906.35438466
    906.35438466
    906.35438466
    906.35438466
    908.91223713
    906.42742965
    907.68829598
    907.68829598
    907.68829598
    906.67234765
    906.67234765
    907.05026664
    909.29126337
    909.29126337
    907.40082726
    908.31836681
    906.76306822
    906.76306822
    908.12954417
    908.12954417
    908.99324650
    909.19410170
    909.19410170
    909.24654786
    909.24654786
    908.87044813
    908.52245220
    909.57846052
    909.57846052
    909.69259763
    910.06005023
    909.76626464
    909.84449195
    909.84449195
    910.74225967
    910.83348327
    910.81079941
    910.86552448
    909.81210405
    909.81210405
    909.81210405
    909.81210405
    910.38538717
    910.38911389
    908.99229739
    908.99229739
    909.03725950
    909.03725950
    910.09716609
    909.96631366
    909.69036640
    909.61478876
    909.44964144
    909.44964144
    909.32588580
    909.45752956
    909.45752956
    910.74222740
    910.73686135
    910.71976199
    910.55716199
    910.22186532
    910.22186532
    910.28728158
    909.91237831
    910.02662857
    910.48108529
    910.48108529
    909.92071065
    909.86242635
    909.86242635
    910.02776104
    909.67432676
    909.93785133
    909.91298976
    909.41827374
    909.41827374
    909.41827374
    909.41827374
    908.57435763
    908.57435763
    909.21960571
    907.36650555
    907.36650555
    907.67338037
    909.99651867
    910.32971703
    910.64759166
    910.29108126
    910.29108126
    910.00785491
    910.43734511
    910.46509621
    910.46577564
    910.67748180
    910.00833961
    909.54650159
    909.78918807
    910.09912927
    910.09912927
    910.06081893
    910.06081893
    910.64306040
    910.83019569
    910.83019569
    910.13909273
    910.13909273
    907.20764810
    907.20764810
    909.20804729
    909.78373510
    909.73976244
    909.73976244
    909.72762617
    909.34548079
    909.94508712
    909.94508712
    909.17041360
    909.06541265
    907.94442771
    907.22178649
    907.22178649
    907.22178649
    908.71770967
    908.71770967
    908.71770967
    909.99811173
    909.99811173
    910.39553927
    910.37755400
    910.37755400
    909.39468508
    909.39468508
    909.39468508
    910.04153872
    910.04153872
    910.56561876
    910.70890783
    910.73506537
    910.76193804
    910.78120361
    910.59614531
    910.51166076
    910.49900215
    910.74160695
    910.74160695
    910.72270902
    910.84313900
    910.68851217
    910.86852336
    910.10574386
    910.10574386
    910.52512053
    910.67222129
    910.67229049
    910.61587087
    910.61587087
    909.52758420
    910.26860063
    910.58853282
    910.81347672
    910.79162050
    910.65532944
    910.61972065
    910.83592862
    910.83592862
    910.83592862
    910.83592862
    910.83592862
    910.83643976
    910.70623915
    910.37077849
    910.39356818
    910.30068873
    910.24422486
    909.68969914
    909.49753816
    910.47437636
    910.47340976
    909.97195822
    909.91397152
    910.34596241
    910.28123055
    910.28123055
    910.81463367
    910.81463367
    910.81463367
    910.74354089
    910.74354089
    910.76018813
    910.42698184
    910.45896580
    910.18671488
    910.15954273
    910.17380201
    910.72761418
    910.70954468
    910.64323937
    910.62954170
    910.62954170
    910.62954170
    910.62954170
    910.62954170
    910.69585971
    910.61665931
    909.73017106
    910.39483533
    909.80990469
    910.63161848
    910.63161848
    910.74069799
    910.84879631
    910.87404488
    910.82148923
    910.82148923
    909.05831776
    910.58931021
    910.58931021
    910.64411717
    910.70478394
    910.52894968
    910.67758867
    910.46965995
    909.86033096
    910.01567365
    909.62359255
    909.62359255
    909.96005065
    908.96858860
    908.82298953
    908.74654262
    907.06786178
    908.03953074
    909.67835519
    909.97000950
    910.08910709
    910.33146669
    910.33146669
    910.05775590
    909.52557688
    910.62549415
    910.82088479
    910.88568811
    910.88568811
    910.43169739
    910.84914490
    910.63989106
    909.57972700
    910.86534219
    910.84983948
    910.84983948
    910.84983948
    909.71565674
    909.71565674
    909.71565674
    910.67084977
    910.28916019
    909.97352619
    909.97352619
    909.37694102
    909.96676005
    909.24078185
    909.24078185
    909.00806165
    909.00806165
    909.48635250
    909.48635250
    909.54832738
    910.66296796
    909.86392085
    910.69104129
    910.69104129
    910.43409884
    910.43409884
    910.73056092
    910.26442626
    910.26442626
    910.26442626
    910.26442626
    910.83711930
    910.85164140
    910.87714600
    910.43424372
    910.82188390
    910.82188390
    910.83845853
    910.83043081
    910.80011064
    910.80011064
    910.69322888
    910.58083616
    910.58083616
    910.10647256
    907.29356809
    910.60690156
    910.62059291
    910.59228490
    910.52882891
    910.52882891
    910.65950340
    910.65950340
    910.49508071
    910.63704342
    910.63704342
    910.23908931
    910.04776993
    909.94510959
    909.94510959
    910.70524340
    910.66343540
    910.40656619
    910.86103740
    910.86103740
    910.86326104
    910.75276923
    910.81760752
    910.82647184
    910.84221161
    910.84221161
    910.60235161
    910.60235161
    910.82369353
    910.84136744
    910.80966434
    910.06317405
    910.25805086
    908.89444043
    907.42292658
    909.03980031
    909.17408668
    909.17408668
    907.73349917
    908.13602440
    908.13602440
    908.13602440
    909.30186499
    909.01488054
    906.79191149
    908.62065941
    910.10319700
    910.10319700
    910.53330825
    910.42804449
    910.43040506
    910.84247492
    910.84247492
    910.59576827
    910.59576827
    909.75020566
    910.06566706
    910.48973435
    910.73591562
    910.73591562
    910.63878475
    910.67004859
    910.67004859
    910.67004859
    910.87548368
    910.65452585
    910.82270393
    910.83180701
    910.76694952
    910.76694952
    910.76694952
    910.88730331
    910.88730331
    910.87463092
    910.89343368
    910.25313178
    909.20097000
    908.47118191
    908.14875541
    909.59475216
    909.59475216
    909.59475216
    910.55200690
    910.55382855
    910.55382855
    910.69233846
    910.69233846
    910.69233846
    910.69233846
    910.31867127
    910.31542438
    910.44060976
    910.44060976
    910.27205098
    910.47675940
    909.92176889
    910.30267308
    910.30267308
    910.50976346
    910.53733631
    910.22888204
    907.86923740
    907.86923740
    907.86923740
    907.86923740
    908.62270155
    909.72194379
    909.25910193
    908.52020366
    908.78120419
    910.21049856
    910.58823392
    910.58823392
    909.87504673
    909.84272684
    909.84272684
    910.02571238
    910.21150708
    908.11889468
    910.76799408
    910.76683889
    910.65776094
    910.41125732
    910.62182549
    910.58692572
    910.75204746
    910.56091087
    910.56091087
    910.87512201
    910.76251789
    910.73676953
    909.46221712
    910.24480747
    910.84492702
    910.89839015
    910.89839015
    910.33991528
    910.57980648
    910.37588420
    910.37588420
    910.49478031
    910.49478031
    910.08952288
    910.08952288
    910.31571979
    908.67051050
    908.67051050
    908.93321044
    908.98640974
    909.10603178
    908.65296974
    905.83236819
    905.83236819
    905.83236819
    905.83236819
    907.33650626
    907.33650626
    909.09301746
    909.09301746
    910.18811237
    910.10015600
    910.38652354
    909.21792899
    909.21792899
    909.36881447
    909.36881447
    909.36881447
    910.10248863
    910.13406444
    909.78467488
    909.93567020
    909.97712748
    910.10762206
    910.08292072
    910.17967926
    910.26250037
    910.28213996
    908.60801133
    908.60801133
    907.32327344
    907.32327344
    907.32327344
    908.19600290
    908.62079925
    908.62079925
    910.01500661
    910.58009938
    910.77608855
    910.54678516
    910.36083520
    910.60845807
    910.83894321
    910.83680723
    910.75586074
    910.60742540
    910.51277162
    910.51566914
    910.50616709
    910.67858020
    910.30106888
    910.30106888
    908.76318018
    908.07270162
    909.24358524
    909.54774640
    910.34036841
    910.34036841
    910.79926239
    910.75862525
    910.11643180
    910.62093425
    910.73012760
    910.21382880
    910.21382880
    909.32640783
    906.81191146
    906.81191146
    906.81191146
    909.36510375
    909.63678150
    909.61533584
    909.87044909
    910.10456995
    910.35753883
    910.58621104
    910.37720700
    908.66890560
    909.55134175
    909.55134175
    909.55134175
    909.55134175
    909.93049164
    909.93049164
    909.93049164
    909.94195292
    909.39881121
    909.39881121
    908.40280555
    908.39174707
    908.39174707
    908.39174707
    908.39174707
    908.39174707
    908.27953027
    908.44673556
    910.46622026
    910.39937592
    910.50572575
    910.76697054
    910.55090294
    910.57955329
    910.81677638
    910.81677638
    909.91868494
    910.77026511
    910.20402047
    910.20019476
    909.12494668
    909.12494668
    908.77579128
    908.77579128
    908.77579128
    908.77579128
    908.77579128
    908.77579128
    908.77579128
    910.22987877
    910.17142085
    910.17142085
    909.61585779
    909.89801889
    909.89801889
    910.51811000
    910.67343617
    910.67343617
    910.84096955
    910.84096955
    910.84096955
    910.83117841
    910.87572967
    910.87572967
    910.67817863
    910.67817863
    910.68066979
    910.80086899
    910.75245752
    910.73812966
    910.73812966
    910.08909504
    910.08909504
    910.49687246
    909.56817424
    910.30831966
    910.28332429
    910.71386270
    910.64410746
    910.76729917
    910.83548642
    910.83548642
    910.83548642
    910.45520704
    909.88217492
    909.88217492
    910.68502795
    909.17078735
    909.20926224
    909.20926224
    909.20926224
    909.99239081
    909.71604509
    908.73827953
    909.27497195
    910.49365994
    910.47196786
    910.47196786
    910.06967951
    910.43841466
    910.66630189
    910.60723374
    910.61748897
    910.69499390
    910.44234421
    910.76023115
    910.76023115
    910.77729009
    910.85284491
    910.85149875
    910.89401427
    910.87368122
    910.81952282
    910.78997781
    910.47396173
    909.64789753
    909.64789753
    910.61090892
    910.00067151
    910.00067151
    910.00067151
    909.74668294
    909.27080031
    908.97190176
    909.11351670
    909.11351670
    909.11351670
    908.92732892
    908.65708556
    908.65708556
    908.65708556
    908.39375456
    909.95692589
    909.95692589
    910.04196011
    909.90976006
    909.49717178
    909.49717178
    907.62284084
    907.50555222
    907.50555222
    907.50555222
    907.50555222
    907.68026630
    907.78847872
    909.90598264
    910.60273168
    910.49287342
    910.49287342
    910.63772003
    910.62581505
    910.62581505
    910.51169969
    910.86821196
    910.84828867
    910.81315258
    910.81315258
    910.71025802
    910.71025802
    910.07957914
    910.07957914
    910.45710365
    910.54971708
    910.54971708
    910.77711420
    910.53054799
    910.53054799
    910.53054799
    910.75247375
    910.75247375
    910.78079603
    910.84766844
    910.78615546
    910.55831575
    910.04169188
    910.62115557
    910.58234089
    910.51321574
    910.39451889
    908.92073268
    908.92073268
    910.33978980
    910.33978980
    910.33978980
    910.53320897
    910.70019234
    909.89246011
    907.81470315
    909.82584826
    909.82584826
    909.53330341
    909.59151752
    909.59151752
    909.50246019
    910.11707693
    910.15846810
    910.51547292
    910.66645681
    910.66815452
    910.77332696
    910.77332696
    910.69377598
    910.75048656
    910.75048656
    910.80081758
    910.89307863
    910.64361079
    910.64361079
    910.12712085
    909.94439588
    909.65750977
    909.65750977
    909.50977614
    909.50977614
    910.05380349
    910.01926116
    910.53569010
    910.90039022
    910.88601282
    910.88758883
    910.55458995
    909.96740550
    909.96740550
    910.49353378
    910.59315858
    909.10729685
    909.63526912
    909.78048622
    910.85171345
    910.89959783
    910.43684726
    910.60814982
    910.43489415
    910.43489415
    904.94180765
    905.11581808
    908.09653954
    908.09653954
    908.40223069
    908.40223069
    908.40223069
    908.98482907
    909.00276718
    909.59081628
    909.85286002
    909.83867581
    910.36419013
    910.36419013
    910.13374711
    909.71223905
    909.84192311
    910.67404784
    910.67404784
    910.65037395
    910.59673807
    910.59673807
    910.24731968
    910.54061099
    910.68808035
    910.72064714
    910.52561744
    910.52561744
    910.52819925
    910.55878965
    910.66882172
    910.07767015
    909.70544811
    906.67121241
    907.45028359
    907.45028359
    907.45028359
    907.09883280
    907.09883280
    905.29194494
    905.29194494
    905.29194494
    905.29194494
    905.29194494
    908.95714672
    908.95714672
    908.95714672
    909.82675961
    908.28761965
    908.28761965
    910.58407209
    910.58407209
    910.88686715
    910.86979984
    910.43489750
    910.43489750
    910.26102707
    910.26102707
    910.82377750
    909.11772847
    909.11772847
    910.66659970
    910.66659970
    910.66659970
    910.71375459
    910.15864001
    910.15864001
    910.12670609
    910.12670609
    910.38538126
    910.38538126
    910.38538126
    910.38538126
    910.38538126
    910.38538126
    910.21759237
    910.21759237
    910.21759237
    910.37128274
    910.68113142
    910.70700816
    910.77167335
    910.84984829
    910.86906097
    910.86906097
    910.88359519
    910.89067445
    910.89363885
    910.89706551
    910.89706551
    910.89706551
    910.53787714
    910.53059663
    910.46820544
    910.46820544
    910.84860528
    910.84860528
    910.88847802
    910.88847802
    910.53299250
    910.02287222
    910.02287222
    910.78985208
    910.12836324
    910.26920692
    910.26920692
    910.26920692
    910.88034917
    910.89256941
    910.89256941
    910.58905678
    908.90181372
    908.49444107
    908.49444107
    910.41695340
    910.28446774
    910.26853163
    910.27672725
    910.27672725
    910.24398007
    910.05042140
    910.55934177
    910.57055972
    910.57055972
    910.50763898
    910.61701297
    908.56348756
    907.80378705
    908.17312838
    908.17312838
    908.17312838
    908.17312838
    906.60956035
    906.60956035
    906.60956035
    906.60956035
    908.80713311
    909.63519932
    908.40561297
    907.15252481
    907.83382207
    910.36995071
    910.27576435
    909.63936825
    909.63936825
    909.68656434
    908.45503086
    910.36330923
    910.36330923
    910.36330923
    909.70136492
    909.70136492
    909.41770929
    909.39816665
    910.24494380
    910.24494380
    909.86399435
    909.88286705
    909.72909982
    910.15324377
    910.10837345
    910.73525125
    910.50477734
    910.50477734
    910.33299489
    910.43649733
    910.54104540
    910.54104540
    910.27945098
    909.88465658
    910.36187395
    910.62666264
    909.20283898
    906.54524415
    906.54524415
    906.63164526
    906.63164526
    906.63164526
    907.99377310
    907.99377310
    907.99377310
    907.99377310
    907.32382443
    907.32382443
    908.44458246
    908.44458246
    910.22490086
    910.49115570
    910.65083520
    910.62207822
    909.76719001
    909.86935335
    910.07106689
    909.97162688
    910.18641316
    909.67334311
    907.92432256
    907.92432256
    907.92432256
    907.92432256
    908.54587039
    908.54587039
    908.54587039
    909.03354290
    908.80852296
    908.98002072
    909.48010085
    909.53785489
    907.35641005
    907.60674842
    909.46571472
    909.98070803
    909.80716805
    909.81363383
    910.33952426
    910.47777871
    910.47777871
    910.52814113
    909.50245936
    909.76354753
    908.79629200
    908.65654377
    908.65654377
    908.87968425
    905.65184818
    904.84269760
    904.84269760
    907.86724916
    907.86724916
    908.26060990
    906.77644880
    909.28429535
    908.01077790
    908.67920683
    908.67920683
    909.34473863
    909.34473863
    906.47004336
    904.23043804
    906.15320629
    904.74858753
    906.57742184
    906.57742184
    906.57742184
    906.13389060
    909.16621752
    909.81302525
    909.81302525
    909.81302525
    909.66605013
    910.02841382
    910.35910987
    910.35910987
    910.35910987
    910.35910987
    910.32795446
    908.58451450
    908.61544222
    909.00691956
    909.00393992
    909.00393992
    909.00393992
    909.00393992
    910.05516250
    910.79346084
    910.77426328
    910.55161094
    910.55161094
    910.65508326
    910.77932233
    910.87082322
    910.87082322
    910.81713249
    910.81713249
    910.82241016
    910.78695697
    910.78695697
    910.59407321
    910.59407321
    910.59321681
    910.58040894
    910.38311737
    910.13791416
    910.00611001
    910.00611001
    910.41032614
    910.24269962
    910.74943610
    910.77589566
    910.46074500
    910.86035560
    910.43949494
    910.43949494
    910.63984258
    910.73351581
    910.59888168
    910.88965245
    910.89281838
    910.89281838
    910.44506607
    910.33285691
    910.33285691
    910.60060738
    910.46693931
    910.58798147
    909.15220922
    909.15220922
    908.37811246
    909.00780915
    908.80837545
    908.80837545
    908.80837545
    908.80837545
    908.80837545
    908.80837545
    907.56030512
    908.53473428
    909.35404735
    909.36811597
    909.36811597
    909.29907564
    909.23645711
    909.93628320
    909.93628320
    909.93628320
    909.93628320
    909.63092320
    909.75266012
    909.39304896
    909.39304896
    909.39304896
    909.39304896
    910.51938892
    909.54581111
    910.56903670
    910.89927783
    910.89927783
    910.31420781
    910.31420781
    910.14705003
    910.14705003
    909.19702073
    908.94013417
    909.01224541
    908.77958745
    909.75481989
    909.62870780
    910.07559835
    910.07559835
    910.13050356
    910.78428106
    910.63573731
    910.63573731
    910.63573731
    910.68797285
    910.74214206
    910.32523316
    909.78500635
    909.78500635
    910.08311542
    909.87680382
    908.53932449
    908.53932449
    909.34770972
    909.34770972
    910.12142238
    909.85561422
    910.11823510
    910.11823510
    909.97389650
    909.97389650
    909.97389650
    910.41207035
    910.53136910
    910.53136910
    910.02289124
    910.08691933
    909.75233336
    908.77717488
    906.66968360
    909.21870435
    910.15693625
    910.11951272
    910.30799553
    910.30799553
    910.34058883
    910.35205521
    910.09926888
    910.71046935
    910.80195007
    910.80048226
    910.86773096
    910.86773096
    910.87804723
    910.87804723
    910.15746812
    910.62152011
    910.40398775
    910.79250082
    910.89082223
    910.41200185
    910.63320591
    910.63320591
    910.48814588
    910.65902017
    909.93815315
    909.24579251
    909.24579251
    909.24579251
    908.76762001
    908.70124211
    909.34991034
    909.12045387
    909.12045387
    909.23689421
    910.84091989
    910.86288144
    910.50057236
    910.50057236
    909.87762247
    910.07723172
    907.75273013
    909.32410255
    909.32410255
    909.32410255
    909.32410255
    909.59158394
    909.59158394
    909.59158394
    909.59158394
    909.84655672
    908.81137335
    908.81137335
    908.81137335
    909.47240648
    909.47240648
    909.47240648
    909.18093693
    909.18093693
    909.18093693
    909.61071587
    909.61071587
    909.61071587
    909.58117525
    908.86951064
    910.18219257
    910.12173614
    910.63691798
    910.11020482
    910.08263317
    905.52723085
    906.29040881
    906.29040881
    906.29040881
    906.29040881
    908.20374733
    909.22691567
    909.22691567
    909.22691567
    909.22691567
    909.22691567
    909.22691567
    909.22691567
    910.12905481
    910.12905481
    907.78309630
    907.78309630
    907.78309630
    909.96652892
    909.63494074
    910.01033488
    910.01033488
    910.47060934
    910.31492373
    910.31492373
    910.31492373
    909.55848255
    910.70668569
    910.64123522
    910.64123522
    909.92898074
    909.92898074
    909.94689431
    909.55177745
    909.55177745
    909.52344382
    909.52344382
    910.20583605
    910.75119818
    910.34664721
    910.21499139
    910.08962931
    909.78061340
    909.42568114
    908.47637034
    908.47637034
    909.44849262
    909.13953188
    909.07728582
    908.53200735
    910.27983533
    910.27983533
    910.02827738
    908.57127490
    907.63923359
    907.61857306
    910.29126875
    910.29126875
    910.29126875
    909.92846363
    909.81798610
    909.77839277
    909.31191429
    909.56519221
    909.13686039
    908.31377113
    908.31377113
    909.10695445
    909.10695445
    908.68330640
    908.68330640
    908.68330640
    908.68330640
    908.89729575
    908.89729575
    908.89729575
    910.47497167
    910.68708244
    910.66115344
    909.91656363
    909.91656363
    910.03784907
    910.03784907
    909.91605482
    910.23150206
    910.76819101
    910.39060503
    910.02978968
    910.02978968
    910.02258436
    909.97770131
    910.50275863
    910.48546230
    910.86716029
    910.83103508
    910.83103508
    910.83196270
    910.66125707
    910.62872440
    910.46039082
    910.20201020
    910.63559284
    910.71991634
    910.71933899
    910.89492824
    910.56413452
    908.95617752
    908.95617752
    910.75962296
    910.36762882
    910.63813443
    910.51780623
    910.51780623
    910.34764745
    910.52351456
    910.81271466
    910.76484783
    910.83314554
    910.41557426
    910.12878139
    910.10781650
    910.68850617
    910.68850617
    910.73176382
    910.66394368
    910.65877085
    910.89804147
    910.89804147
    910.27533976
    910.08957206
    910.08957206
    910.58902734
    910.55121819
    910.59278769
    909.18389347
    909.18389347
    907.91439161
    908.53748159
    909.88286759
    910.13423147
    910.13423147
    910.13423147
    910.13423147
    910.13423147
    910.81580035
    910.64131368
    910.76666385
    909.93002344
    910.53426709
    910.59384107
    902.70193583
    902.70193583
    902.70193583
    903.11487139
    906.66059348
    907.49722684
    909.81934544
    909.88778937
    909.89252733
    909.89252733
    910.09057832
    910.09057832
    910.07925597
    909.91492779
    907.69873675
    908.45776834
    908.45776834
    908.15426293
    907.16903651
    907.16903651
    907.79253888
    909.92677315
    910.05801945
    910.54995088
    910.76689919
    910.36598513
    910.11552621
    908.72552446
    909.88224511
    909.88224511
    910.47194304
    910.58930724
    910.54204278
    910.54487909
    910.54487909
    910.67093211
    910.59002870
    910.05371835
    910.05371835
    909.27573626
    908.94720963
    908.94720963
    908.94720963
    907.36078430
    910.70702400
    909.91056892
    909.88202975
    909.88202975
    910.40004896
    910.83096791
    910.88048882
    910.88690943
    910.88690943
    910.12125515
    910.12125515
    909.83712629
    909.83712629
    910.02751816
    910.45024637
    910.74621305
    910.74621305
    909.90323169
    909.36021908
    909.36021908
    909.36021908
    909.36021908
    909.36021908
    909.04527365
    909.06324734
    909.06324734
    909.33739576
    909.33739576
    910.39895922
    910.39895922
    910.39895922
    910.42912009
    910.76495572
    910.73217717
    910.78343716
    910.80612982
    910.82443764
    910.87548696
    910.87548696
    910.75831033
    910.74799423
    910.10101935
    910.76065178
    910.76065178
    910.68871018
    910.67017910
    910.67017910
    908.68784821
    908.65421455
    908.65421455
    909.63430009
    910.30197594
    910.48905285
    910.48905285
    910.36009981
    910.57321533
    908.74944325
    908.74944325
    909.26128463
    909.26128463
    908.24381363
    908.24381363
    908.66238075
    908.66238075
    908.65555385
    907.07670559
    909.81160750
    909.25215177
    908.80457750
    910.00985953
    909.94351516
    910.57061837
    910.42814325
    910.47868962
    910.48060272
    910.81789074
    910.84749928
    910.59826288
    910.74765579
    910.87030821
    910.49459207
    910.14309406
    909.87536406
    909.95261745
    910.22252305
    910.22252305
    910.66819065
    909.95473726
    910.49998766
    910.54246781
    910.51995669
    910.66797566
    910.66797566
    910.52731325
    910.52731325
    910.80666717
    910.83974319
    910.85355307
    910.85355307
    910.86809145
    910.86380790
    910.89264822
    910.87420499
    910.87274014
    910.87274014
    910.82977347
    910.75595193
    910.89671311
    909.80077714
    909.78058941
    909.78058941
    910.22764874
    910.22764874
    910.29989012
    910.29989012
    910.50795974
    910.33886448
    910.11436448
    910.11436448
    910.36672804
    910.60178792
    910.60178792
    910.57174919
    910.56977744
    910.63329384
    908.88287618
    908.88287618
    910.45931474
    910.44200318
    910.44200318
    910.58270855
    910.58387206
    910.58387206
    910.37668749
    910.49044732
    909.41527897
    909.87237540
    908.78402339
    908.78402339
    908.78402339
    908.78402339
    908.85429278
    907.45558723
    909.33701368
    910.85892513
    910.85892513
    910.86771538
    910.81515377
    910.81515377
    908.91954485
    908.91954485
    907.97198227
    904.68326614
    909.90603968
    910.63540383
    910.17478429
    910.14939850
    910.01410871
    909.81501450
    909.72225857
    908.75469776
    909.11740142
    908.96678912
    909.42496320
    909.00300606
    908.85207266
    909.92608670
    909.92737892
    909.56416033
    909.53431203
    909.53431203
    909.02665558
    909.02665558
    908.89116643
    909.56844973
    909.67312815
    909.67642984
    909.67642984
    909.85116083
    910.06375946
    910.06375946
    910.47655150
    910.71077347
    910.74712445
    910.74712445
    910.56033796
    910.58170682
    910.49622399
    910.79756368
    910.78148942
    910.68816591
    910.68816591
    910.75737479
    909.63088882
    909.63088882
    909.91405047
    909.91405047
    910.41277450
    910.41913645
    910.80209062
    910.80703445
    910.86676422
    910.43784239
    909.58259221
    909.72287358
    909.72287358
    910.66871674
    910.66871674
    910.66871674
    910.54147121
    910.54147121
    910.82464465
    910.82464465
    910.82603248
    910.87422781
    909.58521276
    909.68040249
    909.56223415
    909.47066780
    908.46336544
    909.12728084
    909.64726101
    910.41014589
    910.41014589
    910.52492943
    910.41873021
    910.40415789
    910.66178359
    910.66178359
    910.66034081
    910.36727482
    910.43905543
    910.43905543
    910.43905543
    910.21937233
    909.67799687
    909.67799687
    909.67799687
    909.67799687
    909.94449313
    910.00832691
    910.00832691
    909.69214804
    909.69214804
    909.69214804
    910.07582701
    910.87897595
    910.20049370
    908.75120116
    908.73139251
    909.02518140
    909.02518140
    910.07380983
    910.51635577
    910.51635577
    909.93970856
    908.38339593
    909.19918323
    905.29417792
    908.06797033
    908.21383762
    908.71346014
    909.35708501
    909.47622863
    910.52219671
    910.52219671
    910.80064865
    910.80407525
    910.80407525
    910.50626331
    910.56826106
    910.50033786
    910.50700249
    910.33844975
    909.38617092
    909.67110988
    909.74164723
    909.66298992
    910.34894426
    910.34894426
    908.89530376
    908.89530376
    908.89530376
    908.89530376
    908.89530376
    909.86114153
    910.75417954
    910.87496698
    910.88357450
    910.15701820
    910.15701820
    910.83090227
    910.84124462
    910.23484403
    910.80992695
    910.80992695
    910.80913321
    910.75396996
    910.35500520
    910.35500520
    908.10825092
    908.95096767
    908.95096767
    910.12064957
    910.25633327
    910.15672152
    903.12321920
    903.12321920
    905.93620798
    905.93620798
    909.63405503
    910.54137111
    910.81793724
    910.37875058
    910.84620652
    910.71266460
    910.71266460
    910.71266460
    910.68889109
    910.74036007
    910.77833067
    910.77306729
    910.77306729
    909.55792444
    909.55792444
    909.40752677
    909.40752677
    909.74161408
    909.87519957
    910.01059931
    910.01059931
    910.01059931
    910.01059931
    909.72121578
    908.56501915
    909.94449811
    909.97467919
    909.50103028
    909.50103028
    909.50103028
    909.50103028
    908.21613299
    908.77681688
    908.32718863
    907.76640911
    907.70139413
    909.38831707
    909.40116407
    910.17434729
    910.87594040
    910.87594040
    910.39222372
    910.17134444
    910.14942894
    910.04744953
    909.94456136
    908.64349485
    908.64349485
    908.64349485
    908.64349485
    908.64349485
    910.04360830
    909.47662160
    909.49062297
    910.44325499
    910.44325499
    910.44325499
    910.36920731
    910.36920731
    910.39308389
    910.39308389
    910.32179713
    910.71990313
    910.57467932
    910.63576341
    910.33268751
    910.33268751
    908.80075404
    909.70123737
    909.70123737
    909.38385365
    909.26074231
    909.26074231
    910.38134487
    910.38134487
    910.20981268
    910.31408015
    909.46652710
    909.76876793
    910.28244598
    909.57844322
    909.57844322
    909.57844322
    910.41204737
    910.69763573
    910.76842318
    910.49434606
    910.72601265
    910.86657750
    910.20770451
    910.29154548
    910.75036870
    910.09699951
    910.30367646
    908.91288029
    909.48496494
    907.62425323
    906.78673787
    906.78673787
    910.80278568
    910.80278568
    910.77666388
    910.77666388
    910.77440863
    910.64980889
    910.47885671
    910.47885671
    910.54766446
    910.57719352
    910.62057492
    910.86348640
    910.75855670
    910.69998407
    910.69998407
    910.56034069
    910.22250102
    910.39573397
    910.39573397
    910.22589773
    910.22589773
    909.85470600
    909.88587534
    908.72469474
    908.33162837
    908.33162837
    908.33162837
    908.33162837
    908.18804490
    908.18804490
    908.31068567
    904.67753955
    904.67753955
    904.67753955
    904.67753955
    904.67753955
    905.11399916
    904.56194171
    904.56194171
    905.27028034
    908.36548888
    908.36548888
    908.58366769
    909.84875935
    909.73520097
    909.64151354
    909.64151354
    910.16519421
    910.16519421
    910.64332112
    910.63917201
    910.63917201
    909.91541341
    910.07902713
    910.43435484
    910.46737820
    910.46737820
    910.89036276
    910.89410407
    910.83519674
    910.50749376
    910.50749376
    910.50749376
    910.41445913
    910.35661656
    910.30987758
    909.26376721
    909.26376721
    909.26376721
    908.10296329
    909.12323816
    909.73295514
    910.43951833
    910.60898219
    910.88624790
    910.88567293
    910.88920901
    910.82044932
    910.80566929
    910.80566929
    910.72613857
    910.11432677
    909.43916145
    910.22127288
    910.35933069
    910.35933069
    909.93307071
    909.93307071
    909.93307071
    910.29390744
    910.29390744
    910.29390744
    910.13844284
    910.69550006
    910.79968876
    910.79110189
    910.76388310
    907.42564894
    907.42564894
    908.09312047
    908.92009153
    908.92009153
    908.92009153
    910.69871861
    910.45115908
    910.10297398
    910.10297398
    909.47206315
    909.81105896
    909.81105896
    909.79502996
    910.55757413
    910.57868577
    910.57868577
    909.99110354
    909.76109917
    910.20823955
    910.14519540
    910.14519540
    910.14519540
    910.14519540
    910.14519540
    910.14519540
    910.60437542
    910.61071383
    910.65501521
    910.58602948
    910.89334271
    910.66107817
    910.73725590
    910.53003216
    910.63531551
    910.49453205
    908.87195336
    910.35147979
    908.63056476
    908.63056476
    909.61401286
    909.61401286
    910.71493523
    910.79003945
    910.44527578
    910.44058609
    910.44058609
    910.86360653
    910.86360653
    910.86360653
    910.44497584
    910.44497584
    910.47680888
    910.32080052
    910.32080052
    909.11422804
    909.11422804
    908.69802587
    908.69802587
    909.22148289
    909.50015820
    909.50015820
    909.50015820
    909.93036201
    907.72622216
    909.33762571
    908.15018825
    908.48106726
    908.48106726
    909.74774826
    909.68261403
    910.29298921
    910.38929951
    910.38929951
    910.33113603
    910.47015509
    909.60745680
    910.11094890
    910.11094890
    910.08309790
    910.08309790
    910.08309790
    909.94561650
    909.94561650
    906.71661623
    906.71661623
    908.50353970
    909.42693360
    909.42530928
    909.76950396
    909.58323657
    909.59799866
    910.52937659
    910.13074234
    910.13074234
    910.13074234
    910.13074234
    909.85966044
    909.35408497
    910.11428143
    909.38423127
    909.38423127
    908.31998889
    908.31998889
    905.27401914
    905.27401914
    905.52623195
    907.38054587
    907.38054587
    909.20412869
    909.20412869
    909.00215382
    909.00215382
    909.00215382
    910.63489081
    910.55196279
    910.61894490
    910.59031076
    910.59031076
    910.73457057
    910.80742826
    910.60835714
    910.60500068
    910.26915635
    908.65407831
    908.65407831
    909.71247509
    909.65032961
    909.65032961
    909.55651240
    909.52936110
    909.99217756
    908.00965468
    908.75024829
    908.75024829
    910.80411875
    910.25063064
    910.73357483
    910.78387639
    906.87892282
    906.87892282
    908.04643372
    908.04643372
    907.99447354
    907.99447354
    910.39268849
    910.39268849
    910.39268849
    910.09657797
    910.09657797
    909.07865982
    909.07865982
    909.07164370
    909.07164370
    908.84134151
    909.49776755
    910.43086979
    910.43086979
    910.19502432
    909.97946858
    910.52208899
    910.52208899
    910.29835765
    910.29835765
    910.70649443
    910.80702371
    909.93161517
    909.93070909
    910.52059161
    910.82973201
    910.82973201
    910.79833571
    910.78706730
    910.63497321
    910.63497321
    910.71965718
    910.70008263
    909.53534676
    909.79872558
    910.21161036
    909.46132103
    908.44996024
    909.70844803
    909.88924408
    909.88924408
    910.42539720
    910.32316325
    910.73782276
    910.67298781
    910.76072281
    910.74788768
    910.69454663
    910.85265840
    910.79809102
    910.87290003
    910.87290003
    910.77279378
    910.81808532
    910.89204957
    910.89204957
    910.40598052
    910.40598052
    910.26155557
    908.68791709
    908.68791709
    908.27969813
    907.45734002
    906.19693589
    907.35875404
    907.35875404
    907.35875404
    907.77859526
    907.83608713
    907.83608713
    907.83608713
    907.83608713
    907.83608713
    908.56836972
    909.26760978
    909.62837164
    909.62837164
    909.70664298
    908.86150657
    908.86150657
    908.86150657
    908.86150657
    908.87615266
    909.05018697
    909.05018697
    908.58771127
    907.27378126
    907.55841962
    908.79342707
    907.54504627
    907.54504627
    907.54504627
    909.74578115
    909.65590574
    909.62943373
    909.62943373
    909.62943373
    910.06655714
    910.13689547
    910.13689547
    910.23984096
    910.20947360
    910.19386365
    909.38809811
    909.40953895
    909.45909996
    909.50022884
    909.84749749
    909.93122990
    909.91613710
    910.14798263
    910.14798263
    910.86290826
    910.83941806
    910.86520559
    909.16996028
    909.16996028
    908.69236631
    908.69236631
    908.69634458
    908.69634458
    908.69634458
    908.69634458
    908.69634458
    910.15851693
    909.22622986
    909.22622986
    909.22622986
    908.98258193
    908.98258193
    910.36611828
    910.80902701
    910.82705789
    910.82705789
    910.84870874
    910.76493325
    910.82409639
    910.87703417
    910.89667198
    910.10188794
    910.68715428
    910.82482873
    910.82482873
    910.82284369
    909.79578757
    910.06444717
    910.06444717
    910.47387735
    910.46780471
    910.43271227
    910.43271227
    910.05285090
    910.41904266
    910.43070729
    910.42522181
    910.62330674
    909.61070451
    909.61019238
    909.31829638
    908.90567748
    908.49558391
    908.49558391
    908.49558391
    908.78892493
    907.97727076
    907.97727076
    907.67126224
    906.81740421
    906.11851533
    906.99507067
    906.99507067
    908.10658804
    908.10658804
    910.69504313
    910.38548932
    909.71206142
    909.86469891
    909.86469891
    910.36525249
    910.14633999
    910.09078454
    910.30425378
    910.30425378
    910.30327969
    910.33142480
    910.19775319
    910.65617285
    910.48344788
    909.88589572
    909.89162065
    908.86608665
    908.81886471
    909.65301107
    910.86258612
    910.86252201
    910.86252201
    910.85272704
    909.63911661
    909.63911661
    909.63191032
    909.85972272
    909.80428636
    909.80428636
    910.68530410
    910.68530410
    909.92090805
    909.07854204
    909.07854204
    908.27356319
    908.41273201
    908.24483865
    908.24483865
    910.09846660
    910.19509726
    910.82305747
    910.79903001
    910.82532692
    910.80729283
    910.46862392
    910.24011346
    910.24011346
    910.70277798
    910.70277798
    910.68643635
    910.68643635
    910.41230820
    910.41230820
    910.72904656
    910.89608779
    910.88764035
    910.88764035
    910.89790970
    910.90100066
    910.89927892
    910.89927892
    910.89012764
    910.88106837
    910.87574729
    910.87574729
    910.86840839
    910.81468338
    910.84187921
    910.79583339
    909.91702646
    908.13318038
    908.13318038
    908.13318038
    908.13318038
    908.17024450
    908.78892675
    910.61793210
    910.70920075
    910.73417130
    910.73417130
    910.76605192
    910.08835363
    910.04909038
    910.16500977
    909.18461463
    910.19763611
    910.19763611
    910.19763611
    909.93252375
    909.94647680
    909.94647680
    909.94647680
    910.12473810
    910.08029292
    909.81072660
    909.81072660
    909.80925141
    910.04868363
    910.80223463
    910.05796245
    910.05796245
    907.67535562
    907.67535562
    908.42890757
    909.51877622
    909.89736558
    909.90679492
    909.90825845
    910.09027710
    909.86546362
    909.91057754
    909.91524816
    909.96652277
    909.96652277
    909.75866214
    910.24845335
    910.24845335
    910.30448776
    910.39936916
    910.39936916
    910.60958232
    910.60958232
    910.85624724
    910.78829835
    910.62521039
    909.69072934
    909.66643209
    909.52358914
    910.09961610
    909.49972649
    910.20287446
    909.97172859
    908.65504930
    908.65504930
    907.44101416
    907.44101416
    907.72515474
    907.72515474
    907.72515474
    907.72515474
    909.19824116
    909.19824116
    908.83228792
    908.83228792
    908.93466425
    909.38930461
    909.60569051
    909.52339135
    909.49911623
    909.49911623
    909.77361613
    908.05636104
    907.13471561
    910.54747985
    910.52512429
    910.01143421
    910.34636963
    910.71692631
    910.74176792
    910.79639122
    910.79639122
    910.47318198
    910.44443075
    910.82291010
    910.70607463
    910.86825670
    910.87097959
    910.87097959
    910.82213295
    910.75158677
    909.25945270
    908.96587281
    908.96587281
    908.96587281
    910.48705838
    909.91436892
    909.91436892
    910.20989439
    909.83743883
    909.83743883
    910.36131055
    910.55312492
    910.45168137
    910.58719495
    910.74941892
    910.84956637
    910.88265036
    908.94867575
    909.24683724
    909.24683724
    909.24683724
    910.42684184
    910.30806897
    910.09436024
    909.52512087
    910.12378969
    909.99064263
    909.99064263
    910.21724188
    908.56966648
    908.56966648
    908.56966648
    909.41748245
    909.41748245
    908.64495227
    908.64495227
    906.90725358
    909.27802132
    909.21127855
    909.21127855
    909.51589500
    909.51589500
    909.44948226
    906.29949425
    906.29949425
    906.29949425
    909.00083271
    908.64837821
    908.64837821
    908.52215675
    908.52215675
    908.52215675
    908.52215675
    908.49950750
    908.94756471
    909.99370272
    910.27263889
    910.31258027
    910.30746761
    910.30746761
    910.30746761
    910.73468886
    909.81920110
    909.92389533
    909.72776284
    909.72776284
    909.46078839
    908.84431455
    908.84431455
    909.82582592
    910.54904693
    910.51580293
    910.86218694
    910.68447844
    910.72549825
    910.68538603
    910.60243511
    909.58593477
    910.06378118
    910.06378118
    909.69468593
    909.57802487
    910.10322404
    910.10322404
    910.41041096
    910.41041096
    910.41041096
    910.60085191
    910.62863676
    909.38604583
    909.38604583
    909.38604583
    909.92213145
    909.92213145
    909.89077770
    910.69589057
    910.69589057
    910.73973349
    910.73000903
    910.62275842
    910.77625618
    910.77625618
    910.65678005
    910.06412334
    910.84135503
    910.22284618
    910.22284618
    910.22284618
    910.18219527
    910.18219527
    909.95356694
    909.71799635
    909.96916314
    908.74946795
    909.37378808
    909.14361111
    908.62927688
    908.97349396
    909.47858015
    909.14986249
    909.14986249
    909.14986249
    909.20560853
    909.20560853
    908.69803818
    908.69803818
    908.88178494
    908.88178494
    908.88178494
    910.63299680
    910.63299680
    910.85879437
    910.85838585
    910.81679543
    910.81098234
    910.80949250
    910.78217188
    910.78663354
    910.77374216
    910.77374216
    910.77374216
    910.80035622
    910.86465924
    910.85564288
    910.85564288
    910.87104717
    910.87104717
    910.86690035
    910.86887320
    910.87478715
    910.87030093
    910.63140514
    910.63140514
    910.63140514
    910.63140514
    910.57657950
    910.57657950
    910.06054892
    910.07240046
    910.66179472
    910.71360422
    910.37428581
