    129.63219518
    129.63219518
    129.33771926
    129.61235283
    129.43713123
    128.55759305
    128.58353812
    129.22160517
    128.49021637
    128.49582844
    129.53093156
    128.77182833
    128.64388020
    128.64388020
    129.73905376
    129.62762407
    129.58796058
    129.32389970
    129.59133985
    129.27809404
    129.62160043
    129.61999815
    128.20986083
    128.24130777
    128.24130777
    128.24130777
    128.24130777
    128.84745417
    129.24333110
    129.35993944
    129.35993944
    129.41685420
    129.35609468
    129.35609468
    129.35609468
    128.40744744
    128.70401079
    128.21908229
    128.21908229
    127.52801710
    127.52801710
    127.52801710
    127.52801710
    129.19313081
    129.57410609
    129.71385213
    129.71191763
    129.73608942
    129.71443791
    129.72392842
    129.54555699
    129.12030575
    129.12030575
    129.47699017
    129.18260697
    129.18260697
    127.69304398
    127.69304398
    128.66485136
    129.03920492
    129.03920492
    129.20059213
    129.71188201
    129.71188201
    129.76708126
    129.67566374
    129.67222194
    128.93536891
    129.11986017
    129.64938519
    129.64938519
    129.64938519
    129.67908942
    129.67908942
    129.26011009
    129.07991314
    129.07991314
    129.19149752
    129.01577063
    128.64298143
    128.64298143
    128.64298143
    128.86201328
    128.14225705
    128.14225705
    128.16667065
    129.05973835
    129.05973835
    128.83502222
    128.58299365
    127.92003146
    127.73950179
    128.01471740
    128.01471740
    127.99234297
    127.99234297
    127.97957435
    128.40774107
    128.99493524
    128.99493524
    127.49927598
    128.21170373
    128.80821644
    128.76109386
    128.76109386
    129.22017020
    129.16941870
    129.16941870
    129.04337743
    129.45495339
    128.79844800
    128.80001376
    128.74157955
    128.74157955
    129.32428698
    129.32428698
    128.78487476
    129.29992100
    129.40958317
    129.32081616
    129.21414585
    129.46049204
    129.38759033
    129.60291129
    129.05238039
    128.74275821
    128.74275821
    129.66362125
    129.70458852
    129.44690191
    128.94217182
    128.85991929
    129.17269947
    129.17269947
    129.17269947
    129.38931790
    129.38931790
    129.21325559
    128.76283395
    128.76283395
    128.76283395
    127.81115416
    127.53703713
    127.53703713
    127.86275297
    127.46843633
    127.46843633
    127.46843633
    128.69088982
    128.69088982
    128.59073877
    128.59073877
    129.31869531
    129.05236144
    129.34037133
    129.35712671
    129.38299341
    128.76485565
    128.76485565
    128.12999771
    128.18119746
    128.18119746
    128.59643481
    128.63942536
    128.99345194
    128.97243322
    128.52423893
    128.92605746
    129.34726035
    129.50465905
    129.57521737
    129.57521737
    129.17408203
    129.46521610
    129.24377106
    128.68646958
    128.68091639
    128.59212405
    128.59212405
    129.46546490
    129.46546490
    129.14138072
    127.99280799
    127.99280799
    129.34077943
    129.77310157
    129.74365708
    129.77377467
    129.77096727
    129.29814167
    129.71540781
    129.61764803
    129.61764803
    129.61764803
    129.14329785
    128.88190385
    128.88190385
    128.88190385
    128.88190385
    129.67818125
    129.06356403
    128.76541937
    128.16357500
    129.12063938
    129.53659682
    129.37630291
    129.22729347
    129.41577860
    129.36057427
    129.72319615
    129.62492358
    129.71527232
    129.71527232
    129.75038165
    129.77421099
    129.77232254
    129.14532273
    129.65906362
    129.63354798
    129.63354798
    129.66630281
    128.95086251
    128.95086251
    129.03477623
    129.57543849
    129.51908145
    127.88389116
    127.88389116
    129.64937828
    128.53641843
    128.53641843
    128.57019923
    128.51114174
    128.51114174
    128.51114174
    128.51114174
    127.56048825
    129.75080811
    129.18662244
    129.11731359
    129.40588287
    129.40588287
    129.04241306
    129.45993826
    129.45993826
    129.45993826
    129.72382940
    129.71663334
    129.69879340
    129.74682547
    129.29138999
    129.29138999
    129.29138999
    129.42293727
    129.53072751
    129.53072751
    129.57950185
    129.41812609
    129.41812609
    128.94503739
    128.94503739
    129.29558461
    129.29558461
    128.91848495
    128.38301987
    128.76741059
    128.15997080
    128.15997080
    128.15997080
    128.10331200
    128.10331200
    129.35355776
    129.35355776
    129.35355776
    128.30185087
    128.30185087
    129.11218959
    128.86642341
    127.86792020
    127.86792020
    127.86792020
    128.48480981
    128.48480981
    128.48480981
    127.84923858
    127.84923858
    127.84923858
    128.32778315
    128.32778315
    128.54954962
    128.54954962
    129.00161588
    129.00161588
    128.98311416
    129.29859906
    129.29859906
    129.29859906
    129.35207155
    129.33739821
    129.21893755
    127.99670706
    127.99670706
    127.99670706
    128.66961316
    128.37538875
    128.55987834
    128.38473711
    129.03281328
    129.03281328
    128.50278871
    128.84727083
    129.08674858
    129.32164353
    129.10203777
    129.10203777
    129.19419222
    129.37882698
    129.49333440
    128.01232168
    129.06587702
    128.90364335
    128.90364335
    128.90364335
    128.54907269
    128.54907269
    127.14815431
    128.72419353
    128.72419353
    128.72419353
    128.72419353
    128.72419353
    128.72419353
    128.89645076
    128.89645076
    128.89645076
    129.58762787
    129.49800938
    129.29029841
    129.27900911
    129.56434470
    129.56434470
    129.60853140
    129.60853140
    129.60853140
    129.60853140
    129.56341639
    129.15780137
    129.15780137
    128.40871460
    129.72341632
    128.06162149
    128.06162149
    128.06162149
    128.44123564
    128.32810195
    127.79659540
    127.62814616
    127.62814616
    126.16197005
    126.18640158
    126.18532760
    126.11062324
    126.47171236
    126.47171236
    128.28216462
    127.69618935
    127.35359807
    127.81179215
    128.39302065
    129.11518092
    129.06844284
    129.18944585
    128.47666554
    128.91284240
    128.99610981
    128.99610981
    128.21587246
    128.19160975
    128.19160975
    128.19160975
    128.19160975
    127.59821161
    127.59821161
    127.59821161
    127.98830776
    128.76933494
    127.89869342
    127.89869342
    128.21821436
    128.39666412
    127.98439659
    129.02761262
    129.02761262
    129.31399573
    129.28731570
    129.00137150
    129.00137150
    129.00137150
    129.00137150
    128.77772987
    129.56055941
    129.67128795
    129.76223869
    129.76223869
    129.74917626
    129.74985994
    129.62778277
    129.14491054
    129.10743902
    129.10743902
    129.10743902
    129.10743902
    128.75625324
    129.35301270
    129.35481347
    129.35481347
    129.71250563
    129.70149853
    129.70661993
    129.70661993
    129.73620798
    129.56401825
    129.34907834
    129.27028238
    129.49384211
    128.95091607
    129.75829624
    129.71129603
    129.69612597
    129.69612597
    129.69612597
    129.60884342
    129.60453369
    128.84625375
    128.84625375
    129.47978385
    129.47978385
    129.62954878
    129.57769843
    129.57769843
    129.57769843
    129.65908821
    129.24967776
    129.24967776
    129.26691397
    129.26691397
    129.52522810
    129.50319682
    129.24676217
    129.24676217
    129.35748611
    129.26618257
    129.17291796
    129.60028048
    129.57587718
    129.60809435
    129.61763593
    129.28132533
    129.25331576
    129.26296752
    129.10695705
    128.99478915
    128.87249455
    128.87249455
    128.87249455
    128.62580785
    127.56373666
    127.93722696
    128.70095872
    128.70095872
    128.70095872
    128.30250804
    127.15297077
    127.15297077
    127.15297077
    127.72610938
    126.11841352
    126.11841352
    127.85917525
    127.54811281
    128.62594732
    128.85643837
    128.87396598
    128.44502275
    129.08154183
    128.31052293
    128.31052293
    127.99509749
    127.99509749
    127.67655384
    127.95387390
    129.27423609
    129.12875093
    129.51205430
    129.54986726
    129.64464139
    129.64464139
    129.64464139
    129.64464139
    129.64464139
    129.06504660
    129.58327364
    129.58269760
    129.64894453
    129.64894453
    129.72484262
    129.75811884
    129.75811884
    129.75295359
    129.75295359
    129.75831788
    129.75831788
    129.75831788
    129.69268092
    129.56058770
    129.56058770
    129.40456748
    129.40675568
    128.31241814
    128.99195064
    128.99195064
    129.27252972
    128.75673431
    128.73047160
    128.73047160
    128.73047160
    128.89461582
    128.38117436
    128.38117436
    128.38117436
    127.99176578
    127.73226143
    127.78842402
    127.87965832
    129.04342467
    128.15729444
    128.90350458
    129.38146641
    129.20851384
    129.06604950
    129.29037197
    128.78402313
    127.54663423
    128.64967665
    128.21116799
    128.21116799
    128.21116799
    128.21116799
    127.52685826
    127.64712597
    129.50416268
    129.38666326
    129.37057686
    129.37057686
    129.37057686
    129.13825351
    129.43890648
    129.03112970
    128.40599567
    128.40599567
    128.40599567
    128.40599567
    128.40599567
    128.40599567
    129.43552014
    129.43552014
    129.43552014
    129.43552014
    129.52753003
    129.59913994
    129.73700048
    129.73408145
    129.75678610
    129.57955583
    129.57955583
    129.57955583
    129.50462773
    129.52763461
    129.61445052
    129.57496597
    129.51680086
    129.28405869
    129.28405869
    129.28405869
    129.28405869
    129.40248100
    129.48820432
    129.73916791
    129.71940474
    129.70839304
    129.55272463
    129.64942899
    129.67267318
    129.67675636
    129.73511539
    129.66857616
    129.74912026
    129.75210224
    129.41887616
    128.76483393
    127.64300479
    127.56838950
    127.56838950
    127.14844121
    127.14844121
    127.14844121
    128.62589248
    128.62589248
    128.62589248
    128.52852835
    128.52852835
    128.50560476
    128.50560476
    127.99865967
    128.75920100
    129.29080306
    129.29080306
    129.31274524
    129.31274524
    129.31274524
    129.18058911
    125.98120568
    128.72356079
    128.72356079
    128.59769444
    128.90306770
    128.90306770
    128.87979128
    127.97789937
    127.89174435
    127.89174435
    127.89174435
    127.89174435
    128.57011295
    128.06099889
    126.21736704
    126.21736704
    129.34294830
    129.22724072
    128.69078782
    129.34705244
    129.34705244
    129.34705244
    129.50198075
    129.37586033
    129.58336985
    129.58986383
    129.40441785
    129.05009406
    129.16952171
    128.44120703
    129.45652829
    129.49134548
    129.77023409
    129.67853955
    129.63990507
    129.63990507
    129.43101453
    129.43101453
    129.28973503
    129.18830538
    129.26762849
    129.26762849
    129.26762849
    129.38560781
    129.50752645
    128.24168267
    128.84320925
    128.84320925
    128.10999025
    128.10999025
    128.10999025
    128.10999025
    129.17443882
    129.17443882
    128.51986768
    128.51986768
    129.07222936
    129.74014421
    129.75105997
    129.74408947
    129.50505353
    129.66936580
    129.71842253
    129.71842253
    129.71842253
    129.73774486
    129.65083743
    129.58360744
    129.49347872
    129.62522102
    129.67623683
    129.21592732
    129.24508955
    129.48496358
    129.41315725
    129.41315725
    129.15811708
    129.16012268
    129.16012268
    128.78415164
    129.29476066
    129.29476066
    129.29476066
    129.34093065
    128.87257172
    128.87257172
    128.58900738
    128.58900738
    128.93498767
    129.06083588
    129.58806365
    129.58806365
    129.50588507
    129.61896772
    129.17586191
    129.17586191
    129.17586191
    129.75690716
    129.75690716
    129.66044095
    129.30340452
    129.76292356
    129.75952813
    129.57313711
    129.33681911
    129.33681911
    129.33741540
    129.33741540
    129.33741540
    129.07527372
    129.02753887
    129.16013969
    128.59121031
    129.47413516
    129.55792172
    129.55792172
    129.63804243
    129.67193546
    129.72324634
    129.69705219
    128.80312582
    128.80312582
    128.86196643
    128.88915591
    128.88452311
    129.49624037
    129.50927650
    128.59325940
    129.38488927
    128.95327415
    129.24488414
    129.24488414
    129.21663912
    129.35366213
    129.39584208
    129.39584208
    127.90906117
    129.01952231
    129.01952231
    129.01952231
    128.54736192
    128.54736192
    128.54736192
    128.87014989
    128.48123850
    128.28548091
    128.28548091
    128.56708771
    128.56708771
    129.04467199
    129.04467199
    129.04467199
    129.04467199
    129.72199585
    129.72679297
    129.74189153
    129.74189153
    129.74189153
    129.72544020
    129.72049430
    129.72049430
    129.75376383
    128.95969835
    128.99662111
    129.06548497
    129.06548497
    128.91832605
    128.91203008
    128.98896456
    127.58050302
    127.43800853
    127.43800853
    127.45746879
    127.45746879
    125.53594668
    125.46399027
    125.46399027
    125.46399027
    127.85470667
    129.57020981
    129.49477380
    129.15291589
    129.36334808
    129.47546817
    129.47546817
    129.47546817
    129.46853926
    129.00593816
    128.88719389
    129.51491796
    129.36397987
    129.33837461
    129.34826792
    129.65061353
    129.65061353
    129.62757412
    129.74404351
    129.48396646
    129.44000899
    129.54509697
    129.74660590
    129.17690197
    129.39516908
    128.62053342
    128.62053342
    127.43348025
    128.67182906
    128.19379485
    129.07287189
    129.28180449
    129.50391641
    129.14082162
    129.24471102
    129.19459645
    128.83871091
    128.83871091
    129.23318099
    129.50318392
    129.09708168
    128.90938550
    129.30180970
    129.30180970
    128.58437520
    128.76736962
    128.51917972
    129.13587977
    129.62099161
    129.62183913
    128.24948729
    128.86987600
    128.84766510
    128.47112712
    128.57771881
    128.64518927
    128.64809811
    128.64809811
    129.47911826
    129.47911826
    128.24331577
    128.99479876
    129.15349303
    129.52562851
    129.57409926
    129.70073328
    129.73996327
    129.37338624
    129.37338624
    129.44392752
    129.75374448
    129.68448187
    129.74636497
    129.37158650
    129.34809179
    129.36801756
    128.69785683
    129.20199997
    129.20199997
    129.73870309
    129.73445814
    128.70094614
    129.45491705
    129.45491705
    129.26795018
    129.26795018
    129.34030864
    129.37693883
    129.37693883
    129.27929665
    129.40197368
    129.40197368
    129.68882504
    128.91341758
    128.13273584
    128.41711389
    129.01746445
    129.10967991
    129.08787793
    129.16441961
    129.16441961
    125.38041102
    123.63669244
    123.63669244
    122.94253665
    122.94253665
    122.94253665
    123.02177434
    123.02177434
    123.02177434
    123.02177434
    123.02177434
    123.02177434
    123.02177434
    123.02177434
    123.02177434
    123.02177434
    123.02177434
    123.02177434
    125.49427483
    125.49427483
    125.24007506
    126.22414857
    127.61835138
    128.11074523
    127.85877450
    128.03287035
    128.36809184
    128.70483427
    129.26478879
    129.26478879
    127.77025656
    128.41919740
    128.56304062
    128.99356408
    129.16571169
    129.27316834
    128.99292276
    128.91952411
    128.91952411
    128.34819846
    128.44150003
    128.17325284
    128.16885290
    128.16885290
    128.16885290
    128.31995941
    127.77846489
    125.74270898
    125.74270898
    125.74270898
    129.24008476
    129.24008476
    128.14402516
    128.85806386
    128.29423424
    129.23732488
    129.23732488
    129.36950957
    129.40395292
    128.24191241
    128.23757824
    128.23757824
    127.94878161
    127.94878161
    128.22112646
    129.41580137
    129.42277627
    129.42277627
    129.42277627
    129.42277627
    129.29170841
    128.78893792
    129.21523744
    129.37731763
    129.76175717
    129.76175717
    128.87656904
    128.80417220
    128.80417220
    128.80417220
    128.80417220
    129.50177476
    129.31305988
    129.31305988
    129.31305988
    129.50616052
    128.74834168
    129.53678096
    129.53810147
    129.10606699
    129.10606699
    129.52916959
    129.64598977
    129.71506222
    128.79407359
    129.28142540
    129.10991633
    129.10991633
    129.25198185
    129.08786760
    127.60072286
    127.60072286
    127.14122909
    126.64483848
    128.01172314
    128.23794100
    128.29764651
    129.45085236
    129.35891591
    129.08016172
    128.52036535
    129.07177583
    129.34769788
    129.07194074
    127.82294057
    127.82294057
    127.82294057
    127.82294057
    128.38982238
    128.76544724
    128.74152930
    128.74152930
    128.80088162
    128.83899313
    128.83899313
    128.81284801
    128.81336122
    129.01967665
    129.01967665
    129.01967665
    129.65662427
    129.65662427
    129.65833144
    129.41918310
    129.41918310
    129.58868652
    129.58868652
    129.69560670
    129.52302181
    128.50016796
    128.58940344
    128.61587968
    129.00985315
    128.93828304
    128.66155646
    128.88012304
    128.88012304
    129.24325045
    129.24325045
    129.33371713
    129.76404985
    129.76587962
    129.76867717
    129.77258021
    129.77258021
    129.63208923
    129.35423840
    129.47289064
    129.73337240
    129.26089701
    129.76335468
    129.59482878
    129.59482878
    129.56896191
    129.56896191
    129.60337561
    129.65965515
    129.51287090
    129.51287090
    129.63872653
    129.64241251
    129.64988663
    129.46159191
    128.81103662
    128.81103662
    129.68985613
    129.68916275
    129.67179419
    129.25244682
    129.44406428
    129.41358106
    129.41841932
    129.41974910
    129.41974910
    128.99648622
    128.99648622
    128.65864399
    128.71230807
    126.62016494
    126.62016494
    126.62016494
    127.43064407
    128.07664143
    128.41183513
    129.12909157
    129.44454393
    129.43275012
    129.25367849
    129.59396964
    129.59369075
    127.74387581
    128.66018783
    128.66018783
    128.66018783
    128.56717436
    128.89152655
    127.59302892
    129.23571187
    129.23571187
    129.27191663
    128.96312616
    129.13202288
    129.16989909
    128.15849949
    129.38941638
    129.18438355
    129.39836582
    128.26096100
    128.72338767
    128.18141099
    127.16369659
    126.89451939
    126.89451939
    123.78720436
    123.78720436
    125.65519196
    125.86061044
    125.86061044
    125.86061044
    129.18895249
    129.18895249
    129.00444622
    127.57145942
    127.57145942
    127.31510897
    127.40104103
    127.40104103
    126.40933516
    126.40933516
    126.50859916
    126.50859916
    127.01852675
    127.01852675
    127.14596947
    128.56179269
    128.56179269
    129.13764186
    129.40583125
    129.51540750
    129.51426240
    128.32170343
    129.36443425
    129.07647993
    129.07647993
    128.88947074
    128.88947074
    128.88947074
    129.58289453
    129.58289453
    129.74710053
    129.74134498
    129.77082179
    129.46860651
    129.17165670
    128.35786318
    128.35786318
    128.92285538
    127.88972596
    128.84265687
    128.84265687
    128.48798031
    128.48798031
    128.48798031
    128.69174140
    129.37421643
    129.26878415
    129.43768253
    129.60958367
    129.60958367
    129.44249461
    129.50739612
    129.21582871
    129.01120447
    129.01120447
    128.08137813
    127.70483060
    128.10992679
    128.10992679
    129.05001086
    129.20037414
    129.20544454
    129.20544454
    129.16603616
    129.16603616
    129.16603616
    129.19184588
    129.17937991
    129.37027202
    129.33575176
    129.33575176
    129.66763317
    129.61633841
    129.39307991
    129.39307991
    129.39584666
    129.63415475
    129.62856425
    129.64244882
    129.16472212
    129.16472212
    129.40401714
    129.46385024
    129.50983748
    129.22101816
    129.21698239
    129.56915429
    129.55260820
    128.95885488
    128.95885488
    129.74374509
    129.74374509
    129.03809345
    129.03809345
    128.50434927
    128.50434927
    128.10274980
    127.95941918
    127.95941918
    129.72265350
    129.60286671
    129.49838809
    128.77270711
    129.59173350
    129.63303155
    129.63303155
    129.35953448
    129.66190275
    129.66119964
    129.38691938
    129.40096416
    128.78410055
    128.34328338
    127.57321646
    127.57321646
    126.96549191
    128.03882794
    128.61825160
    128.94596879
    128.94596879
    128.94596879
    129.52401046
    129.62154177
    129.72577752
    129.66449586
    129.49813257
    129.19853169
    129.29101707
    129.29101707
    128.23649655
    129.17432665
    129.21102755
    129.70125117
    129.68895964
    129.68895964
    129.70317096
    129.70317096
    128.47877927
    128.47877927
    128.41321122
    128.41321122
    129.12574054
    129.12574054
    129.12574054
    128.10275446
    128.10275446
    128.10275446
    128.10275446
    128.06204149
    128.06204149
    128.70422552
    129.30500498
    129.62870339
    129.62641782
    129.28398435
    129.28398435
    129.26648184
    129.40199256
    128.64866906
    128.28938391
    128.28938391
    127.17423425
    127.17423425
    128.22840894
    128.22840894
    128.08510478
    128.22894752
    128.22894752
    128.45656549
    128.45656549
    128.45656549
    129.55370216
    129.43262788
    129.43262788
    129.50235699
    129.50235699
    129.17328908
    126.08291403
    126.08291403
    127.77646648
    127.77646648
    127.91480503
    128.58144184
    128.58144184
    128.58144184
    128.58144184
    128.58144184
    129.47066704
    129.47066704
    129.29601552
    128.99032227
    128.99032227
    128.99032227
    129.58193081
    129.54263791
    129.54263791
    129.76115155
    129.77403277
    129.77403277
    129.73411778
    129.68133283
    129.68133283
    129.02399263
    129.68957551
    129.56708944
    129.64809188
    129.56263937
    129.60085814
    129.60085814
    127.86801847
    128.89656766
    129.73903334
    129.76533957
    129.49570469
    129.63561659
    129.49377741
    129.43081114
    129.70672739
    129.67661836
    129.36193512
    129.13473026
    128.38840027
    128.90076955
    125.90718621
    125.90718621
    127.08508291
    127.36664543
    127.36664543
    127.36664543
    126.76017363
    127.85031865
    127.85031865
    127.85031865
    127.25920498
    127.25920498
    128.99989940
    128.99989940
    129.22677976
    129.24954617
    129.29515989
    129.29515989
    129.27372728
    129.26813443
    129.26813443
    129.31143355
    129.27672001
    129.73368643
    129.65216468
    129.60279112
    129.60302731
    129.60302731
    129.02995029
    129.41926717
    129.41926717
    129.44409454
    128.20007900
    128.20007900
    128.08085248
    128.08085248
    128.08085248
    128.44382555
    129.34330933
    129.19936189
    128.10229155
    128.40812001
    128.40812001
    128.38885145
    128.38885145
    128.89197134
    128.89197134
    128.89197134
    127.99225216
    126.87976774
    126.87976774
    126.87976774
    124.26779301
    124.26779301
    128.89169479
    128.89169479
    129.39356836
    129.39356836
    129.73305600
    129.74199277
    129.75533821
    129.73586450
    128.18218394
    128.18218394
    128.61926711
    128.56822618
    129.34806066
    129.57611770
    129.57611770
    128.88571713
    126.81769216
    129.46495620
    129.46495620
    129.69494748
    129.56417512
    129.55076703
    129.69460691
    129.69053677
    129.69053677
    129.69053677
    129.69053677
    129.35943548
    129.21539276
    129.10336227
    128.63476699
    129.45838511
    129.75897584
    129.76564981
    129.76130967
    129.74790829
    129.73675960
    129.45165421
    129.02007960
    129.62763774
    129.56241904
    129.57760759
    129.50729019
    129.50729019
    127.47353838
    127.43820135
    127.71407776
    128.36668729
    129.18363709
    129.02041790
    129.48948320
    129.49068393
    129.54629859
    129.53190885
    129.53666533
    129.61342470
    129.41222615
    129.35064874
    129.09122129
    129.12251502
    129.09150191
    129.19141616
    128.41247692
    129.40369802
    129.40873732
    129.67193320
    129.63774216
    129.62977147
    129.62977147
    129.39120959
    129.29944660
    129.52067313
    129.54565314
    129.54470673
    129.53052915
    129.53052915
    129.53052915
    129.60426290
    129.64385647
    129.64385647
    129.64385647
    129.64385647
    129.74283144
    129.68205806
    129.71482144
    129.60617838
    127.90757644
    127.90757644
    128.45874131
    128.45874131
    127.84246424
    128.96783422
    129.01763159
    127.65517713
    128.77492828
    129.26885526
    129.26885526
    129.07439687
    128.78356367
    129.24538334
    129.50800726
    129.44596942
    129.46127713
    129.10205574
    129.40580324
    129.50915962
    129.13559297
    129.51443640
    129.49496618
    129.22479902
    128.78144568
    128.78144568
    129.31604381
    129.12521201
    128.72538758
    129.77425889
    129.73005458
    129.73005458
    129.67393006
    129.60712541
    129.60682153
    129.60682153
    129.55400475
    129.65418318
    129.54158446
    129.62811583
    129.62811583
    129.62811583
    129.54837981
    129.65859869
    129.77409047
    129.77409047
    129.70363782
    129.51855923
    129.51855923
    129.51855923
    129.43689543
    129.38117128
    129.38117128
    129.21054265
    128.91782420
    128.91782420
    128.91782420
    128.91782420
    129.38977470
    129.44570990
    129.44570990
    129.44570990
    129.51644137
    129.68548937
    129.76833604
    129.46643562
    129.46643562
    129.46643562
    129.22420110
    129.22420110
    129.22420110
    129.22420110
    129.22436682
    129.29992194
    129.29992194
    129.29992194
    129.09225189
    129.16223479
    129.54289337
    129.74015854
    129.75795331
    129.67956491
    128.82268605
    128.82268605
    129.06449100
    128.37664402
    128.58812878
    128.58812878
    129.47384272
    129.38564390
    128.82886067
    128.46243433
    128.46243433
    128.46243433
    128.44878847
    128.52385762
    128.52385762
    129.06174815
    128.33231981
    128.07494394
    128.37461473
    127.09362884
    127.59528777
    127.59528777
    127.59528777
    125.91536510
    128.34747824
    128.89278901
    127.92824163
    129.57262054
    129.53888939
    129.53231491
    129.53738125
    128.48640181
    129.68157870
    129.50006841
    129.50006841
    129.00341934
    125.52641214
    125.52641214
    126.33195370
    127.27911067
    127.27911067
    127.60204584
    127.91586403
    127.91586403
    127.91586403
    127.91586403
    127.91586403
    129.00947463
    129.00947463
    129.15419609
    129.29400247
    129.15984536
    129.41519014
    129.35906746
    129.35906746
    128.67177155
    129.10094409
    129.41146441
    129.20838274
    129.20838274
    129.23513707
    129.23513707
    129.66100502
    129.66153551
    128.52073796
    129.67301302
    129.67301302
    129.59357842
    129.62531757
    129.32268849
    128.91490689
    128.24218274
    128.46349919
    129.56394245
    129.61004871
    129.15655459
    129.64597296
    129.64597296
    129.04796062
    129.40084449
    129.01323130
    129.27901188
    128.65704453
    128.65704453
    128.11588052
    128.11588052
    127.67567495
    128.18015271
    128.21492859
    128.59534662
    127.40571012
    127.40571012
    127.40571012
    127.40571012
    127.40571012
    128.42833132
    126.76701681
    126.76701681
    127.07492306
    125.52043526
    126.38494222
    125.35557019
    126.19042090
    126.19042090
    126.19042090
    125.79013927
    127.63788935
    127.63788935
    127.95017080
    129.08419154
    128.77907154
    128.77907154
    128.77907154
    129.28547703
    129.28547703
    127.96297059
    127.67945784
    129.17162910
    129.32847941
    129.32847941
    129.43562606
    129.43562606
    129.45533422
    129.39398804
    128.98547770
    128.98547770
    127.25423399
    127.81540894
    127.81540894
    127.81540894
    127.80889303
    127.93870512
    127.93870512
    127.93870512
    127.93870512
    125.26552379
    126.32351870
    125.48277950
    125.48277950
    125.48277950
    125.48277950
    126.53612519
    125.97703282
    128.04147678
    128.04147678
    129.15025845
    129.15025845
    129.00647030
    128.25950499
    128.16686749
    129.69824570
    129.69824570
    129.69824570
    129.69618018
    129.19227243
    129.15799947
    129.12313933
    129.55240354
    129.21686885
    129.21686885
    129.59426076
    129.57885863
    129.57885863
    129.44350597
    129.32355947
    128.75933845
    128.88651882
    128.88651882
    128.56110026
    128.55712319
    128.26887959
    128.25646915
    128.88819106
    129.40610289
    129.77042014
    129.77042014
    128.04004862
    128.04004862
    128.75780058
    128.69710642
    128.65467036
    129.20508819
    129.20508819
    129.29371609
    129.60463006
    129.50746268
    128.95698179
    127.00538985
    128.21906148
    127.55755984
    125.36480086
    128.12467752
    129.39755921
    129.59385358
    129.69293537
    129.76971574
    127.59642896
    128.60577827
    128.60577827
    128.60577827
    128.60577827
    128.60577827
    129.56216020
    129.56350183
    129.07111924
    129.07111924
    129.07111924
    129.07111924
    129.02201074
    129.02201074
    129.02201074
    129.02201074
    129.00932022
    129.00932022
    128.55458723
    128.93743173
    129.43540986
    128.90781095
    127.84577040
    128.54950235
    128.54950235
    128.54950235
    127.25373690
    127.30591785
    128.07689492
    128.07689492
    129.33626850
    128.58043762
    128.58043762
    128.58043762
    128.12193230
    129.00809043
    128.93450413
    128.93450413
    128.84805748
    129.74334933
    129.74334933
    129.68598392
    128.91950759
    128.91950759
    128.99906077
    128.99906077
    129.04241139
    128.95931764
    129.10839198
    129.16136982
    129.03555651
    128.11694917
    128.11694917
    128.11694917
    128.20942902
    127.98996185
    127.98996185
    127.95724967
    127.38948677
    126.69928434
    127.57127140
    128.06178006
    128.74128976
    128.81778227
    127.79410188
    127.79410188
    125.51205445
    126.10914763
    126.10914763
    127.66858232
    127.66858232
    128.83146458
    128.69117998
    127.59282755
    127.60284932
    127.44013718
    127.44013718
    127.44013718
    127.44013718
    127.44013718
    129.36716689
    129.36716689
    129.28036612
    128.53831333
    128.53831333
    128.53831333
    128.35932743
    128.35932743
    128.35932743
    129.36086787
    129.36086787
    129.36086787
    129.34304000
    129.34304000
    129.34304000
    129.26945366
    129.26945366
    129.28789930
    129.20652579
    129.35467096
    129.58454108
    129.58454108
    129.44838702
    128.70661796
    128.99435016
    128.30611022
    128.30611022
    128.24270344
    128.24270344
    129.16350273
    129.12635724
    129.44491729
    129.43888702
    129.47848573
    129.38853702
    129.20755096
    129.24857562
    129.24857562
    129.27536440
    129.27536440
    129.54990004
    129.18127734
    129.22742517
    129.22742517
    128.78047207
    128.55476255
    128.77787476
    128.49698137
    128.21666511
    128.37119229
    129.54090708
    129.65136864
    129.61195891
    129.47345078
    129.69930131
    129.07547411
    129.49827085
    129.18494446
    129.18494446
    129.49395667
    129.49614068
    128.98398680
    129.33406161
    129.33406161
    129.33538750
    129.09705523
    129.37666094
    129.73076045
    129.73076045
    129.69904320
    129.68364172
    129.68559284
    129.69284908
    129.69284908
    129.69249032
    129.75966918
    129.75966918
    129.25225467
    129.43645633
    129.68285479
    129.48407519
    128.58599822
    129.32039775
    129.32039775
    129.32120354
    129.61049545
    128.87381775
    128.40344147
    128.51312259
    128.51312259
    129.04062034
    129.03409780
    128.99659122
    129.06076426
    129.06076426
    129.06076426
    129.06076426
    129.13226532
    129.13226532
    128.84492628
    129.43887816
    129.25125974
    129.39698381
    129.35756360
    129.32450721
    129.32450721
    129.30551460
    129.75511249
    129.75017147
    129.66905282
    129.66905282
    129.62680437
    129.45049675
    129.47297579
    128.25570537
    129.29588047
    129.29588047
    128.73602943
    128.24897582
    128.24897582
    128.28448625
    128.28448625
    128.33156478
    128.16219416
    129.17825890
    129.17825890
    129.36100267
    128.47504553
    127.41897143
    127.41897143
    128.77117218
    129.35132791
    128.61177524
    128.23978335
    128.23978335
    128.23978335
    128.81146738
    128.83507371
    127.85155226
    127.85155226
    126.84981602
    126.84981602
    126.84981602
    126.84981602
    128.55799353
    128.76696770
    129.26376957
    129.22575737
    129.22575737
    129.44791319
    129.66374658
    129.68663356
    129.69357896
    129.44783544
    129.24881575
    129.68223287
    129.43633902
    129.73906917
    129.72683953
    129.55436840
    129.48215406
    128.79314714
    128.82026035
    129.06215253
    129.34862072
    129.28075668
    128.88758779
    128.84208993
    126.81074905
    127.96451626
    128.98927819
    127.94076711
    128.83385848
    128.01285160
    127.92994106
    128.96838103
    128.96838103
    128.99174838
    129.14995312
    129.14995312
    129.42662260
    129.50849670
    129.40661953
    128.59110977
    128.59441141
    128.59441141
    128.59441141
    128.59441141
    129.09847525
    128.99932247
    129.29315393
    129.40217118
    129.32848697
    128.90393437
    129.25249070
    128.93859888
    128.93859888
    128.93859888
    129.13008952
    128.26327822
    128.92272061
    129.14677649
    127.46793989
    127.46793989
    128.04249159
    129.12427541
    129.12427541
    129.00284060
    129.00284060
    129.51741222
    129.24029486
    129.10312745
    128.85074168
    128.85074168
    128.10280823
    128.15598418
    128.71574950
    128.72687561
    126.86046570
    126.93418125
    127.24838060
    127.86690251
    128.32700626
    128.25129912
    126.62176113
    128.29617441
    127.99369997
    126.17391657
    127.31244248
    128.71817116
    128.23835185
    128.23835185
    128.48500654
    128.48500654
    128.48096472
    128.41233077
    129.54691321
    128.94105170
    128.94105170
    129.63255611
    129.45427389
    129.48561500
    129.46842887
    129.41795619
    129.21380613
    129.21380613
    129.77017979
    128.50996490
    128.50996490
    128.50996490
    129.64909299
    129.70773921
    129.69187505
    129.64380001
    129.30934189
    129.74407813
    129.75887320
    129.61069376
    128.78058781
    129.39131672
    129.75128811
    129.68578077
    129.68578077
    129.68578077
    129.37271705
    129.37271705
    129.38678965
    129.21125949
    128.62248984
    128.62248984
    129.18165419
    129.59845834
    129.59845834
    129.75823953
    129.75823953
    129.75823953
    129.75823953
    129.66638372
    129.69747315
    129.47771029
    128.27002767
    128.27002767
    128.29311033
    128.29311033
    128.63432631
    128.97146963
    129.75418455
    129.74266109
    129.74413068
    129.74413068
    129.52053466
    129.52053466
    129.55999671
    129.63789064
    129.65463103
    129.65113434
    129.65449509
    129.76148371
    129.75069909
    129.75069909
    129.03211339
    129.03211339
    129.20320330
    128.58930935
    128.11493366
    128.11493366
    127.96521183
    125.01458466
    125.64271788
    125.64271788
    125.64271788
    125.64271788
    126.48519343
    126.48519343
    127.73238273
    127.73238273
    127.73238273
    128.19523644
    127.49567760
    129.05239437
    129.05239437
    128.70109941
    129.61449296
    128.72564938
    128.07172192
    128.07172192
    128.76246274
    128.76246274
    128.91051501
    129.16085494
    129.16085494
    128.13564291
    128.13564291
    126.47469610
    124.64082881
    126.01056791
    126.80956947
    124.79163837
    124.79163837
    124.79023881
    124.79023881
    125.94758317
    128.13756491
    128.73691538
    128.29577476
    129.03223132
    129.19644915
    129.21636691
    129.19866527
    129.19866527
    128.78687171
    128.78687171
    128.80448303
    128.93339720
    128.93339720
    128.93339720
    128.73864108
    129.63327170
    129.63327170
    128.95218753
    129.18716164
    129.18994987
    129.18994987
    129.18994987
    128.56267709
    127.44241765
    127.44241765
    128.55418317
    126.47785386
    126.47785386
    126.47785386
    126.30766405
    126.30766405
    126.78186522
    127.21969497
    127.17162601
    127.17162601
    128.18050003
    128.56585280
    129.39346700
    129.39346700
    129.41586969
    128.38280665
    129.08310194
    129.07339807
    128.89036013
    128.89036013
    128.89036013
    128.88999936
    128.26639981
    129.01207399
    129.64870538
    129.64870538
    129.64870538
    129.39670428
    129.39670428
    129.27004147
    129.16380323
    129.08243871
    129.64433779
    128.56593395
    128.56593395
    128.56593395
    128.74870463
    129.29606729
    128.77639570
    128.74935317
    129.43665182
    129.08752488
    129.08752488
    128.02856746
    127.63015131
    127.48188482
    127.48188482
    127.48188482
    124.54827526
    124.54827526
    124.54827526
    124.54827526
    124.71754524
    124.71754524
    125.24395391
    123.98624643
    124.92092076
    126.41539068
    126.41539068
    126.41539068
    126.41539068
    127.39338254
    127.39338254
    127.39338254
    127.16982501
    126.77163360
    126.77163360
    128.39055366
    128.39055366
    128.39055366
    128.77278730
    128.76450820
    128.68164670
    129.60235722
    129.75101421
    129.77035213
    129.77035213
    129.77035213
    129.10824477
    129.10824477
    129.10824477
    129.23059785
    129.23059785
    129.35248644
    129.36415231
    128.60756465
    128.77254386
    128.24943131
    125.87560342
    127.95307283
    128.14100121
    125.22559799
    125.22559799
    125.22559799
    125.22559799
    123.20938837
    123.20938837
    123.20938837
    123.20938837
    123.20938837
    123.20938837
    122.28147473
    122.28147473
    122.52077338
    124.60892193
    124.60892193
    124.60892193
    124.32436307
    126.69881213
    126.75524497
    126.75524497
    126.75524497
    126.03380436
    126.03380436
    126.03380436
    128.14928607
    128.34390628
    129.23870668
    129.46737586
    129.23841204
    129.23841204
    129.61077409
    129.69095957
    129.70343598
    128.70740558
    128.74362452
    129.21739173
    129.21739173
    129.21739173
    129.32708907
    129.32708907
    129.20001552
    129.20001552
    129.12126749
    129.12126749
    129.12140323
    129.57250827
    129.57250827
    129.57038128
    129.33629342
    129.23760443
    129.12615822
    128.92207702
    129.48678697
    129.33389333
    129.33389333
    127.34103676
    127.34103676
    127.64194202
    129.56514513
    129.56514513
    129.56229509
    129.41885907
    129.41885907
    129.68953718
    129.28694664
    129.56452103
    129.60702431
    129.60702431
    129.23847451
    129.23847451
    128.98828039
    128.98828039
    128.54034280
    128.47539521
    128.53118188
    128.62255848
    128.62255848
    129.26881499
    129.26881499
    128.94702398
    128.94702398
    129.73995548
    129.62558550
    128.85400307
    129.63474453
    129.50510272
    129.52369334
    129.51121104
    129.43103140
    129.35645678
    129.49486757
    129.40216817
    126.95060949
    128.93761559
    128.29492165
    128.60432242
    129.10944252
    129.19008086
    129.25386477
    125.77289371
    125.77289371
    125.77289371
    126.34707860
    128.48342250
    128.07255823
    127.53847894
    128.21851519
    128.76340362
    128.76340362
    129.27572813
    129.71632415
    129.71632415
    129.75167979
    128.31719321
    129.72452336
    129.72362755
    129.49856009
    129.50997371
    129.50997371
    128.95659350
    129.00189160
    129.10957839
    129.05196463
    129.05196463
    129.22490936
    129.38499306
    129.38995991
    129.56980981
    129.42631348
    129.58503084
    129.69238037
    129.30174911
    128.68318586
    128.44267369
    128.54678989
    128.54678989
    127.88380428
    127.88380428
    127.88380428
    124.36343244
    124.36343244
    124.36343244
    129.02079455
    129.02079455
    128.87419969
    128.07992377
    128.73367465
    128.73367465
    129.19088553
    129.21763787
    129.21763787
    129.26932761
    129.34576951
    128.25699446
    129.45719438
    129.07839363
    128.55643301
    128.55643301
    129.26701462
    129.28845782
    129.28845782
    129.53450035
    129.18060815
    129.48726476
    129.58625476
    129.52668997
    129.58123207
    129.58123207
    129.60952295
    129.64231089
    128.81512323
    128.81512323
    128.81512323
    128.81512323
    128.81512323
    129.07636582
    127.85915441
    127.85915441
    127.51925133
    128.32696094
    128.92023950
    129.18830785
    129.18830785
    129.69719660
    129.69719660
    129.72294741
    129.72294741
    129.20472473
    129.55802955
    129.59764529
    129.43703834
    128.69532319
    129.12923442
    129.25591081
    129.36625448
    129.15257316
    129.15257316
    129.36046471
    129.01514310
    129.58434024
    129.72075084
    129.57007938
    129.57007938
    129.45832261
    129.32002836
    129.66575234
    129.66575234
    129.66080060
    129.62015791
    129.59433637
    129.66715091
    129.66791768
    129.68499766
    129.66813273
    129.61780878
    129.70798113
    129.70798113
    128.75639328
    128.87778279
    129.26116324
    129.40278547
    128.93628032
    129.25666340
    129.25666340
    129.43896328
    129.43896328
    129.62571590
    128.84903453
    128.69883505
    128.69883505
    128.41303877
    128.42928260
    128.89170642
    129.29418916
    129.28744708
    128.60316419
    128.60316419
    127.27524519
    128.48659850
    129.18551644
    129.34429185
    129.56843509
    128.16288422
    128.27790590
    128.99313765
    129.13424758
    129.13021047
    129.25949057
    129.32515030
    129.32515030
    129.32515030
    128.55302576
    128.03705148
    128.03705148
    128.28661949
    128.28661949
    128.85318512
    128.97632931
    129.75130009
    129.75128835
    129.75128835
    129.68000296
    129.38666590
    129.34781971
    129.28639613
    127.84359301
    128.31215388
    128.36508575
    128.49763433
    127.27916982
    127.55156471
    127.82234979
    128.45033718
    128.37063234
    128.37063234
    129.08120945
    129.08120945
    129.04311561
    129.13052498
    128.87560986
    128.58177593
    128.58177593
    128.47206218
    128.44837055
    128.44837055
    128.44837055
    128.48415483
    128.48415483
    129.60284232
    129.60284232
    129.60284232
    129.71203966
    128.76043829
    128.76043829
    128.90907849
    128.89049639
    128.87096626
    128.87096626
    128.86827882
    129.10134115
    129.10276588
    128.33728873
    128.07799882
    126.38398548
    126.38398548
    126.67626128
    126.67626128
    127.65556634
    129.13677614
    129.69927483
    129.60436325
    129.51464990
    129.70612559
    129.49656583
    129.49656583
    129.57473452
    129.29800018
    127.80326869
    128.21016738
    128.21016738
    127.70947028
    128.03505985
    128.03505985
    128.76913578
    128.76913578
    126.96681875
    126.38501141
    127.32156657
    126.59721752
    126.59721752
    126.59721752
    127.79344086
    129.02023380
    129.02023380
    128.77289586
    129.07528720
    129.72391421
    129.68697963
    129.68697963
    129.61641986
    129.14238830
    128.14842690
    127.77612625
    128.13942625
    128.13942625
    128.38748335
    128.38748335
    128.38748335
    127.72916110
    127.72916110
    127.72916110
    127.72916110
    126.49780117
    126.49780117
    126.66724977
    126.55827503
    126.51849526
    126.10425984
    126.10425984
    125.88559211
    126.75026731
    128.00593783
    127.89039687
    126.42071087
    127.73519867
    127.63656656
    128.00161102
    128.09343986
    128.41704329
    128.41704329
    129.24491147
    129.68163504
    129.70478288
    129.75382730
    129.71932842
    129.41959506
    129.71587788
    129.71587788
    128.81758115
    128.81758115
    128.72690883
    127.88129986
    129.74696643
    129.74186199
    129.73355106
    129.36279173
    129.10046301
    128.92822861
    128.95674962
    128.79862493
    128.79862493
    128.56356286
    127.25864028
    127.03277071
    128.77326394
    128.77326394
    128.87708054
    126.22973894
    126.22973894
    125.45358358
    125.45358358
    126.03654573
    127.06390096
    128.51455713
    128.51455713
    126.42247730
    126.42247730
    127.06840365
    127.80516346
    127.80516346
    127.16073786
    127.16073786
    126.80500348
    125.84955687
    126.80384474
    127.66477859
    126.77603328
    126.77603328
    126.77603328
    126.77603328
    124.32274416
    126.55119024
    126.68159821
    126.68159821
    127.43672122
    127.67200047
    128.09572126
    129.01693163
    129.09950748
    129.47800250
    128.49222625
    129.13488664
    129.13488664
    129.00739691
    129.00739691
    129.08818103
    129.07543661
    129.05005130
    129.00081018
    128.99207985
    128.97570681
    128.49762077
    129.69777284
    129.74588561
    128.91231388
    129.58209379
    129.65789900
    129.67554965
    129.15671290
    128.93456982
    129.46355345
    129.42410657
    129.64697916
    128.87095404
    128.56525995
    129.60319298
    129.22373213
    129.22373213
    129.22373213
    128.46658085
    129.24047104
    129.20154894
    129.20154894
    129.13328537
    129.37884077
    128.65907195
    128.93849292
    128.93849292
    128.93849292
    129.10545156
    129.56351514
    129.55123850
    129.55122212
    129.56486619
    129.56874752
    129.39231898
    129.75930382
    129.76535292
    129.76392452
    129.60549188
    129.70299833
    129.74995825
    129.71811544
    129.76049160
    129.75685857
    129.75685857
    129.75685857
    129.75685857
    129.74905373
    129.65343983
    129.00324772
    128.35845538
    126.68699434
    126.68699434
    126.68699434
    129.01327787
    128.45493089
    128.44867442
    128.44867442
    128.46831912
    129.29944336
    129.16595943
    128.44224065
    128.06667440
    128.06667440
    128.06667440
    128.69020440
    128.99419143
    128.99515210
    129.72207023
    129.75740085
    129.73327986
    129.46442827
    129.46442827
    129.59047717
    129.60226599
    129.60226599
    129.61445709
    129.55295450
    129.43666677
    128.89233987
    128.64970462
    128.61319348
    129.10987837
    129.10987837
    129.10987837
    129.05929814
    129.06279106
    128.89020100
    129.38159927
    129.02567712
    129.65929858
    129.52053637
    129.52053637
    128.93999293
    128.93999293
    128.93999293
    129.26399264
    128.95934358
    128.95934358
    128.95934358
    128.95934358
    129.59423353
    128.66450317
    129.00883911
    127.78118160
    127.14308704
    127.14308704
    127.14308704
    128.24558479
    128.24558479
    128.24558479
    129.16509573
    129.37023862
    129.68768048
    129.59330709
    127.95080104
    127.95080104
    128.72409311
    128.72409311
    128.90719103
    128.90719103
    128.90719103
    126.49860099
    127.55219359
    127.55219359
    129.00529878
    129.41248958
    129.62640481
    129.30721559
    129.64976478
    129.74250422
    129.77090962
    129.71843399
    129.74667872
    129.66513887
    129.74332476
    129.66685019
    129.62850410
    129.69595756
    129.35465462
    129.67029534
    129.67851490
    129.74776541
    129.74285628
    129.73262406
    129.72436875
    129.31350507
    128.03428504
    127.57787814
    128.12987106
    127.33660040
    123.67640412
    126.66199076
    128.32148034
    128.08513071
    128.96401948
    129.06323620
    129.05739698
    129.05739698
    129.67642149
    129.73446732
    129.74949263
    129.73805128
    129.73805128
    129.75853973
    129.71642558
    129.71822163
    129.47331401
    127.84378375
    127.84378375
    127.79851028
    127.99773154
    129.16275663
    129.16275663
    128.98889245
    129.35995822
    129.47167505
    129.48588437
    129.66446463
    128.56176192
    128.98157652
    128.98157652
    128.90959930
    129.07106912
    129.07106912
    128.94818545
    129.52115878
    128.95992212
    128.95992212
    129.14147221
    129.43576142
    129.21827846
    129.62316984
    129.77122041
    129.39206403
    129.39206403
    129.39206403
    129.39206403
    129.36431654
    129.33045156
    129.70832261
    128.93813768
    129.28055331
    129.52072666
    129.52072666
    129.52072666
    128.41281676
    128.41281676
    128.41281676
    128.41281676
    129.00201346
    129.63793180
    129.57077267
    129.55774350
    129.55774350
    129.55774350
    129.55774350
    129.55774350
    129.52824266
    129.61553899
    129.61553899
    129.50862565
    129.50862565
    129.50862565
    129.21649816
    129.21649816
    129.64558495
    129.59296056
    129.65850997
    129.54455175
    129.35421348
    129.56061785
    129.74236022
    129.74205230
    129.74205230
    129.77329926
    129.76797181
    129.58331305
    128.34316587
    129.43432269
    129.43432269
    129.50279958
    129.50279958
    129.33220208
    129.41822435
    129.39223854
    129.46008916
    129.46008916
    129.49199631
    129.50237439
    129.50237439
    128.56832546
    129.25214327
    129.41680557
    129.69726229
    129.75829483
    129.75829483
    129.25612939
    129.27225350
    128.81446390
    129.48842904
    129.48842904
    129.48842904
    129.47154927
    129.59795804
    129.60129175
    128.81281222
    129.03357524
    128.99192467
    129.19447704
    128.59537772
    128.07332523
    128.07332523
    128.81510867
    128.81510867
    129.07757602
    128.80347512
    127.86000351
    128.11516193
    128.11516193
    128.41508933
    128.59084578
    129.36548168
    128.62641943
    128.62641943
    128.62641943
    128.62641943
    128.62641943
    129.08003381
    128.55011388
    128.55011388
    128.46606994
    128.46606994
    128.46606994
    126.72953300
    126.72953300
    126.72953300
    126.72953300
    126.72953300
    127.56021489
    127.56021489
    128.90736049
    128.90736049
    127.20606523
    127.20606523
    127.20606523
    127.20606523
    128.34870639
    129.28040448
    129.28040448
    129.56468889
    128.53117282
    128.99800982
    128.97371821
    128.94505145
    129.00815383
    129.00815383
    129.28444573
    129.28444573
    129.27128069
    129.64483900
    128.90258173
    129.63386908
    129.67524709
    129.67524709
    129.41854817
    129.41854817
    129.65595585
    129.40235134
    129.08819445
    129.10002427
    129.19504230
    129.34537196
    128.98319521
    128.79965163
    127.75155565
    128.33683522
    127.63697863
    127.63796994
    127.64170805
    127.64170805
    127.64170805
    128.00621890
    127.89353901
    127.89353901
    127.89353901
    127.89353901
    127.89353901
    127.89353901
    128.26948032
    128.58382775
    129.35907643
    129.35907643
    129.35907643
    129.34694027
    129.38679984
    129.38679984
    128.45412373
    128.45412373
    128.35019412
    128.92282176
    128.90131039
    128.67793940
    127.41365667
    126.83350933
    128.66679239
    129.35617408
    129.14235822
    129.14235822
    128.21954565
    128.53639113
    129.45393428
    129.65997596
    129.65930144
    129.65835621
    129.65835621
    129.69420775
    129.56993390
    128.49673637
    128.49673637
    128.49673637
    128.76948422
    129.24247850
    129.24807303
    129.15850882
    129.08747761
    129.08747761
    129.08747761
    129.08747761
    129.08747761
    128.28601802
    128.28601802
    128.28601802
    127.99129361
    127.99129361
    129.76940952
    129.40418442
    129.14416726
    129.14416726
    129.14416726
    129.65930308
    127.77222150
    127.63949148
    128.47415073
    128.62971483
    128.62971483
    128.78146208
    128.78146208
    128.32333931
    129.18339623
    129.63595726
    129.18677912
    129.18677912
    129.48590600
    129.42249673
    129.59299119
    128.77715939
    128.44243668
    129.45841854
    129.61833788
    127.51937604
    127.51937604
    129.17518606
    129.17518606
    129.18650629
    126.33342271
    127.42051955
    127.42051955
    127.42051955
    127.42051955
    127.84558961
    128.18467907
    128.18467907
    129.51127948
    129.51127948
    129.51127948
    129.51127948
    129.46188133
    128.94823114
    129.18627676
    129.76626189
    129.77098301
    129.55583255
    129.55583255
    129.54263899
    129.54263899
    129.48777015
    129.31252145
    129.57961083
    129.57961083
    129.57961083
    129.28847450
    129.28847450
    128.52773267
    128.52773267
    128.52773267
    128.52773267
    128.52773267
    128.52773267
    128.52773267
    127.94804111
    127.60570050
    127.39018160
    127.21306915
    127.21306915
    129.41519924
    129.34844422
    129.34042365
    129.37638597
    129.37638597
    129.44027435
    128.72799663
    129.72478709
    129.51790378
    129.51790378
    129.51790378
    128.93173255
    128.93173255
    128.94807593
    129.62931724
    129.56158164
    129.75176118
    129.75176118
    129.75176118
    129.75176118
    129.56667469
    129.71604180
    129.56947122
    129.71821953
    129.64819756
    129.70137935
    129.70137935
    129.70137935
    129.19240700
    129.32116485
    129.27411430
    129.33504608
    129.46433692
    129.55932449
    128.80672980
    128.78173855
    129.67596893
    129.67596893
    129.51385236
    129.41345873
    129.29945937
    129.48478945
    129.45523594
    129.56889157
    129.42313579
    129.15359037
    129.52780603
    128.92910869
    128.16053943
    128.16053943
    128.16053943
    128.16053943
    128.16053943
    127.79343716
    127.79343716
    129.47979215
    128.87235834
    128.87235834
    128.87235834
    129.32923086
    129.32923086
    129.22460524
    129.48601357
    129.13113176
    129.68084585
    129.67096604
    129.71570345
    129.68736662
    128.40596425
    128.40596425
    128.56260252
    128.43644078
    128.43644078
    129.21347912
    128.92493443
    129.67846418
    129.67356693
    129.66323074
    129.67342019
    129.67342019
    129.67342019
    129.72127882
    129.17773444
    129.17773444
    129.07192154
    129.08823573
    129.70801378
    129.70801378
    129.68814041
    129.70593557
    129.03554500
    129.58982836
    129.59445832
    129.67289489
    129.50497806
    129.67884223
    129.67884223
    129.67884223
    129.63723768
    129.63285164
    129.77291523
    129.70529263
    129.71369427
    127.81275352
    128.61470259
    128.02081585
    128.02081585
    128.07541291
    128.39259698
    128.39259698
    128.51629321
    128.84794089
    128.84794089
    128.46454126
    128.46454126
    128.46454126
    128.46454126
    128.88309362
    129.14372680
    128.78522565
    128.07784919
    128.89907614
    128.57360789
    129.55205833
    129.55109215
    129.45848473
    128.60882065
    128.60882065
    129.13007131
    129.13007131
    129.13007131
    128.37229307
    128.37229307
    128.37229307
    128.37229307
    128.00633107
    129.59124746
    129.62761782
    129.53098507
    129.53098507
    129.70871423
    129.70871423
    129.68723385
    129.75964016
    129.69249547
    129.74800764
    129.74973350
    129.74973350
    128.94758969
    128.94758969
    128.88328954
    129.56605792
    129.53041042
    128.58137940
    128.58137940
    128.67932317
    128.67932317
    128.83811005
    128.38702111
    128.38702111
    128.11469515
    128.11469515
    128.11469515
    128.56308931
    128.63484047
    129.04491831
    129.02874477
    129.02874477
    129.02874477
    129.02874477
    128.93307051
    128.57198308
    128.77314670
    128.05800161
    127.99834789
    129.12842009
    129.40271903
    129.40271903
    128.96421299
    128.54034687
    129.51429115
    129.23146435
    129.23146435
    129.23146435
    128.91496779
    128.19844859
    128.65698730
    128.65698730
    127.76246046
    127.14646493
    127.14646493
    127.32162087
    127.32162087
    127.27728302
    128.05438517
    128.05438517
    128.80565100
    129.61724161
    129.21858586
    128.61163931
    129.28996646
    127.89453363
    129.36300822
    129.44925652
    129.38144467
    129.75310952
    129.75310952
    129.70772041
    129.75943381
    129.75943381
    129.71423710
    129.73101186
    129.71544087
    129.57370587
    128.40924709
    128.40924709
    129.11854437
    128.49356901
    128.65968238
    128.65968238
    128.55148149
    128.71477002
    128.63530625
    129.07149371
    128.81928957
    126.46790522
    126.46790522
    126.62378101
    126.62378101
    128.09240910
    128.09240910
    127.50944288
    129.72476594
    129.71164935
    129.77147499
    129.62643629
    128.09464342
    128.73922970
    128.50560589
    129.31190760
    129.31190760
    129.37982721
    128.96485717
    129.66773051
    129.35467257
    129.69666163
    129.74847832
    128.36517231
    129.73272110
    129.34646899
    129.34646899
    129.08477921
    128.74597352
    128.74597352
    128.74597352
    128.74597352
    128.74597352
    129.61525109
    129.61053661
    129.48916264
    129.23296219
    129.54848820
    129.59475940
    129.59806710
    129.58199621
    128.88761207
    128.88882845
    128.88882845
    129.13071264
    129.13071264
    129.41886235
    129.41886235
    129.41886235
    129.41886235
    128.55710736
    129.20087933
    128.77365140
    128.77365140
    128.77365140
    128.77365140
    128.74921051
    128.74921051
    129.57823083
    129.12720783
    129.12720783
    129.46109227
    128.02601318
    128.05437426
    125.97632332
    127.74688169
    127.74688169
    126.32615110
    126.32615110
    126.32615110
    127.55935808
    128.47891733
    128.47891733
    129.37337835
    129.69033312
    129.48205511
    129.48114041
    129.31775768
    128.78894040
    129.07401549
    128.80778460
    128.88722516
    128.88722516
    128.88722516
    129.38237511
    128.66968925
    128.99911955
    128.98555783
    129.60292990
    129.67548047
    129.54196008
    129.70904075
    129.74784100
    129.72453068
    129.50539843
    129.67012347
    129.67155780
    129.76732494
    129.76382001
    129.76382001
    129.66895348
    129.66476254
    129.73449596
    129.76398138
    129.48931163
    129.58777898
    129.58777898
    128.72050177
    128.54666175
    128.54666175
    129.41188372
    129.68433571
    128.20991097
    128.99955447
    129.52297996
    129.12963554
    128.77909928
    127.99583814
    127.96492016
    127.43776095
    127.47864491
    127.74332109
    126.64296542
    127.55172611
    127.27310083
    127.27310083
    129.16266212
    129.48690319
    129.21380362
    128.03349754
    128.03349754
    127.59446706
    128.85743078
    129.38834091
    129.38834091
    129.47922311
    129.29994169
    129.44896505
    128.91040938
    129.38592365
    129.63429907
    129.66003839
    129.37843162
    129.38371337
    128.92839085
    128.92839085
    128.92839085
    127.43743436
    129.06164810
    129.06164810
    129.06164810
    129.06164810
    129.02045521
    129.51152221
    129.59578820
    128.69816697
    128.69879080
    129.18989183
    128.76424487
    129.43877655
    129.43877655
    129.37970710
    129.04551621
    129.42627308
    129.42627308
    129.32088203
    129.32088203
    129.56316727
    129.46441090
    129.50559349
    127.99367007
    127.99367007
    127.99367007
    127.99367007
    127.99367007
    129.33179194
    128.70558112
    128.70558112
    129.50991247
    129.75710829
    129.39984702
    129.54661992
    129.22510609
    129.43148630
    129.43148630
    129.43148630
    129.43148630
    128.95659327
    129.60834436
    129.70715443
    129.77017590
    129.68976905
    129.68544767
    129.38733845
    129.38733845
    129.38733845
    129.38733845
    129.38733845
    129.38733845
    129.20007110
    128.86564191
    127.71935857
    127.71935857
    127.14591606
    127.14591606
    128.01191181
    128.01191181
    128.01191181
    127.53185154
    127.53185154
    128.21549366
    128.26292306
    129.27007494
    128.86001522
    129.44592389
    129.51192578
    129.16730366
    129.14738853
    129.14738853
    128.12033560
    125.40862608
    127.00651032
    127.00651032
    127.81223979
    127.81223979
    129.55610275
    129.15008571
    129.15008571
    129.15008571
    127.56673134
    127.56673134
    128.75498566
    129.34014806
    128.68976558
    128.68976558
    127.51866186
    127.51866186
    128.40366165
    128.66936697
    128.66936697
    128.68408414
    129.18701807
    129.36888931
    129.31228688
    128.29369270
    128.29369270
    128.29369270
    128.29369270
    128.29369270
    128.29369270
    128.29369270
    128.29369270
    128.29369270
    129.63687764
    129.60679360
    129.51827995
    129.51942510
    129.71521422
    129.68151859
    129.68151859
    129.18261972
    129.49383425
    129.14708168
    129.72145642
    129.73703673
    129.70835212
    129.70835212
    129.71096018
    129.71096018
    129.59958030
    129.25593710
    129.25593710
    129.68515559
    129.69120465
    129.69383706
    129.60319254
    128.74714233
    129.31221096
    129.64807029
    128.77214014
    128.63534914
    128.63534914
    128.63534914
    128.74798824
    128.65961995
    129.11246443
    128.53320412
    128.94646178
    128.94646178
    128.85385563
    129.11689084
    129.11689084
    129.11689084
    129.08938564
    129.08938564
    129.16028930
    128.74574210
    128.74574210
    128.74574210
    129.38297941
    128.87308448
    128.87308448
    128.87308448
    128.26796868
    129.64888262
    129.67195965
    129.72494385
    129.72494385
    129.61737600
    129.26116212
    129.74129720
    129.57996532
    129.02151829
    128.72854842
    128.72854842
    129.42255140
    129.15659476
    129.15659476
    129.04937873
    129.04937873
    129.04937873
    129.10149264
    128.29492275
    128.29492275
    128.29492275
    128.29492275
    128.29492275
    128.47419465
    128.47419465
    128.47419465
    128.47419465
    128.47419465
    128.47419465
    128.47419465
    128.81183556
    128.81183556
    128.57039549
    129.15377538
    129.08904437
    129.19766954
    129.38312659
    128.70605071
    128.71263732
    128.48856804
    128.48856804
    127.94564112
    127.94564112
    127.94564112
    126.93024337
    126.93024337
    126.93024337
    127.09335929
    127.35367088
    127.99625765
    127.97042496
    127.75844976
    127.75844976
    127.75844976
    128.81703593
    128.44828387
    128.68591083
    128.68591083
    128.84948748
    128.57085641
    128.54032458
    128.95709050
    129.22048078
    129.19509693
    129.20500236
    129.20500236
    129.00018558
    129.57084211
    129.14909611
    129.14909611
    129.02660757
    129.08429894
    129.47265569
    129.55593166
    129.22053429
    129.42745963
    129.59746429
    129.69579315
    129.25022596
    129.25052835
    129.25052835
    129.00516302
    128.76398404
    128.27448851
    128.27448851
    128.27448851
    127.58130779
    127.58130779
    125.91935717
    128.91049679
    129.06053032
    128.84255595
    128.93398778
    129.00686416
    128.26902489
    128.26902489
    129.53581760
    128.62450737
    128.89059331
    128.32292834
    128.78924896
    128.78924896
    129.45081407
    129.45081407
    129.45081407
    128.98751540
    127.78880739
    128.36392275
    127.60619765
    128.30594467
    128.22431667
    128.01762985
    128.01762985
    126.50671678
    126.58356817
    128.77062915
    127.69027674
    127.69027674
    127.72619763
    126.54303192
    128.50930607
    128.33190367
    128.10134109
    128.29644817
    128.41444017
    128.41444017
    126.31933858
    126.31933858
    126.31933858
    126.98932503
    126.68362588
    125.33467229
    126.38306305
    126.31012851
    127.87104012
    126.72589640
    128.08188259
    129.06742429
    129.47230691
    129.67715432
    129.61707604
    129.21634450
    129.22910573
    129.07738779
    129.07738779
    129.46439340
    129.47659817
    129.61953961
    129.54323423
    129.33529103
    129.33529103
    129.34514687
    128.95336548
    128.95336548
    128.95336548
    128.93758532
    128.99945951
    128.18910213
    128.58366843
    129.35190310
    129.39881046
    129.42400976
    127.92431255
    127.42545040
    127.42545040
    127.45512778
    127.45512778
    125.09788421
    125.09788421
    127.39451159
    129.15214042
    129.53354101
    129.53978084
    129.53978084
    129.55548838
    129.55548838
    129.57412762
    129.53364788
    129.52421188
    129.20976849
    129.51609245
    129.51609245
    129.51494684
    129.51494684
    129.51494684
    129.62946298
    129.75726521
    129.56512087
    129.54504864
    129.54504864
    129.74472048
    129.74464566
    129.74464566
    129.75057790
    129.72465898
    129.57108200
    129.57306771
    129.43048401
    129.43048401
    129.56298666
    129.57308891
    129.57308891
    129.48826596
    129.48826596
    129.48826596
    128.67953418
    128.67953418
    128.67953418
    129.36259182
    129.52978866
    129.52978866
    128.98053335
    129.46191814
    129.46191814
    129.46191814
    129.04741172
    128.40471759
    128.40471759
    128.20583224
    128.20583224
    128.13789189
    129.26688455
    129.71519371
    129.72889006
    129.70071770
    129.72568955
    129.23433640
    129.23433640
    129.46896594
    129.17067050
    129.22680233
    129.57034789
    129.13787543
    129.13787543
    129.33096574
    129.05870369
    129.28300259
    129.27292135
    129.37992622
    129.40309589
    128.62659038
    129.48441386
    129.13412306
    129.13412306
    129.13412306
    129.22983139
    129.22983139
    129.22983139
    129.48363269
    129.55295070
    129.49889942
    129.26809396
    128.95313315
    128.71731856
    128.80614590
    128.80614590
    128.75569419
    128.81310249
    128.56553637
    129.10961307
    128.69746143
    128.69746143
    127.86133893
    128.77100441
    129.09031839
    129.09031839
    129.27918037
    129.27918037
    129.37130663
    129.10043767
    128.39710452
    129.23954116
    129.23954116
    129.23495164
    128.82606739
    129.22086992
    128.93820328
    128.93820328
    128.94296340
    129.61487552
    129.44733399
    129.30120058
    129.41500479
    128.90730955
    128.90730955
    128.49104894
    128.45162916
    128.82615428
    128.82615428
    129.19744218
    129.14832813
    129.14832813
    127.06015892
    127.06015892
    127.06015892
    127.06015892
    127.06015892
    126.91812331
    126.91812331
    128.78888486
    129.38835249
    129.38835249
    129.38835249
    129.38835249
    129.38835249
    129.39201085
    129.70045648
    129.70045648
    129.75043896
    129.64120396
    129.64120396
    129.65208595
    129.11950243
    128.84304799
    128.84304799
    128.84304799
    128.84304799
    129.39614540
    128.82171632
    128.84227876
    129.38821077
    129.38122973
    129.16888719
    129.16888719
    128.86750695
    126.95999061
    126.95999061
    127.58702602
    127.58702602
    127.58702602
    127.58702602
    126.73373736
    127.40117364
    128.66670114
    128.13946187
    128.13946187
    128.96637375
    128.96637375
    128.63740825
    129.08398531
    129.08672331
    129.53370744
    129.55181847
    129.55181847
    129.55181847
    129.45577865
    129.45501529
    129.23496100
    129.34549356
    129.63843422
    129.42036129
    128.88207566
    128.88207566
    128.88207566
    128.60794072
    129.34032135
    129.40960863
    129.56484722
    128.98809517
    129.34243167
    129.34243167
    129.18691346
    129.03026370
    128.84478716
    128.84478716
    128.70266715
    128.70266715
    128.70266715
    128.70266715
    128.70266715
    125.00926284
    127.75427942
    128.39113552
    128.39113552
    128.39113552
    126.74592577
    126.74592577
    127.98212260
    125.89132727
    127.09758131
    126.72003500
    126.72003500
    125.87919334
    127.84753217
    128.30459510
    128.30459510
    128.41487850
    128.41487850
    127.25175667
    127.25175667
    127.47669723
    125.64961371
    126.64584242
    126.64584242
    128.60005085
    128.99201936
    128.99201936
    128.99201936
    128.56909799
    128.84482471
    129.07568810
    129.04577844
    129.67136885
    129.67136885
    129.18665154
    129.18999846
    129.42287566
    129.49510961
    129.70765435
    129.70765435
    129.70765435
    129.50465325
    129.71952427
    129.47772246
    129.66296812
    129.70163077
    129.50681845
    129.32685619
    129.61237931
    129.62453358
    129.28119691
    128.88211527
    128.87285085
    129.65882349
    129.63513349
    129.63688959
    129.63148178
    129.71907941
    129.61794177
    129.57644379
    129.45058781
    128.27489882
    127.91162864
    127.91162864
    128.53146910
    128.50029684
    128.89971358
    129.20902407
    129.20902407
    129.35918867
    129.30527384
    129.46334078
    129.55133004
    129.62720807
    129.64702849
    129.58144793
    129.61869274
    129.65173250
    129.52277424
    129.41214300
    129.11619604
    127.83196313
    128.48482684
    128.61071423
    128.61071423
    128.15661528
    128.15661528
    128.15661528
    129.65398310
    129.65663974
    128.95992449
    128.95992449
    129.54014173
    129.38625493
    128.94755487
    128.23857139
    128.07715766
    128.07715766
    128.07715766
    127.84842797
    128.92464347
    129.00372660
    129.47107976
    129.30094275
    129.30094275
    129.45619798
    129.48054089
    128.51659380
    128.23400412
    128.14516310
    127.32194568
    127.16766617
    127.53293550
    127.23456202
    127.23456202
    127.23456202
    128.52717269
    129.23808071
    128.41809743
    128.41809743
    127.52352922
    127.52352922
    127.82162937
    127.82162937
    127.52203825
    127.52203825
    127.52203825
    127.52203825
    129.12863771
    129.09561445
    129.13229049
    129.22212243
    127.62901308
    127.62901308
    128.64325960
    128.74605990
    128.74605990
    129.31636982
    128.20825344
    128.20825344
    128.21060695
    128.21060695
    128.06571546
    126.58777795
    126.58777795
    126.08179284
    126.08179284
    126.74113838
    127.87722926
    127.87722926
    127.87722926
    129.38103817
    129.35225524
    128.98912142
    128.98912142
    129.09564246
    129.46631981
    128.80961589
    128.80961589
    128.98402240
    128.73086645
    128.73086645
    127.14819014
    126.73590095
    127.15661518
    127.80128677
    127.80128677
    128.54324713
    128.99110872
    127.54753605
    127.73043686
    127.91558701
    127.91558701
    127.57783934
    127.57783934
    127.57783934
    127.57316748
    127.57316748
    128.04565193
    128.04565193
    129.22441070
    129.55191250
    129.48744380
    129.03595823
    129.26766280
    129.33480682
    129.36373553
    129.36373553
    127.35934900
    127.77930991
    127.77930991
    127.77930991
    127.67098157
    128.06531098
    127.47710696
    127.24190265
    127.24190265
    127.24190265
    126.90744399
    127.28757721
    127.28757721
    127.28757721
    127.28757721
    127.28757721
    127.08052004
    129.47021923
    129.47021923
    129.47021923
    128.05398261
    128.05398261
    128.05398261
    128.05398261
    128.05398261
    128.05398261
    128.05398261
    128.05398261
    127.84255346
    128.13506381
    128.16163263
    128.13735851
    128.65790255
    128.65790255
    129.63024168
    129.69705148
    129.06888556
    128.01747717
    128.00490449
    128.00490449
    128.00490449
    128.00490449
    128.18006252
    128.04165368
    128.04165368
    128.51891643
    129.68229731
    129.68512386
    129.68512386
    129.62170092
    127.44155781
    128.43669296
    128.86956499
    129.61449527
    129.48050143
    129.62336388
    129.60177766
    129.64294184
    129.66155385
    129.56304738
    129.16446160
    129.16446160
    129.16446160
    129.16446160
    127.36868138
    127.87892056
    129.36988125
    129.27406354
    129.39002232
    129.25349558
    129.25349558
    129.25349558
    129.10256818
    129.10256818
    129.22323651
    129.22323651
    129.22323651
    129.22323651
    129.18211983
    129.18211983
    129.18211983
    129.36075106
    129.46124562
    128.86932834
    129.44969662
    129.37297492
    129.53463347
    127.75468014
    128.97123173
    129.53583330
    129.52539881
    129.39808042
    129.24559610
    129.24559610
    129.48449908
    129.17050343
    129.22385886
    129.22385886
    129.65231696
    129.63867001
    129.70513809
    129.72995218
    129.36549570
    129.36659150
    129.36659150
    129.36659150
    128.93753606
    128.93753606
    128.15825169
    128.17022063
    128.55005100
    128.97483828
    128.97483828
    128.97483828
    128.95512249
    128.00715680
    127.63532682
    127.47763784
    127.47763784
    127.47763784
    127.47763784
    128.38461114
    128.38461114
    128.73877231
    128.70459251
    128.72040453
    128.72040453
    129.07949343
    128.43443130
    128.62575608
    128.62575608
    128.62575608
    128.62575608
    127.90445154
    127.68485176
    127.68485176
    127.55290926
    127.98070053
    127.08810721
    127.04180083
    127.04180083
    127.52767370
    127.52767370
    127.61613312
    127.51710370
    128.15313214
    128.00078598
    127.69045047
    127.69045047
    127.26398798
    129.42969472
    128.63938225
    128.19508666
    128.19508666
    128.41456615
    128.41456615
    126.13613445
    125.00683310
    125.72808725
    124.28189320
    126.39265459
    126.39265459
    124.53707119
    124.53707119
    124.53707119
    124.53707119
    124.53707119
    127.34370859
    127.86144766
    127.86144766
    129.32919025
    129.32919025
    129.41942117
    129.03910164
    129.41237592
    129.41237592
    129.41237592
    129.68176574
    129.68176574
    129.73604480
    129.53287776
    128.99235965
    129.74692864
    129.74139847
    129.10866724
    128.77008639
    129.17786588
    129.17786588
    128.63356608
    127.35711680
    127.35711680
    128.34720625
    128.34720625
    128.34720625
    128.51582936
    128.84841205
    129.51468572
    129.51104796
    128.72399270
    128.72399270
    129.64711785
    128.84185286
    129.33676625
    129.29513107
    128.75508469
    129.04069329
    129.30132684
    129.30132684
    129.22859059
    129.06806269
    129.08170554
    129.14106359
    129.13297627
    129.13297627
    129.13297627
    129.49196300
    129.49196300
    129.49196300
    129.49196300
    129.57722048
    129.09395353
    129.28274692
    129.24812683
    128.75852793
    128.75852793
    129.33231877
    129.33191607
    129.33191607
    129.33191607
    129.33191607
    129.33191607
    129.26362753
    129.23610523
    129.10430882
    129.27526849
    129.35171163
    127.87039659
    127.87039659
    127.87039659
    128.90586679
    128.90586679
    128.30762717
    128.30762717
    128.35360467
    128.88746028
    127.79643363
    127.79643363
    126.89489669
    126.89489669
    126.25479439
    127.77885301
    128.54642430
    128.54642430
    127.50380712
    129.11281414
    129.11281414
    128.77042077
    129.07342497
    129.73949536
    129.77028748
    129.65754185
    129.54950829
    129.72128818
    129.73328264
    129.71903384
    129.71903384
    129.61378004
    129.61378004
    129.64323148
    129.64323148
    128.92068040
    128.92068040
    129.19042111
    129.52227094
    129.05755479
    128.91542515
    129.49447204
    129.49447204
    129.66656998
    127.62501825
    128.99471343
    129.63313180
    129.71037512
    129.74100788
    129.74100788
    128.97398256
    128.97398256
    128.97398256
    129.55709172
    129.18663750
    129.36507248
    129.22465823
    129.08389712
    129.15881641
    129.13068129
    129.24557256
    129.27293064
    129.54714974
    129.71482953
    129.72390181
    127.86499097
    127.99579715
    127.99579715
    126.72684568
    126.72684568
    126.72684568
    127.54752783
    127.54752783
    128.01514736
    128.54726294
    128.54726294
    128.36233570
    128.92795617
    128.92795617
    128.95570165
    128.95570165
    129.28976439
    129.31166409
    129.28056885
    129.28056885
    129.22517674
    129.33926206
    129.33926206
    129.33926206
    129.21344485
    129.32544450
    129.32544450
    129.63265005
    129.72358669
    129.72358669
    129.72358669
    129.72358669
    129.68417350
    129.68417350
    129.68417350
    129.70819628
    129.70819628
    129.67096062
    129.67096062
    129.58274566
    129.21404393
    129.50456848
    129.56477726
    129.22368009
    129.51503035
    129.71225800
    129.38662597
    126.79250971
    126.79250971
    126.79250971
    127.04678767
    127.04678767
    127.04678767
    127.09624677
    127.03454980
    125.90549595
    123.87188036
    124.57498089
    126.69774589
    127.06173327
    126.89057121
    126.89057121
    126.89057121
    128.40484595
    128.40484595
    128.08901069
    129.33879628
    129.33879628
    129.33879628
    129.33879628
    128.87557369
    128.98221350
    129.29626476
    128.06469707
    126.99287342
    126.99287342
    126.99287342
    126.99287342
    126.99287342
    126.99287342
    126.99287342
    126.99287342
    126.95480601
    126.95480601
    126.95480601
    128.10601455
    129.42717401
    128.33538060
    128.33538060
    128.33538060
    128.33538060
    129.02374126
    129.57336434
    129.56762841
    129.48665830
    128.80477418
    128.41647927
    128.66814283
    128.66936240
    126.74360071
    129.58398088
    129.52812314
    129.39150969
    129.39150969
    129.64969488
    129.64969488
    129.51921616
    129.55740859
    129.42991880
    129.56311456
    129.56311456
    128.98434873
    127.89409189
    127.89409189
    127.89409189
    128.27537828
    128.27537828
    129.08848733
    127.08393734
    127.08393734
    127.08393734
    128.29558781
    128.29558781
    128.12916281
    128.12916281
    128.12916281
    128.12916281
    128.12916281
    127.85712833
    128.58895900
    128.43309777
    129.37109414
    129.36285250
    129.31418218
    129.30760453
    129.72310765
    129.69334343
    129.68495733
    129.73867472
    129.70428933
    129.68612933
    129.65371898
    129.50420673
    129.71927551
    129.67000708
    129.11884211
    129.11884211
    129.15785363
    128.77353620
    127.05561011
    129.31059117
    129.31059117
    129.33725164
    129.33725164
    129.33725164
    128.68221773
    128.68221773
    128.68544255
    128.66507949
    128.72500134
    128.67238972
    128.67238972
    128.67238972
    129.41719754
    129.44473111
    129.51510036
    129.49370015
    129.49370015
    129.71076176
    129.76511376
    129.76680208
    129.71380675
    129.75859408
    129.75662264
    128.89392502
    128.47526323
    128.47526323
    128.69194206
    128.69194206
    128.69194206
    129.07348186
    129.45673682
    129.49911054
    129.03221372
    128.40146985
    129.68541367
    129.69269189
    129.71627029
    129.71654374
    129.52631305
    129.35361784
    129.35361784
    129.35361784
    129.35361784
    129.42186048
    129.42186048
    129.42186048
    129.05672552
    129.05672552
    129.05672552
    129.31507977
    129.68741830
    129.64636797
    129.72883492
    129.72089584
    129.59056872
    129.56592020
    129.56592020
    129.54785443
    129.54785443
    129.54785443
    129.52153727
    128.36342074
    128.58870065
    129.01108190
    129.33141409
    129.48499409
    129.44249302
    129.47598590
    129.47598590
    128.04543956
    126.35212924
    127.20902708
    128.68833234
    128.62747149
    128.63758654
    127.98355801
    127.98355801
    127.76452112
    127.76452112
    127.76452112
    127.76452112
    129.21428853
    129.16033953
    129.16033953
    129.65927284
    129.73513451
    129.73513451
    129.75518041
    129.75219159
    129.65646384
    129.54031374
    129.54031374
    129.43435406
    129.41677798
    129.38879134
    129.37305279
    129.37305279
    129.71623816
    129.71623816
    129.00066077
    128.24879658
    126.85629400
    128.02853740
    128.02853740
    128.02853740
    127.55361843
    127.86088441
    127.86088441
    127.86088441
    127.86088441
    128.08421058
    127.97849750
    127.97849750
    125.23247263
    125.23247263
    126.87180186
    126.87180186
    126.76140056
    126.76140056
    126.76140056
    125.55493287
    125.55493287
    125.55493287
    125.55493287
    125.55493287
    129.00489691
    129.04530450
    129.04530450
    129.45024769
    129.76359695
    129.76359695
    129.76359695
    129.73478196
    129.61717418
    129.62994803
    129.62994803
    129.58666736
    129.22374673
    129.04801061
    128.85884217
    128.85884217
    128.65767855
    128.65767855
    127.50506973
    126.82105016
    126.82105016
    128.30350277
    128.30350277
    128.30350277
    129.10356766
    129.10356766
    128.57828051
    128.57828051
    129.17737170
    129.02090855
    128.77745622
    128.83856020
    128.91517414
    128.97590776
    128.97590776
    128.97590776
    128.80501732
    128.71051344
    128.71051344
    129.22670424
    129.22670424
    129.22670424
    128.59009460
    128.59009460
    128.88777271
    129.47261984
    129.47261984
    129.52647712
    129.65420981
    129.67380972
    129.49755689
    129.49905381
    129.27397129
    129.21555937
    129.08244856
    129.04932098
    129.18242666
    129.45001305
    129.23587497
    129.09008564
    129.09008564
    128.99552358
    129.62115400
    129.54304424
    129.50714515
    128.71890008
    128.71890008
    129.08334473
    129.08334473
    128.89581980
    129.13223438
    129.35022209
    129.33765440
    129.33551141
    129.54891748
    129.42798460
    129.42798460
    128.96167523
    129.60915513
    128.22122719
    128.22122719
    128.22122719
    129.19872670
    129.19872670
    129.55753584
    129.57048902
    128.98444761
    128.98708286
    128.93381653
    126.39926047
    123.67282400
    125.19715243
    125.19715243
    127.36958381
    127.36958381
    127.01759918
    127.01759918
    127.01759918
    127.44251793
    127.44251793
    128.54779333
    128.11725801
    125.01404959
    125.01404959
    126.51646594
    126.51646594
    126.62088025
    128.75577505
    128.75577505
    128.75577505
    128.47282979
    127.57932846
    128.34788062
    128.34788062
    127.95792012
    127.59041389
    126.93125552
    126.93125552
    127.30530180
    127.30530180
    127.30530180
    127.45972291
    128.40172218
    128.36088644
