    902.93144925
    902.96540187
    902.96540187
    903.04174941
    901.30385816
    901.30385816
    902.73943022
    903.11980667
    902.80362892
    902.87201214
    902.97737020
    902.97737020
    903.08903450
    903.10606804
    902.81756697
    903.06318614
    902.72006595
    901.81755342
    901.81755342
    901.75703394
    901.75703394
    901.75703394
    901.75703394
    901.70300908
    902.18253110
    901.88976872
    901.88976872
    902.08582563
    900.57514062
    900.57514062
    900.90194203
    900.91306770
    900.91306770
    900.91306770
    901.75888741
    901.72822481
    901.72822481
    901.72822481
    901.72822481
    901.72822481
    902.17363234
    901.68074183
    901.74758417
    902.58584568
    902.58491388
    902.58055381
    902.58055381
    902.59942305
    902.16144563
    902.16945137
    900.13412801
    899.87556486
    899.03435902
    899.03435902
    901.00485623
    902.25332577
    902.25332577
    902.58588073
    902.15041606
    902.15041606
    902.06124274
    902.67603757
    902.00653606
    902.20054576
    901.76739422
    901.83865675
    901.84320233
    901.84320233
    901.84320233
    901.98214754
    902.23186717
    901.76714006
    901.42183044
    901.42183044
    902.63319923
    902.63319923
    902.47217437
    902.47217437
    903.02924867
    903.11095440
    902.55829778
    902.55829778
    903.05718629
    903.11630427
    903.11630427
    903.11889082
    903.11835170
    903.11835170
    903.11835170
    903.01923260
    902.97859719
    902.94248119
    902.94248119
    902.98105652
    902.76386450
    902.88173454
    902.97001576
    903.10178501
    903.09874310
    903.09874310
    901.45133626
    901.71973543
    900.77040928
    901.81357446
    902.17657982
    901.35852151
    901.35852151
    902.33293896
    902.46699654
    901.86454135
    902.55201933
    902.90547887
    903.03164529
    903.03164529
    902.36832702
    902.93253606
    902.89042954
    903.02068954
    903.01704860
    902.99130571
    902.99130571
    903.07791896
    903.07791896
    903.09512415
    903.02824038
    903.02824038
    902.01848400
    902.04315441
    902.04315441
    902.04315441
    902.04315441
    902.04315441
    900.90991923
    899.57153910
    900.64736267
    901.58667545
    901.58667545
    902.46178204
    902.46178204
    902.96602338
    902.41593468
    902.41593468
    902.95825268
    902.82297887
    902.27944374
    902.27944374
    901.59569848
    901.59569848
    901.67136774
    902.00951649
    901.06085750
    901.03119894
    901.03119894
    901.03119894
    902.07686067
    901.66964494
    901.66964494
    903.10644770
    902.82967741
    902.52092479
    902.78382181
    902.36715531
    901.69934775
    901.07972935
    900.78434538
    900.34547055
    901.27000635
    900.60520825
    901.30948912
    902.10089879
    902.10089879
    902.10089879
    901.13456286
    902.73199724
    902.80355915
    903.08045897
    903.01477927
    903.04055362
    901.83028838
    901.83028838
    902.45606253
    902.69636479
    900.64123841
    901.33655078
    901.57119370
    901.53543811
    901.51748366
    901.06146989
    900.71068395
    900.71068395
    900.71068395
    900.71068395
    901.35687356
    901.35687356
    901.35687356
    902.04273486
    902.04273486
    901.80486847
    901.98849999
    901.02882212
    901.09269690
    901.40491213
    901.15706288
    901.15706288
    901.72193077
    901.72193077
    900.18533136
    900.18533136
    899.64136498
    899.64136498
    901.35210769
    901.59454200
    902.69156605
    903.05386288
    903.02807758
    903.04489003
    903.12328094
    903.12359379
    903.12147762
    903.09765402
    903.11034479
    903.08832751
    903.08832751
    902.85051846
    902.94898852
    902.95531505
    902.97972112
    903.06543900
    903.06543900
    902.76016248
    902.76016248
    902.80384831
    903.09874005
    902.27075767
    902.15369233
    902.15369233
    901.80460609
    901.67030299
    902.81098297
    902.81098297
    902.73177496
    902.66332752
    902.11600882
    901.22037588
    902.70678160
    902.35907000
    902.42884648
    902.42884648
    901.54508513
    901.62120173
    902.90580803
    902.90580803
    903.11021720
    903.10382440
    902.95148181
    902.88455722
    903.10612480
    902.82463013
    902.87466133
    902.96256900
    902.98518862
    902.93380365
    902.32296823
    902.32296823
    902.32296823
    902.32296823
    902.66685792
    902.72634648
    902.72634648
    902.78652018
    903.06706927
    903.02841562
    903.02841562
    903.08659917
    903.05452419
    903.06160351
    903.08544662
    903.08544662
    902.83131242
    902.38353309
    902.38353309
    902.38353309
    902.38353309
    901.83676814
    901.83676814
    901.83676814
    899.35403642
    902.70059221
    902.92279417
    902.92279417
    902.92279417
    902.34466761
    902.70732775
    901.61142771
    900.99350453
    903.06593877
    902.55139760
    902.56995278
    902.56995278
    901.13811426
    901.60542019
    901.36781212
    902.10426786
    900.42060330
    900.42060330
    899.59526033
    898.96216211
    898.96216211
    898.96216211
    898.96216211
    898.96216211
    898.96216211
    902.19219339
    901.27825937
    902.84006066
    903.11496474
    902.32582120
    902.32582120
    902.73273589
    902.73273589
    902.73273589
    902.84064772
    903.02533116
    903.02533116
    903.09824874
    903.09824874
    902.93927717
    903.01999633
    903.05448336
    903.07569877
    902.79956576
    902.94083663
    902.84042843
    902.84042843
    902.02570406
    902.02570406
    901.87055992
    901.87055992
    902.51123464
    902.44566996
    902.57830339
    902.59119173
    903.02337743
    902.34875586
    902.34875586
    901.18131707
    901.18131707
    901.18131707
    900.11839891
    899.98658282
    902.84738060
    903.03739630
    902.41849399
    902.40502809
    903.05590043
    902.62255010
    902.87437206
    902.93254406
    902.93254406
    902.96577464
    902.96577464
    902.85986677
    902.88045916
    902.96750628
    902.96750628
    902.94314777
    902.85456325
    902.88963291
    902.90736785
    903.06292947
    903.02875759
    903.02866195
    903.02945760
    902.90762024
    902.83344067
    902.18011899
    902.23058989
    902.59448582
    902.36108895
    902.59376570
    902.74439596
    902.89644441
    902.46714577
    902.46714577
    902.46714577
    902.83997728
    902.83997728
    902.89647495
    902.94404997
    902.75978872
    902.64251793
    902.76497014
    903.10418086
    903.00438421
    903.00300855
    903.08102637
    902.97603089
    902.89969650
    902.80547146
    902.13340402
    901.89096405
    902.63440053
    902.52590769
    902.52590769
    902.52590769
    902.52590769
    902.83899868
    903.08684254
    902.99513851
    903.08842922
    903.08842922
    903.08842922
    902.92166530
    902.87666593
    903.06166176
    902.22811184
    902.25605736
    902.25605736
    902.28005717
    901.92235651
    902.31560472
    902.32986781
    902.68155781
    902.66466947
    902.55199355
    902.59829969
    901.77791682
    901.81811667
    901.81811667
    901.58233773
    901.34409052
    901.34409052
    901.34409052
    900.82543877
    900.82543877
    900.82543877
    900.82543877
    900.82543877
    900.82543877
    900.82543877
    901.40320721
    901.40320721
    902.79677752
    901.64974304
    901.21156054
    901.31155032
    900.09671408
    900.09671408
    900.04911756
    898.83268397
    902.57263060
    902.48279445
    902.48279445
    902.16856936
    902.23373175
    902.15982733
    902.53486808
    902.53486808
    902.53486808
    902.56367771
    900.14875859
    902.79555779
    902.96650180
    902.96650180
    902.96650180
    902.97718270
    903.09654583
    902.09092994
    902.81621682
    903.12245895
    902.91329534
    902.12342032
    901.95732434
    901.95664997
    900.93460097
    900.93460097
    901.39964954
    902.36128288
    902.36128288
    902.05304040
    903.02432862
    903.02088636
    902.90955400
    902.81753392
    902.93522489
    902.93522489
    902.57012993
    902.57012993
    902.56353208
    902.87629140
    903.10745377
    903.08332961
    902.76233111
    902.64354869
    902.73194407
    902.74235907
    902.83516440
    902.79340452
    902.79340452
    902.59966739
    901.08820182
    901.08820182
    901.38616724
    901.38616724
    902.35600170
    902.69085124
    902.69085124
    902.45707046
    902.92206723
    902.92206723
    902.84530010
    902.87846283
    902.48534127
    902.48167074
    902.48167074
    902.39935532
    903.05168293
    903.03775467
    903.03775467
    902.85021222
    903.06974775
    903.09531775
    903.02689545
    902.96717915
    902.96717915
    902.98097886
    902.97402007
    902.95425556
    902.92867726
    902.67000758
    902.74271550
    902.74271550
    903.06094125
    902.85833508
    902.85833508
    903.08226799
    902.67518115
    902.67518115
    902.70612265
    902.72706071
    902.71204353
    902.71204353
    901.51880205
    901.43834889
    901.32047426
    902.08383177
    902.08383177
    902.12048599
    901.88863957
    901.80970865
    901.59283198
    901.59283198
    901.11421226
    901.11421226
    901.83907372
    901.83907372
    902.61312904
    902.80629888
    902.80629888
    902.80629888
    903.12541186
    903.11944337
    903.12087835
    903.12087835
    903.09668594
    902.84184128
    902.40182224
    901.64565484
    901.70041333
    902.07377220
    902.62753239
    902.62748462
    902.55566067
    902.80996604
    902.94437474
    901.85570921
    901.72155799
    902.29503880
    902.29503880
    902.29503880
    900.53301544
    902.42868054
    902.45909226
    902.03644036
    902.66185182
    902.81746718
    903.09061665
    903.07721277
    902.99671513
    902.99566016
    902.86818616
    902.86818616
    902.88457454
    903.02804795
    903.02804795
    903.05595928
    902.89174688
    902.14342830
    902.14342830
    902.51717372
    899.61510014
    902.55680606
    902.55680606
    902.55680606
    902.55680606
    902.17154699
    902.17154699
    902.78491628
    902.48639415
    902.96330688
    902.85217523
    903.10168850
    903.11826057
    903.03050900
    902.29331776
    900.60818315
    902.12387041
    902.93159126
    902.93159126
    903.04090101
    903.00644489
    903.00842690
    903.01657225
    903.02341506
    903.05280495
    903.05280495
    902.99686560
    903.04491230
    902.98831466
    902.98831466
    903.01017870
    902.80929640
    902.71500684
    902.48732514
    902.42887099
    902.76972124
    902.73700996
    902.40821547
    901.77461370
    902.55808660
    903.00442007
    903.00442007
    902.94552562
    902.94552562
    902.74004397
    902.66332073
    902.66332073
    902.66096763
    902.52619290
    902.72455898
    902.30933076
    902.30517909
    902.83916839
    902.82836109
    903.07443620
    903.07443620
    902.46203560
    902.46203560
    902.46203560
    902.46203560
    902.76416758
    902.76416758
    902.64700236
    902.59025803
    903.12557785
    902.93940111
    903.04354992
    903.04354992
    903.04354992
    903.04354992
    903.04354992
    903.00406503
    903.00406503
    903.00085174
    901.68211823
    902.22560606
    902.20883491
    902.68297716
    900.91298257
    902.87844302
    902.98808300
    901.84052034
    901.81244044
    901.79387906
    901.79387906
    902.41160696
    902.36319465
    902.24658558
    902.56125643
    902.14190862
    901.07294952
    901.24051750
    901.24051750
    901.24051750
    901.14900789
    901.51319076
    900.97386049
    902.11963948
    902.11963948
    901.72855708
    902.74480835
    902.90186480
    902.31546897
    902.31546897
    902.31546897
    902.31546897
    902.31546897
    902.39143986
    900.55526428
    900.33830701
    901.44202541
    901.44202541
    900.46309882
    901.15684837
    901.77743340
    901.77743340
    901.76076397
    902.14375642
    902.14375642
    902.67818010
    902.67818010
    902.45304962
    902.45304962
    902.45304962
    902.45304962
    902.30877618
    902.73293794
    902.47343678
    902.47343678
    903.04236374
    903.04236374
    902.49297344
    902.49297344
    902.49297344
    901.72865540
    902.26464261
    902.26464261
    902.26464261
    902.26464261
    902.26464261
    902.27397458
    901.93482287
    901.62599496
    901.62599496
    902.53435659
    902.71114203
    902.81505015
    902.88380225
    903.08946538
    902.99470924
    902.83544729
    902.42185996
    902.42185996
    901.94420780
    901.92666622
    901.84289640
    901.84289640
    902.41862539
    902.42525273
    902.43203587
    902.07963305
    902.02825631
    902.15202101
    900.69248216
    900.68311303
    901.82139560
    901.95531037
    902.14816022
    901.82765283
    901.64355512
    901.64355512
    901.64355512
    901.57259056
    902.54051512
    901.84975997
    902.40472283
    901.87675858
    901.36565602
    901.43619713
    901.43643439
    901.17396986
    900.81487086
    900.37958679
    900.01603585
    901.21821875
    901.21821875
    901.21821875
    901.21821875
    901.21821875
    901.51634549
    901.70796102
    901.64391740
    901.64391740
    901.63565971
    900.66093216
    900.96694613
    901.46936561
    901.46936561
    902.04616667
    901.97591860
    902.96944352
    902.29335645
    902.29335645
    902.63965990
    902.62872108
    902.49773423
    902.45117568
    902.45117568
    902.64352768
    902.64352768
    902.68560389
    902.33273993
    902.33273993
    902.46166856
    902.78069997
    902.38428663
    902.78623570
    901.48158318
    901.48158318
    901.48158318
    901.27950162
    901.10452130
    901.10452130
    901.10452130
    901.06238229
    900.83510392
    900.68680889
    900.81930323
    900.81930323
    901.16361600
    901.06126164
    901.10106717
    901.37263966
    901.33688981
    901.33688981
    902.73415197
    902.88539380
    902.88539380
    902.74596233
    902.89512677
    903.06145525
    903.06145525
    903.06145525
    903.03884043
    903.03884043
    902.74205016
    902.85338193
    902.81782340
    902.80870327
    902.65464374
    902.27579101
    902.56382836
    902.56382836
    901.55902797
    901.45994509
    901.45994509
    900.61619549
    899.67487698
    899.67487698
    899.67487698
    899.67487698
    899.67487698
    899.04973615
    899.04973615
    901.32820023
    902.18655377
    902.34298661
    902.34298661
    902.34298661
    902.51559703
    902.71613341
    902.73689019
    902.43653447
    902.70444635
    902.70990224
    902.57351367
    902.97698243
    901.88966323
    901.09697922
    902.14762218
    901.79218647
    901.79218647
    901.34546706
    900.74001531
    900.82512473
    900.82512473
    901.65941320
    901.20738361
    901.20738361
    901.98404534
    903.01847848
    903.05004838
    902.38715855
    901.09639829
    901.09639829
    902.55549272
    902.05072736
    902.21588445
    902.39485411
    902.39485411
    903.11835704
    903.11924480
    903.06061667
    903.06061667
    902.92597365
    903.07276364
    903.07276364
    903.07276364
    902.87987848
    902.88422457
    903.04683029
    903.04638506
    902.99780701
    902.90469378
    902.96284085
    902.84165816
    902.68585903
    902.67789551
    902.67789551
    902.59015674
    902.58674336
    903.09495749
    903.09495749
    902.94274823
    902.94274823
    903.01532524
    902.74204095
    902.48650637
    902.13613814
    902.05451968
    902.52071252
    902.88309964
    902.95750877
    902.32007867
    902.38707618
    902.57765590
    900.81288474
    899.83242183
    899.83242183
    899.83242183
    899.86652861
    901.27992738
    901.92503345
    901.54770679
    900.99135213
    901.04463393
    901.04463393
    900.77927459
    901.97596525
    902.55313974
    899.82629407
    901.11922411
    901.11922411
    900.50905134
    900.50905134
    901.40024118
    901.01406885
    901.01406885
    901.01406885
    901.01406885
    901.24600961
    899.59433578
    899.59433578
    901.08521323
    899.63047232
    899.20233243
    899.20233243
    899.20233243
    899.20233243
    899.67752473
    899.39173430
    899.95055208
    899.65605304
    899.65605304
    899.65605304
    900.61391405
    901.82623829
    901.82623829
    901.82623829
    901.28790037
    901.28391521
    901.66720009
    901.07267039
    900.71761696
    900.71761696
    900.71761696
    900.71761696
    902.19117133
    900.99939568
    900.82566140
    902.14380317
    902.51548860
    902.67418518
    901.92531293
    901.92531293
    902.40821954
    901.96115025
    901.68327199
    901.00987004
    901.00987004
    903.03541303
    902.86198694
    902.86198694
    902.39428610
    903.02415821
    903.12469409
    903.12469409
    903.08845679
    903.03249350
    903.08079767
    902.32513574
    902.32513574
    902.49129048
    901.53118530
    901.66033377
    901.83802924
    902.32415635
    902.70976346
    902.14502067
    902.14502067
    902.14502067
    902.71814894
    902.96247726
    903.03920781
    903.12111426
    902.93384289
    902.98808132
    902.96115852
    902.80799952
    900.54358568
    901.50031544
    902.91632704
    902.94727893
    903.03054818
    903.08448616
    903.07703999
    902.97356926
    902.78360759
    902.86022358
    902.86465616
    901.88781620
    901.88781620
    901.89170333
    902.90350371
    902.91131602
    902.19256336
    902.34744116
    902.34744116
    903.04767754
    903.10382337
    902.21256610
    901.99575663
    902.00275153
    902.87980824
    902.76187152
    902.74258787
    902.74258787
    902.74455454
    902.74455454
    902.75862100
    902.73946477
    902.06578756
    900.99322906
    900.99322906
    900.99322906
    901.97933424
    901.61248133
    901.61248133
    901.61248133
    901.61248133
    901.67898119
    901.67898119
    901.60019341
    900.19223793
    900.19223793
    901.48024248
    901.48024248
    901.68552684
    901.01917806
    901.07588118
    900.62117353
    902.58082748
    902.74184151
    902.83965585
    902.83965585
    900.84721491
    900.84721491
    900.84721491
    900.84721491
    900.84721491
    901.02117978
    902.02147666
    902.12815119
    901.57892414
    901.60515281
    901.60515281
    901.91761492
    901.25550445
    901.22370722
    901.13561444
    902.69372342
    902.69372342
    902.69372342
    902.32900838
    902.53235487
    902.53235487
    902.37545331
    901.67092965
    901.67092965
    901.70240115
    901.70240115
    901.70240115
    902.79809631
    902.87248201
    902.43413215
    902.51709462
    902.17619779
    901.50356926
    902.32291695
    900.69780181
    900.69780181
    900.69780181
    900.27411910
    897.71993320
    898.60596610
    898.15798824
    898.15798824
    898.44372401
    898.67469651
    901.10402967
    901.49614880
    902.53160905
    902.53160905
    902.52184891
    901.95575427
    902.12911072
    899.49577526
    899.49577526
    899.49577526
    899.49577526
    896.90867418
    896.90867418
    896.90867418
    896.90867418
    896.90867418
    896.90867418
    901.49150206
    901.49150206
    902.88467406
    902.93805835
    901.29609669
    901.92554925
    902.45160733
    902.47784214
    902.48304092
    902.48304092
    902.64928347
    902.32666471
    902.23278120
    902.23278120
    902.23278120
    902.48641594
    901.66210023
    902.61856306
    902.61856306
    902.77003269
    902.67653970
    900.47709622
    901.88591262
    901.51041886
    901.16349982
    901.16349982
    901.73651592
    901.75346914
    901.75346914
    902.91069550
    902.84733497
    903.10407943
    903.10737759
    903.10884265
    902.01900429
    902.01900429
    901.97231679
    902.51655050
    902.88384901
    902.88661257
    902.88661257
    902.88661257
    902.88661257
    902.80171799
    902.93153672
    902.79474782
    902.90606264
    903.11634356
    903.07346267
    903.07346267
    903.07346267
    903.06881898
    902.51136828
    901.62607552
    900.77476290
    900.77476290
    900.98026802
    900.98026802
    901.04973163
    901.11350333
    902.20927799
    902.77729501
    902.81723013
    902.83855014
    902.16932234
    902.37645404
    902.43001900
    902.43001900
    902.93267400
    902.93267400
    902.74626524
    901.90386602
    902.69467918
    902.28920627
    902.28920627
    901.20212731
    901.80138582
    902.31027056
    902.19929341
    902.82154980
    902.82154980
    902.94739492
    902.59151843
    902.59151843
    902.67366875
    902.63553266
    901.38184160
    901.88072747
    901.95615492
    902.77649842
    902.77101587
    902.77101587
    902.99977303
    902.67181142
    902.44436820
    902.44436820
    900.81865567
    900.81865567
    900.81865567
    900.81865567
    901.38879098
    902.06074523
    902.07458979
    902.07001382
    901.70851345
    901.82307465
    901.82325075
    902.33383233
    902.33383233
    901.74168148
    901.49616461
    901.49616461
    899.77122157
    899.77122157
    899.21667912
    901.17273161
    900.78516131
    901.38575591
    901.38575591
    901.38575591
    900.92310804
    900.92310804
    900.92310804
    901.91453982
    901.80945438
    900.50047705
    898.60961341
    900.22997292
    900.22997292
    900.22997292
    901.37319632
    900.92714498
    900.92714498
    900.92714498
    901.02415954
    902.39217722
    902.39217722
    903.02533125
    902.83957195
    902.57361224
    902.77511210
    901.68753730
    902.24624311
    902.32595315
    902.81535288
    902.63278376
    902.42953207
    901.98308606
    902.77350165
    902.89318629
    901.91332614
    901.73064005
    901.73064005
    901.33769260
    902.53891994
    902.55073940
    902.55073940
    902.55073940
    902.52613725
    902.86064383
    903.01788521
    902.72714554
    902.72714554
    902.93234115
    902.39680014
    902.28013949
    902.13694818
    902.18524011
    901.66650119
    901.74110346
    901.74110346
    901.42988206
    899.29968344
    899.72871214
    900.81802886
    900.13958310
    900.13958310
    900.45609114
    900.15107826
    900.15107826
    900.15107826
    900.15854250
    900.57246637
    900.45794121
    901.23444631
    902.74622496
    902.62880564
    900.83620837
    900.83620837
    900.16478287
    900.89337674
    900.89337674
    901.50368023
    901.56756141
    901.56756141
    901.56756141
    901.84229001
    902.79357781
    900.84432876
    900.84432876
    900.47904847
    900.90281459
    900.19712869
    900.19712869
    901.02272003
    901.36951709
    901.09840018
    901.95229504
    901.45740978
    902.05780461
    902.05780461
    901.72547188
    901.72547188
    901.97536527
    902.12128411
    901.89222114
    902.22506805
    901.44627548
    902.51665865
    902.37382975
    901.97419397
    901.97419397
    902.31806446
    902.77130312
    902.77130312
    902.77244485
    902.86417496
    902.86417496
    902.52242678
    902.52242678
    901.75239061
    900.72183637
    901.81667656
    899.69078743
    899.51858305
    899.51858305
    899.51858305
    900.30662650
    898.54584662
    898.56985893
    898.56985893
    898.56985893
    898.56985893
    898.56985893
    898.56985893
    898.48601978
    899.64326746
    899.64326746
    900.83053664
    901.24225881
    901.24225881
    901.24225881
    901.86080552
    902.17685303
    902.27148274
    902.26232444
    902.72561228
    902.72561228
    902.63792669
    902.10509492
    902.98673843
    903.07057388
    902.89520577
    902.84511848
    902.86644699
    902.74737377
    902.74737377
    902.53986334
    902.63246865
    903.01967494
    902.48614354
    902.80283694
    902.78413742
    902.81539254
    902.63116938
    901.15656865
    900.93034790
    900.93034790
    900.61658768
    900.61658768
    900.61658768
    900.61658768
    900.41705098
    900.58154604
    900.58154604
    901.69082309
    901.57672991
    901.57672991
    901.08369483
    901.33126842
    902.76824342
    902.76824342
    902.76824342
    902.85525998
    902.51880905
    902.46979204
    902.46979204
    902.46979204
    902.46979204
    902.44306735
    901.07655942
    902.41894053
    903.02444851
    903.09829035
    900.62134506
    899.80166596
    900.20750447
    901.21417732
    901.12197890
    901.12197890
    901.12197890
    902.28906301
    902.28906301
    902.28906301
    902.20837405
    902.25558732
    902.25558732
    901.99216924
    902.01933690
    901.48904039
    903.05786152
    903.05498183
    902.83077472
    902.78525499
    903.11834290
    902.68536085
    902.68536085
    902.78301622
    902.75518444
    902.68825691
    902.64929859
    902.30633698
    902.30633698
    902.16243675
    902.16243675
    902.16243675
    901.53819853
    901.48108484
    901.48108484
    901.48108484
    901.48108484
    901.48108484
    901.48108484
    901.48108484
    900.87191389
    899.88295440
    899.67710205
    899.67710205
    901.44857445
    901.51934757
    901.69069127
    901.69069127
    901.69069127
    902.24653697
    902.42005050
    902.42005050
    902.13295937
    902.58806737
    902.58806737
    902.45427684
    902.85156900
    902.85156900
    902.98125961
    902.84521531
    902.20543004
    902.20543004
    902.83934142
    902.54705228
    902.54705228
    902.70702794
    903.09520796
    903.09431903
    903.05094728
    903.10006160
    902.88684321
    903.02405451
    902.99936303
    902.53946870
    901.45950687
    901.26939120
    899.99550672
    900.98454393
    900.98454393
    900.98454393
    902.08125818
    901.82114203
    902.97967048
    902.85305327
    902.21826868
    902.67606552
    902.67606552
    902.67606552
    901.92763565
    902.80274069
    902.90828307
    902.58582147
    902.76144321
    902.76379464
    902.57896469
    902.57896469
    902.46794419
    902.76723513
    902.96669737
    903.03683140
    901.56621111
    901.56621111
    901.56621111
    901.43526988
    901.84428880
    901.84428880
    901.95338453
    901.95338453
    901.95338453
    901.09703179
    900.89097080
    900.89097080
    899.48062996
    901.13110035
    901.13110035
    899.76258390
    901.17115132
    901.17115132
    901.61397662
    901.61397662
    901.31109347
    901.07007458
    901.41293559
    901.47081871
    901.56695086
    901.56695086
    901.71261284
    901.75610175
    902.77350370
    902.77350370
    902.24549909
    902.98480198
    902.72644276
    902.72644276
    902.72644276
    902.56130004
    902.56130004
    902.56130004
    902.66910881
    902.70446447
    902.99519566
    903.00497564
    903.09582840
    902.83281155
    902.83281155
    902.80514710
    902.80514710
    902.80514710
    902.79666596
    902.79666596
    901.01259609
    901.01259609
    902.80947966
    902.94151681
    903.04649472
    902.65367756
    901.90406116
    902.30117514
    902.30062217
    902.13027875
    902.13027875
    902.04237476
    902.04237476
    902.03353493
    902.41357024
    902.52713615
    902.79875676
    903.04433255
    903.06502379
    903.09476172
    903.10344764
    903.06930669
    903.06930669
    903.08254685
    902.33093208
    902.33093208
    902.33093208
    902.00576213
    902.00576213
    901.06376449
    901.37761808
    901.38306594
    901.38306594
    901.38306594
    902.14266036
    902.86797087
    902.86797087
    902.87342314
    902.67120557
    902.53763143
    902.53763143
    902.49863478
    902.06280240
    901.73109932
    901.51118398
    898.83106793
    900.22055880
    900.36086328
    901.93654132
    902.10354355
    902.98544686
    902.98544686
    902.98544686
    902.92143516
    902.92393880
    902.68740253
    902.68740253
    902.76337290
    902.79396625
    902.79396625
    902.63834158
    902.73455418
    902.76846669
    901.36501620
    901.26297278
    901.26297278
    902.77957351
    902.13671985
    902.62806181
    902.35574211
    902.35574211
    902.49720076
    902.34260140
    902.44979956
    901.68985807
    902.87721003
    902.87721003
    902.87721003
    902.87721003
    902.87721003
    902.90150574
    902.81901873
    902.41774515
    902.95340529
    902.95340529
    902.79725723
    902.80334898
    902.76489917
    902.79426937
    902.79426937
    903.03449997
    902.97384857
    903.08849013
    903.08849013
    903.08705277
    903.08705277
    903.10512845
    903.07972487
    903.07972487
    903.07972487
    902.74126302
    902.82249738
    902.97752557
    902.97752557
    902.91124036
    902.85676882
    901.80732474
    901.68720830
    902.69749081
    902.75172843
    902.45415888
    902.45415888
    902.63402971
    902.62778873
    902.66593997
    902.66593997
    902.66593997
    902.61323756
    902.25621309
    902.25621309
    902.76638452
    902.76638452
    902.76638452
    902.40208463
    902.36154441
    902.36154441
    902.36154441
    902.36154441
    902.36154441
    902.36154441
    902.81418132
    902.90114991
    902.90114991
    902.90114991
    902.78755174
    902.78755174
    903.06163775
    903.06163775
    903.06163775
    903.06163775
    903.06163775
    903.04970907
    903.04970907
    903.03416652
    903.03392150
    903.03392150
    903.03392150
    903.01818411
    903.08736921
    903.08736921
    903.02084942
    903.02084942
    903.02084942
    902.81188806
    902.85697823
    902.85521496
    902.99303839
    902.97609871
    902.94373437
    902.94373437
    902.98149915
    902.95712546
    903.12538841
    903.07716908
    903.07716908
    903.07716908
    902.64138166
    902.66128469
    902.74122365
    902.12150584
    901.66805478
    901.66805478
    901.66805478
    900.13438366
    900.13438366
    900.13438366
    901.24408002
    902.07872214
    902.07872214
    902.10762846
    902.43351303
    902.63288189
    902.34423131
    902.30293857
    902.30293857
    902.09344789
    902.09344789
    901.94443122
    901.99291893
    901.99291893
    901.93452984
    901.93452984
    900.49270232
    901.89526573
    901.59333076
    901.46872765
    901.57717986
    902.18447070
    902.68030188
    901.69298149
    901.84008321
    901.84008321
    901.84008321
    902.35931488
    901.60619946
    900.18653360
    900.18653360
    901.09394736
    901.64906243
    901.64906243
    901.64906243
    902.55781774
    902.82231639
    902.81334611
    902.81334611
    902.53998127
    902.57980102
    902.86071517
    903.06191677
    902.63047315
    902.68678678
    902.31245120
    902.13181765
    902.13181765
    902.68823967
    902.68823967
    901.98411191
    902.29079127
    902.29079127
    902.29079127
    901.41966350
    896.59151126
    896.59151126
    900.00353705
    900.00353705
    901.02851669
    902.12899192
    902.00799609
    902.00799609
    902.35258662
    902.54380949
    902.47669097
    901.83781789
    902.54059289
    902.81204092
    902.81204092
    902.75446463
    902.82135429
    902.29045507
    902.94114765
    902.86546975
    903.08318406
    903.09807119
    903.11981369
    903.11981369
    903.11981369
    902.73694874
    902.79689191
    902.84783337
    902.84783337
    902.84783337
    902.20755565
    902.34963312
    902.34963312
    902.34963312
    902.86799075
    902.86799075
    902.86799075
    902.72284164
    902.72284164
    902.23405563
    902.69309021
    902.28164332
    902.27778353
    902.25093211
    902.64639135
    902.33935820
    900.92975562
    900.56275915
    900.56275915
    900.49784819
    900.49784819
    900.49784819
    900.49784819
    900.49784819
    899.56549667
    900.33984678
    902.04653844
    901.79783865
    901.79783865
    902.40804422
    902.15296850
    902.15296850
    901.77733211
    902.62877961
    902.62877961
    902.75769242
    902.87949833
    902.77931542
    902.77931542
    901.89507499
    901.96027608
    901.96027608
    901.94894934
    901.21513347
    901.44650875
    901.44650875
    901.44650875
    901.90190011
    901.90190011
    901.88580063
    901.63682815
    901.94837953
    902.27320541
    901.84318071
    901.84318071
    902.75253319
    902.74260241
    901.26756820
    902.52322984
    902.73725970
    902.73725970
    902.44842738
    902.34901786
    902.18202474
    902.20430679
    902.01767124
    902.18748190
    902.19024430
    902.19024430
    902.33966463
    902.33966463
    902.25886885
    902.56112138
    902.54103790
    902.94284734
    903.08574810
    903.02366747
    903.02366747
    902.59761899
    902.55104309
    902.32656194
    902.32656194
    902.32656194
    902.32656194
    901.84360509
    901.84360509
    902.09298341
    901.93919457
    902.48636144
    902.99959031
    902.80341742
    902.80341742
    902.99053657
    902.99053657
    902.99053657
    902.99053657
    902.82840393
    902.79865438
    902.78267891
    902.97647304
    902.98880468
    903.10904294
    903.12427222
    902.93281213
    902.93281213
    902.93281213
    903.08111977
    902.78040751
    902.94785908
    902.00547579
    902.35189015
    902.69125381
    902.30263574
    902.30263574
    902.39508924
    902.63361320
    901.77685243
    901.77685243
    902.76614218
    902.76614218
    902.26016166
    902.81968640
    902.44113672
    902.61998219
    902.80739976
    902.66867028
    902.81652452
    902.81652452
    902.67539015
    902.67539015
    902.48023590
    902.29913054
    901.14183067
    900.56891584
    900.56891584
    900.31225525
    901.33874872
    901.04169112
    901.04825608
    902.62052519
    901.96426753
    902.14842225
    901.78535741
    901.78535741
    901.83883263
    901.89871461
    901.89871461
    902.56489026
    902.56489026
    902.67765623
    902.96150659
    903.05262790
    903.05262790
    903.09914309
    903.04471599
    903.04746568
    903.06494959
    903.06494959
    903.06494959
    903.10752764
    902.82406912
    902.27356954
    902.27356954
    900.33445776
    901.59008902
    902.22671944
    902.12974370
    902.37467534
    902.07436211
    901.90003965
    902.63470339
    902.92766993
    902.76926492
    902.44339698
    902.19679508
    902.61574300
    902.72433560
    901.99622289
    901.78113984
    901.57482675
    901.94789598
    901.94789598
    901.94789598
    902.46687283
    902.72737975
    902.69382257
    902.61512280
    902.61512280
    902.41996689
    902.45735768
    902.57530357
    902.57530357
    902.82429713
    899.97381835
    899.97381835
    899.97381835
    899.97381835
    902.36375460
    902.39386903
    902.39386903
    902.89580959
    902.93936254
    902.79891714
    902.66938439
    902.70611329
    902.70611329
    903.01531231
    903.01531231
    903.01531231
    902.43065231
    902.43065231
    902.43065231
    902.39944598
    902.89844987
    902.90446512
    902.79566216
    903.04717357
    903.04717357
    902.99777872
    902.46917827
    902.77748951
    902.83830403
    902.88875282
    902.86858652
    902.10605663
    901.69065988
    901.69065988
    899.47367226
    899.47367226
    900.79170277
    900.79170277
    901.21910355
    902.18728401
    902.18728401
    902.18728401
    902.07137634
    902.07137634
    901.96326018
    900.78247480
    902.80377269
    902.75317173
    902.75317173
    902.80811897
    902.48215909
    902.35129162
    901.55478979
    901.55478979
    901.50955506
    900.73913449
    900.73913449
    902.69228224
    902.69228224
    902.94129441
    902.82315513
    902.82315513
    902.95950254
    902.72570837
    902.72570837
    902.72570837
    903.04202530
    903.04202530
    902.73701071
    902.71480769
    902.03310841
    902.64233142
    902.61351113
    902.87851022
    902.88841108
    903.05135872
    902.89727205
    903.11684487
    903.09633978
    902.47405464
    902.86722529
    902.86722529
    902.84503427
    902.20943763
    902.20943763
    902.07928531
    903.00350968
    903.03410918
    902.76129569
    902.87809122
    902.87809122
    903.06994661
    902.98588641
    902.98665653
    902.98665653
    902.98665653
    902.72076440
    902.72076440
    902.74963508
    902.78322640
    902.66031759
    902.44141230
    902.46240235
    901.78225487
    901.91342687
    902.80439455
    902.18102770
    900.30308198
    901.24192128
    901.24192128
    901.24192128
    901.76561652
    901.94017878
    900.64345084
    901.53713783
    902.19266463
    902.12961241
    902.32106580
    900.98494629
    900.98494629
    900.87996115
    900.87996115
    897.54259310
    900.31881670
    900.31881670
    899.47039933
    899.47039933
    899.30135158
    899.30135158
    901.47944151
    902.03493547
    902.59139928
    902.78393229
    902.61233908
    902.63792114
    902.62873884
    902.73961196
    901.89139949
    899.30341574
    900.54591703
    900.54591703
    900.54591703
    900.54591703
    900.54591703
    900.54591703
    900.54591703
    902.18578359
    902.45261767
    902.92049288
    902.92049288
    902.90701878
    902.99462949
    902.80533849
    902.42675067
    902.66231094
    902.41934532
    902.41934532
    902.41934532
    902.41934532
    902.61065302
    902.61065302
    902.60091134
    902.60091134
    902.53996285
    903.07506499
    902.64049107
    902.64049107
    902.60219803
    902.78974504
    903.02846216
    902.96672964
    903.12114393
    903.12411189
    903.12411189
    902.52166916
    902.71371286
    902.05949322
    902.05949322
    902.05949322
    901.66056193
    902.45084393
    903.04455015
    902.98769544
    902.99829436
    902.49534628
    902.49534628
    902.51284466
    902.95624660
    902.35077895
    902.35077895
    902.23658248
    902.41329886
    902.01172135
    902.37122144
    902.46991496
    901.95196541
    902.29734898
    902.11532825
    901.69679163
    901.74742461
    901.74742461
    901.87876827
    902.50236938
    902.37076251
    902.00421019
    901.94067951
    901.94067951
    900.93332475
    900.93332475
    900.93332475
    900.74329072
    900.74329072
    900.78610671
    901.10138649
    900.83082525
    901.13801379
    899.81585713
    899.81585713
    902.20403115
    902.71613588
    902.43423830
    902.43423830
    902.69383443
    902.30497065
    901.67064932
    901.60910210
    901.60910210
    901.60910210
    901.60910210
    902.47825917
    902.44406114
    901.83296876
    901.83296876
    902.44991427
    902.79983761
    903.05705189
    903.06288247
    902.84009091
    902.54657173
    902.12783833
    902.02793455
    902.02793455
    902.02793455
    902.02793455
    902.28382433
    901.89539643
    901.43534382
    901.43534382
    902.58834894
    902.55353137
    902.56574609
    902.56574609
    902.71794087
    902.71794087
    902.97872466
    902.75744095
    902.76212986
    902.76862157
    902.76862157
    902.75002166
    902.16522023
    901.52389094
    901.53252339
    901.53252339
    902.09988995
    902.90867647
    902.95317698
    902.21170835
    902.36641859
    902.52206252
    902.52206252
    902.76566497
    902.70862326
    902.99428982
    903.04078339
    902.58799722
    902.58996643
    902.63583468
    903.02964694
    903.02586787
    903.02586787
    903.02586787
    903.04235655
    902.96804108
    902.91252487
    902.88402132
    903.05353462
    903.09053955
    903.11499418
    903.04230975
    903.04230975
    903.03492859
    902.85760856
    902.85760856
    902.95451549
    902.98272678
    902.69667320
    902.69780166
    903.08979399
    902.64235020
    902.89867109
    902.89867109
    902.86283965
    902.81018098
    902.57401276
    902.95062068
    902.88746542
    903.05215719
    902.43226835
    902.21506406
    901.88531065
    901.89369756
    900.58773081
    900.29644916
    899.95227712
    900.16215350
    900.68986740
    900.35847949
    900.35847949
    900.35847949
    900.11821076
    900.11821076
    899.87506905
    901.46898344
    901.46898344
    901.49301847
    901.49301847
    901.49301847
    901.44565452
    899.77653693
    899.81510709
    901.17641725
    901.34654058
    901.34654058
    901.34654058
    901.76761787
    901.97864699
    902.06649357
    902.06649357
    902.62828047
    902.69344479
    902.66605634
    902.19099127
    902.20131892
    902.20131892
    901.48063742
    901.64496202
    902.58000496
    902.42694224
    902.68404479
    902.31036101
    902.31036101
    902.31036101
    902.31036101
    901.55108366
    901.55108366
    902.33042571
    902.33042571
    902.29846945
    900.13478553
    900.91939200
    900.91939200
    901.62025337
    902.28994862
    902.18625885
    901.77863564
    901.99582804
    902.52303946
    902.52303946
    903.09166337
    903.11937371
    902.69068011
    902.73056216
    903.03400276
    903.10265502
    903.10265502
    903.12377505
    903.12377505
    903.03200734
    903.03200734
    903.01859676
    903.06194098
    903.06811362
    902.13572900
    902.67262060
    902.52071836
    902.52071836
    902.52071836
    902.43262192
    902.43262192
    901.30070766
    900.88004961
    902.19146917
    902.70353113
    902.91969009
    902.82174563
    902.18447458
    901.98858943
    902.41227467
    902.34373987
    903.06807319
    902.99998316
    902.97323948
    902.97323948
    901.80182059
    901.80182059
    902.81874589
    902.81874589
    902.85443914
    902.73988363
    902.49704979
    902.94088840
    902.96750391
    902.89035211
    902.89035211
    903.02785539
    903.02785539
    902.50184074
    902.61480869
    902.61480869
    902.61480869
    902.61380606
    902.93721923
    903.04705241
    903.11402153
    903.11402153
    901.90477443
    901.90477443
    901.30236753
    902.76491857
    902.80145620
    902.55925587
    902.57934862
    902.57934862
    902.96940245
    902.71897663
    902.97615957
    903.10342736
    902.90943260
    902.83573249
    902.80631415
    902.50731300
    902.50731300
    902.50366620
    902.02295429
    902.30393742
    902.32520867
    902.32520867
    902.32520867
    902.32520867
    902.18256601
    902.18256601
    902.82226431
    902.95973541
    902.46700634
    902.43392778
    902.43392778
    902.43392778
    902.85193615
    903.03419528
    903.02632447
    902.78280348
    902.52260336
    902.60470920
    902.12945376
    902.11701151
    902.08030257
    902.08030257
    902.73588035
    902.74970521
    902.89473237
    903.06688398
    903.03431378
    903.01884701
    902.89238755
    902.92157224
    902.92157224
    902.26815963
    902.08327903
    902.52029085
    901.62858854
    901.44826531
    901.44826531
    901.23451817
    901.48703949
    902.08810903
    902.08810903
    902.08810903
    902.35793862
    902.35692910
    901.91483928
    902.11642754
    901.72299749
    898.85114562
    898.85114562
    898.85114562
    901.81605400
    901.81156145
    901.81156145
    901.81156145
    901.84472198
    901.84472198
    901.84472198
    902.01188001
    902.01188001
    902.79292013
    902.79292013
    902.68796339
    902.68796339
    902.36661263
    902.02161134
    901.52830146
    900.70183083
    900.70183083
    900.70183083
    900.70183083
    900.70183083
    900.70183083
    900.70183083
    900.70183083
    902.60934534
    901.52963978
    900.76100589
    900.76100589
    900.87242364
    900.82430071
    900.53131613
    899.18013888
    899.18013888
    899.18013888
    899.88948153
    899.88948153
    899.88948153
    898.24780645
    898.24780645
    900.60255572
    900.60255572
    900.32616847
    900.32616847
    900.32616847
    901.52452389
    901.88397641
    901.55239151
    900.97018093
    901.39866087
    901.39866087
    897.39245194
    897.39245194
    897.39245194
    897.39245194
    897.39245194
    897.39245194
    897.10237200
    897.70717131
    898.24663837
    898.24663837
    900.94815084
    900.94815084
    900.94815084
    900.94815084
    901.22456649
    901.96725696
    902.39416603
    902.41469837
    902.59307463
    902.59307463
    901.58106289
    901.42387107
    901.42387107
    900.10314294
    902.64239459
    902.64239459
    902.64239459
    902.69168280
    902.81499127
    903.06465601
    903.06465601
    903.06465601
    903.06772819
    903.06772819
    903.06772819
    902.87091390
    902.87091390
    902.98145501
    902.98145501
    902.87527965
    902.87527965
    902.92066026
    902.92066026
    902.49090639
    902.01281624
    901.93011496
    901.82945699
    901.63059734
    901.63059734
    901.63059734
    902.27810617
    902.61211482
    902.59712542
    902.59712542
    902.59111143
    902.59111143
    902.59111143
    902.55323074
    902.55323074
    902.47625644
    902.25505980
    902.29064527
    902.29064527
    902.16718211
    902.16718211
    901.92665872
    901.92665872
    902.83284542
    902.83284542
    902.83284542
    902.48845334
    902.25492225
    902.83422751
    902.66160589
    901.80056427
    902.26415856
    901.73734837
    901.73734837
    903.04602035
    902.18248153
    902.18248153
    901.87317433
    901.87317433
    902.66774992
    902.66774992
    902.68927240
    902.73201424
    902.76791931
    902.76791931
    902.75035547
    902.63917799
    902.72390908
    902.44351179
    902.44351179
    902.30777472
    902.06900005
    902.48134106
    903.04482584
    903.04482584
    903.06407683
    902.69181908
    901.77265422
    900.69319614
    900.69319614
    902.16795321
    901.88846663
    901.62251091
    901.60141974
    902.28598450
    902.05348052
    902.82825930
    902.41328946
    902.62894008
    902.95627167
    902.95627167
    903.04045838
    903.03717276
    903.11717125
    903.11717125
    902.98925868
    903.09794736
    902.09011016
    902.09011016
    902.09011016
    901.52641472
    902.88347307
    902.86499856
    902.50825860
    902.50825860
    902.50825860
    903.02440187
    902.99093089
    902.99037360
    902.98730536
    902.98730536
    902.98730536
    902.97962072
    902.97962072
    902.80990832
    902.61135652
    902.66782226
    902.80576841
    902.83042292
    901.30721212
    901.30721212
    901.69144808
    902.23685312
    902.23685312
    903.11227044
    902.82098905
    902.97318262
    902.97043374
    902.77678865
    902.31268866
    902.31268866
    902.31268866
    902.31268866
    902.31268866
    902.33003216
    902.12960517
    901.94740959
    901.94740959
    902.12764362
    903.04688159
    903.04688159
    902.99884800
    902.97815825
    903.06432709
    902.96834336
    902.84223562
    903.07779228
    902.92619395
    902.75698134
    902.95000663
    902.78207681
    900.88888306
    900.88888306
    901.79549863
    901.88216534
    901.88216534
    902.14572627
    901.97271275
    902.15636922
    899.92282988
    900.86892109
    901.83584190
    901.83584190
    902.74018621
    902.90728065
    902.91692310
    902.78432286
    902.99534622
    902.99985495
    901.73427442
    901.73427442
    902.57430320
    903.10295783
    903.08519663
    902.79945880
    902.67447006
    903.08825017
    903.04781746
    902.89346236
    902.93845790
    902.30052296
    901.12710774
    901.09995481
    902.29895435
    903.11967129
    903.11261807
    903.05518773
    903.10174693
    902.67219252
    902.92173358
    903.10109349
    903.11339756
    902.85459283
    901.01081900
    901.67715568
    901.90755017
    902.23676735
    902.06159037
    902.06159037
    902.12307489
    902.27703863
    902.65630975
    902.87483059
    902.87483059
    902.54187509
    901.97226578
    901.72853418
    901.72853418
    902.57935810
    902.57935810
    902.21481495
    902.21481495
    903.02805729
    903.07877196
    903.07877196
    903.07877196
    902.68588650
    903.04740651
    903.09589318
    903.07991192
    903.07619733
    903.11985259
    903.05329307
    903.00328968
    902.93885728
    903.05946216
    902.96586785
    903.10354652
    903.01572333
    903.07540493
    903.07540493
    903.07540493
    903.07540493
    903.08610521
    903.10407427
    902.98661574
    902.71221126
    902.69886766
    901.86374964
    900.81581899
    900.81581899
    900.97098673
    901.18738058
    900.03092977
    900.03092977
    900.02514625
    901.47170517
    901.47170517
    901.47170517
    902.61837148
    902.97633185
    902.91518819
    902.91518819
    902.19222360
    902.63149623
    902.60943225
    902.44845130
    902.44845130
    902.44845130
    902.35377593
    903.03055527
    903.01284022
    902.95232072
    902.95232072
    902.64699583
    902.09004857
    902.09004857
    901.38070884
    900.62690086
    902.63969010
    902.63969010
    903.07026779
    902.91400874
    903.09628285
    903.09628285
    902.03172449
    899.84598660
    899.84598660
    900.26536970
    900.26536970
    900.26536970
    901.70997452
    901.70997452
    901.70997452
    902.56696346
    902.56696346
    902.59835018
    902.53395030
    902.61680852
    902.70579122
    902.02860324
    901.89489308
    902.16907166
    902.92048438
    902.92048438
    903.10462830
    903.10462830
    902.63656847
    902.53761660
    902.35138086
    902.37799264
    902.45277280
    902.38360707
    902.38360707
    902.38360707
    902.38360707
    902.12888975
    901.94114800
    901.96014533
    901.96014533
    900.92238944
    902.68226194
    902.64132858
    902.64132858
    902.12074546
    902.22158899
    902.73807363
    902.56850523
    902.28704219
    901.79916056
    902.28021157
    902.07763956
    902.07763956
    902.54204357
    902.51660007
    902.51660007
    900.57251191
    901.00646739
    901.00646739
    901.95614234
    901.88106963
    901.90042529
    901.90042529
    900.56995834
    902.98264031
    902.98264031
    902.78029394
    902.78029394
    902.78029394
    902.78029394
    902.46036152
    902.46036152
    902.92490589
    902.92490589
    902.62635674
    902.73808258
    902.71381466
    902.71381466
    902.80877419
    903.01512307
    902.49601701
    902.49601701
    902.49601701
    902.54541151
    902.61591353
    902.50595401
    902.50595401
    902.70130484
    902.66463604
    901.75639152
    902.00723764
    902.00723764
    901.67775770
    901.61980199
    901.61980199
    901.44217526
    902.24543514
    902.24814962
    902.24814962
    902.28917642
    902.27774230
    902.73865000
    902.73865000
    902.94245435
    902.94245435
    902.97567575
    901.60185987
    901.57362809
    902.55531080
    902.55531080
    902.47376956
    901.96067044
    902.04905072
    901.99208700
    901.99208700
    901.81927182
    901.76937049
    901.76937049
    901.76937049
    901.11519046
    900.73674157
    901.52655550
    902.38822021
    902.88734195
    902.93731333
    902.90817509
    902.70378514
    902.70378514
    902.75726591
    902.47958639
    902.42327491
    902.43596542
    902.45131449
    903.05011022
    903.00284280
    902.99898422
    903.11482698
    902.96252143
    902.86289735
    901.19332420
    900.80555452
    900.35844284
    900.35844284
    902.04776762
    902.04776762
    901.72621451
    901.72621451
    901.57136499
    901.57136499
    901.57136499
    900.86650408
    900.68554608
    900.68554608
    901.03227381
    901.03227381
    900.21911350
    901.53923557
    901.53923557
    901.44969968
    902.79403483
    902.50286391
    902.36442215
    902.52800583
    902.74550499
    902.74550499
    902.46876508
    902.46876508
    902.02309413
    902.02309413
    901.54671707
    901.54671707
    901.71176500
    900.90973544
    900.48846287
    900.48846287
    900.48846287
    900.49200029
    899.18107020
    899.18107020
    901.42992244
    899.35887660
    900.53349963
    900.58929307
    900.79342728
    900.79342728
    900.41063615
    902.79971436
    902.84456973
    903.07701096
    903.09709102
    903.09396630
    903.09396630
    902.68468124
    902.68468124
    902.70661795
    902.83741304
    902.92349769
    902.92349769
    902.60783474
    902.45083642
    902.45083642
    902.35503570
    902.35503570
    902.35503570
    902.35503570
    902.35503570
    902.66795874
    902.86664878
    902.68552852
    902.68552852
    901.02223583
    901.02223583
    902.73453418
    902.83386827
    902.26307406
    902.36164544
    902.26087291
    901.84566354
    901.84566354
    902.13466529
    901.76940239
    901.43425411
    902.24868001
    902.04035863
    902.80973474
    902.52120349
    902.49232212
    902.43317650
    902.48352485
    902.66603699
    902.42416724
    901.61765868
    901.61765868
    901.64814730
    901.64814730
    901.46523688
    902.23230294
    902.23230294
    902.31891231
    902.02335576
    901.37180609
    902.07821570
    902.58265034
    903.00411617
    902.38377872
    902.37872703
    902.37872703
    902.37872703
    901.47019602
    902.82069299
    902.94118575
    903.07738542
    903.08535222
    903.06962800
    903.06266347
    903.06266347
    903.11973471
    903.12167537
    903.10862106
    903.09971118
    903.10326757
    903.04429187
    903.11466336
    903.03739158
    902.69512578
    902.54446106
    902.52428486
    902.83626465
    902.86728426
    902.18952891
    902.21163650
    902.74700662
    902.91962169
    902.49024669
    902.31649129
    901.91558676
    901.65360189
    901.60845381
    901.60845381
    901.60845381
    901.29267299
    901.29267299
    900.19206993
    900.19206993
    898.15524678
    898.15524678
    898.15524678
    898.15524678
    898.15524678
    899.36134683
    898.25535493
    898.25535493
    899.20145380
    899.14209184
    900.08166111
    900.78834586
    901.54195208
    901.54195208
    901.54195208
    902.36860542
    902.52304376
    902.52304376
    902.41628247
    902.37006228
    902.52702646
    902.52928545
    902.46058724
    902.46058724
    902.31889132
    902.94650806
    902.90025942
    903.01105922
    903.05907524
    902.90298803
    902.99899399
    903.04424096
    902.98752610
    902.98752610
    902.97656318
    902.51415570
    902.51415570
    902.93245073
    902.93245073
    903.05378246
    902.77221527
    902.39208750
    902.22725415
    902.22725415
    902.22725415
    901.32577839
    901.32577839
    901.32577839
    902.53477006
    902.46210700
    902.46210700
    902.64507536
    902.35170969
    902.35170969
    901.89792998
    901.89792998
    899.79997536
    899.79997536
    901.35087470
    902.51724624
    902.43540210
    901.90045566
    902.90297190
    902.68223713
    903.06959298
    903.06959298
    903.02424594
    903.02025145
    902.28065195
    902.38233554
    902.38233554
    902.38233554
    901.98207560
    902.43018996
    902.15055282
    902.28719464
    902.46819888
    901.03947729
    902.50899566
    902.50422979
    902.50422979
    901.88618957
    901.88618957
    901.64862826
    901.64862826
    901.64862826
    901.70812074
    901.39783406
    901.51353162
    901.51353162
    901.51353162
    901.51353162
    902.61482779
    902.62001228
    902.81441880
    902.79419430
    902.79419430
    902.79419430
    902.79419430
    902.73968246
    902.08280204
    901.64678346
    901.64678346
    902.05749243
    902.38855727
    902.38855727
    902.39754479
    902.92449264
    902.63477865
    902.83481490
    902.83481490
    902.86757916
    902.86757916
    902.90633724
    902.47078983
    902.53738529
    902.77414332
    902.77414332
    902.66941055
    902.91224769
    902.96368785
    902.96368785
    902.92382677
    902.22829872
    902.30964678
    902.30964678
    902.30964678
    902.70335159
    902.47869960
    901.65975926
    901.08845885
    901.08845885
    901.49348021
    900.97114378
    900.79013520
    901.34145240
    900.94001217
    900.94001217
    902.21391266
    902.22585111
    902.30364738
    902.89339351
    902.71019818
    902.71019818
    902.71019818
    902.71019818
    903.11931215
    903.04258111
    901.33862818
    901.12294531
    901.12294531
    901.74627953
    902.32697772
    902.32697772
    902.90450780
    902.95347738
    903.10906038
    903.10906038
    903.10906038
    903.12015783
    901.42044135
    901.42044135
    899.90835347
    899.90835347
    899.90835347
    901.56658313
    900.52003373
    903.06219857
    902.94405117
    902.93784022
    901.62299891
    902.21376458
    902.74542927
    902.62533315
    902.38461508
    902.38461508
    902.22939182
    902.22939182
    902.96346496
    902.88084485
    902.78703658
    902.90294457
    902.90294457
    902.88960540
    902.89698151
    902.96791972
    902.98496157
    902.98165686
    902.99499440
    902.74801978
    902.39388954
    902.26281973
    901.53623060
    901.53623060
    901.53623060
    901.53623060
    902.73250570
    902.52106022
    902.15351234
    902.50897022
    902.81337368
    902.81337368
    902.67625697
    902.19634762
    902.54341426
    902.54341426
    902.54341426
    902.54341426
    902.54341426
    902.69777001
    902.69777001
    902.69777001
    902.90414314
    902.88071357
    902.75017755
    902.77090719
    902.77090719
    902.61948201
    902.56264736
    902.56264736
    902.56486503
    902.46599660
    899.87712245
    898.89502335
    900.32848730
    900.33610646
    900.33610646
    900.33610646
    900.33610646
    900.69499044
    900.53764081
    896.33573036
    897.73897176
    898.16698093
    898.16698093
    898.16698093
    899.73641229
    899.73064498
    899.45881746
    899.45881746
    898.07081948
    898.07081948
    896.82720666
    895.25568328
    898.39271476
    898.39271476
    898.39271476
    899.15369604
    900.87900129
    902.07955447
    902.67163202
    902.93092781
    903.06689243
    902.98375774
    903.02985554
    903.02985554
    903.03743485
    903.06424900
    902.99220771
    902.99220771
    902.99220771
    902.99220771
    903.02190770
    902.93457789
    902.93457789
    902.93457789
    902.48724508
    902.52675342
    902.52675342
    902.52675342
    900.77984312
    900.77984312
    901.04648812
    900.46840330
    900.46840330
    900.46840330
    902.05204410
    901.35977692
    901.31866199
    901.35106062
    901.56432639
    902.74200188
    902.33595457
    902.33595457
    902.54314505
    902.54314505
    902.31311785
    902.31311785
    902.31367424
    902.74402793
    902.74402793
    902.73317086
    902.79533692
    902.79533692
    902.79533692
    902.39773837
    902.37684372
    902.37684372
    902.37684372
    902.33201181
    902.33201181
    901.17912725
    901.17912725
    901.23372137
    901.47660904
    901.47660904
    901.47660904
    899.53170371
    899.40428919
    899.40428919
    899.40428919
    901.53980273
    901.53980273
    901.53980273
    901.53980273
    900.03514931
    900.03514931
    902.14294236
    902.10515613
    902.10515613
    902.22574915
    902.22574915
    902.84841314
    902.63945001
    902.57342348
    902.57342348
    902.63398795
    902.63398795
    902.63398795
    902.63398795
    902.68076462
    902.77460816
    902.77460816
    902.74001410
    902.74001410
    902.78359004
    902.46144175
    902.45893214
    901.70038214
    897.50045212
    897.50045212
    895.00571288
    901.07190106
    901.07190106
    902.62984382
    902.62984382
    900.47621936
    902.28050619
    902.28050619
    902.28050619
    902.28050619
    902.94602096
    902.98334449
    902.98334449
    902.91376749
    902.64648833
    903.09897627
    903.09897627
    903.07269016
    903.03726782
    903.04891883
    903.00795481
    903.00795481
    903.04725827
    902.84701307
    902.25848523
    902.36005476
    902.36005476
    902.36005476
    902.36005476
    902.74383690
    902.81567406
    902.80540373
    902.80540373
    902.80540373
    902.80540373
    902.80540373
    902.97110823
    902.97110823
    903.01711987
    903.01711987
    903.09265923
    903.07167039
    902.94868899
    901.73038686
    901.73038686
    902.09378049
    902.05351552
    902.71012712
    902.71012712
    902.71669743
    902.71669743
    902.81318640
    902.70436010
    902.62743488
    902.43996391
    902.45882822
    902.84806804
    902.84806804
    902.81869970
    902.93774113
    902.93774113
    902.93774113
    901.77929574
    902.71568888
    902.33554560
    902.33554560
    902.33554560
    902.82169156
    901.10740666
    901.10740666
    901.10740666
    902.55751048
    903.09440891
    903.09142902
    902.81562113
    902.42476517
    902.42476517
    902.44680978
    902.44680978
    902.38428106
    902.42302379
    900.89802155
    902.57753149
    902.59391931
    901.78538428
    902.72251971
    902.72435249
    902.71030928
    901.43627361
    901.87178279
    901.31902121
    901.43166165
    901.20584226
    902.35072389
    902.28598779
    902.28598779
    902.33255484
    902.51941397
    902.39228635
    902.71547512
    902.71547512
    902.73418508
    902.96580118
    902.75497655
    902.76526158
    902.76526158
    902.76526158
    902.76526158
    902.86890374
    902.83282083
    902.83282083
    902.86585905
    902.86585905
    902.19197924
    901.66654885
    901.66654885
    902.30526800
    902.44756716
    902.44756716
    902.44756716
    901.87835629
    901.87835629
    901.09735172
    898.40935528
    898.40935528
    899.38364657
    902.07232441
    903.01897894
    903.05927175
    903.07573768
    903.07573768
    902.66336947
    900.83311722
    902.20156013
    902.32071757
    902.22639881
    902.41150290
    902.41150290
    902.30041381
    902.30425085
    902.32121430
    902.45146556
    902.20952439
    902.20952439
    902.31482003
    901.85848002
    901.85848002
    902.09313512
    902.37965242
    902.37965242
    902.39314700
    902.69650827
    902.18761831
    899.68419730
    898.11496748
    898.11496748
    897.83033950
    897.83033950
    899.51835234
    899.51835234
    900.50183605
    900.06775188
    901.35008101
    900.91881023
    897.59823630
    897.81782242
    893.83674104
    893.83674104
    893.83674104
    893.83674104
    897.76726572
    899.58323926
    899.58323926
    897.42388165
    899.59383903
    901.48267841
    901.45645109
    901.45645109
    901.42546442
    901.02210648
    901.31581621
    900.01827290
    898.50705586
    900.43953335
    900.43953335
    900.59049689
    900.51708523
    900.84941909
    900.30300824
    900.30300824
    901.61066826
    902.35883137
    902.15257837
    902.15257837
    901.73557934
    901.73557934
    902.01827321
    902.33366143
    902.33366143
    901.43010510
    901.95895059
    901.95895059
    902.46937852
    902.37310742
    902.47013834
    902.47013834
    902.01044668
    901.98126113
    901.21409841
    901.85436103
    901.44794599
    902.76902528
    902.03799397
    902.16738239
    899.34705358
    899.34705358
    899.73659004
    899.01306972
    898.60484624
    898.63415114
    901.50437378
    902.51293397
    902.51293397
    901.93459023
    902.36696695
    902.29089964
    902.42119723
    901.65950373
    901.65950373
    901.65950373
    900.16819264
    903.03671838
    903.03671838
    903.03671838
    903.04538026
    902.65454038
    900.96896963
    901.46895384
    901.25139125
    901.25139125
    901.25139125
    901.25139125
    902.45718094
    902.45718094
    902.45718094
    902.45718094
    902.46540168
    902.45961575
    901.99911001
    902.07118685
    902.07118685
    901.71250960
    902.66075145
    902.66075145
    900.70349506
    900.70349506
    900.70349506
    900.70349506
    900.70349506
    901.19102765
    902.46895376
    902.46895376
    902.82776565
    902.85811016
    902.87270133
    902.87270133
    902.87270133
    902.98305519
    903.08392846
    903.08392846
    903.03598739
    903.12283195
    902.90389008
    903.05362237
    903.05187968
    903.05187968
    903.03181018
    903.03181018
    902.95546320
    902.81886950
    902.80381423
    899.81392311
    900.51368190
    902.13913077
    902.13913077
    902.57498148
    902.57498148
    902.57498148
    902.57498148
    902.74269196
    902.33038610
    902.27391839
    902.02649972
    902.02649972
    902.00685400
    901.13335846
    902.90138805
    902.90138805
    902.77398773
    902.70586131
    902.70586131
    903.04544387
    902.98306373
    902.98306373
    903.09522209
    903.11736537
    902.87439141
    902.87439141
    903.00404534
    902.99392106
    902.99392106
    903.08011609
    903.08011609
    903.06994633
    903.11446236
    902.73028660
    902.73028660
    902.73028660
    902.73028660
    902.73028660
    902.73028660
    902.73028660
    901.83371431
    902.66054957
    902.66054957
    903.08062093
    903.04521760
    903.02997478
    903.04521694
    903.04521694
    903.04474131
    902.29790898
    902.16074818
    902.25066782
    901.54841511
    901.41982656
    901.43245980
    901.43245980
    901.60995206
    901.60995206
    901.60995206
    900.71141465
    900.59362508
    900.59362508
    901.57274666
    902.51655019
    902.61737683
    902.62586750
    901.95176981
    901.95176981
    901.93244354
    902.36922150
    901.42101990
    902.79223269
    902.82218605
    902.82218605
    902.84101140
    903.04892778
    902.99671269
    902.67912790
    902.65864906
    902.30769376
    902.30769376
    902.12080563
    902.59387962
    902.87310856
    902.49092246
    902.49092246
    902.35788126
    902.36697402
    902.36697402
    902.93306017
    902.94541207
    903.05833083
    903.05833083
    902.96746495
    902.48594584
    902.48594584
    902.21567837
    902.11484377
    902.11484377
    902.41223291
    902.41223291
    902.88967117
    902.90120621
    902.90120621
    902.83374546
    902.11485013
    901.91099432
    901.34674356
    901.57289832
    901.57289832
    902.25628260
    902.25628260
    902.25628260
    902.25628260
    900.23604879
    901.35593070
    902.95690168
    902.91144357
    902.91144357
    902.91144357
    902.91657199
    902.08072614
    901.41268839
    900.87994980
    900.87994980
    900.44983694
    900.44983694
    899.95926574
    900.29244204
    900.29244204
    900.29244204
    900.29244204
    900.01023388
    900.01023388
    901.69521710
    901.08957945
    901.08957945
    900.14944539
    901.57077079
    901.57077079
    902.69455365
    902.65702802
    902.95201913
    902.64489534
    901.47136584
    901.47136584
    902.76545609
    903.09336710
    903.09336710
    901.41162630
    901.75470536
    901.42800518
    902.00637621
    902.47852580
    902.51379225
    902.51379225
    902.50844847
    902.41623260
    902.41623260
    902.41623260
    902.41623260
    902.41623260
    902.88272709
    902.88272709
    902.89900593
    902.89900593
    902.71980468
    902.67443162
    902.87411458
    902.76677275
    902.67973404
    902.75311649
    902.75311649
    902.75311649
    902.42356917
    902.82140113
    902.29441099
    903.04075420
    902.92016256
    902.74759147
    902.76079635
    902.81371360
    902.78909585
    902.78909585
    902.80335413
    902.82938772
    902.28588469
    902.64850701
    902.44997305
    902.44997305
    902.63715196
    903.06272321
    903.06931969
    903.06931969
    901.86571781
    901.86571781
    902.01638128
    902.01638128
    902.18998140
    902.88356705
    902.80904386
    902.44449752
    902.44449752
    901.40849946
    901.40849946
    900.78386568
    900.69272185
    900.69272185
    900.69272185
    900.69272185
    902.33302543
    902.77881171
    902.10656987
    902.10656987
    902.89509806
    903.00927259
    903.00927259
    902.99157502
    903.01712229
    903.01712229
    902.94771613
    902.73831967
    902.73831967
    902.71257783
    902.24311324
    902.24311324
    902.19377677
    902.09397837
    902.67447943
    902.95856069
    902.95856069
    902.95856069
    902.96326028
    902.34051682
    902.96871323
    903.01353511
    902.62616901
    902.62616901
    902.75521198
    902.25280831
    902.25280831
    902.25280831
    903.04421347
    902.52597867
    903.06470037
    902.91139518
    903.02810438
    902.59966286
    902.58064274
    901.07518905
    901.23799425
    901.23799425
    901.23799425
    901.23799425
    902.03642278
    902.03642278
    902.03642278
    902.85354031
    902.50502973
    902.75190143
    902.75190143
    903.07662331
    903.07013210
    902.96241234
    901.94437950
    902.67881148
    902.67881148
    902.67881148
    902.67324332
    903.02814717
    903.02442434
    903.02442434
    902.64131674
    902.67281994
    902.67281994
    902.66047380
    902.97872578
    902.93971535
    901.77785757
    902.03121695
    901.32191428
    902.26761198
    901.30994371
    902.02989069
    902.02989069
    901.98985885
    902.85192100
    902.87409521
    902.84591702
    902.95290931
    902.66922380
    902.66922380
    902.75031460
    902.74671826
    902.77865445
    902.06938126
    902.06938126
    902.08097118
    902.77964094
    902.08361480
    902.92807887
    902.92807887
    902.91568237
    902.27750191
    902.09310616
    902.09310616
    902.08893412
    900.91638649
    900.91638649
    902.15808380
    901.55374677
    901.55374677
    902.64009143
    902.87374041
    902.80489628
    902.98421096
    903.03354301
    903.03844275
    902.82806134
    903.08913539
    903.11150162
    903.11993693
    902.85982285
    902.85982285
    902.92902244
    902.96386134
    902.96354759
    901.78564096
    901.67677509
    902.60583524
    902.60634456
    902.60634456
    902.00110395
    902.00110395
    902.06299146
    901.45838978
    901.45838978
    901.57916035
    901.57916035
    901.22873817
    902.23396608
    902.13343096
    902.52671963
    902.41657569
    902.35568408
    902.35568408
    902.38768328
    902.38965027
    902.38965027
    901.67690456
    901.67690456
    902.07740181
    902.07740181
    902.38517334
    902.23693455
    902.30695134
    902.56456386
    902.91703755
    902.92874338
    902.88112192
    902.74630605
    902.28897194
    902.66183447
    902.66183447
    902.66183447
    902.67347386
    902.87271441
    903.01414780
    903.10947086
    902.72316790
    903.06364635
    903.09344313
    902.87105916
    902.89045277
    902.89045277
    902.90335386
    902.90335386
    902.82107517
    902.53963241
    902.81846120
    902.83890221
    902.90829004
    902.90153057
    902.92540858
    902.92540858
    902.85214746
    902.83714800
    902.99440429
    902.99778504
    903.05075753
    902.95087223
    902.85338520
    902.85338520
    902.19078428
    901.36397810
    901.36559002
    900.87725455
    901.09255452
    901.62089937
    901.59873548
    901.59873548
    901.59873548
    902.47415128
    902.28431026
    903.09511255
    903.06703214
    903.07179342
    903.00041822
    903.10456372
    903.08874106
    902.85016149
    902.85016149
    902.87463962
    902.51426969
    902.63476197
    901.12200763
    901.12200763
    901.12200763
    901.19249113
    901.19249113
    902.18128917
    902.42861401
    902.56360434
    902.69581279
    902.93530491
    902.53213064
    902.15100842
    901.94035128
    902.57731784
    902.36132919
    902.44214922
    902.53118905
    903.02769273
    903.07050000
    903.07050000
    903.07050000
    902.97616369
    902.78494850
    902.79445671
    902.66500958
    902.63361036
    902.67201200
    902.34200254
    902.58075972
    903.07541904
    903.07541904
    901.24786033
    901.24279604
    901.86591225
    901.74579935
    902.13505894
    902.36842632
    902.37888038
    902.26854536
    902.70906465
    901.84217184
    900.72705215
    900.72705215
    901.57801284
    901.33830629
    901.33830629
    901.33830629
    901.51937853
    901.51937853
    901.51937853
    902.17376294
    902.14050370
    902.99937656
    901.76422040
    901.56489479
    900.94138782
    900.94138782
    900.01972024
    900.01972024
    900.01972024
    900.01972024
    901.37950383
    901.37950383
    900.89399347
    901.36632055
    902.53390181
    902.34353224
    902.01425985
    901.88194000
    902.55005482
    902.34550329
    902.34550329
    902.34550329
    902.40566388
    902.49174367
    902.50470551
    902.50470551
    900.34205862
    900.34205862
    901.14425184
    901.09769101
    900.77382481
    900.77382481
    900.77382481
    901.77558346
    901.79464742
    902.45735971
    902.86304305
    902.19528180
    902.19528180
    902.82902874
    902.82404945
    902.90676350
    903.06298073
    903.08120726
    903.09482105
    903.09482105
    903.09482105
    902.14029571
    902.57441056
    902.86883911
    902.74296608
    903.03813809
    903.03841083
    902.99605807
    902.72401225
    902.71657761
    901.60902638
    902.16409116
    902.06448263
    902.06448263
    900.29952997
    902.14197810
    902.14197810
    902.13870301
    901.89627675
    901.86205210
    901.86205210
    902.49731526
    901.72976552
    900.50175208
    899.42842902
    899.67933857
    900.02346755
    900.02346755
    901.05723131
    899.36536608
    901.73493933
    902.61923157
    902.69890040
    902.88448904
    903.00466965
    903.11476783
    902.95216389
    902.78440997
    901.53296914
    896.96387479
    896.96387479
    899.29906426
    899.29906426
    899.06901081
    899.06901081
    901.63541908
    901.67357117
    901.67357117
    901.04527265
    900.32419236
    901.12586756
    901.12586756
    901.30683485
    900.01282689
    900.01282689
    899.12074189
    900.77498159
    900.77498159
    901.47590269
    901.47590269
    902.81116483
    902.86358073
    902.89138328
    902.52830383
    902.99913286
    902.99913286
    903.00408151
    902.47887098
    902.49160594
    902.48737026
    902.21190835
    901.88894981
    901.88894981
    901.88894981
    901.77423004
    900.81678529
    900.57380019
    900.84989526
    900.91909961
    901.72054705
    901.72054705
    902.20170532
    902.20170532
    902.68162166
    902.60841631
    902.60219517
    902.64664811
    899.57925682
    896.16619516
    895.97581032
    899.27714906
    899.27714906
    899.27714906
    901.22623089
    901.22623089
    901.81223499
    901.83821706
    901.47782590
    901.47782590
    900.47925858
    900.47925858
    902.55539568
    901.88467995
    902.74465479
    902.16954674
    902.04740415
    902.04740415
    902.21674337
    902.29796403
    902.08871597
    900.60373938
    900.44217494
    900.44217494
    902.29534865
    901.49204633
    901.49204633
    899.64152332
    899.64152332
    899.70109436
    899.70109436
    899.70109436
    899.70109436
    901.43284514
    901.79988037
    902.71204378
    902.75970180
    902.56358223
    902.57161166
    902.57161166
    902.49291868
    902.49291868
    902.49291868
    902.49031181
    902.38547279
    902.38547279
    902.23802897
    902.29746182
    902.70406447
    902.52615746
    902.89277112
    903.04717351
    902.49228342
    902.65687616
    902.83492010
    902.83492010
    902.72145313
    901.98803884
    901.98803884
    900.47915650
    900.47915650
    900.47915650
    898.90861528
    898.79364817
    898.79364817
    896.93777643
    895.31879540
    896.94618820
    897.51106183
    897.51106183
    897.51106183
    897.32829280
    897.32829280
    897.32829280
    897.32829280
    897.32829280
    899.56275482
    897.42223312
    897.42223312
    897.42223312
    899.37265607
    899.37265607
    898.49678422
    898.49678422
    899.78373694
    899.78373694
    899.78373694
    899.78373694
    900.20155429
    900.20155429
    900.20155429
    899.91348915
    899.91348915
    900.49503743
    900.49503743
    901.08758889
    901.08758889
    901.82205615
    900.09485815
    902.65076755
    901.42586480
    901.42586480
    901.26881091
    901.26881091
    901.26881091
    901.26881091
    901.26881091
    899.78883138
    899.78883138
    899.78883138
    899.20645815
    900.25138751
    900.49839527
    901.27747277
    901.26433361
    901.70097464
    899.56361973
    899.56361973
    898.99929945
    898.99929945
    901.70085966
    901.70556663
    901.88940695
    901.45791318
    901.45791318
    901.45791318
    902.92329022
    902.53250216
    902.15608969
    901.96367171
    903.07111489
    902.33391783
    902.33391783
    902.33391783
    901.84441165
    901.84441165
    900.60958300
    900.60958300
    900.73329642
    901.09428396
    901.09428396
    902.33837453
    902.75766835
    903.07065400
    903.00975619
    902.07845873
    902.07845873
    902.07845873
    902.31168200
    902.76049862
    902.39006831
    902.58393582
    900.99425611
    901.40348489
    901.84639514
    901.69109631
    901.69109631
    901.69109631
    901.69109631
    901.69109631
    900.42109455
    900.42109455
    900.42109455
    900.42109455
    900.42109455
    902.18578123
    902.18578123
    902.68903409
    903.07103848
    902.61629875
    902.61629875
    902.61629875
    901.86032039
    900.90849119
    900.90849119
    900.90849119
    900.50251065
    900.50251065
    901.94522240
    899.91629511
    899.91629511
    902.52098716
    903.03366444
    903.00893123
    902.91519884
    902.43953594
    903.07227630
    902.87743046
    901.89745184
    901.82847199
    900.34257395
    900.34257395
    899.67830621
    901.69151265
    902.36028017
    902.11584129
    902.11584129
    902.11584129
    902.84798311
    902.85905794
    902.75050160
    902.75050160
    902.78549899
    902.95134674
    903.05467608
    902.79976622
    902.68780336
    902.72811502
    902.72811502
    902.72811502
    902.50553971
    902.50553971
    902.50553971
    902.55182862
    902.71364841
    902.52816815
    902.62709736
    902.62709736
    902.62709736
    902.62709736
    902.68159581
    902.68159581
    902.66445388
    902.14193355
    902.41617433
    901.98294941
    902.47807156
    902.89360166
    902.87785845
    902.89367786
    901.92488909
    901.50220692
    902.95238364
    902.98613530
    902.55020886
    902.48458049
    902.48458049
    902.37062948
    902.61115446
    902.99742527
    903.11403330
    902.41597451
    902.22854421
    901.73346655
    902.31653795
    900.98429746
    900.98429746
    902.48743503
    902.92083346
    902.93696766
    903.00728606
    903.00728606
    903.00728606
    903.00728606
    902.28741313
    902.85828479
    902.85828479
    902.85828479
    902.85118090
    902.85174923
    902.82413293
    902.81100546
    902.64838418
    902.16802359
    902.11460839
    902.11460839
    902.56229072
    901.30151392
    902.44531478
    902.44531478
    902.44531478
    902.44531478
    902.25278307
    902.05277941
    902.07804654
    901.71248013
    901.52596697
    901.52596697
    901.52768957
    901.52768957
    901.81618264
    901.63986924
    901.63986924
    901.52609334
    901.58112572
    901.74204922
    901.74204922
    901.74204922
    901.74204922
    901.74204922
    901.40860976
    901.96090462
    901.96090462
    901.06181849
    901.06181849
    901.39613698
    900.99062837
    900.61137929
    900.57112565
    900.99056521
    900.99056521
    901.08585615
    901.25407855
    901.13555318
    901.85178107
    901.85178107
    902.23266645
    901.53488181
    901.53488181
    901.98216219
    901.98508744
    901.62053866
    901.72276893
    901.72276893
    902.80263841
    902.48033952
    902.48033952
    902.19555048
    902.12707851
    902.39277852
    902.14260462
    902.24113302
    902.24113302
    902.14203799
    902.88108848
    902.88108848
    902.82989699
    902.65259932
    902.61937968
    902.93096520
    903.12261499
    903.03322315
    902.99813197
    902.56561763
    902.56561763
    902.54460144
    901.19880829
    901.19880829
    901.17003555
    901.17003555
    902.41105904
    902.50883436
    901.85975423
    901.85975423
    901.87480607
    901.87480607
    901.87480607
    901.87480607
    897.20720770
    896.90502993
    896.90502993
    895.34978885
    895.34978885
    895.34978885
    895.34978885
    895.34978885
    897.71753897
    898.51302143
    900.22324391
    901.18343582
    900.89562997
    900.69640983
    900.69640983
    899.97279633
    899.97279633
    899.93436013
    899.93436013
    899.93436013
    900.19311280
    900.19311280
    901.98913952
    901.20350181
    902.70227233
    902.69137019
    902.66547042
    902.52615435
    902.35336786
    902.36134480
    901.94260281
    901.42038111
    901.42038111
    901.42038111
    901.95080502
    901.95080502
    901.63344828
    901.63344828
    901.33746067
    901.44425405
    899.98973268
    899.98973268
    900.92929173
    902.81605104
    902.74487246
    902.63075058
    902.95977878
    902.93014950
    902.78036678
    902.13735465
    902.90724733
    902.90724733
    903.10084948
    903.10084948
    903.10084948
    902.99427413
    903.05664670
    902.99296137
    902.96540861
    903.00884694
    903.05177788
    903.08744911
    903.08744911
    903.08744911
    903.08744911
    902.65477303
    902.71240022
    902.76813039
    902.68818484
    902.47411616
    901.99211325
    900.03737268
    900.65112180
    900.74870911
    901.82525695
    901.71579434
    902.17224765
    902.44001729
    902.44001729
    902.44001729
    902.47295858
    902.15164822
    902.50389783
    902.62831079
    902.70593935
    902.70705909
    902.44869787
    902.44869787
    902.78621534
    902.76661395
    902.63877474
    902.14249867
    902.14249867
    902.19914549
    902.60186482
    902.60186482
    902.60186482
    902.69367460
    902.69367460
    903.01216922
    886.34147607
    886.34147607
    887.09321416
    887.09321416
    897.10933726
    895.24563130
    897.69772866
    897.69772866
    897.69772866
    900.90518336
    901.73941211
    901.56190224
    901.15581609
    901.23249607
    901.93438748
    902.19401701
    902.27182553
    902.19347588
    901.60101949
    901.81396388
    900.51114760
    901.39619040
    902.61067056
    902.61067056
    902.61067056
    902.27533025
    902.16068184
    902.13696014
    901.45541129
    901.10115272
    901.73492152
    901.73492152
    901.73492152
    902.17692577
    901.92203115
    901.82969109
    901.32175880
    901.32175880
    901.32175880
    901.74188162
    901.31735687
    902.83670410
    902.96202540
    903.00270736
    902.25218656
    902.84224829
    902.98143407
    902.87543874
    903.00596217
    903.05427171
    902.99421526
    902.89622196
    903.09583095
    902.76907238
    902.76961484
    902.79859629
    902.79859629
    902.54557076
    902.54557076
    900.80712206
    900.80712206
    900.90496740
    901.52931542
    901.52931542
    902.68662335
    902.60088015
    902.41258191
    902.69607267
    902.74226521
    903.05968632
    902.72253113
    902.82128232
    902.82128232
    902.83242861
    902.90207825
    902.90207825
    902.90207825
    902.97628031
    903.03862157
    903.03862157
    902.90313605
    903.04575971
    902.70071677
    902.70071677
    902.66506867
    902.66506867
    902.88351382
    902.88351382
    902.91772938
    902.91772938
    902.96868496
    902.96868496
    902.31330245
    902.36408074
    902.36408074
    902.36408074
    902.36408074
    901.90474728
    901.92335554
    901.87977295
    900.42594889
    900.42594889
    900.42594889
    900.77743491
    900.77743491
    900.77743491
    901.64495344
    901.09093366
    901.09093366
    901.09093366
    902.64165608
    902.43436055
    902.42470101
    902.67918745
    902.37127573
    902.81708562
    903.07652112
    903.06293705
    903.06293705
    902.74413067
    902.83101078
    902.86766376
    902.86766376
    902.56297136
    902.56426739
    902.99982620
    902.99982620
    902.88299315
    902.88299315
    902.88299315
    902.88299315
    902.88299315
    902.45669778
    902.02703050
    900.87722840
    900.87722840
    901.00657522
    899.36736163
    901.10851508
    901.10851508
    901.10851508
    901.87976176
    902.00100932
    902.00100932
    902.00100932
    902.01621621
    902.47224149
    902.47224149
    902.49339195
    901.91080904
