    225.25139567
    225.49210621
    225.38671775
    225.38671775
    225.56161036
    225.80379439
    225.80379439
    226.06723693
    225.83724049
    226.20305788
    225.29897741
    225.69752389
    225.69752389
    225.54374492
    225.22685804
    225.22685804
    225.22685804
    225.22685804
    225.33917560
    225.62781238
    225.37083796
    225.26297323
    225.26297323
    225.26297323
    225.29123047
    225.52048390
    226.09992376
    226.12934881
    226.16359394
    226.23475374
    226.23475374
    226.34339661
    226.09944523
    226.09944523
    226.06117954
    226.05955642
    226.05955642
    226.05955642
    225.87952299
    225.87952299
    225.87952299
    226.20404666
    226.20404666
    223.78949081
    223.78949081
    223.78949081
    222.74781421
    222.74781421
    224.25037320
    223.91155584
    223.27846436
    223.82140385
    223.71341592
    223.71341592
    223.71341592
    223.71341592
    224.55788409
    224.55788409
    225.54890653
    225.41380154
    225.12767726
    224.96084878
    225.55926627
    225.53370917
    225.53370917
    225.57145714
    225.54577260
    225.56251309
    225.61842201
    224.91992299
    224.91992299
    225.55284924
    225.16946078
    225.16946078
    225.52768767
    224.74293618
    224.84612640
    225.49169077
    225.58627503
    225.58627503
    225.89246267
    225.87176102
    225.87176102
    225.87176102
    225.94790795
    226.17664889
    226.11849400
    225.37627406
    225.02729131
    224.84914981
    224.84914981
    224.97196576
    224.07405973
    224.21795987
    223.50294265
    223.50294265
    223.50294265
    223.63602744
    224.86083079
    224.86083079
    224.90460033
    225.41856622
    225.49251561
    224.27699986
    224.27699986
    224.27699986
    224.27699986
    225.13365485
    225.27278744
    224.92996152
    225.02736762
    225.02736762
    225.77199919
    225.79028289
    225.79028289
    225.54216908
    225.89585093
    225.57065523
    225.17424875
    225.17424875
    225.46160991
    224.79375259
    224.86192517
    224.90219133
    224.09936421
    224.09936421
    223.46909158
    224.52445297
    224.52445297
    223.69077825
    222.57601388
    222.33820852
    223.79935211
    223.79935211
    223.79935211
    223.79935211
    223.79935211
    223.63109651
    223.63109651
    224.83257667
    225.29046185
    224.52376748
    224.52376748
    225.45886425
    225.94038770
    225.94038770
    225.94038770
    225.96987389
    226.03150702
    226.03150702
    225.50091958
    226.03798659
    225.99348659
    225.79610396
    225.15221786
    225.32280951
    225.08926121
    225.59059030
    225.57597736
    225.63864906
    225.63864906
    224.51353742
    225.27147855
    224.74286727
    224.74286727
    224.99367520
    224.93158873
    225.46952454
    225.47075966
    224.25336549
    224.25336549
    223.82367982
    224.63796925
    225.00136327
    222.35751629
    222.35751629
    222.35751629
    221.79463330
    222.08083011
    223.53101041
    223.53101041
    224.68644398
    224.68644398
    224.78931846
    224.29470241
    223.07956655
    222.81627906
    222.81627906
    222.81627906
    222.81627906
    222.81627906
    223.68123153
    223.68123153
    223.68123153
    224.73978422
    224.73978422
    224.73978422
    224.79764195
    223.62008896
    224.51812642
    225.51379785
    225.30647004
    225.30647004
    224.92638787
    224.92638787
    224.92638787
    224.92638787
    224.92638787
    224.92638787
    224.92638787
    224.92638787
    224.64045156
    224.64045156
    224.64045156
    224.64045156
    224.64045156
    226.03501992
    226.03501992
    226.16460917
    226.32835863
    226.32835863
    226.31361318
    226.32586812
    226.30287342
    226.15743923
    226.08807028
    226.08807028
    226.28601516
    225.07836104
    225.24901889
    224.53578504
    224.53578504
    224.53578504
    224.53578504
    224.61222046
    224.61222046
    224.78668064
    222.91734760
    224.76138756
    224.92269770
    224.92269770
    224.92269770
    224.42788519
    224.75900934
    224.75900934
    224.75900934
    224.75900934
    223.65848374
    223.65848374
    223.65848374
    226.21558341
    226.21007976
    226.23890172
    226.22741264
    225.47848856
    225.47848856
    225.47848856
    225.89370362
    225.89370362
    225.88932944
    225.88932944
    225.88932944
    224.75537673
    225.41533495
    225.41533495
    225.64024712
    225.64024712
    225.64024712
    225.64024712
    225.50257663
    225.61721835
    225.61721835
    225.17781356
    224.88719609
    224.88719609
    225.97050583
    225.86122426
    225.89266182
    223.13668370
    223.13668370
    223.13668370
    223.13668370
    223.13668370
    221.73039748
    221.73039748
    221.73039748
    221.73039748
    221.73795236
    222.98506022
    225.22126412
    225.22126412
    224.73433776
    225.61834362
    225.56817512
    224.76506834
    224.76506834
    226.34183460
    225.69603479
    226.03120512
    224.01306294
    226.27109062
    226.27035226
    226.27035226
    226.28742180
    226.12574353
    226.12574353
    226.12574353
    226.12574353
    226.12574353
    226.15923456
    225.81094253
    225.23941931
    225.47478788
    225.47478788
    225.47478788
    225.47478788
    225.47478788
    226.30198932
    226.15900045
    226.31614034
    226.17480461
    226.21063887
    226.21063887
    226.21063887
    226.27056393
    226.28451208
    226.02332562
    225.96919574
    226.09781006
    226.16125363
    226.16125363
    226.34129074
    226.14273241
    226.06491214
    226.06491214
    226.04993897
    226.04993897
    225.21701012
    224.54852240
    224.08180498
    224.08180498
    223.38931113
    224.10030366
    224.38468507
    224.23933981
    224.23933981
    224.23933981
    223.96179041
    223.96179041
    223.96179041
    226.10824086
    225.82721827
    225.82721827
    225.82721827
    226.18194166
    226.18812365
    226.18812365
    226.14911222
    226.14911222
    226.14911222
    225.83458699
    225.83458699
    226.09096553
    226.31046007
    225.39050675
    226.13304540
    225.74974250
    226.02374985
    225.83299304
    225.83299304
    225.83299304
    226.27502666
    226.27502666
    226.17098998
    225.18298580
    226.26595101
    226.26595101
    226.29196126
    226.31859224
    226.31859224
    226.31984812
    226.31984812
    225.49661289
    225.04986838
    225.04986838
    225.04986838
    225.04986838
    224.31303716
    225.39536162
    225.39536162
    225.39000000
    225.99056778
    225.58689152
    225.52594247
    225.67133727
    226.14676137
    226.14676137
    226.17907019
    226.27302629
    226.15739256
    226.03225114
    226.12734046
    225.58993103
    225.71130719
    225.65588004
    226.28851330
    225.99991234
    225.99991234
    225.34567233
    225.33835425
    225.33835425
    225.20509368
    225.66467839
    225.90416610
    226.21310156
    226.26485963
    226.30369387
    226.15883742
    226.15883742
    226.15883742
    226.30947127
    226.16905236
    226.16905236
    226.16905236
    226.16905236
    226.10188183
    226.10188183
    225.41549821
    226.04272183
    226.13545072
    225.31859356
    225.15305880
    225.87224062
    225.87224062
    225.65138822
    225.65138822
    225.65138822
    225.65138822
    225.65138822
    225.60648614
    225.60648614
    225.60648614
    225.60648614
    225.13460415
    225.13460415
    225.30953574
    225.45673471
    225.45673471
    225.99904443
    225.99904443
    224.78929372
    224.78929372
    224.75715641
    224.75715641
    224.75715641
    223.93453232
    224.02302417
    224.02302417
    224.21256361
    223.79455228
    224.33674116
    221.30576934
    222.88737480
    224.34847517
    225.97679543
    225.97679543
    225.97679543
    225.97679543
    226.03732783
    226.14754469
    226.14754469
    226.33892713
    226.33892713
    226.33892713
    226.00023196
    226.15366725
    226.15857581
    225.85108989
    225.70895531
    225.29201548
    225.84980309
    225.81735389
    225.54833808
    225.44387753
    224.88308993
    222.82836543
    222.82836543
    222.82836543
    222.82836543
    222.82836543
    222.82836543
    222.82836543
    222.82836543
    224.48844375
    224.48844375
    225.44303970
    225.44303970
    225.44303970
    222.83609755
    224.68735686
    224.09337412
    224.95103486
    225.92147189
    226.34235757
    226.33741251
    226.33025813
    226.09753669
    226.27391575
    226.27391575
    226.26701789
    226.21219038
    226.21219038
    226.21219038
    226.30382553
    226.30382553
    226.15172418
    226.17149587
    225.33496234
    225.33496234
    225.33496234
    226.19234442
    226.25913799
    226.27644598
    225.83648812
    225.79852585
    225.74862449
    225.46848543
    225.46848543
    225.88685882
    226.03010196
    225.94760081
    225.92350705
    225.92350705
    225.92350705
    226.05210333
    226.00586423
    226.21284780
    226.03322705
    226.03322705
    226.05321970
    226.08813769
    224.23118283
    224.23118283
    225.83001985
    225.01934319
    226.19773000
    226.13087500
    225.99564264
    226.03613130
    225.88134965
    221.58391588
    221.58391588
    221.58391588
    223.68565506
    223.35363289
    223.35363289
    223.35363289
    224.80183538
    224.80183538
    225.81491376
    225.79413313
    226.20873204
    225.76487910
    225.72882907
    225.77747961
    225.77747961
    225.77747961
    226.01983809
    225.72394024
    224.46400729
    224.74754991
    224.74754991
    224.68843467
    224.79388611
    223.84261851
    224.74203668
    224.16907900
    224.42803562
    225.54970878
    225.56634342
    226.04778116
    226.04778116
    225.86260372
    225.72098180
    225.90004554
    225.54625363
    225.54625363
    224.96239878
    223.94648957
    224.02813715
    224.46004010
    225.51031847
    225.51163199
    225.51163199
    225.62789512
    224.74693576
    224.21647497
    224.61152315
    224.61152315
    224.73884180
    222.71802159
    222.71802159
    223.85544576
    223.85544576
    223.60750668
    223.60750668
    223.39569234
    223.65434340
    222.66953789
    222.66953789
    223.67255810
    222.52743422
    222.87587436
    222.87587436
    222.91096257
    222.91096257
    222.91096257
    222.46941857
    221.90526050
    223.04994742
    223.17519964
    223.78748290
    223.78748290
    223.51514394
    224.87505150
    224.43707318
    225.17429269
    225.17429269
    225.38427133
    225.34415906
    225.24542455
    225.19120999
    223.06052560
    222.15473679
    222.15473679
    222.15473679
    222.15473679
    223.95216260
    224.14733474
    224.14733474
    224.57975902
    224.57975902
    224.59179773
    224.97979332
    224.97979332
    224.97979332
    224.76164340
    224.13484437
    224.13484437
    224.20113293
    225.61913303
    225.96449257
    225.96449257
    225.92594145
    225.47670526
    225.47670526
    225.47670526
    226.05038218
    226.10138145
    226.17755800
    226.31158210
    226.31184071
    226.27875786
    226.27875786
    226.07851963
    226.07851963
    226.14580330
    225.61837374
    225.61837374
    225.61837374
    225.59476251
    225.85345165
    225.85345165
    226.29672602
    226.19278637
    226.23725354
    226.28033762
    226.27323159
    225.90069660
    225.90069660
    226.15545363
    226.15545363
    225.59410076
    226.00218340
    225.89749570
    226.21009081
    226.35777712
    226.15028925
    226.10551777
    225.58275528
    225.58275528
    225.58275528
    226.25578081
    226.25578081
    225.89694763
    226.29181933
    226.26008474
    226.27659312
    226.27659312
    226.31920477
    225.30640896
    225.35691972
    225.35691972
    224.95928140
    225.72299909
    224.76633227
    224.87389868
    224.99374221
    224.99374221
    225.66842818
    225.56932824
    225.56932824
    225.55720017
    225.55720017
    225.80729282
    225.80729282
    224.36991790
    224.36991790
    224.40624194
    224.40624194
    224.40624194
    224.40624194
    224.40624194
    222.64263117
    222.64263117
    222.64263117
    222.70998007
    222.55345816
    222.55345816
    224.86533888
    223.36894580
    223.36894580
    225.73726026
    225.72504752
    225.72504752
    225.88748314
    225.88748314
    225.67689150
    225.94745640
    225.94745640
    225.97069003
    225.30391932
    224.93359937
    224.93359937
    224.93359937
    224.93359937
    224.92437959
    224.76374035
    225.31619039
    225.38569779
    225.54724453
    225.40515179
    225.10299725
    225.10299725
    225.08500536
    225.09465895
    225.09465895
    225.09465895
    224.55468818
    224.36761718
    223.18189436
    221.46918789
    221.46918789
    223.41697388
    223.58093341
    223.58093341
    223.58093341
    223.58093341
    224.01351527
    224.01351527
    224.14863854
    224.51929615
    224.75940450
    224.88693536
    225.41439320
    225.56772629
    225.47558497
    225.28399222
    225.28399222
    224.77674479
    224.07617699
    222.53233726
    222.67266822
    222.67266822
    223.46066219
    223.46066219
    222.13798295
    223.62311410
    221.73062472
    221.73062472
    221.73062472
    221.73062472
    222.75197215
    222.75197215
    222.75197215
    222.75197215
    222.71070652
    222.71070652
    221.80456132
    223.21727803
    226.04014106
    226.07450090
    226.07450090
    226.20415362
    226.24670994
    226.30033428
    226.30033428
    226.30107318
    226.30724976
    226.06375930
    226.10517273
    226.11135649
    226.11135649
    226.02172346
    225.80731340
    225.80731340
    225.80731340
    225.38995707
    225.84131472
    225.84131472
    225.70435473
    225.71602180
    225.57150175
    225.43701150
    224.74991361
    225.26492055
    225.15128315
    225.08894838
    225.05285695
    225.05285695
    225.05285695
    225.06571607
    225.10840901
    225.34859728
    225.91182916
    225.41192607
    226.08043485
    226.08887854
    225.83291778
    224.45922659
    224.45922659
    224.45922659
    225.99838517
    225.94223507
    225.94223507
    226.14900147
    226.14900147
    226.16734191
    225.81480732
    225.82273555
    224.72111696
    224.72111696
    224.72111696
    223.94840622
    224.35894907
    225.15224523
    225.15224523
    225.15224523
    225.20369821
    224.54092583
    224.85891088
    224.85891088
    225.80396815
    226.33063166
    226.35657765
    226.35124114
    226.32380780
    226.32380780
    226.22082885
    226.22082885
    225.84000447
    225.86162462
    225.95313396
    225.80979592
    226.10431391
    226.14096707
    226.21146553
    225.66999023
    225.71024311
    224.39174176
    225.11555984
    224.21515453
    224.21515453
    224.21515453
    224.21515453
    224.21515453
    224.21515453
    224.55033366
    225.08229404
    225.08229404
    224.52582696
    224.52582696
    224.52582696
    224.50273465
    224.50273465
    224.50273465
    225.18253995
    225.18253995
    224.81815429
    224.81815429
    226.33470833
    226.35997251
    226.36000453
    226.31689612
    226.34477843
    225.66942635
    225.57480631
    224.59178395
    224.31569792
    225.08573934
    225.13149376
    224.90145706
    223.64787277
    223.22157996
    222.58194097
    222.58194097
    223.47955423
    223.13025215
    221.89733050
    221.89733050
    221.80155438
    221.80155438
    221.80155438
    222.28675394
    222.28675394
    222.28675394
    222.28675394
    222.28675394
    222.28675394
    222.28675394
    222.63333213
    222.63333213
    223.72161031
    223.72161031
    224.11426247
    223.27354676
    224.63018262
    224.63018262
    224.63018262
    224.63018262
    224.05723009
    224.32067178
    224.32067178
    224.48067804
    223.90021755
    223.90021755
    223.53310076
    224.05579121
    225.71217098
    225.41378018
    225.80551490
    226.26991759
    226.28392948
    226.32191481
    226.32639365
    226.32295923
    226.35696257
    226.35696257
    226.35087821
    226.35206250
    226.34323257
    224.97773063
    223.53672772
    224.84838873
    224.84838873
    225.25712711
    223.35847023
    224.45881906
    224.44429352
    223.01746381
    225.89283928
    225.89283928
    225.29823849
    225.29823849
    225.59134962
    225.63327008
    225.63327008
    225.63327008
    225.73888185
    226.25948219
    225.95631545
    224.98731633
    223.63438387
    223.34106438
    223.82259939
    223.82259939
    223.82259939
    221.60697616
    221.60697616
    220.96878429
    220.96878429
    221.74798840
    221.74798840
    221.74798840
    220.90354010
    221.63148880
    221.63148880
    221.40825282
    221.40825282
    221.40825282
    224.84155602
    223.85714918
    225.56650142
    225.67837818
    225.67837818
    225.67837818
    225.67837818
    226.32513864
    225.86626514
    225.86793095
    225.61189511
    225.97695714
    225.91857160
    225.91857160
    225.91857160
    225.57389901
    225.57389901
    225.57389901
    225.88501263
    225.77789546
    226.01416011
    225.95755323
    225.95755323
    225.96834577
    225.68624590
    225.94819508
    225.94819508
    226.04645548
    226.29683260
    226.18412173
    226.20665399
    226.01746096
    225.59032391
    225.59032391
    225.59032391
    226.30220248
    223.81864842
    224.59054068
    225.40704168
    225.59435447
    225.92041347
    225.48238218
    226.07747601
    226.21322511
    225.74142312
    226.04993488
    226.06619881
    226.12615002
    226.12615002
    226.12615002
    225.63573897
    226.11664380
    226.12752893
    226.10479754
    225.59930407
    225.59930407
    225.59930407
    225.59930407
    225.45316656
    225.36455511
    225.31174873
    225.31174873
    225.02712991
    225.97569300
    226.05004320
    226.13061785
    226.17778887
    226.17778887
    226.05413917
    225.90048175
    225.90048175
    225.90048175
    226.36001642
    226.05447370
    225.98195336
    224.84044608
    225.95517786
    225.95517786
    225.95517786
    225.84765490
    223.78061209
    223.78061209
    225.61221823
    225.82010948
    225.95787918
    225.95787918
    225.95787918
    225.95787918
    225.95787918
    226.28214109
    226.31249916
    226.31249916
    226.31249916
    226.33047812
    226.28982004
    226.28982004
    226.28982004
    226.26450150
    225.71458935
    225.71458935
    222.58507929
    224.31928533
    224.31928533
    224.31928533
    224.94545120
    225.57716689
    225.57716689
    225.39261351
    225.39261351
    225.48999005
    225.80010225
    225.80010225
    225.47341710
    225.47341710
    225.62831164
    225.64442110
    225.80739265
    226.00149885
    226.07908685
    226.14715794
    226.15837344
    226.04414578
    225.65100660
    225.69817429
    226.10731338
    226.20982608
    226.21815338
    225.98210579
    225.94874812
    226.05082041
    226.22036812
    226.27409103
    226.23715632
    226.28965527
    226.26726257
    226.30826400
    225.02641920
    225.02641920
    224.76684810
    225.76390467
    225.76390467
    225.76390467
    225.76390467
    225.76390467
    225.22472498
    225.26632009
    225.26632009
    225.26632009
    224.74252310
    226.18901424
    225.58903306
    225.41636894
    225.41636894
    225.54552649
    225.68483303
    225.68461501
    225.66901711
    225.57690970
    225.57690970
    225.54591062
    225.54591062
    225.54591062
    225.62931057
    226.08850364
    226.08850364
    226.06750569
    226.03561994
    225.94629318
    226.00456358
    226.11548871
    226.11548871
    226.18678670
    226.34154381
    226.26788080
    226.25767751
    226.35469520
    225.97351985
    225.97351985
    225.54262874
    225.56461600
    224.29427707
    225.23399767
    225.23399767
    225.23399767
    225.23399767
    225.23399767
    225.44884987
    225.44884987
    226.18590993
    226.18590993
    226.18590993
    225.03698034
    225.44214541
    225.44214541
    223.67004109
    223.67004109
    225.79240936
    225.79240936
    225.10300988
    224.75012307
    224.38589418
    224.38589418
    224.38589418
    225.31144716
    223.76497581
    224.79519755
    224.79519755
    224.24795525
    224.03644985
    223.44974430
    223.44974430
    223.88449747
    223.35596022
    223.14877794
    223.79735636
    223.79735636
    224.61669642
    223.75098685
    225.22095255
    225.30388442
    223.32976693
    225.17033406
    225.38588562
    222.88278053
    222.88278053
    225.02029357
    225.02029357
    224.51485863
    224.33797378
    224.31823569
    224.11654900
    224.11654900
    224.11654900
    224.11654900
    225.17029418
    225.17029418
    224.46705336
    224.45925048
    224.27783522
    223.95742354
    223.95742354
    223.99362524
    223.99362524
    223.99362524
    223.99362524
    224.84385245
    224.70068336
    224.64731842
    224.64731842
    224.10506620
    224.17865746
    223.63155390
    223.63155390
    223.63155390
    222.42454051
    221.93569458
    223.62311939
    223.62311939
    223.62311939
    224.27509721
    224.27509721
    220.92168607
    220.92168607
    220.92168607
    220.92168607
    220.92168607
    220.59978800
    221.38054412
    221.38054412
    221.38054412
    221.76532707
    221.76532707
    221.76532707
    223.41272070
    224.69727872
    223.86597968
    224.75606964
    225.54760392
    225.23749649
    225.31450413
    226.14772002
    225.74788983
    225.51086392
    225.97571326
    226.11208564
    226.11208564
    226.11113557
    226.06977269
    226.04845385
    226.01881341
    226.32812489
    226.21137938
    226.16050323
    226.06078426
    225.48495377
    225.82841382
    225.85380038
    225.82154633
    225.69347628
    225.70034684
    226.30322189
    226.30322189
    226.32147200
    226.31350103
    226.31350103
    226.21242249
    226.21242249
    226.21242249
    226.17101242
    226.13083887
    226.08809184
    226.08809184
    226.08698354
    226.08698354
    226.04879079
    226.04442624
    226.03031558
    225.38834598
    225.09895308
    225.18069644
    224.29764331
    224.29764331
    224.29764331
    224.98561247
    223.24325570
    223.24325570
    223.24325570
    224.92387504
    225.73643575
    225.73643575
    225.77829856
    225.91239474
    225.91239474
    226.03668658
    225.47534458
    225.47534458
    224.82725124
    224.83141580
    224.83141580
    225.52493358
    226.27824250
    226.27824250
    225.87671471
    225.87671471
    225.05518842
    225.05518842
    225.28523631
    225.28523631
    226.23065856
    226.10736603
    225.02975519
    225.00359176
    225.63670755
    225.86818405
    225.88667609
    226.07049759
    225.89259567
    225.89259567
    225.90880725
    225.73064812
    226.03966084
    226.03966084
    225.24759494
    221.72690743
    221.72690743
    221.72690743
    221.72690743
    220.92940645
    220.92940645
    220.92940645
    220.92940645
    220.92940645
    220.92940645
    220.92940645
    220.92940645
    225.50135858
    225.50135858
    225.61035499
    225.33897789
    224.98917303
    224.98917303
    224.98917303
    225.72597908
    224.83833199
    225.23352463
    225.23352463
    225.64018380
    225.64018380
    224.53005212
    226.05822035
    225.60918276
    226.00552043
    226.02689045
    225.02298858
    225.02298858
    224.56228590
    224.56228590
    224.10079853
    224.08291182
    223.45908468
    225.67478363
    225.91427741
    225.87960736
    225.87960736
    225.88053797
    225.79640003
    225.79640003
    225.61791714
    225.49653379
    225.49653379
    225.49653379
    225.35270976
    225.35270976
    225.68103165
    225.45520852
    225.45520852
    225.88286516
    225.26922352
    225.46298176
    225.69423021
    225.58289822
    225.32739140
    224.76161342
    224.76161342
    224.76161342
    224.76161342
    224.36453364
    222.92890876
    222.92890876
    222.92890876
    222.92890876
    222.92890876
    223.48971514
    223.48971514
    223.48971514
    223.48971514
    224.91668303
    226.26516513
    225.88109829
    225.83101501
    225.83101501
    224.46666363
    223.63840023
    223.63840023
    223.63840023
    223.19887721
    223.19887721
    225.04679136
    225.09051787
    225.13646046
    226.24417309
    226.23422915
    225.48136496
    225.17496805
    225.17496805
    225.32333976
    225.32333976
    225.55008857
    225.53550657
    225.78027292
    225.78027292
    225.79488560
    225.38772639
    225.38772639
    225.38114170
    224.97986880
    225.20145805
    225.21359828
    225.39893540
    225.39893540
    225.36544701
    225.21356265
    225.21356265
    225.63571233
    225.57935873
    225.73886736
    225.73886736
    224.98397005
    224.98843427
    225.45408475
    225.84911070
    225.84911070
    225.84911070
    225.82788207
    226.01875471
    225.79056177
    225.79281179
    225.79281179
    225.02825176
    225.07832505
    225.46689162
    225.46689162
    226.20935600
    226.20935600
    226.04797329
    226.01896410
    225.83404933
    224.80280181
    224.80280181
    224.74292807
    226.32480405
    226.32480405
    226.05744965
    225.26470341
    225.26470341
    224.87024582
    224.87024582
    225.21837244
    225.21837244
    226.04215618
    226.17249024
    225.91844178
    226.04071078
    224.79194578
    225.68731889
    223.53705931
    223.29403059
    223.29403059
    223.29403059
    223.29403059
    223.29403059
    224.78703323
    224.79498353
    224.87604192
    224.87604192
    225.31650460
    224.87706348
    224.87706348
    224.74622783
    225.58362917
    225.58362917
    225.79761032
    225.74062345
    226.19237841
    225.86377453
    226.28231076
    226.28231076
    225.15709972
    225.92320162
    225.92320162
    226.12515515
    225.84574799
    225.84574799
    226.11465973
    226.15945728
    225.11827866
    225.11827866
    225.42512518
    225.42512518
    224.24952874
    223.12897496
    223.25703883
    224.50654539
    225.23693558
    225.29039307
    224.82556947
    225.60110493
    225.79076122
    224.75086712
    225.35085269
    225.33129252
    225.11252218
    225.11252218
    225.02342172
    225.02342172
    225.45268258
    226.16234853
    226.19326172
    226.22529151
    225.58446844
    225.58446844
    226.10712110
    226.00555107
    226.06873487
    226.06873487
    225.80616745
    224.80315174
    224.80315174
    225.23165483
    223.37215730
    223.37215730
    224.40951944
    225.91792928
    225.91792928
    225.91792928
    225.91792928
    225.91792928
    225.90835031
    225.90835031
    225.90835031
    222.75366055
    223.15896993
    223.39960740
    223.27965614
    223.59924792
    223.59924792
    224.01443719
    226.09610012
    226.04592500
    226.04592500
    225.61138993
    225.61138993
    225.72297819
    225.69028449
    225.94327908
    226.21671163
    226.20981461
    226.14843899
    226.04727611
    225.24656436
    226.03186186
    226.07439382
    226.07416398
    226.05565082
    226.05565082
    226.08647631
    226.32243708
    226.32243708
    226.32300969
    226.32300969
    225.74748866
    225.74748866
    225.09653360
    225.09653360
    225.80635568
    225.59131759
    225.19412119
    225.01019469
    225.01019469
    225.01019469
    223.32765011
    222.62591251
    222.62591251
    223.55388282
    224.89979878
    225.59970936
    225.42869008
    226.32544214
    225.14804070
    225.33567864
    225.53884596
    225.53884596
    225.53884596
    225.48657097
    225.48657097
    225.95480101
    225.75617836
    225.22154576
    224.83251011
    224.98462876
    225.89361002
    225.67630146
    225.39688205
    226.14606946
    226.28347523
    225.80891255
    225.70862140
    225.51670063
    223.94113779
    225.58780286
    225.65087518
    225.65087518
    224.57087241
    224.57087241
    225.60506664
    225.60506664
    225.62298818
    226.00840309
    224.96467030
    224.94252170
    224.67245431
    224.67245431
    224.03730399
    224.17113180
    224.68309997
    225.04811307
    225.04811307
    223.31239627
    225.85791732
    226.05722841
    226.05722841
    226.27862494
    226.27862494
    225.69761061
    225.85645425
    225.70012775
    225.70012775
    226.02500100
    226.03001179
    225.87830896
    226.35581899
    226.35753488
    225.77293541
    226.03869621
    226.15484132
    226.21393566
    225.84328465
    225.84328465
    225.90040033
    225.87946195
    223.14970212
    221.76934757
    221.76934757
    221.76934757
    221.76934757
    225.31623962
    225.31623962
    225.31623962
    225.31623962
    225.87493253
    225.87493253
    225.87493253
    224.06840104
    224.77474139
    223.53008245
    224.97927753
    224.97927753
    225.16807660
    225.16807660
    225.16807660
    225.78165982
    226.23580605
    226.28691300
    226.33569581
    225.97228514
    226.06206926
    226.27363079
    226.27363079
    225.96233811
    225.21697011
    224.23323872
    224.23323872
    223.03310940
    223.03310940
    223.98040233
    223.98040233
    225.00091825
    225.17280701
    225.17280701
    225.17280701
    225.15726021
    225.92578137
    225.92578137
    225.56427754
    226.01632337
    225.40313990
    225.60029012
    226.01257936
    226.01257936
    224.90824893
    223.30053260
    223.30053260
    223.30053260
    224.31054775
    224.10199134
    224.69754460
    224.64285716
    225.20024121
    225.27286011
    225.27286011
    225.55544689
    225.50876212
    224.26044804
    224.26044804
    224.32196379
    224.42250573
    225.03750015
    223.80543297
    223.80543297
    223.80543297
    223.80543297
    225.01296443
    225.18420049
    225.18420049
    225.18420049
    225.13562539
    225.12609565
    224.61379379
    225.00797310
    225.20276650
    225.03941457
    225.38683264
    225.46492563
    224.98656598
    225.81518058
    225.78557435
    226.19934121
    226.24258743
    226.13919029
    226.22351614
    225.91699236
    226.08274197
    225.46247640
    225.40235695
    225.47544799
    225.23720749
    224.36939754
    224.30806833
    224.83366965
    225.47329204
    226.12735338
    225.89974242
    225.89974242
    225.89974242
    225.89974242
    225.52670681
    225.52670681
    225.52670681
    225.06308507
    225.06308507
    225.08981021
    225.58035667
    225.58035667
    225.57610817
    225.57610817
    224.96675597
    224.95896774
    224.95896774
    225.45417580
    226.00194269
    225.71280650
    225.90714288
    225.92152538
    225.59133487
    225.59133487
    225.21489511
    225.21489511
    225.33540556
    224.89039330
    224.89039330
    224.92614444
    224.55446451
    224.41322750
    225.02600829
    225.02600829
    225.02600829
    226.13516904
    225.91182245
    225.93969097
    226.22658741
    226.22658741
    226.22658741
    226.31993985
    225.35764109
    224.97520100
    224.97520100
    224.98729387
    224.98729387
    225.61579449
    225.40820922
    224.51363177
    223.82399207
    224.23602563
    226.24171210
    226.19721069
    226.28031136
    225.30744114
    225.38823922
    225.38823922
    225.38823922
    225.38823922
    225.38823922
    226.23474936
    226.34613755
    226.35948155
    226.02004114
    225.94160648
    225.94160648
    226.30414272
    226.30414272
    226.30414272
    226.30414272
    226.35503416
    226.19058070
    226.19058070
    226.14765771
    226.14570141
    226.22731888
    225.97729561
    225.06939631
    225.02432792
    225.68423736
    225.76571968
    225.53079757
    225.86068028
    225.82767127
    225.54958131
    225.67472950
    225.67472950
    225.44598142
    225.24439567
    225.24439567
    224.99852076
    224.99852076
    224.99852076
    225.28526098
    225.94800411
    225.94800411
    225.94800411
    225.61851144
    223.32544299
    222.58456961
    224.84376264
    223.75832142
    224.70353118
    225.39491238
    225.39491238
    225.90936419
    225.32745520
    225.32745520
    223.38589036
    223.38589036
    223.38589036
    223.38589036
    223.38589036
    223.88419441
    223.88419441
    223.88419441
    223.88419441
    223.05413164
    224.73217257
    225.63837566
    225.63269020
    225.63269020
    225.63269020
    225.63269020
    225.63269020
    225.63269020
    225.63269020
    225.56806808
    225.61930958
    226.13142423
    226.21024054
    226.21024054
    226.21024054
    226.24159697
    225.48231055
    225.48231055
    224.19381353
    223.65225279
    223.65225279
    223.65225279
    225.61825433
    225.61825433
    224.76239296
    225.88289166
    225.81338510
    226.10750676
    225.99250679
    226.05908490
    225.80767666
    225.80767666
    225.96727744
    226.23666501
    226.23666501
    226.06867096
    226.27355835
    225.99987416
    225.59011548
    226.14805628
    226.14486475
    225.97503717
    225.97503717
    226.26561486
    226.26561486
    225.59799744
    225.59799744
    225.59799744
    226.04418382
    225.62011833
    225.62011833
    225.87640524
    225.87640524
    225.87640524
    225.62382740
    225.84310527
    225.53452044
    225.86313997
    225.86313997
    226.12931975
    226.29752239
    226.31102580
    226.32691795
    226.34330550
    226.34330550
    226.34330550
    226.34330550
    226.00382559
    226.00382559
    225.97765804
    225.04345272
    222.86600067
    226.34039590
    226.23895903
    226.18700160
    226.35959058
    226.35959058
    226.35959058
    226.35959058
    226.33872653
    225.32709201
    226.03431816
    225.92330702
    224.75715331
    224.75715331
    224.79416943
    225.10888093
    224.73936801
    225.72607415
    225.72607415
    225.66721023
    224.89119493
    223.90143389
    224.76822218
    225.71915192
    225.71915192
    225.39609061
    224.89832522
    225.27101694
    225.28062470
    225.44115654
    225.49317234
    225.59463585
    225.59463585
    225.58917006
    225.58917006
    225.51035969
    225.41257976
    225.41257976
    225.74007392
    226.26671868
    226.34918487
    225.93257572
    225.93257572
    225.93257572
    225.93257572
    224.72156277
    224.72156277
    224.72156277
    224.72156277
    225.83191652
    225.83191652
    225.85525439
    225.85525439
    225.85525439
    224.47718053
    224.47718053
    221.39590647
    224.05190757
    225.77360486
    223.92806057
    224.64924400
    225.11152733
    225.11152733
    225.11152733
    225.29556757
    225.40608145
    225.40608145
    224.99188115
    224.94409705
    224.94409705
    224.81408125
    224.81408125
    224.81408125
    224.81408125
    224.86500479
    225.76514475
    225.76514475
    225.76514475
    225.49020921
    225.59548574
    225.23341529
    225.48208418
    225.48208418
    225.37576455
    225.23088831
    225.35904120
    225.57587046
    224.84745653
    224.84745653
    225.47314707
    225.52631641
    225.46372997
    225.72366788
    225.72366788
    225.68674543
    225.71707120
    225.26663901
    225.26663901
    225.26663901
    225.16546558
    225.16546558
    225.26062444
    225.27503515
    225.27503515
    225.27503515
    225.80253818
    226.30748064
    226.30748064
    226.33751213
    224.17876048
    224.17876048
    223.75714670
    223.75714670
    223.75714670
    223.75714670
    222.57010823
    220.41499137
    220.41499137
    220.41499137
    220.23663182
    220.23663182
    220.23663182
    225.47740708
    225.47740708
    225.47740708
    226.06987083
    226.06987083
    225.78152718
    225.86972783
    225.77104481
    225.77242978
    225.80150218
    226.15795147
    226.15730785
    226.16908867
    226.20836797
    226.20836797
    226.20836797
    226.18696132
    225.89294430
    225.89294430
    225.91576889
    226.29444701
    226.33303918
    226.33303918
    226.19065733
    226.19573642
    226.19573642
    226.19573642
    225.97842685
    226.00859661
    225.89688779
    225.89688779
    225.98361150
    224.87702921
    225.92262456
    226.21601332
    226.32119291
    226.32001351
    226.15053522
    226.17484684
    225.86896060
    225.86896060
    225.68850647
    225.95934664
    225.95934664
    223.73793368
    224.21927292
    224.21927292
    224.21927292
    224.21927292
    224.66641195
    224.66641195
    224.76995953
    224.63203486
    223.51336750
    223.88508421
    223.88508421
    223.47476400
    223.47476400
    223.47476400
    221.80625628
    222.55103951
    224.10147462
    223.91171460
    223.91171460
    223.91171460
    225.01167859
    224.79491295
    224.79491295
    224.80211236
    224.16585926
    224.61791611
    224.71079791
    224.72659004
    223.58995050
    224.85436396
    224.85436396
    224.52278907
    223.30803194
    222.01395061
    224.12126086
    224.12126086
    223.84803471
    223.84803471
    224.67705596
    225.07345272
    225.07345272
    225.38745211
    221.49868618
    221.49868618
    221.49868618
    225.05892319
    225.09591153
    225.09591153
    225.09591153
    224.89611494
    224.89611494
    225.91957650
    225.91124765
    225.67071671
    225.59745677
    225.15562281
    225.15562281
    225.21019676
    225.57921481
    225.37573841
    225.43459922
    225.41318622
    225.55573020
    224.14012522
    221.72303654
    221.72303654
    219.90562344
    219.90562344
    220.65144023
    223.24356681
    223.24356681
    222.82450242
    221.13296789
    221.13296789
    221.13296789
    223.34429451
    223.34429451
    223.34429451
    222.40621773
    223.85198476
    224.62921606
    224.69465203
    223.90445793
    224.04096534
    224.04096534
    225.93497382
    226.03108765
    226.00469337
    224.74491337
    224.74491337
    222.50331619
    221.63789263
    225.94799046
    226.05743347
    226.23475477
    226.23475477
    226.24073412
    226.24073412
    226.35356369
    226.35356369
    225.48873782
    225.87880492
    226.34802106
    226.35815793
    226.28282081
    226.07552069
    226.07552069
    225.67554367
    225.67554367
    226.23530081
    226.03283243
    226.06678758
    225.39698600
    225.32402219
    225.53774252
    225.53774252
    224.57360697
    225.49969074
    225.49969074
    225.49969074
    225.70491402
    225.70491402
    225.67985315
    225.45706139
    225.96086503
    225.27344080
    225.27344080
    225.23499436
    224.94049675
    224.79146056
    224.79350434
    224.79350434
    224.79350434
    224.81696971
    224.51768836
    224.16961924
    221.88257660
    221.88257660
    222.50599231
    222.50599231
    223.30930418
    223.30930418
    226.31758600
    226.31854598
    226.31854598
    226.13145544
    225.94305291
    225.94305291
    225.94305291
    225.74634177
    226.25658684
    226.23687755
    226.29574642
    226.04420837
    225.87842267
    225.87842267
    225.64928233
    225.64928233
    225.65277936
    225.65277936
    225.61452542
    225.81649904
    225.50698135
    225.51987624
    225.90199431
    226.07044655
    226.28793605
    225.36902139
    225.36902139
    224.87269824
    224.87269824
    225.29901097
    224.29678156
    224.29678156
    224.73261093
    224.94068756
    224.21414429
    222.66410109
    223.83715673
    222.31269598
    222.23184621
    219.92596639
    219.92596639
    223.69637118
    223.71461399
    223.62011428
    221.93195542
    221.93195542
    221.93195542
    222.41282086
    222.22077014
    222.14334905
    224.55100957
    222.99739094
    222.99739094
    222.84026962
    222.84026962
    222.53393681
    222.30091183
    222.30091183
    222.98658964
    222.94062809
    222.94062809
    223.06084366
    223.85129182
    224.05752212
    224.05752212
    224.14033407
    223.53690506
    223.90868717
    224.30577483
    224.30577483
    223.09674882
    224.70980128
    224.70980128
    223.33218365
    222.37716543
    223.13596485
    223.13596485
    223.13596485
    224.00071738
    224.40179063
    225.22159447
    224.75404902
    224.16657267
    224.16657267
    224.16657267
    224.52767139
    224.52767139
    223.94232911
    224.49849213
    224.01086927
    225.05598635
    224.66091451
    224.02577025
    224.02577025
    224.23231573
    224.80667411
    224.80667249
    224.70951183
    224.60206396
    224.53276011
    225.16393428
    225.03436597
    225.01651130
    224.67502165
    224.67502165
    224.86003408
    225.08452042
    225.09213952
    225.08824303
    225.08824303
    224.90973701
    224.69109905
    225.35212283
    225.79591694
    225.79591694
    225.41254575
    225.41254575
    225.87817659
    225.88512124
    226.06310767
    226.12884411
    226.18550962
    226.11295178
    225.73540577
    226.03039856
    225.67796067
    225.67796067
    225.95873176
    225.95873176
    225.95873176
    225.89393865
    225.90319190
    225.90319190
    225.51752567
    226.31780346
    226.04029669
    226.04029669
    226.00746067
    226.20582255
    226.18074072
    225.46670347
    225.05478371
    225.05478371
    225.58347779
    224.87078796
    225.15993617
    225.02117383
    225.75737552
    225.75737552
    225.75737552
    225.76000822
    226.35508052
    226.35508052
    226.35521625
    226.35521625
    226.10071790
    226.08845780
    225.69745647
    225.69745647
    225.65626466
    225.55192993
    225.08558225
    225.38560520
    224.89580939
    224.55980282
    224.02446647
    225.32641733
    224.66487921
    224.66487921
    224.56069402
    224.64635565
    224.74646346
    224.21721878
    225.21490501
    225.21490501
    225.33924856
    225.35071044
    225.53947657
    225.53912955
    225.42524508
    225.03819502
    225.13033923
    224.37980464
    224.37980464
    224.37980464
    226.21983629
    226.19960899
    226.32045593
    226.32045593
    226.19012797
    226.27610622
    225.46245514
    226.26779612
    225.32768729
    225.07207828
    224.67531413
    224.67531413
    225.08041097
    225.07946905
    225.07946905
    224.94043987
    226.29631515
    226.27550316
    224.79582063
    224.55633250
    224.20938761
    222.93802620
    222.93802620
    222.93802620
    222.93802620
    222.93802620
    221.73608436
    221.73608436
    223.21966119
    223.21966119
    224.75244840
    224.75244840
    224.92998336
    224.92998336
    224.92998336
    224.92998336
    224.39851602
    225.09836006
    224.85565484
    225.48668987
    225.89579786
    225.13277560
    225.18572958
    225.04989370
    225.05873734
    225.04578937
    223.68008081
    221.14895411
    222.10426170
    220.97235294
    220.97235294
    220.97235294
    220.97235294
    224.00659791
    224.00659791
    224.83870708
    225.29272697
    225.42343486
    225.71668021
    225.82036870
    225.11222031
    225.32008760
    225.32008760
    224.90381766
    224.29887121
    225.98418131
    225.98418131
    226.31866772
    226.10689227
    226.27160234
    226.26989245
    226.29226888
    226.27691623
    226.27691623
    226.06982042
    226.06982042
    226.09436367
    226.12016547
    226.20033031
    225.63414161
    225.99972864
    225.99972864
    225.80773247
    225.97976010
    225.82607787
    225.79372453
    226.31964841
    226.19457981
    226.03649962
    225.47980311
    225.02109673
    225.07820012
    225.50841994
    225.05422673
    223.76812971
    223.76812971
    223.76812971
    223.76812971
    223.76812971
    225.18184319
    225.25538995
    224.87063944
    226.27880123
    226.27880123
    226.10169962
    226.08931193
    226.08931193
    225.50510694
    225.50602115
    225.50602115
    225.50602115
    225.50602115
    225.50602115
    225.57023096
    225.71901201
    226.18339168
    226.02643091
    226.04526866
    225.99688886
    225.99688886
    225.99688886
    225.70613646
    226.02833320
    226.02833320
    226.21378770
    226.21378770
    224.81916247
    225.20918803
    225.62595207
    225.52327435
    225.60749938
    225.63480857
    224.13532047
    225.01915048
    225.01915048
    225.52747017
    225.89500515
    225.83742790
    225.83742790
    225.83742790
    225.83742790
    225.67576146
    225.93085429
    226.09959628
    226.06928881
    226.20312797
    226.18398024
    226.18398024
    225.65677445
    226.08608601
    226.08164219
    226.15632133
    225.77483292
    226.07711267
    225.82813893
    225.72866608
    226.06003653
    226.28429882
    226.20785507
    226.22706933
    226.22706933
    226.35357769
    226.35502864
    226.20314025
    226.26837996
    224.20754504
    224.20754504
    224.20754504
    225.77481724
    226.00830561
    226.08957598
    225.54946604
    226.10826669
    225.32198160
    226.04129759
    225.61250233
    225.65816901
    225.65816901
    225.65816901
    225.63351496
    225.63351496
    225.65964707
    225.61007300
    225.61007300
    226.24852843
    226.25066177
    225.97381161
    225.90210891
    225.90210891
    225.93066554
    225.93066554
    226.20171208
    226.11170151
    226.23141761
    225.63398869
    225.63398869
    224.86633051
    225.01852961
    224.68516211
    224.68516211
    224.84902851
    224.84902851
    222.04891820
    221.32662417
    222.64380660
    222.12628131
    222.12628131
    219.12490130
    219.12490130
    219.12490130
    218.13464514
    219.87636847
    219.87636847
    219.87636847
    221.65810206
    225.34779208
    225.59657151
    225.59657151
    225.39240944
    226.03691574
    226.32312075
    226.28420734
    226.32932764
    226.32932764
    226.30543984
    226.30543984
    226.30194306
    225.93552220
    225.93552220
    225.94710443
    225.94589730
    226.20268808
    226.20268808
    226.27189454
    225.11310540
    225.93962878
    225.93817469
    226.29969657
    226.35164542
    225.90658409
    225.90658409
    226.33839139
    226.33839139
    226.30220501
    226.10561160
    226.05513124
    226.27079972
    226.27079972
    226.00298931
    226.00298931
    226.00298931
    225.98255304
    226.01956790
    225.97253648
    225.72969382
    225.71875371
    226.23678130
    226.18066874
    225.57603654
    225.69479902
    226.15076826
    226.30970865
    226.29438446
    226.10408513
    226.11566255
    224.47558011
    225.18537772
    225.18537772
    226.29347697
    226.29347697
    226.32005225
    226.22873828
    226.22873828
    223.84531550
    223.84531550
    225.40833498
    223.95573932
    223.64155873
    223.64155873
    223.64155873
    222.41843564
    225.19289477
    226.28526438
    225.97010946
    225.97010946
    226.11000797
    225.53272430
    225.53272430
    225.53272430
    225.53272430
    224.82765729
    224.82765729
    225.36379747
    224.42854489
    224.42854489
    224.96254625
    224.96254625
    224.96254625
    226.07648753
    226.07648753
    226.36027721
    226.36009208
    226.27463489
    226.25524932
    226.25524932
    226.33078439
    226.19515711
    226.30520157
    226.33051840
    226.22118428
    226.23052523
    226.23052523
    226.23052523
    226.28287159
    226.05501858
    225.23303827
    224.57443228
    224.16073690
    223.11267604
    223.11267604
    223.11267604
    225.01862358
    225.17710503
    225.17710503
    225.94928291
    225.84813779
    226.03629356
    225.91048632
    225.88702013
    225.91171250
    226.14273179
    225.42209287
    225.42209287
    225.42209287
    225.42209287
    225.42209287
    225.54718438
    225.54718438
    226.10132337
    226.07367588
    226.03971462
    225.96122373
    225.99916854
    226.02960666
    225.96606957
    225.91717653
    225.91717653
    225.91717653
    225.94709821
    225.94709821
    225.97951068
    225.16194776
    225.62284766
    225.62284766
    225.37570051
    225.39933811
    226.00358647
    226.00358647
    225.70206096
    225.56886190
    225.56886190
    225.58218454
    225.58218454
    225.60468110
    225.60468110
    225.87774010
    224.26970132
    224.26970132
    222.43308078
    222.59812362
    222.39532697
    222.39532697
    220.92870040
    220.92870040
    220.92870040
    220.92870040
    220.92870040
    224.01452937
    224.78376041
    225.26100140
    225.49851253
    225.49851253
    225.89492593
    225.48923307
    225.42107193
    225.42107193
    225.42107193
    224.01982904
    223.83020290
    223.83020290
    223.83020290
    224.11253383
    224.11253383
    224.45877770
    224.45877770
    224.25065755
    224.25065755
    224.25065755
    223.55000942
    223.63219692
    223.63219692
    221.29038897
    223.44256805
    223.44256805
    223.44256805
    223.40237822
    223.40237822
    224.58234237
    224.58234237
    224.92123455
    224.03074065
    225.32285252
    226.02720517
    225.94266421
    225.62412279
    226.03008345
    226.08540661
    226.27508359
    226.34111633
    225.92732447
    225.50607750
    224.45539134
    224.19201730
    224.10841995
    223.56438980
    223.56438980
    222.33726330
    222.45515278
    222.45515278
    225.18895694
    225.20965875
    226.12632051
    225.23742600
    225.08008226
    225.64297177
    225.80430529
    225.15188880
    225.81728821
    225.81728821
    225.11542252
    225.10160631
    225.10160631
    224.94148043
    225.69074307
    225.69074307
    225.78916502
    225.50061349
    224.10431174
    225.14880213
    225.15042278
    225.22555196
    225.18435628
    225.28600067
    225.69577954
    225.69780104
    224.90161708
    224.90161708
    225.10312572
    225.56691920
    225.56691920
    226.00232746
    226.32159669
    226.32947152
    226.04054614
    225.78960444
    225.38262834
    225.48994629
    225.18865290
    225.54882132
    225.61586890
    225.73590049
    225.76102968
    223.75821576
    223.75821576
    225.21861673
    225.62027586
    225.62027586
    225.60110025
    225.60110025
    226.22384435
    226.24700926
    226.24700926
    226.28923279
    226.15090950
    226.15090950
    225.96135068
    225.99020485
    225.99020485
    226.20887027
    226.20885897
    226.13303457
    225.88753619
    225.85174651
    226.21703599
    226.21703599
    226.15779095
    226.28476386
    226.28476386
    226.28303559
    226.19266543
    225.39665917
    225.39665917
    225.94735985
    225.94657216
    225.94657216
    225.94657216
    225.90021408
    225.12876772
    225.12876772
    225.12876772
    225.12876772
    225.09435690
    225.09435690
    225.09435690
    224.63128214
    225.91292793
    225.23465237
    225.56614670
    225.29784460
    225.23643914
    225.17213958
    224.95526913
    224.02865743
    224.25074201
    224.51016465
    225.24604124
    224.93355879
    225.57686204
    225.26411151
    224.93133650
    224.93133650
    224.93133650
    224.93133650
    226.28594170
    226.04925580
    226.12092881
    226.32673432
    226.32673432
    226.34058424
    226.32187308
    226.28646032
    226.28646032
    226.34026640
    225.92292960
    226.26932788
    226.26932788
    226.26932788
    226.23258221
    226.19233227
    226.12153522
    225.84057305
    225.84057305
    225.57605053
    225.47819768
    224.67229586
    224.67229586
    225.21360970
    225.94310185
    225.94829702
    225.76882276
    225.14004722
    225.76945957
    225.64845924
    225.37748750
    225.22787530
    224.28321889
    224.28321889
    225.12316829
    225.12316829
    225.85611112
    226.13864486
    226.20171563
    226.34320918
    226.33732859
    226.33732859
    226.33732859
    226.33732859
    226.13585565
    226.19331934
    225.95107585
    226.28047834
    225.98163822
    226.20142435
    226.20142435
    226.20142435
    225.71248307
    225.26994502
    225.26994502
    223.03929252
    223.03929252
    224.15363528
    225.23167366
    225.23167366
    224.83094268
    225.77292456
    225.77292456
    225.77292456
    224.80631489
    225.48522534
    225.81705961
    226.19685935
    226.05304269
    225.50196183
    226.09592690
    226.09592690
    225.64582222
    225.63551292
    226.13911299
    226.13911299
    226.06465513
    225.90449209
    226.02075305
    225.74051606
    225.74051606
    225.89777437
    225.84120393
    225.87598743
    225.87598743
    225.31030785
    225.59901312
    225.59901312
    226.16397029
    225.78087763
    226.29308192
    226.29308192
    226.29308192
    226.28484516
    226.15363374
    226.15363374
    226.34391458
    226.34391458
    226.30357535
    226.36034731
    226.36009418
    226.35929854
    226.32155580
    225.57265318
    225.48903988
    225.59508756
    225.59508756
    225.59508756
    225.59508756
    225.41638252
    225.96805584
    225.96805584
    226.32871391
    226.32871391
    225.49688100
    225.49688100
    226.02501017
    226.02501017
    226.13190231
    225.45949874
    225.45949874
    225.27392620
    225.27392620
    225.27392620
    225.27392620
    226.04610577
    226.04610577
    226.17981413
    225.89666699
    225.89666699
    225.33787998
    224.80766605
    225.81959085
    225.81959085
    225.27558749
    226.26792250
    226.26792250
    226.25372917
    226.25372917
    226.09992553
    226.29859918
    226.00035934
    226.34651253
    226.33804250
    225.98955401
    225.98955401
    225.98955401
    225.73922581
    226.20658273
    226.33998090
    226.33998090
    226.34409397
    226.32618969
    226.32643996
    226.33548394
    226.33548394
    225.07065632
    224.82161199
    224.60727146
    226.27758154
    226.35346923
    226.35346923
    225.62629220
    225.78596487
    225.78596487
    225.78596487
    225.78596487
    225.78596487
    225.78596487
    225.31192002
    226.27104013
    226.26972603
    225.73542744
    225.73542744
    225.77211421
    225.77211421
    225.99402585
    225.60225182
    225.70251346
    225.80635121
    225.80635121
    225.80635121
    224.15037522
    224.15037522
    224.15037522
    225.48903028
    225.48903028
    225.70263453
    225.70263453
    225.70263453
    225.81672633
    226.29739147
    226.29657174
    226.27730846
    226.27730846
    226.03390266
    226.03390266
    226.16371587
    226.16371587
    226.09556686
    226.17007734
    226.16482952
    225.85000655
    225.85000655
    225.19662791
    225.24908640
    225.44352725
    226.31748124
    226.32097179
    225.95146615
    225.85120561
    225.68046549
    225.68046549
    225.68014883
    225.39759324
    225.39759324
    225.18467797
    225.36667656
    225.36667656
    225.03438289
    225.25340671
    225.99848845
    225.99148081
    226.24806756
    225.62770252
    225.57233436
    225.57233436
    223.25695578
    223.25695578
    225.41513047
    225.13557769
    225.05171563
    225.83344724
    226.10010881
    226.10010881
    226.27253395
    226.00940285
    225.45667681
    225.47494254
    225.82956241
    225.82956241
    225.77055070
    225.86063351
    225.31796502
    224.82860701
    223.39053443
    223.52246244
    223.84738536
    223.84738536
    224.90410136
    224.93256101
    224.40805576
    224.40805576
    224.40805576
    224.40805576
    224.40805576
    223.14929881
    223.53556198
    223.96101657
    224.04109862
    225.37722971
    225.50493478
    225.53474378
    225.07828395
    225.52950965
    225.52950965
    224.06879409
    224.06879409
    224.26110108
    224.26110108
    224.26110108
    224.26110108
    225.37622163
    225.41891291
    225.94473761
    226.20426982
    226.20426982
    226.20426982
    225.89730959
    225.39031413
    223.69811837
    223.69811837
    225.98668906
    225.87273014
    225.70047732
    225.45825929
    225.60139289
    225.76278729
    225.04554811
    225.29735684
    225.25449383
    225.50295933
    225.85598919
    225.83210872
    224.75499552
    224.75499552
    225.82617626
    225.82617626
    225.82617626
    224.79748919
    224.79748919
    224.79748919
    224.97363399
    224.97363399
    226.29939514
    226.30436853
    226.08560302
    226.30362549
    226.30362549
    226.28349963
    226.28349963
    226.24537053
    226.25955397
    226.09811047
    225.67854231
    225.62967856
    225.68611242
    225.11585369
    224.53499139
    224.53499139
    224.53499139
    224.53499139
    224.94138064
    225.52995229
    225.52995229
    225.71411548
    225.71411548
    226.03289664
    226.00702262
    226.00702262
    226.18981335
    226.04756174
    222.74823305
    224.96035945
    224.96035945
    223.88101843
    223.88101843
    223.96069900
    225.81829554
    225.60615988
    225.60615988
    225.60615988
    225.60615988
    225.60615988
    226.19607125
    226.19607125
    226.19607125
    226.19607125
    226.27984458
    226.30414052
    226.30577507
    226.27790353
    226.06040137
    226.06040137
    226.09002614
    225.86663809
    225.85389431
    226.11356113
    226.11887358
    226.11916818
    226.32164012
    226.27093769
    226.27093769
    226.27093769
    226.27736642
    226.26105524
    226.17465146
    225.94097158
    225.51992147
    225.28240148
    225.82333708
    225.26617605
    224.92023928
    224.65079851
    224.65079851
    225.75988165
    225.56838544
    224.91591186
    225.13956095
    225.23786899
    225.27639708
    225.72108039
    225.82717716
    226.05697330
    225.98242552
    225.84968045
    226.14725146
    226.20413938
    226.30958184
    225.97815386
    226.14798476
    225.44715172
    225.44715172
    225.20519484
    225.41748452
    224.75890137
    225.31757880
    224.37655376
    224.20521058
    224.31146404
    224.28359618
    223.88683943
    223.88683943
    223.88683943
    223.88683943
    222.62698677
    222.34570559
    223.32953232
    220.40243944
    224.19194493
    224.31312355
    224.20477154
    224.36235180
    222.99585313
    222.99585313
    222.99585313
    222.99585313
    223.58963518
    223.58963518
    223.69405073
    223.28402050
    223.28402050
    223.47920302
    224.39517088
    225.73389840
    225.76737524
    225.76737524
    225.73147744
    225.37163917
    225.19637490
    225.46422966
    225.45196185
    223.10343484
    224.99616160
    224.99616160
    225.18489743
    225.19882225
    225.19882225
    225.19882225
    225.19882225
    225.19882225
    225.19882225
    225.54171040
    225.22324256
    224.92986911
    225.41427445
    225.41427445
    225.41427445
    224.81932723
    225.13364672
    223.56722423
    223.56722423
    223.56722423
    223.77183796
    223.18477588
    223.79457511
    223.79457511
    225.03278190
    224.70255672
    226.02800350
    226.02800350
    225.92605844
    225.76547283
    225.76547283
    225.94450880
    225.94450880
    226.00544530
    226.01412457
    225.47773441
    226.19908767
    226.04029800
    226.00134657
    226.00134657
    226.25753756
    226.18902855
    226.18767311
    226.18891665
    225.94231057
    225.92919472
    225.89248084
    226.35227146
    226.35208409
    223.66708504
    224.35184061
    225.20824430
    224.99925272
    224.99925272
    224.99925272
    224.99925272
    224.99925272
    224.99925272
    224.99925272
    224.99925272
    225.59633988
    225.59633988
    225.73651092
    225.82177387
    225.87399678
    225.91470440
    226.24468073
    226.14776128
    225.85858452
    225.32950002
    222.52185314
    220.62141526
    223.67167546
    223.31976898
    223.31976898
    223.31976898
    223.31976898
    223.90961589
    224.61993750
    224.61993750
    224.61993750
    224.75413613
    224.77366241
    224.77366241
    224.29170155
    224.29431303
    224.35219546
    222.86555954
    222.86555954
    222.86555954
    223.05332059
    223.05332059
    224.51634467
    224.12710958
    225.21615143
    225.25038162
    225.45401288
    224.75292494
    225.14046444
    225.90492802
    225.90492802
    226.03196261
    226.08949185
    226.02827663
    225.95085995
    225.79578523
    226.08125891
    226.08125891
    226.10157224
    225.71748428
    225.71748428
    225.71748428
    225.73745606
    225.33112989
    225.98624479
    225.96730921
    225.98223409
    225.90012968
    225.73444819
    225.28636561
    224.51853893
    224.90736494
    224.13966093
    224.13966093
    224.13966093
    224.13966093
    224.13966093
    225.31361021
    225.31361021
    225.48895054
    225.68746370
    225.10101407
    224.75696865
    224.75696865
    224.75696865
    224.75696865
    225.09308000
    225.09308000
    225.54305704
    223.82782942
    225.76831152
    225.79883485
    225.85250584
    225.96891953
    226.30042047
    226.31168638
    226.31805081
    225.36194963
    225.33483209
    226.05724651
    226.30003855
    226.30113101
    226.30113101
    226.32032605
    226.30666048
    224.65066167
    224.51148531
    224.51148531
    224.51148531
    224.51148531
    224.51148531
    226.24290214
    226.16462081
    226.20893565
    226.20893565
    226.10645448
    225.68148484
    225.68124408
    225.71272804
    225.71272804
    225.51100955
    225.51100955
    225.51531936
    225.99166955
    225.99036991
    226.01929750
    226.00470375
    226.00470375
    225.93182412
    225.40601193
    225.40601193
    225.40601193
    225.69638338
    225.66591728
    225.97285933
    225.84757175
    225.84757175
    225.84757175
    226.23377589
    226.17960898
    226.23622655
    226.23622655
    226.26368912
    226.19954453
    226.28843203
    226.32505212
    226.32914540
    226.34375934
    225.99258885
    223.63276653
    223.46147616
    224.33074546
    224.87834950
    225.13988583
    225.28152556
    225.15951383
    225.40768961
    225.36620634
    225.39675555
    225.64575232
    225.22303076
    225.56791271
    226.16689126
    225.78496989
    225.77928844
    225.85063190
    225.80519981
    224.80663626
    224.80663626
    223.96125397
    223.96125397
    224.79076477
    225.05331091
    225.73724967
    225.98161853
    225.62387581
    225.62387581
    225.84590984
    225.84590984
    225.54838648
    225.50254489
    225.50254489
    225.50254489
    225.50254489
    226.31889702
    226.09935791
    226.09935791
    226.09935791
    226.09935791
    226.09935791
    226.29397432
    226.28797324
    226.35875766
    225.58014175
    225.39927512
    225.43779774
    225.27741776
    225.10138344
    225.90263120
    224.68326499
    224.44167600
    224.44167600
    224.44167600
    225.50303224
    225.84899638
    225.84899638
    226.12372798
    226.07971434
    226.07971434
    226.07971434
    226.22310789
    226.03464978
    226.03754519
    226.08380433
    226.17170624
    226.15243826
    226.25893453
    226.30141452
    226.18930337
    226.00502643
    222.94323776
    225.67428161
    225.64196237
    225.08066950
    225.52941593
    225.74931502
    225.56566267
    225.59726125
    225.31585404
    225.31585404
    225.90177188
    225.72909876
    225.70950567
    225.70950567
    225.70950567
    226.21130757
    226.21130757
    226.24984152
    226.24984152
    226.33374336
    226.33374336
    226.33374336
    225.99105304
    226.22702789
    226.11654862
    226.11654862
    226.11654862
    224.89575918
    224.89575918
    226.25941414
    226.32511442
    226.28401326
    226.32642897
    226.04869198
    224.34083957
    224.34083957
    224.34083957
    226.21708840
    226.21708840
    226.35615004
    226.16859574
    226.11824984
    226.13774123
    226.33527542
    226.25850198
    226.07463122
    226.07808120
    226.07808120
    226.15504675
    226.35525025
    226.35651282
    226.26967445
    226.20668371
    226.20668371
    226.20668371
    226.23732820
    225.29138972
    225.57554591
    225.57554591
    225.31224416
    225.28551776
    225.28551776
    225.28551776
    226.04519995
    226.16619944
    226.18058258
    226.18058258
    225.79998322
    226.24124520
    226.23801906
    226.23801906
    226.32104616
    226.26180894
    224.80364118
    225.02877860
    225.48318905
    225.54157621
    225.30815489
    225.56879294
    222.92214948
    222.92214948
    222.94005028
    222.94005028
    222.94005028
    222.94005028
    222.62558702
    222.66325250
    222.35257281
    223.36107963
    223.36107963
    223.71722405
    222.04914537
    222.04914537
    222.43039033
    222.09727220
    223.53487944
    223.53487944
    223.03994193
    224.00407994
    224.00407994
    224.58296014
    224.56640613
    224.95221880
    225.37305521
    225.37305521
    225.97825820
    225.68858891
    224.31165835
    224.31165835
    223.41577994
    223.46545246
    223.72918616
    224.21777891
    224.41168293
    224.90153829
    223.50432535
    224.07049029
    225.39935755
    225.40548401
    225.15073961
    225.15073961
    225.45733681
    225.30952092
    225.69607508
    225.64881232
    225.48200656
    225.88479622
    225.73548328
    226.12134285
    226.30114280
    226.30114280
    226.30114280
    226.35475084
    226.28650828
    226.10268030
    226.32402167
    226.32402167
    226.32157870
    226.32157870
    226.32157870
    226.32157870
    225.66094301
    225.06391490
    225.06391490
    226.33602467
    226.27199468
    225.21576459
    224.83399382
    225.24024819
    225.24024819
    225.24024819
    225.24438774
    225.24438774
    223.86950698
    223.94327048
    221.80508382
    221.80508382
    221.80508382
    221.80508382
    222.08646309
    224.36684233
    225.52330769
    225.05203259
    225.95897893
    225.98796616
    224.51620171
    225.43072010
    226.13324393
    226.13324393
    226.11664310
    226.25558358
    226.09944798
    226.09768101
    225.98014748
    226.10290146
    226.02476471
    226.04352370
    226.35268364
    226.35022388
    225.45993992
    225.53581244
    224.78227889
    224.78227889
    225.02903966
    225.02903966
    226.08348159
    226.08348159
    226.06605946
    226.09391942
    226.09391942
    226.14302944
    226.14406931
    226.20098255
    226.31272905
    226.31272905
    226.25810148
    226.34042172
    226.30794379
    226.30794379
    226.30794379
    226.33520004
    226.33520004
    226.33520004
    225.04424604
    225.07054144
    225.07054144
    225.07054144
    225.07054144
    225.77661978
    225.77661978
    226.25354233
    226.32323299
    226.19417025
    226.29476937
    226.22011645
    226.22011645
    225.53434768
    225.63032313
    225.46790401
    225.39399479
    225.39399479
    224.96116013
    225.44660884
    225.44660884
    226.14307165
    226.14307165
    226.14119950
    226.20872450
    226.09359636
    223.26134919
    223.61370442
    224.03329572
    224.02852394
    223.92417361
    223.92417361
    224.08046289
    224.52456784
    225.63939284
    225.77516549
    225.94067877
    225.86676995
    225.97167073
    225.97167073
    225.99618129
    225.71767452
    225.59914215
    225.63632714
    225.70485700
    226.09800694
    225.52972627
    225.87497240
    225.75358423
    225.75358423
    225.62279575
    225.60561861
    226.00777661
    225.99093649
    225.73857140
    225.73857140
    225.33207576
    223.89224916
    223.89224916
    223.89224916
    223.89224916
    225.30595990
    225.30595990
    225.30595990
    225.73913597
    225.73913597
    226.20841908
    226.36007363
    225.43660339
    225.58072621
    225.58072621
    225.62306657
    226.29583241
    226.29583241
    226.29583241
    226.28072596
    224.45631250
    224.88357284
    224.88357284
    225.63905350
    225.63905350
    225.63905350
    224.60686140
    224.73490010
    224.73490010
    225.92457586
    226.07435097
    225.81584189
    225.18669993
    224.22972011
    224.02055229
    224.02055229
    225.57246696
    225.82092195
    226.05738336
    225.99251659
    225.99251659
    225.99251659
    225.99251659
    225.99251659
    225.99251659
    225.99817079
    226.04766323
    226.04766323
    226.08887544
    226.08887544
    226.08887544
    225.69666120
    225.74949227
    225.70742457
    225.70742457
    225.62001567
    225.59744475
    225.33652652
    225.38166189
    225.85894395
    225.70516492
    225.69031566
    225.73107961
    225.41866893
    225.41866893
    225.60815752
    225.99461667
    225.99461667
    225.81911614
    225.81911614
    226.31081159
    226.26340527
    226.26340527
    226.26340527
    225.83957315
    225.92446125
    225.55305469
    225.11058449
    225.87684067
    225.77779439
    224.46438229
    224.49534050
    224.49591078
    224.49591078
    223.40063210
    221.56455460
    221.56455460
    223.78702291
    223.78702291
    223.42297340
    223.42297340
    223.20598011
    223.20598011
    224.11777916
    224.87894889
    223.80110339
    223.80110339
    221.95686850
    222.10090113
    221.03767739
    221.03767739
    221.03767739
    221.03767739
    221.04875024
    222.08361199
    225.28356921
    225.46162441
    225.90144888
    225.80037865
    225.81443600
    225.55575788
    225.13357158
    225.13357158
    225.34820656
    225.17546195
    225.21149279
    225.21149279
    225.16329585
    226.33603214
    226.33603214
    226.24456332
    226.22295247
    226.22451364
    226.28177022
    226.24978207
    226.24978207
    226.21990759
    226.20437338
    226.20171714
    226.04506918
    226.26441907
    226.14165463
    226.17816011
    226.19868383
    226.19868383
    226.27593281
    225.84382454
    225.73293171
    225.04177079
    221.99878737
    224.06642720
    224.06642720
    224.06642720
    224.06642720
    225.13228354
    225.16948765
    224.80479272
    226.07508668
    226.07559862
    226.07561476
    226.28597697
    226.28597697
    226.22629046
    226.22629046
    226.22629046
    226.20061837
    226.20061837
    226.35586060
    225.94545506
    226.02181627
    225.64761153
    225.53262878
    225.75249768
    225.40699297
    225.40699297
    225.40699297
    224.89348658
    224.89348658
    225.75979834
    225.23103918
    225.25658087
    223.96397178
    223.96397178
    223.96397178
    223.96397178
    223.96397178
    224.88868905
    224.88868905
    226.05634902
    225.68144252
    225.68144252
    225.68144252
    225.68144252
    225.57271419
    225.49713112
    226.20851784
    226.33080760
    226.30184800
    226.31894603
    225.91446025
    226.02358017
    226.01244026
    225.71934254
    225.45842903
    225.45842903
    224.10927101
    225.28047536
    225.60463827
    225.31625193
    225.60042750
    225.81807933
    225.31622268
    224.99877247
    225.21186308
    225.21186308
    224.60018880
    224.60018880
    224.60018880
    224.60018880
    223.36018051
    223.36018051
    223.36018051
    224.89818857
    224.89818857
    226.33024298
    226.31277590
    226.11712113
    226.31033033
    224.75866498
    224.75866498
    224.77731492
    225.44863000
    225.73347009
    225.51880081
    225.82938642
    225.82938642
    225.53582017
    225.53582017
    225.95587234
    225.95587234
    225.95587234
    225.90422900
    225.90422900
    225.87366440
    225.80915333
    224.90280394
    224.98736557
    224.79527167
    224.79527167
    224.79527167
    224.56642955
    224.98772856
    225.20741869
    225.28542266
    225.69337037
    225.83111927
    225.83111927
    225.72153767
    226.23123196
    225.28533556
    225.28533556
    225.28533556
    225.55345795
    225.45421997
    225.45421997
    225.82575860
    225.88463004
    225.88463004
    225.90602463
    225.90602463
    225.90602463
    225.89874877
    225.89874877
    225.66433593
    225.66433593
    225.66433593
    225.66433593
    225.66433593
    226.16187594
    226.16574122
    225.57331559
    225.24097287
    225.64633370
    225.67616006
    225.67616006
    225.67616006
    225.67616006
    225.97439545
    225.62092945
    224.82663407
    224.82663407
    224.96468315
    224.18126230
    224.89455503
    225.92053492
    225.62790468
    224.34460318
    224.34460318
    223.83589238
    223.68408642
    223.68408642
    223.68408642
    223.84083314
    224.06407135
    223.92837226
    223.92837226
    223.54875787
    223.49526418
    222.13648915
    224.34298903
    224.34298903
    224.34298903
    224.40636716
    224.69183552
    222.96633061
    222.96633061
    222.96633061
    224.16838511
    223.61437392
    224.16797025
    225.04817117
    225.29312337
    225.79762395
    224.69260396
    224.69260396
    224.71218148
    224.45516453
    224.33692847
    223.89131474
    223.92624616
    226.34764283
    226.27188388
    226.15498633
    226.12060469
    225.91903579
    224.98793621
    225.02984036
    225.74064228
    225.74640354
    224.97957226
    224.97957226
    224.65584178
    224.52838077
    224.52838077
    224.52838077
    224.52838077
    225.96997494
    225.96002690
    226.05640140
    225.50980519
    225.50980519
    224.98469340
    224.98469340
    224.98469340
    224.39718691
    225.77229663
    225.77229663
    226.09555608
    225.52260792
    226.06604841
    226.06604841
    226.06604841
    226.02547347
    226.03320208
    226.03320208
    225.79790852
    226.24397751
    226.33242922
    226.21805741
    226.20772207
    226.06333460
    225.99220460
    225.15746221
    225.86315767
    225.64205871
    225.56282895
    225.54892690
    225.61563098
    226.03307062
    226.03307062
    225.70274660
    226.22367594
    226.23789201
    226.01691898
    226.01691898
    226.33961249
    226.29291466
    226.07333284
    226.27979755
    226.27940296
    226.27839527
    226.27839527
    226.27839527
    226.27839527
    226.15079536
    224.76805572
    225.08020903
    225.08020903
    225.81981537
    225.81981537
    226.13458748
    226.31177843
    226.31177843
    226.19301979
    225.61441604
    225.62545208
    225.62545208
    226.08678180
    226.08678180
    225.97537596
    226.12284691
    226.12284691
    226.12284691
    225.63618359
    226.09866504
    226.24999446
    226.24999446
    226.16894599
    226.16894599
    226.17426126
    226.15815135
    226.15815135
    225.81238446
    225.69016640
    225.58818368
    223.76776297
    224.41334379
    225.33105912
    225.33105912
    225.33105912
    225.96759047
    225.96759047
    226.03980190
    226.09237174
    225.79987930
    225.99960962
    226.27280212
    225.05856610
    224.83805356
    225.52228944
    225.52722905
    225.55520904
    225.55520904
    224.95835742
    224.95835742
    225.67974923
    226.11823323
    226.11823323
    226.07465439
    225.84554351
    225.69220445
    225.06792538
    225.06792538
    225.06792538
    225.63769551
    225.57591192
    225.58068262
    225.58068262
    224.83846093
    225.47640844
    225.41225068
    225.41225068
    225.41225068
    224.67927324
    223.95743189
    223.95743189
    223.95743189
    223.95743189
    223.42897311
    223.42897311
    223.42897311
    223.42897311
    222.94139778
    222.94139778
    223.31988067
    225.15664349
    225.47677692
    225.47677692
    225.47677692
    225.69971028
    225.99399557
    225.80761489
    225.80761489
    226.17046478
    226.15220421
    226.34868426
    226.34868426
    226.34962425
    226.35245073
    226.16748250
    226.16508576
    226.16508576
    226.24034609
    226.32943728
    226.28890368
    225.05141626
    225.81375358
    225.14569326
    223.71093529
    225.13233198
    225.13013492
    225.74481010
    225.73387725
    225.73387725
    225.73387725
    225.73387725
    225.96781671
    226.29897767
    225.86639619
    225.88143083
    226.05738449
    226.03205851
    225.98323504
    225.95046851
    225.19364874
    225.19364874
    224.10352519
    224.17950290
    224.17950290
    224.35290337
    224.39600782
    224.39600782
    224.39600782
    224.39600782
    225.12343842
    225.21371541
    223.25591820
    224.76150746
    225.55243659
    225.55243659
    225.88191573
    225.79450121
    225.43110263
    225.44390754
    225.44390754
    225.44390754
    225.44390754
    225.44390754
    225.47760540
    225.49445788
    225.78607220
    225.86222977
    225.83550029
    225.68082680
    225.62676438
    225.32548552
    225.20763139
    223.99776201
    223.00681718
    223.58454828
    224.21835684
    222.79047187
    222.84745772
    223.89567834
    224.97776812
    224.97776812
    224.97776812
    224.97776812
    223.96279557
    223.96279557
    223.80139585
    224.23041487
    222.99924441
    225.00164532
    224.81993135
    225.09129859
    225.09129859
    225.09129859
    225.09129859
    225.09129859
    221.94603032
    221.94603032
    221.63136826
    221.63136826
    218.87939177
    223.47902106
    223.81257027
    225.90567149
    225.90567149
    225.19214500
    225.35891311
    225.35891311
    224.36599451
    224.21512835
    223.53450838
    224.68847589
    224.50798274
    225.34092043
    225.34092043
    225.48132562
    225.35788174
    225.94000169
    225.94760799
    224.83920490
    225.32388339
    225.38102901
    225.38102901
    225.38102901
    225.24338130
    225.24338130
    225.21289344
    224.19868758
    224.55764382
    224.55764382
    224.55764382
    224.55764382
    223.45354754
    224.77989243
    224.77989243
    225.04988470
    225.04988470
    225.04988470
    225.21698933
    225.72952817
    225.91136680
    225.47279174
    225.42682378
    224.60323115
    225.65184033
    225.65184033
    226.18981829
    226.33571409
    226.30190984
    226.28419623
    226.28419623
    226.20498941
    226.20498941
    226.20498941
    225.91370694
    225.67911958
    224.17598040
    224.17598040
    224.14632375
    221.07971089
    221.07971089
    222.59581246
    222.59581246
    221.39041259
    221.39041259
    221.39041259
    221.57177153
    221.56983964
    221.56983964
    221.82703745
    221.18205492
    224.16837707
    224.84244386
    225.23020728
    224.72141785
    224.24601512
    224.24601512
    224.24601512
    224.49797653
    225.44093008
    225.18198661
    225.06591628
    225.26481090
    225.26372741
    225.67364973
    225.68152898
    225.67562809
    225.67562809
    226.22595721
    226.25316215
    226.33557343
    226.29635422
    226.24187193
    225.75968346
    225.75968346
    225.78574110
    223.56909082
    221.76768390
    221.76768390
    221.76768390
    221.76768390
    222.47739301
    223.89437367
    224.11807348
    223.77725476
    223.77725476
    225.30447423
    225.16577543
    225.22346619
    225.22346619
    225.13530639
    225.19082556
    225.22218416
    226.03078856
    226.10109345
    226.21458713
    226.21458713
    226.24495960
    226.31297531
    226.31297531
    226.31297531
    225.57472774
    225.74642293
    226.10713756
    226.33897899
    226.33494527
    225.86300458
    225.86300458
    225.86300458
    225.86300458
    225.86300458
    225.86300458
    226.22488272
    226.11555557
    226.11555557
    226.19058994
    226.19138784
    226.19138784
    224.74217321
    224.69583911
    224.69583911
    224.08578670
    224.84650742
    224.71133668
    224.71133668
    224.71133668
    226.35918481
    226.31874005
    226.31994373
    226.32245001
    226.15482721
    225.54427463
    226.23346539
    225.88770234
    225.86791348
    225.57799643
    220.05948242
    221.66838724
    221.66838724
    221.66838724
    221.66838724
    221.66838724
    223.54259675
    224.88791113
    224.88791113
    224.40485830
    224.15411794
    224.58455884
    225.10582212
    225.29416031
    225.05198683
    225.06293593
    224.89406162
    224.92776243
    225.22184215
    225.22204210
    225.27576628
    225.25928128
    225.57697511
    225.57321884
    225.65788461
    225.65788461
    225.18410256
    225.18924716
    224.17114560
    221.27887977
    221.27887977
    221.27887977
    220.25618092
    220.25618092
    220.73856886
    220.73856886
    224.13046669
    224.13046669
    224.13046669
    223.95767839
    224.80579439
    225.13768282
    225.08359460
    225.83445195
    225.79019366
    225.79019366
    225.79019366
    225.90266675
    225.35513583
    225.35513583
    225.52636427
    225.52636427
    224.99841677
    224.99841677
    223.99113928
    223.99113928
    226.03601863
    226.03601863
    225.03295699
    226.11175500
    226.11175500
    225.51728421
    225.26220810
    225.26220810
    224.87843638
    224.87843638
    225.97548396
    225.97548396
    226.21707533
    226.16576070
    226.11191377
    226.19028086
    226.19028086
    226.19028086
    226.16522953
    225.79551750
    225.91757567
    225.53775424
    223.69699250
    224.35578021
    225.02625650
    224.74926378
    224.74926378
    224.74926378
    225.58893426
    224.63421979
    224.63421979
    224.63421979
    224.63421979
    224.63421979
    224.63421979
    224.63421979
    224.68381303
    226.14943551
    226.14943551
    226.28991970
    225.47462665
    224.36050888
    224.36050888
    224.36050888
    223.01096514
    224.27839054
    224.27839054
    224.27839054
    225.06329390
    225.06329390
    225.06329390
    225.06329390
    225.06329390
    224.28552702
    224.55602260
    224.85704609
    223.12692781
    224.26225188
    224.26225188
    223.83250779
    225.58448692
    225.54809180
    224.89990656
    225.05260155
    225.16440985
    225.54335220
    225.29471544
    225.29471544
    225.29471544
    225.51560824
    225.51560824
    225.51560824
    225.70837394
    225.55599019
    225.55599019
    225.55599019
    225.55599019
    225.55599019
    222.49590002
    221.55538433
    221.55538433
    221.55538433
    221.55538433
    223.45394761
    223.19995240
    223.68728166
    223.68728166
    224.04928227
    224.04928227
    224.04928227
    224.04928227
    226.35184642
    226.31481448
    226.31481448
    221.56050221
    223.31030358
    224.70522175
    224.36772001
    224.20691973
    224.20691973
    225.95442069
    225.92141804
    225.92141804
    226.22456096
    226.16794610
    225.03716968
    225.03716968
    225.11060853
    224.61476176
    224.93785467
    224.93785467
    224.93785467
    224.93785467
    224.93785467
    224.78700595
    223.26843750
    223.26843750
    223.26843750
    223.26843750
    221.71862846
    221.71862846
    221.71862846
    221.71862846
    221.71862846
    221.71862846
    221.71862846
    221.71862846
    223.21307633
    223.21307633
    223.21307633
    222.89471202
    224.54248010
    224.69956412
    224.75599289
    224.75700908
    225.33961168
    224.13684969
    223.81612245
    223.81612245
    223.81612245
    223.81612245
    222.85998691
    224.61122966
    224.61122966
    225.73243912
    225.69365390
    225.69365390
    225.69365390
    225.63282103
    225.63282103
    225.63282103
    225.63282103
    225.63282103
    225.63282103
    225.63282103
    225.63282103
    225.63282103
    226.23178541
    226.23178541
    226.11325333
    226.11325333
    224.68550702
    224.68550702
    224.68550702
    226.26271420
    225.89750932
    225.18032581
    225.18032581
    225.16688162
    224.79256068
    224.79256068
    224.43731836
    224.60598628
    224.60598628
    224.40598138
    224.50381596
    225.00554775
    224.89891727
    224.85693624
    224.09401875
    223.73954311
    223.48623124
    223.48623124
    225.02828858
    224.71320632
    225.09710842
    223.24149198
    224.37250392
    224.40866268
    224.93370868
    223.17665936
    222.60352373
    222.60352373
    221.59634762
    224.97102530
    224.97102530
    224.97102530
    224.38096101
    225.15890094
    225.36081361
    225.27692672
    225.19090276
    225.07414418
    225.07414418
    225.24154940
    225.24120910
    225.06010183
    225.26683896
    225.62509534
    225.58865767
    225.44415171
    225.46849870
    225.67634098
    226.05668059
    226.19534505
    226.11852996
    226.11852996
    226.16428137
    226.20367546
    226.12534432
    225.30588060
    225.30588060
    225.23089650
    225.69957125
    226.30050181
    226.30050181
    225.88449495
    226.08751217
    226.08751217
    226.08751217
    226.07439578
    226.03859452
    226.05256414
    225.97342168
    225.75230633
    225.75230633
    225.83444136
    226.02428197
    226.14717461
    226.33517564
    226.33517564
    226.30955353
    226.30955353
    225.17979396
