    903.21075137
    903.21123588
    901.64117149
    900.94546008
    900.94546008
    900.94546008
    899.16261073
    899.16261073
    902.82156611
    902.82156611
    902.17863574
    902.17863574
    902.32174137
    902.32174137
    903.24728660
    903.18663952
    903.18663952
    902.62932453
    902.94665383
    902.94665383
    902.93599519
    903.25181373
    903.25181373
    902.69262342
    902.88216015
    903.11129869
    902.90875054
    901.81869081
    901.81869081
    901.92873231
    901.92873231
    901.92873231
    902.17637743
    902.17637743
    902.17637743
    902.17637743
    902.17637743
    902.17637743
    902.86547334
    902.45879769
    902.45879769
    902.88919631
    902.88919631
    902.88919631
    902.88919631
    902.88919631
    903.14216742
    903.31897535
    902.88440654
    903.16284742
    903.18937900
    903.21835686
    903.24505164
    903.01061339
    903.01061339
    902.90597218
    902.79263115
    902.79263115
    903.15516152
    903.32396518
    903.39704368
    903.37194375
    903.36126314
    903.42891194
    903.42775465
    903.30639480
    903.30756408
    903.29933413
    903.22280112
    903.38818624
    903.26042449
    903.22981798
    902.39133038
    902.39133038
    902.39133038
    902.39133038
    903.15687675
    903.14325662
    903.12228009
    903.23000238
    903.23240304
    903.29539141
    903.26539443
    903.20499986
    903.30456166
    903.29901560
    903.20887322
    903.20887322
    903.20887322
    903.20887322
    902.88671189
    902.88671189
    902.88671189
    902.88671189
    902.88671189
    902.88671189
    902.70825753
    902.75598363
    901.70843794
    901.70843794
    902.27296159
    902.27296159
    902.27296159
    902.27296159
    902.27296159
    902.70030908
    902.32691494
    902.32691494
    902.32691494
    903.17174471
    903.30711535
    903.31490148
    903.34398838
    903.24112227
    903.24112227
    903.12617920
    902.97560993
    902.87705127
    902.73428646
    902.73428646
    902.73428646
    902.34324381
    902.33472629
    902.52143614
    902.11236330
    902.11236330
    902.98392957
    902.43234751
    902.43234751
    902.43234751
    901.93963225
    902.71101230
    903.35018863
    903.34500527
    903.13214813
    902.92755252
    902.92755252
    902.92755252
    902.42763447
    903.34039672
    903.34039672
    903.38329706
    903.37934920
    903.43459697
    903.26029448
    903.38809130
    903.38809130
    903.38271961
    903.32970500
    903.32351379
    903.27949088
    902.47694064
    902.25563199
    901.55558234
    902.03209171
    902.03209171
    902.85487476
    902.96309304
    902.96309304
    903.12115503
    903.12115503
    903.12624018
    902.96055372
    901.21635095
    901.21635095
    901.43462651
    901.43462651
    902.00250659
    902.34739687
    902.62062926
    902.83421243
    903.14314773
    903.20025141
    903.14535547
    903.08874007
    903.25378404
    903.29671505
    903.02211094
    903.16964434
    903.23748361
    903.33748235
    903.39592851
    902.77727845
    903.11145666
    903.31717054
    903.35372098
    903.26241216
    903.26241216
    902.84164487
    902.10716877
    901.97045956
    901.72456493
    901.90619837
    902.46308234
    901.42948689
    902.27031341
    902.27031341
    902.27031341
    902.27112875
    902.91185061
    902.08639691
    901.68667874
    901.70081174
    901.70081174
    902.78460901
    903.39838769
    903.39838769
    902.80650935
    902.80650935
    902.80650935
    902.80650935
    902.80650935
    901.89020951
    901.89020951
    901.89020951
    903.04145748
    903.04145748
    902.47236721
    901.34735806
    902.13922434
    902.13922434
    901.94115933
    902.80633608
    902.31876429
    901.98628695
    901.26739105
    899.79862041
    899.79862041
    900.80862059
    900.68028886
    900.84180152
    900.84180152
    900.84180152
    900.84180152
    900.84180152
    900.84180152
    900.84180152
    902.42526354
    902.42526354
    903.30145884
    903.32216197
    903.34593455
    903.34593455
    903.32875099
    902.62238580
    902.38287256
    902.36302674
    902.36302674
    902.91011067
    903.22053190
    903.26113440
    903.26113440
    902.46685082
    900.42354004
    900.42354004
    900.50132720
    901.57603193
    902.79799477
    902.79799477
    902.98726400
    902.95325563
    902.02919501
    901.18718832
    901.44656709
    901.44656709
    901.95929945
    903.35034428
    903.35034428
    903.38954505
    903.40897158
    903.33355436
    903.07919579
    902.77557229
    902.77557229
    902.77557229
    903.08198286
    903.43135917
    903.44051956
    902.78596081
    902.78596081
    903.14216711
    903.14216711
    903.14216711
    903.31892104
    903.40942201
    903.40942201
    903.42677151
    903.42677151
    903.42677151
    903.40693852
    901.33717437
    902.65346527
    902.65346527
    902.95808255
    902.79943103
    902.47144567
    902.55800544
    903.16684681
    903.31083075
    902.83247090
    902.77506930
    903.15963112
    903.15963112
    902.88868877
    902.88868877
    902.89583485
    903.00120766
    902.99246044
    902.95544509
    902.85661497
    902.15800587
    902.16368237
    902.36029078
    901.27407308
    901.07776287
    900.62933389
    901.13810173
    901.13810173
    901.11480448
    902.56495914
    902.33031516
    902.33031516
    902.45172010
    902.78777372
    903.43267960
    903.43119231
    902.85229721
    902.89896400
    902.89959106
    903.30633488
    903.30129001
    902.98142070
    903.01125188
    903.16450096
    903.24158473
    903.36924160
    903.36924160
    903.44328781
    903.21643111
    903.21643111
    903.05945966
    903.05698365
    902.66715434
    902.59645364
    902.98549451
    902.75453604
    902.75453604
    902.55088904
    899.61876596
    901.87918979
    900.32182441
    898.95679396
    897.33091516
    897.33091516
    897.33091516
    901.69129093
    902.36164077
    902.75032510
    902.43554499
    902.46552210
    902.40869665
    902.07360661
    902.07360661
    901.63449967
    902.61027136
    902.61027136
    902.82041529
    902.82041529
    903.31152935
    903.31152935
    903.00665967
    903.17087178
    903.17087178
    903.24862885
    903.33606464
    903.44011460
    903.20551960
    903.22120165
    903.17029641
    903.17029641
    903.43197665
    903.37011473
    903.08079169
    903.04919212
    903.04417720
    902.58409065
    902.58409065
    902.52104184
    902.52929973
    902.32566806
    903.10808741
    901.66189657
    901.66189657
    900.77370442
    899.00100243
    900.22348870
    900.22348870
    900.37180195
    902.42862161
    902.90411866
    903.09842902
    903.28694457
    902.92816448
    902.95466259
    902.40288230
    902.40288230
    902.40288230
    902.36105764
    902.36105764
    902.36105764
    902.36105764
    902.13498996
    903.35701346
    903.31504448
    903.41446198
    903.40504514
    902.57632298
    902.64148375
    902.64148375
    902.64148375
    902.64148375
    902.66437480
    902.66437480
    903.24450416
    903.34682743
    903.36882319
    903.36882319
    903.17260075
    903.24862390
    903.10941120
    903.23539541
    903.32051440
    903.31174141
    903.40479557
    902.59681075
    903.04112716
    903.29984913
    903.17969535
    903.05045169
    902.99752838
    902.96942620
    902.96942620
    902.95829116
    902.95829116
    902.95829116
    901.72376357
    901.72265788
    901.72265788
    901.72173677
    901.72173677
    901.92987512
    901.48157065
    900.94054772
    901.00284196
    901.08288523
    902.79857335
    902.60667799
    902.52073737
    902.69468193
    902.26428037
    902.42396826
    902.09883186
    902.09883186
    902.43940277
    902.02360460
    902.03909549
    901.98207460
    900.39025216
    899.83236881
    901.51597771
    901.51597771
    902.75864626
    902.75864626
    902.60582978
    903.22125567
    902.92583133
    902.18668115
    902.18668115
    903.24046554
    903.35774933
    902.13927939
    903.23996677
    903.14415605
    902.49942855
    902.86919640
    902.99689807
    902.58136360
    903.25833468
    903.40660434
    903.36511220
    903.36511220
    902.90473908
    903.21021861
    903.16782552
    902.81711842
    902.87345025
    902.84867806
    902.91193991
    902.91988097
    903.13912584
    903.13914052
    903.21797285
    903.15340583
    903.36773523
    903.41039733
    903.36833586
    903.36833586
    903.25911950
    902.90215216
    902.11055921
    901.17326406
    901.17326406
    901.17326406
    901.87635039
    902.60271096
    902.02286980
    902.02286980
    903.36384184
    903.36384184
    903.38480305
    903.44018172
    903.44018172
    903.44018172
    903.44018172
    903.38655258
    903.38655258
    902.83019178
    902.82263546
    901.88172935
    901.88172935
    901.84443893
    900.68168078
    900.92433565
    900.92433565
    900.92433565
    900.92433565
    901.96297785
    902.00769452
    902.73905907
    902.73905907
    902.91670567
    903.42114324
    903.17663482
    903.16620935
    903.02705238
    902.75098637
    902.68969364
    902.85940732
    902.85231568
    902.64894471
    901.12399168
    901.12399168
    901.12399168
    902.17978205
    902.17978205
    902.17978205
    902.63093673
    901.86840214
    901.53619489
    901.26009746
    901.74802766
    902.73161921
    902.39912956
    902.47512829
    902.70200071
    902.66296848
    902.75553596
    903.26980065
    903.22027050
    903.02602429
    903.23301119
    903.21340474
    903.20906884
    903.30302718
    903.33122453
    903.36276379
    903.37604841
    903.40217707
    903.29786360
    903.17920402
    903.18101797
    903.26375742
    903.27226615
    903.44172588
    903.41504360
    903.43292161
    903.43292161
    902.79161370
    902.90175168
    902.85759968
    902.71060788
    903.36695136
    903.36695136
    902.91551323
    903.21822601
    903.26978637
    903.14037693
    903.14037693
    903.38759909
    903.28203173
    902.37442786
    902.79408744
    902.82481553
    902.18375804
    902.22665457
    901.71242290
    899.68729691
    898.89636634
    900.21786660
    900.43658653
    900.15598830
    900.15598830
    900.15598830
    901.29387480
    901.56641055
    902.35189948
    902.18925667
    902.69086039
    902.81353489
    902.81353489
    902.73758007
    900.85687834
    900.85687834
    901.08247749
    901.93446754
    901.93446754
    902.30011443
    902.30011443
    902.30011443
    902.30011443
    903.21738760
    903.16699829
    903.15397546
    903.11046416
    903.31638231
    903.31638231
    903.20953742
    903.20953742
    902.74676743
    902.74676743
    901.69783057
    901.69783057
    901.69783057
    901.74988463
    902.12685688
    902.41531652
    902.41531652
    902.02045661
    901.90942140
    902.65802775
    901.64839797
    902.85909462
    902.16243249
    902.16243249
    902.14654282
    902.14654282
    902.15491029
    902.84252920
    903.37703447
    903.43844931
    903.10644776
    903.06858058
    903.06858058
    903.38046484
    903.38046484
    902.71429140
    903.30198759
    903.13439487
    902.83374894
    903.13138157
    902.92316911
    903.42231187
    903.43454897
    903.08718902
    902.74597790
    902.67479849
    902.67479849
    902.67479849
    902.61558277
    902.61558277
    902.61558277
    903.27194774
    903.27194774
    901.46796382
    901.46796382
    901.46796382
    901.93478528
    901.93478528
    902.03090100
    901.60073684
    901.60073684
    901.60073684
    901.86554660
    901.86554660
    901.86554660
    901.86554660
    900.73201181
    901.25494062
    901.25494062
    901.25494062
    902.56503583
    902.01896956
    902.08825258
    902.86701668
    903.14458953
    903.14458953
    903.19408675
    903.18100015
    903.14081405
    903.11840865
    903.31943976
    903.25531684
    903.29762406
    903.14537608
    903.05557092
    903.05557092
    902.99438691
    902.98331264
    902.98331264
    903.20009512
    903.40562835
    903.39495197
    903.41177075
    903.35131464
    903.35131464
    903.32614370
    903.24778384
    903.24778384
    903.14142347
    903.11782787
    902.57796729
    903.19991007
    902.85424100
    903.05256358
    903.39027219
    903.39027219
    903.43007453
    903.43007453
    903.40962587
    903.40962587
    903.42450927
    903.42515812
    903.41442591
    903.41442591
    903.41442591
    902.43041691
    902.73177097
    903.15543521
    901.86291365
    901.86291365
    899.93254820
    899.93254820
    901.41543379
    899.00950451
    900.45016841
    900.45016841
    900.62118682
    900.62118682
    900.62118682
    901.92934236
    901.92934236
    902.64680604
    902.64680604
    902.71508721
    902.71508721
    902.54956905
    902.54791098
    902.54791098
    902.58767185
    901.43399781
    900.46755417
    902.25827971
    902.42183750
    902.63909481
    901.31825659
    901.33920542
    902.60412569
    902.79077093
    902.81231168
    902.81231168
    902.81231168
    902.81231168
    902.81231168
    902.35662473
    902.35662473
    902.31700560
    901.55556523
    903.29363674
    903.02912466
    903.02912466
    903.36788396
    903.37849099
    903.12435742
    903.32114053
    903.25453634
    903.25453634
    902.22936110
    902.22936110
    902.22936110
    902.49880769
    902.94645819
    903.01233490
    902.56735775
    902.56735775
    902.62738859
    903.05810547
    903.35352331
    903.04524472
    902.68970976
    902.64557627
    902.90443513
    902.95238240
    902.68877969
    902.81545969
    902.88753457
    902.84538123
    902.48907077
    902.48907077
    902.48907077
    902.93704232
    902.93704232
    902.74995149
    902.74995149
    902.76569416
    903.32234979
    903.32699433
    903.33813254
    902.55601729
    902.86654104
    902.03583279
    902.50177457
    902.14221998
    902.03758862
    901.65489370
    902.31184884
    902.54419006
    902.54419006
    902.73427506
    902.73427506
    902.74830114
    902.59627305
    902.52993327
    902.31308404
    902.58645562
    901.11952610
    901.40446163
    901.40446163
    901.54974067
    902.70399903
    902.63620641
    902.84678766
    902.84678766
    902.32657150
    903.22004101
    903.14762139
    903.07547174
    902.88319706
    902.45843857
    902.09977382
    902.09977382
    902.07532956
    900.45832049
    900.45832049
    900.74274494
    902.73343344
    902.73343344
    902.92098793
    902.92098793
    902.59194139
    902.62986850
    902.62986850
    901.99215760
    902.20592630
    901.75195520
    901.75195520
    900.61722254
    901.39628263
    899.32843163
    902.32129484
    902.32129484
    902.94799504
    902.78692482
    902.25857884
    902.99015575
    902.98749262
    902.83491702
    903.20894317
    903.39349790
    903.20930068
    902.73135416
    902.75529592
    903.26189851
    903.29176633
    903.30734516
    902.85337487
    902.85337487
    902.36897595
    902.36897595
    902.36897595
    902.78352236
    901.42973004
    902.09221358
    902.36404033
    901.74491279
    901.74491279
    901.78409105
    901.78409105
    902.84040221
    902.84040221
    902.55840932
    902.55840932
    902.40637548
    903.16043436
    903.17271397
    902.91242006
    902.51562204
    903.11008856
    903.17777381
    903.22145667
    903.21528469
    902.68909590
    902.68909590
    902.90808721
    903.25475329
    903.06268807
    903.27625570
    903.39717639
    903.36880995
    903.31455355
    903.31455355
    903.31369585
    903.06664883
    903.24370307
    903.09199662
    902.54561153
    902.52844608
    903.02370124
    902.96759841
    902.51427360
    902.45114784
    902.62123953
    902.62123953
    902.62123953
    903.03680839
    903.24999289
    903.19509286
    902.74601597
    902.63926371
    903.31893436
    903.24137133
    903.16088879
    902.99152453
    903.10525911
    903.10525911
    903.11073297
    903.11073297
    902.44758194
    902.81693554
    902.71668999
    902.43421970
    903.32309290
    903.32309290
    902.91383645
    901.41780886
    901.15982279
    901.12404507
    900.89106832
    900.89106832
    901.97568973
    901.29487879
    901.85114055
    902.95825328
    903.15684358
    902.77968339
    902.94831182
    902.94831182
    902.56250777
    902.56250777
    902.92302178
    902.04009680
    902.37454030
    902.37454030
    902.30292390
    901.06964565
    900.41872521
    900.16273366
    900.16273366
    900.16273366
    900.16273366
    899.53601142
    899.53601142
    899.53601142
    899.53601142
    899.53601142
    899.53601142
    899.53601142
    902.09981173
    901.96773506
    901.96773506
    901.96773506
    902.67139979
    903.22582610
    903.21409289
    903.21409289
    903.06610907
    903.06610907
    902.51868423
    901.63343747
    901.63343747
    901.76657603
    902.96666507
    902.81004813
    902.88271506
    902.88271506
    902.88271506
    902.93192804
    901.86425943
    902.12052759
    902.12052759
    902.25096011
    901.71757312
    901.91627742
    901.69852402
    901.69852402
    903.01733483
    902.59615986
    902.41329283
    902.41329283
    902.41329283
    901.78637130
    902.88435967
    902.88435967
    902.39915027
    902.41764216
    902.41764216
    902.66594487
    902.12879322
    902.12879322
    902.12879322
    902.67340086
    901.92164700
    901.92164700
    902.17548575
    902.43359056
    902.43359056
    902.84798476
    902.27763050
    901.67974435
    901.50108773
    901.47385974
    897.00076603
    897.00076603
    897.00076603
    898.55000318
    898.55000318
    898.55000318
    898.55000318
    899.74887526
    899.74887526
    899.63243349
    901.01981952
    901.66925284
    898.13270296
    898.93913085
    898.50879851
    900.57406355
    900.86101350
    901.51697374
    902.26066308
    901.70320270
    901.70320270
    900.91613538
    901.33828382
    901.33828382
    901.83839136
    901.83839136
    902.99830264
    902.99830264
    902.99339567
    903.35642338
    903.35642338
    903.35642338
    903.17697623
    903.17697623
    903.15657668
    903.15657668
    903.17410996
    903.17410996
    903.39036393
    903.39036393
    903.32336988
    903.19636726
    902.71124617
    902.78266574
    902.78266574
    903.32081486
    903.40215185
    903.42050903
    903.42176556
    903.41905422
    902.48871810
    902.41834181
    902.96028012
    902.96282636
    902.96282636
    902.98554789
    903.18695054
    902.64039589
    902.98765151
    902.92549514
    903.31299528
    903.36548943
    903.00365595
    902.89751665
    903.10331761
    902.90850055
    902.90850055
    903.10864730
    903.24931955
    903.12745959
    902.57507169
    902.87716435
    902.90457214
    902.55728435
    902.55728435
    902.14659602
    902.11996640
    903.19620420
    903.16597299
    903.32283263
    903.31022755
    903.26736283
    903.31299350
    903.18253221
    903.20940434
    903.31067654
    903.37173666
    903.16249611
    903.19794910
    903.11184440
    903.03309932
    902.98740198
    903.05607117
    903.06405390
    903.06405390
    903.12049111
    903.22100200
    903.25735215
    903.27602043
    903.27602043
    903.30758722
    902.82728634
    902.82621490
    902.82621490
    902.82621490
    902.82621490
    902.82621490
    902.88446312
    902.03090699
    902.72681246
    903.05938651
    903.06184840
    903.28977166
    903.08577016
    903.08577016
    903.26526551
    903.25915285
    903.11529822
    903.08805089
    902.90020829
    902.90020829
    902.87496886
    902.78269796
    902.78794920
    902.78794920
    902.92496766
    903.42691367
    903.42519242
    903.26278463
    903.26278463
    903.29192483
    903.09346784
    903.01123655
    902.89009964
    902.89009964
    902.89009964
    903.03673887
    903.08013003
    903.08013003
    903.12359666
    903.34219514
    903.42908386
    903.38598411
    903.27994444
    903.29064889
    903.28872550
    903.28872550
    902.99976993
    902.99511815
    902.96478094
    903.29061573
    903.25949317
    903.21713475
    903.21713475
    903.25478154
    903.20053391
    903.30652461
    902.83493234
    902.83493234
    903.42311829
    903.34186132
    903.34186132
    903.34186132
    903.31237075
    903.32221231
    903.30022606
    903.29936588
    903.33830802
    903.10127653
    902.85488009
    902.85488009
    903.41947321
    903.41912582
    903.41938203
    902.88925184
    902.88925184
    902.51393229
    902.51393229
    902.53886638
    900.63906919
    900.63906919
    901.67446015
    902.93132989
    902.84975027
    902.84975027
    902.91993589
    902.91993589
    903.15865203
    903.35253635
    902.94093325
    902.92710012
    903.39987225
    903.39987225
    903.34616850
    903.34616850
    903.21541035
    902.93718079
    902.86345103
    902.80880432
    903.11660163
    902.33713858
    902.42274285
    902.39971346
    902.09534944
    901.72529420
    902.84314488
    902.84314488
    902.72277364
    903.01987679
    903.01987679
    902.69553469
    902.51901377
    902.23050773
    902.92862342
    902.94085479
    902.81672786
    902.81714565
    902.57025501
    902.12292882
    901.95788835
    901.95788835
    900.70716610
    900.70716610
    900.70716610
    900.70716610
    900.70716610
    901.68828387
    901.59491826
    902.41139833
    903.09891738
    902.95811838
    903.01009555
    902.72125689
    902.72143744
    902.22018467
    902.22018467
    902.22018467
    902.65293825
    902.95508678
    902.95508678
    903.05520538
    902.64262342
    902.82796975
    903.26202969
    903.28343114
    903.26183964
    903.26183964
    903.20966642
    902.27247581
    902.31769461
    903.21477804
    902.87912645
    902.98482284
    902.24822878
    902.24822878
    902.93502261
    902.93502261
    902.60627054
    903.35444314
    903.29179279
    903.25548393
    902.61300303
    902.61300303
    902.61300303
    902.92939829
    902.91897993
    903.36023485
    902.62038513
    901.56682307
    901.66749850
    901.66749850
    901.75694922
    901.96103346
    902.37308983
    902.48827194
    903.15598749
    903.15598749
    902.90637111
    903.00420327
    902.93942747
    903.37062173
    903.31233627
    903.22418068
    903.22181602
    902.53662348
    902.57694074
    902.57694074
    902.57694074
    903.20186502
    900.82612851
    900.47038869
    901.35923641
    902.73083198
    902.87775951
    901.88595898
    901.88595898
    903.20578961
    903.20578961
    903.20578961
    902.57897192
    903.03843274
    902.57275862
    902.57275862
    903.22839264
    903.21768002
    903.21768002
    903.39659826
    903.10086792
    902.61079568
    902.50175287
    903.42998845
    903.42998845
    903.26098071
    903.26098071
    903.22136382
    903.09170295
    902.84075508
    902.82422459
    903.33056740
    903.33056740
    903.33045300
    903.35831922
    902.93375875
    901.73854961
    901.73854961
    902.82684310
    902.75927524
    902.75927524
    902.75927524
    902.35165947
    902.72412472
    902.66806487
    902.75662189
    902.94098389
    902.87210510
    903.29080971
    903.19894240
    903.35514705
    903.38365213
    903.38104501
    903.20378542
    903.20378542
    903.22628525
    903.22628525
    903.22628525
    903.09321635
    903.09321635
    902.43900557
    902.43900557
    902.43900557
    901.60909151
    901.60909151
    900.47411080
    902.50073383
    902.50073383
    902.48376948
    903.01558952
    903.01558952
    902.13708610
    901.94704406
    901.91119895
    902.10820655
    902.10820655
    902.09258608
    902.09258608
    902.38232895
    902.41351585
    902.93171517
    902.93171517
    902.31636847
    902.85516941
    902.28487145
    902.56947189
    902.46087095
    899.75518499
    899.75518499
    899.75518499
    901.21352735
    901.85560176
    901.26489183
    901.20938857
    901.20938857
    901.38432227
    901.38432227
    901.38432227
    902.85304972
    902.85304972
    902.13801914
    902.13801914
    902.13801914
    902.20120144
    902.20101896
    901.89748742
    902.53710510
    902.95128773
    903.21529140
    902.08769468
    902.08769468
    902.27772708
    902.27772708
    899.71224138
    899.71224138
    899.56771261
    899.56771261
    897.92620472
    900.54380408
    900.95439408
    901.38657949
    901.70302037
    901.68419493
    900.47540288
    900.43436943
    900.07965211
    901.17140910
    901.98194777
    901.24023582
    901.24023582
    902.22729877
    902.76670890
    902.69980550
    902.82482802
    902.78184353
    902.78184353
    903.30192493
    903.11189083
    902.95259650
    903.28859732
    903.29855909
    902.99752302
    901.91808094
    903.29916098
    903.29916098
    903.43675548
    903.43675548
    903.43497273
    903.42577264
    903.12952190
    903.12605559
    903.09076244
    903.04005952
    902.76704864
    903.17439028
    903.17439028
    903.17439028
    902.25757273
    902.45586821
    902.46367499
    902.49450165
    902.20667539
    902.20667539
    903.30995767
    903.30995767
    903.30995767
    903.32609939
    903.34158144
    903.44198641
    903.43781988
    903.42933908
    903.42933908
    903.27538477
    902.94621763
    902.96180602
    902.79284558
    902.41276786
    902.13378463
    901.35783674
    900.62607577
    901.12912666
    898.32210232
    898.32210232
    899.42454661
    900.34580397
    900.20937950
    900.27825079
    900.27825079
    901.92371235
    901.92371235
    901.92371235
    901.36697842
    901.34979086
    901.35065807
    902.17678072
    902.17678072
    902.60483840
    901.94013518
    901.81499149
    901.86112028
    901.86112028
    902.43326269
    902.97471271
    902.72160147
    902.77431253
    902.62620112
    902.64325079
    902.03648865
    901.83651948
    902.37691978
    902.85208774
    903.27336916
    903.27336916
    902.55916311
    901.29447518
    901.29447518
    900.40289220
    900.40289220
    900.40289220
    900.08979686
    898.91637690
    898.07431044
    899.10212692
    898.30121698
    898.30121698
    898.64366147
    898.84963836
    899.97594236
    901.39231954
    901.39231954
    902.37213437
    902.69393933
    902.99982204
    903.08749747
    903.08749747
    902.94575057
    902.97544382
    903.02114230
    903.08722927
    903.09032523
    902.96535594
    902.90126400
    902.90405738
    902.91813945
    901.78087839
    901.41695091
    903.25699055
    903.23369758
    902.54875035
    900.38161982
    900.38161982
    900.38161982
    901.26522456
    901.58404508
    900.21323234
    900.21323234
    900.94756678
    901.33439372
    902.50798126
    902.15758039
    902.15758039
    902.15758039
    902.84537835
    903.17958836
    903.30964894
    903.16797425
    902.48618794
    902.48618794
    902.63942519
    901.79884702
    901.67264298
    900.99013703
    900.99013703
    900.99013703
    900.84070324
    901.95314738
    901.66665395
    902.50713044
    902.57046470
    902.30753241
    902.30753241
    902.87159274
    902.80147309
    903.01112904
    903.05022723
    903.05022723
    903.05022723
    903.05022723
    903.29758467
    903.29758467
    903.28660509
    903.28660509
    902.84819027
    902.84819027
    902.72498007
    902.72498007
    902.72498007
    902.72498007
    901.66969608
    901.66969608
    900.92528997
    900.92528997
    902.02550668
    901.44081368
    901.44081368
    902.14940597
    902.17161686
    903.16114466
    903.16114466
    901.62026913
    901.62026913
    901.62026913
    902.70186189
    902.71508434
    902.92961481
    902.87806820
    902.90070384
    903.24714440
    903.10989544
    903.30969177
    903.33960872
    903.40181597
    903.35368616
    903.35368616
    903.32397406
    903.32164350
    903.33443597
    903.33443597
    903.42832589
    903.41873049
    903.09913994
    902.91450037
    903.25861467
    903.13214369
    902.81405732
    902.88968384
    902.47521503
    902.02095471
    902.04715692
    902.04715692
    901.71247816
    901.71247816
    901.71247816
    903.27515888
    903.33514255
    903.31270174
    903.31270174
    903.35543700
    903.35543700
    903.01449318
    902.28653502
    902.63251118
    902.63251118
    902.63251118
    902.77167332
    903.37165860
    903.32559658
    903.32559658
    903.32559658
    903.11028796
    903.25218786
    903.13958088
    902.60592161
    903.15473368
    903.15473368
    903.22411041
    903.12409775
    903.33796990
    903.32203258
    903.32203258
    903.35625119
    903.36176570
    903.23978559
    903.24667443
    903.23375132
    901.93591038
    902.87523175
    902.87523175
    902.24518198
    902.24518198
    902.95358797
    902.95358797
    903.13043951
    903.28730071
    902.50900569
    902.91348520
    903.02582337
    902.83619520
    903.27197388
    903.11100357
    903.11179065
    903.11179065
    903.11179065
    902.65759975
    902.65759975
    902.76506737
    902.06366541
    902.06366541
    901.36799254
    901.36799254
    899.76000844
    901.44218841
    900.66488879
    897.83797580
    901.15217430
    901.15217430
    901.78304206
    901.78304206
    901.69580950
    901.69580950
    901.84048588
    901.84048588
    902.66140822
    902.07664784
    902.25729948
    902.22399525
    902.22399525
    902.14043741
    901.70453898
    901.89518128
    901.89518128
    901.89518128
    901.91798639
    901.91798639
    901.91798639
    901.93298859
    901.64691775
    901.64691775
    902.18573845
    902.08548093
    901.91289688
    901.42657098
    903.10416552
    903.23906641
    903.33611883
    903.14230817
    901.54781161
    901.54781161
    900.51165395
    900.87500716
    900.87500716
    901.47722076
    901.47722076
    901.34319968
    901.34319968
    902.92322952
    903.00483327
    902.96787979
    902.96787979
    902.99222329
    902.53810150
    901.81525875
    900.99732987
    900.99732987
    901.05305630
    901.05305630
    901.40748291
    901.17057981
    902.30374589
    899.51692533
    899.51692533
    899.51692533
    899.49985396
    902.06545112
    901.78976111
    902.68666112
    902.68666112
    902.62673621
    902.17912823
    902.91302097
    903.18591545
    903.18591545
    901.42868822
    901.19776780
    899.97187387
    901.66869907
    901.66869907
    901.66869907
    901.66869907
    901.66869907
    901.66869907
    902.50943960
    903.24557311
    903.21855879
    903.21855879
    903.21855879
    903.22623070
    903.22623070
    902.85358598
    903.37371722
    903.37431962
    903.37431962
    903.17998172
    903.12514831
    902.79959310
    902.79959310
    903.33992989
    903.36931204
    903.36931204
    903.36931204
    903.34676574
    903.36979586
    903.36979586
    903.43059575
    903.34549072
    903.33126928
    903.42161779
    903.43780544
    903.43196126
    902.88869630
    902.65269891
    903.43019459
    902.88164017
    898.24911986
    898.24911986
    897.23276849
    899.90173584
    899.90173584
    900.83345517
    900.83345517
    900.83345517
    900.83345517
    901.08545866
    901.74348247
    901.74348247
    901.44904143
    902.37353306
    901.68152069
    901.61873312
    900.49151956
    901.31442474
    901.31442474
    902.01991422
    900.28202621
    900.28202621
    901.04476412
    902.06724282
    902.80056746
    902.58798427
    901.57646200
    901.57646200
    901.57646200
    902.76940456
    902.27179449
    901.28480446
    901.58560317
    901.46982741
    901.11786415
    901.11786415
    901.73266353
    902.37037052
    902.37037052
    902.37037052
    902.37037052
    902.95826297
    903.16642053
    903.27312432
    903.34196036
    903.40175739
    902.67220208
    902.67220208
    902.67220208
    902.72240189
    902.57963172
    902.93014661
    902.93014661
    902.97353286
    902.97353286
    902.97889952
    903.19552830
    902.60185580
    902.46046895
    902.46046895
    902.84090461
    902.93416346
    901.02729690
    901.02729690
    901.85645275
    902.12832254
    902.32142216
    902.22674069
    902.22674069
    902.32458797
    902.20774327
    902.67981745
    902.41162945
    902.79844984
    902.79844984
    902.79844984
    902.71808057
    902.70141736
    903.33951434
    903.26562241
    903.03408448
    902.72553631
    902.82397175
    902.82397175
    902.88575362
    902.94776417
    903.38407218
    903.33806909
    902.93067546
    903.42313734
    903.42499467
    903.42957510
    902.26509123
    902.56751357
    901.94784399
    902.62291109
    903.02666113
    903.02666113
    901.80481313
    900.83162078
    902.67858958
    902.67858958
    903.12809645
    902.66214818
    902.72204410
    902.14021562
    902.32891462
    902.62704915
    902.89420669
    902.89009213
    902.89009213
    902.89058161
    902.89058161
    902.74245461
    902.74245461
    902.87202078
    903.15837624
    903.15796115
    903.12805076
    902.86762163
    903.38087065
    903.38087065
    902.92569997
    902.99969233
    902.48148083
    902.51507672
    902.14851854
    902.14851854
    902.14851854
    902.28666264
    900.21904021
    900.21904021
    901.73744803
    901.92752709
    901.92752709
    900.62448543
    900.62448543
    901.14294034
    901.88427882
    901.88427882
    901.88427882
    901.88427882
    902.81705055
    902.82559811
    902.84990013
    902.86888764
    902.89626694
    901.16376880
    901.48067903
    901.48067903
    903.06711618
    903.06711618
    902.60625346
    902.60625346
    902.60126144
    901.75867417
    901.89401646
    901.54946160
    901.54946160
    901.54946160
    901.54946160
    901.54946160
    902.62643314
    902.38838363
    902.24951724
    902.24951724
    901.84231517
    902.31181056
    902.31181056
    902.51359686
    902.51359686
    901.19239944
    901.19239944
    901.19239944
    901.66816342
    901.66816342
    902.77661552
    902.77661552
    902.25188540
    902.25188540
    899.74331914
    899.74331914
    899.74331914
    899.74331914
    899.74331914
    899.74331914
    899.55929868
    899.55929868
    899.55929868
    900.27756743
    900.27756743
    901.77616879
    899.61614029
    899.61614029
    901.05525751
    901.05525751
    901.45768945
    900.65862958
    899.42494485
    899.42494485
    902.10203090
    903.25839406
    903.40228565
    903.38173365
    902.57421555
    903.16241617
    903.05795922
    903.05795922
    902.55052317
    903.21472250
    902.28946206
    901.84893343
    901.84893343
    901.84893343
    902.99777028
    902.94922638
    902.94922638
    902.72150423
    902.78625971
    902.78625971
    903.04238367
    902.68001590
    902.81665950
    902.70277781
    900.56702836
    899.39238241
    899.39238241
    902.13139491
    902.13139491
    903.42148674
    903.41623497
    903.41623497
    903.15847214
    903.37343096
    903.37343096
    903.37343096
    902.99437236
    902.75936565
    903.39113299
    903.39113299
    903.39113299
    903.38829654
    903.12432152
    903.19625635
    903.21197800
    903.23289302
    903.24536722
    903.22534020
    903.22534020
    903.21016473
    900.62722401
    898.82956901
    898.79538160
    900.86726422
    900.94791749
    901.24591706
    902.07036930
    902.07036930
    902.07036930
    902.07036930
    902.48228975
    902.85181666
    902.43995594
    902.67395000
    902.67395000
    902.67220535
    901.48656415
    902.32183912
    902.50775850
    902.65011372
    902.65011372
    902.65011372
    902.61382161
    902.61382161
    903.09361263
    902.99595425
    903.15210267
    903.32599479
    903.29945179
    903.29945179
    903.11015719
    903.10395029
    902.90717256
    901.93596000
    902.21253100
    901.88636676
    901.88636676
    902.82670490
    903.43836384
    903.41709442
    903.36631033
    903.40575328
    903.34037899
    903.36338176
    903.34254898
    903.34254898
    902.78016117
    902.88257658
    902.83826389
    902.81402354
    902.02245135
    902.62235427
    902.87626931
    902.64458814
    902.64458814
    903.42166951
    903.42529074
    903.39757257
    902.87238219
    902.87269722
    902.87269722
    902.89272100
    903.19781566
    902.88055653
    903.11952865
    903.34433967
    903.30182381
    903.25546779
    903.26762435
    902.54246564
    902.59898413
    902.59898413
    902.51112920
    902.51112920
    902.70866287
    902.70866287
    901.31121144
    902.31601858
    902.31601858
    902.47686153
    902.51684661
    901.73577919
    902.03391787
    902.27261048
    902.27261048
    903.13932371
    902.92646747
    902.88188984
    902.75040684
    901.63512328
    901.92733451
    901.92733451
    901.92733451
    902.64481580
    903.04408941
    903.25090041
    903.22690255
    903.15719757
    901.94568889
    901.94568889
    901.98885158
    901.42168651
    901.42168651
    900.97031785
    901.05718040
    901.96720664
    902.52928797
    903.21022412
    902.15875125
    902.32653368
    901.51141786
    901.51141786
    901.51141786
    901.72996474
    903.28677632
    903.28677632
    903.28677632
    901.85045867
    901.85045867
    901.85045867
    902.17685414
    902.62710507
    903.17232352
    903.16561192
    903.25629875
    903.24395047
    903.24921302
    903.03467811
    903.21747401
    903.40105928
    903.42848849
    903.12359340
    903.12359340
    902.58401256
    902.97567021
    902.45817186
    901.82721373
    902.45046961
    902.17354975
    902.17354975
    902.17354975
    902.17354975
    902.17354975
    902.61350109
    902.61350109
    902.80521063
    901.59592220
    901.77222889
    901.77222889
    901.77222889
    903.29441079
    903.42928471
    903.32197271
    903.07657197
    902.45081599
    902.40672852
    902.40672852
    903.21989112
    903.21989112
    903.36899420
    903.39712842
    903.38480706
    903.29561797
    903.33381939
    903.33381939
    903.32306359
    903.30740615
    903.23312578
    902.87326900
    902.96224095
    903.14811514
    903.42905406
    903.43031551
    903.44107788
    903.43176542
    903.41389962
    903.33506686
    902.77311589
    902.89759735
    903.41591941
    902.99612678
    902.46313367
    903.34584943
    902.97415216
    903.15819424
    902.92587172
    902.45171949
    902.16661037
    902.16661037
    902.38199526
    901.99457836
    901.99457836
    901.98197791
    901.98197791
    902.42708837
    900.59917627
    900.59917627
    900.59917627
    902.52500535
    902.07973308
    902.69575446
    902.28928615
    901.94471125
    902.11785922
    902.11132036
    902.11132036
    902.53637182
    902.53637182
    902.53637182
    902.56934485
    902.53331969
    902.55256487
    902.42450488
    902.69884963
    902.47821681
    902.74662733
    902.83013676
    902.75125450
    902.96244089
    902.96244089
    903.13038606
    903.12255496
    903.17771089
    903.12284899
    903.25974951
    903.31057170
    902.91961735
    902.91961735
    902.91961735
    902.94117424
    903.42070319
    903.17033578
    903.38179183
    903.39725467
    903.28821531
    903.38153565
    903.44278509
    903.40670076
    903.40670076
    903.41131041
    903.42593333
    903.40333810
    903.24679119
    902.79059390
    902.34100512
    902.34100512
    902.38507744
    902.52894996
    902.84901073
    903.04388418
    901.94102290
    901.94102290
    901.40588910
    901.66063591
    900.93854831
    900.93854831
    902.94910021
    902.75116373
    902.74973827
    902.74973827
    902.70441579
    902.67238300
    902.67238300
    902.67238300
    902.70714762
    902.99419709
    903.00934752
    903.00934752
    901.41923789
    901.73681855
    902.10626846
    902.10626846
    902.18491527
    902.43644772
    902.81061419
    902.81061419
    902.96237636
    902.12829229
    902.12829229
    902.00236842
    902.30363422
    902.38416954
    902.12733806
    902.80308891
    902.80308891
    900.75055769
    900.03702402
    900.03702402
    900.03702402
    901.49162269
    901.49402574
    902.83091875
    902.83091875
    903.07337383
    903.08345008
    903.08345008
    903.08345008
    903.08345008
    903.32228670
    902.97437259
    900.88397594
    900.88397594
    902.39085079
    902.68233982
    903.06842911
    903.06842911
    903.10896811
    903.10896811
    903.10896811
    903.05992234
    903.01300102
    903.15407016
    903.15941300
    903.15941300
    903.15299390
    903.14584726
    903.17350054
    903.13826248
    903.20167228
    903.03529726
    902.88619867
    903.14955554
    903.14955554
    902.37302931
    902.37302931
    902.37302931
    902.94533351
    903.03941667
    902.98831190
    903.08162248
    902.94454386
    902.52499885
    903.12417320
    903.12417320
    903.12417320
    903.12725455
    903.10164678
    902.55735290
    902.01777930
    902.19147028
    901.34912606
    899.82605220
    899.82605220
    899.82605220
    901.45866089
    901.45866089
    901.45866089
    900.73465755
    900.73465755
    900.58113927
    900.27538592
    900.27538592
    900.27538592
    900.27992156
    900.27992156
    900.27992156
    900.27992156
    897.89096917
    897.29917732
    898.98197866
    900.46858750
    899.39133838
    899.39133838
    900.88921817
    900.74344295
    900.30207096
    899.77870804
    899.77870804
    899.77870804
    900.81554370
    900.81554370
    900.81554370
    900.92736777
    900.56656249
    900.56656249
    900.52319074
    900.52319074
    900.79582653
    901.26476482
    901.88928770
    902.88486535
    902.87821665
    902.85426177
    902.85426177
    902.85426177
    901.69165620
    899.55046985
    899.16545469
    901.79800452
    902.49222129
    902.62532536
    902.75108392
    902.75108392
    902.58698311
    902.06773007
    902.06773007
    901.91621246
    903.17679995
    903.18487701
    903.16794413
    902.96815407
    902.38848304
    901.71946121
    902.63039649
    902.06400932
    900.18912429
    899.99518340
    899.99518340
    900.39313761
    900.78945496
    900.78945496
    898.67170598
    897.97953146
    897.97953146
    897.71049851
    897.71049851
    899.65697941
    898.27085851
    898.27085851
    898.27085851
    898.27085851
    900.75316317
    902.81977611
    902.88967673
    902.88967673
    902.52831412
    902.23768087
    902.23768087
    901.81926164
    901.81926164
    901.73317504
    902.28668005
    902.28668005
    901.96436012
    901.80195078
    901.80195078
    903.10066591
    903.10066591
    902.69502498
    900.54294969
    900.54294969
    901.22900909
    901.22900909
    898.88300930
    900.59843271
    901.27544110
    901.27544110
    901.27544110
    901.27544110
    897.56954192
    900.24022647
    900.24022647
    900.24022647
    900.24022647
    899.72395874
    900.27153562
    900.44828811
    901.31889816
    902.21750434
    902.21750434
    902.47958247
    902.11855480
    902.05986583
    902.73744453
    902.73744453
    903.04514016
    900.91783504
    900.91783504
    901.69094373
    899.86898595
    900.64083390
    901.80590815
    902.28874741
    903.26257605
    903.31466389
    903.06898396
    903.20352116
    903.34344554
    903.31235181
    903.33884903
    903.29965639
    903.29224182
    903.08512747
    902.94514132
    902.76378548
    902.94924699
    902.49129599
    902.49129599
    902.49129599
    902.90510472
    903.25127842
    903.37371012
    903.21996286
    903.34882204
    903.17158738
    903.17158738
    903.17158738
    903.14245751
    903.19457106
    902.78113792
    902.87813048
    902.47741407
    902.59535321
    902.43979157
    902.26284352
    902.49204215
    902.12860006
    902.65733921
    902.82650108
    902.98622604
    902.83643431
    902.63083226
    902.63083226
    902.63083226
    902.63083226
    901.06406885
    902.91627068
    902.91627068
    902.95650954
    902.95650954
    902.95650954
    903.34131953
    903.15845986
    903.01072593
    902.06954136
    902.06954136
    903.22637817
    902.66796729
    902.66796729
    902.80438580
    902.80438580
    903.02856122
    903.02856122
    903.01164669
    903.01164669
    903.21196868
    903.28571031
    903.28571031
    903.23289692
    902.67897261
    902.67897261
    902.67897261
    902.32483020
    902.01049419
    902.21296874
    903.16568745
    903.22196572
    903.37861812
    903.12974184
    903.14861511
    902.67584876
    902.03385031
    902.03385031
    902.03252945
    902.49995895
    902.85291685
    902.55353328
    901.39980568
    901.43296118
    901.44304880
    898.51107246
    898.51107246
    898.51107246
    898.51107246
    898.51107246
    897.01679387
    897.01679387
    900.94332576
    900.55669990
    900.55669990
    901.43503621
    900.63812737
    900.63812737
    900.73255251
    900.73255251
    902.71664700
    902.80268977
    902.72893990
    903.27549166
    903.27549166
    903.27549166
    903.25193704
    903.08325857
    902.98291049
    903.07019220
    902.44319821
    903.01585496
    903.11301300
    903.04447839
    903.19859009
    902.56756445
    902.46353251
    902.46353251
    902.46353251
    902.42698014
    902.42191664
    902.02391060
    902.02391060
    901.94090203
    901.83125474
    903.23864642
    903.23591713
    903.27556547
    903.27556547
    902.89918442
    903.35911298
    903.39895852
    903.16027491
    903.16027491
    901.12623554
    902.52406198
    902.52406198
    902.75600133
    902.96120090
    903.36434263
    903.21330515
    903.37516890
    903.36646649
    903.36646649
    903.22565455
    903.22356498
    901.90741955
    902.84897398
    902.84897398
    902.57279486
    902.34778136
    902.55968163
    900.79848235
    902.60203677
    903.36716023
    903.18583684
    903.09687543
    903.12316684
    902.91333925
    902.91333925
    902.34361584
    902.34361584
    902.34684921
    901.13875917
    900.42019893
    902.47154949
    902.79651052
    901.83350625
    902.45136868
    902.68117688
    902.42890230
    902.42890230
    902.42890230
    902.71619294
    903.27446170
    902.65538762
    902.65538762
    901.90068137
    901.90068137
    901.92796413
    901.47793689
    901.47793689
    899.48645113
    900.88976340
    900.88976340
    900.88976340
    900.88976340
    900.88976340
    900.04395998
    902.36923247
    902.36923247
    902.39059251
    902.39059251
    903.20104952
    903.10579980
    902.12630934
    901.92266451
    901.92266451
    901.72769524
    901.72769524
    901.72769524
    902.75624979
    902.75624979
    902.47792483
    902.47792483
    902.47792483
    902.50266952
    902.46719333
    902.46719333
    902.12864238
    902.12864238
    903.18917763
    903.10415174
    903.10415174
    902.65407769
    902.93378048
    902.93378048
    902.61045554
    902.61045554
    903.08787211
    903.08787211
    903.14737247
    902.79798967
    902.79798967
    903.27278541
    902.62039241
    902.54845629
    902.64988853
    902.64988853
    902.64988853
    901.35145253
    901.77857623
    902.16813413
    902.74940530
    902.82484291
    902.82404943
    902.82404943
    902.06286665
    902.18750127
    903.36441702
    903.37832228
    903.37832228
    903.40807633
    902.97979317
    902.97979317
    901.84151143
    902.11660276
    900.91242376
    901.54280593
    901.63353521
    902.15088375
    902.15089930
    902.86358798
    902.86358798
    902.86358798
    902.31221971
    901.70051135
    899.57219178
    899.34848356
    899.34848356
    899.34848356
    897.69318233
    897.69318233
    899.09962001
    899.38035368
    899.38035368
    900.35175473
    900.35175473
    901.68598510
    901.85962164
    901.79758759
    901.79758759
    901.79758759
    901.66960332
    901.46492755
    901.58875878
    901.61693299
    900.24070760
    900.24070760
    900.39865497
    901.29252382
    900.22680737
    900.29299057
    900.29016543
    900.29016543
    900.29016543
    900.29016543
    900.29016543
    900.33429858
    900.33429858
    899.81163272
    899.81163272
    899.81163272
    899.81163272
    899.81163272
    899.81163272
    899.81163272
    900.17190751
    900.17190751
    901.99761037
    901.87451594
    901.44397374
    901.95105132
    903.05260289
    903.05260289
    903.05260289
    903.32906512
    903.32906512
    903.32906512
    903.27059678
    903.27059678
    902.94907860
    903.21827640
    903.10162749
    903.03345428
    902.98590593
    903.26965505
    903.03128709
    901.22128098
    901.86531928
    901.86531928
    900.71717694
    900.01373259
    900.01373259
    901.78763565
    901.95852884
    902.00948748
    902.00948748
    903.03988424
    903.03988424
    903.03988424
    902.78224871
    903.11898331
    902.58199342
    902.58199342
    902.32552216
    902.76451757
    902.76451757
    901.77094605
    901.77094605
    903.23435464
    903.23435464
    901.32993123
    902.31847961
    901.91449336
    902.23132467
    902.09133551
    902.09133551
    902.09133551
    903.11794466
    903.29908491
    902.09035343
    902.09035343
    902.40993707
    901.83088967
    901.83088967
    903.20660760
    902.16008792
    901.27816104
    901.27816104
    902.73241700
    902.84552280
    903.37213880
    903.31721344
    903.32389072
    903.32389072
    903.31808628
    903.25849495
    903.25849495
    903.37112132
    903.18906794
    903.18043095
    903.18043095
    903.43695133
    903.43695133
    901.54562753
    901.54562753
    901.54562753
    901.54562753
    901.54562753
    902.45144413
    902.45144413
    902.75138793
    902.75138793
    902.45030707
    902.01130148
    902.01130148
    903.07541296
    903.07541296
    901.64991574
    900.96093217
    901.97970158
    902.38065993
    902.38065993
    902.38065993
    902.87622013
    902.93643930
    902.93895819
    902.93895819
    902.98751163
    903.31502523
    903.31325997
    903.19773565
    903.31360769
    903.40231294
    903.42415748
    903.42923205
    903.42511807
    903.40294655
    903.02706057
    903.38116048
    903.39940235
    903.14540838
    903.14540838
    903.14540838
    903.11368159
    902.72646299
    902.72646299
    903.04779619
    903.41622871
    903.44237101
    903.44237101
    903.44141061
    903.43050323
    903.19095307
    902.61075577
    902.61075577
    899.69908559
    899.69908559
    899.69908559
    899.69908559
    900.63081504
    900.63081504
    902.63885404
    903.10367500
    902.54810612
    903.10882060
    902.55052586
    903.11270566
    903.18502993
    903.18502993
    903.25057011
    902.99681767
    902.74537743
    903.22245184
    903.16100573
    903.08022316
    902.72067464
    902.06528507
    901.09583461
    901.09583461
    899.96861703
    900.74844476
    902.72832407
    903.41121521
    903.40462241
    903.41749982
    903.41749982
    903.39717691
    903.31032703
    903.31032703
    903.27697653
    903.28372882
    902.66226674
    902.65373025
    902.82402308
    902.78464849
    902.78464849
    902.78464849
    903.08444769
    902.55256752
    902.55256752
    902.28076341
    902.33172755
    902.61248256
    902.48089051
    902.44970099
    902.99701278
    902.99701278
    902.99701278
    903.21250257
    903.21700971
    903.21700971
    902.91630367
    902.91630367
    903.16580017
    903.07300130
    903.17619837
    903.19576831
    903.07495323
    903.07495323
    902.53923052
    902.15006885
    903.15065540
    902.30864760
    902.55103904
    902.76069017
    902.76069017
    902.76155200
    902.68463036
    902.68463036
    902.68246889
    902.68246889
    902.14669944
    902.14669944
    902.49275254
    901.51534253
    901.51534253
    901.51534253
    901.24996658
    901.24996658
    900.75262525
    900.75262525
    900.75262525
    900.75262525
    901.21781578
    902.53791935
    902.53791935
    902.53791935
    902.53791935
    902.14909187
    901.46966098
    902.21923920
    902.38018763
    902.20365059
    903.30754507
    903.30754507
    903.17555763
    903.17555763
    903.17555763
    903.17800952
    902.91084296
    902.96858866
    903.19178110
    903.19178110
    903.19178110
    903.19178110
    902.98761715
    902.98761715
    903.40427891
    902.83360325
    902.71957579
    902.85300727
    903.07169364
    903.07169364
    901.64794630
    900.93826531
    900.93826531
    900.93826531
    900.93826531
    900.93826531
    901.37605463
    901.66445546
    901.66445546
    902.63808259
    902.67283419
    903.32103807
    903.31611758
    903.32940900
    902.66850142
    902.22362146
    903.16312114
    903.16312114
    903.16312114
    903.37093128
    903.20030197
    902.61776791
    902.61776791
    902.23612682
    902.36167708
    901.82369031
    901.22816548
    901.86064743
    901.10941635
    901.10941635
    903.08094364
    903.19939551
    903.19939551
    903.17483188
    903.37584670
    903.40168523
    903.00185036
    902.29667039
    901.87431415
    901.81058159
    901.81058159
    902.27491647
    902.19993798
    902.37042206
    902.37042206
    902.30039362
    902.30039362
    902.30673141
    902.92877051
    903.14435269
    903.16959062
    902.24159515
    902.10854983
    901.87982397
    902.03284974
    902.03284974
    901.55279140
    901.22987235
    901.22987235
    901.22987235
    901.22465661
    902.24072861
    902.63949387
    902.28313492
    902.16157426
    903.03418376
    902.83496257
    902.82947202
    902.81414692
    902.49148056
    903.12846876
    903.12846876
    902.64235004
    902.25036188
    902.25036188
    902.25036188
    902.99482487
    903.34822642
    903.33667184
    903.34576880
    902.96044588
    903.26058107
    903.43559084
    902.56504095
    902.23666576
    902.22212462
    902.22212462
    902.22212462
    902.22212462
    902.82101303
    903.20469906
    903.11460748
    903.07983739
    903.23324615
    903.23324615
    903.17659286
    903.17659286
    903.14437058
    903.34460569
    903.33726274
    903.33726274
    903.35123326
    903.24316838
    902.43585035
    902.43585035
    902.64358159
    902.55995547
    903.02291335
    903.03116760
    903.28938030
    903.27746221
    903.24008266
    903.08051488
    903.13970719
    902.93083380
    902.86927184
    902.93640692
    903.22760695
    901.84618628
    901.84618628
    901.83759488
    902.64281066
    902.89491563
    902.91629677
    902.51417675
    903.33753145
    903.23951364
    903.23951364
    903.23519930
    903.06828848
    901.81622616
    901.78615272
    902.44480666
    901.86379942
    901.88856203
    900.77653782
    900.77653782
    900.77653782
    901.05910251
    901.05910251
    901.05910251
    900.29005563
    900.29005563
    900.44416149
    901.21062221
    902.33677140
    902.64116359
    903.18244054
    903.18412420
    903.16676949
    902.97129385
    903.00692983
    903.25562483
    903.25562483
    903.18811406
    903.18811406
    903.12817443
    903.12817443
    902.82418829
    903.09110725
    903.09110725
    903.41228184
    903.32471749
    903.31771463
    903.36254706
    903.36254706
    903.36254706
    903.39316339
    903.25733241
    903.24751644
    903.16092424
    902.64187691
    902.94866332
    902.96856133
    903.33393124
    903.25319747
    903.07993137
    902.53883373
    902.53883373
    902.56054044
    903.20050686
    903.19877802
    903.25654970
    903.22121174
    902.86022370
    902.80736757
    902.98263144
    903.33468148
    903.31909974
    903.16343239
    903.19532059
    903.32061878
    903.20197497
    903.32099055
    903.32099055
    903.21830792
    903.36531350
    903.23290272
    903.23290272
    903.30081060
    903.17623416
    903.39698393
    903.13066260
    903.03830613
    902.02962513
    902.02962513
    901.87365832
    902.56663054
    902.56663054
    903.08903969
    903.26390179
    903.26390179
    903.29345087
    903.29345087
    902.87359946
    902.87359946
    902.84036083
    901.79991661
    901.83158130
    901.83158130
    901.83158130
    900.83145355
    902.27938132
    902.41607473
    902.41607473
    902.41607473
    903.04450513
    902.92641467
    902.92641467
    903.11983613
    902.56845972
    902.43984704
    902.62246649
    902.42182722
    902.63002054
    903.02300864
    903.00254198
    902.02486420
    902.42604119
    901.34750810
    901.34750810
    902.73719965
    899.38969628
    899.38969628
    899.50993340
    901.08383520
    901.08383520
    901.08383520
    901.08383520
    899.81815942
    900.87401433
    900.19611659
    900.19611659
    900.19611659
    903.19611697
    903.19611697
    903.08081047
    900.74337247
    900.74337247
    900.74337247
    902.89334229
    901.92546442
    902.61987793
    902.79714270
    902.54525387
    899.83759917
    899.83759917
    902.52331997
    902.52331997
    902.83875240
    902.83875240
    903.41113143
    902.89324359
    902.97116750
    903.33343837
    903.16733374
    902.72738067
    902.72738067
    902.72738067
    902.76754544
    903.33635020
    903.33635020
    903.25408020
    902.97591333
    903.02792208
    902.39231523
    902.39231523
    902.39231523
    902.39231523
    902.40383519
    901.50586124
    898.11784388
    900.78094782
    900.78094782
    900.78094782
    900.78094782
    903.37429749
    903.13277163
    903.09430603
    903.39880283
    903.40367738
    903.43338460
    903.02763338
    903.28503522
    903.38521779
    903.34987846
    903.27552331
    903.04037757
    903.18674852
    902.60185936
    902.60185936
    902.70578208
    902.42291894
    902.64878316
    902.64878316
    902.64878316
    902.13208383
    902.13208383
    902.13208383
    901.64951321
    902.78520871
    902.78520871
    902.68107101
    903.12077656
    903.12077656
    903.12077656
    903.15323877
    903.14478302
    902.92806222
    903.25730893
    903.17932700
    903.22350670
    902.85505421
    902.85505421
    901.94201169
    902.27368324
    902.27368324
    902.08742132
    902.08742132
    902.08496373
    901.02446318
    901.02446318
    901.02446318
    901.02446318
    900.64157749
    901.19955907
    901.19955907
    902.78528364
    902.78528364
    902.78528364
    902.88977581
    902.39884341
    901.82225165
    901.82225165
    901.70044532
    901.70044532
    901.70044532
    901.70044532
    902.16572620
    903.09670432
    903.09670432
    903.07616955
    903.01866564
    902.91548319
    902.76328275
    902.76328275
    903.20840599
    903.20840599
    902.72061467
    902.72061467
    902.24006197
    902.20722272
    899.84577846
    901.19503251
    903.02656327
    903.02656327
    902.54657899
    902.47186062
    902.47186062
    901.15831538
    903.15394152
    903.03945890
    902.91787458
    902.91787458
    902.91787458
    902.58905858
    902.63271312
    902.63271312
    902.68871051
    902.62419512
    902.56118692
    902.75391496
    902.79195506
    902.51985290
    902.51985290
    902.51985290
    903.12290867
    903.12290867
    903.12290867
    903.16586976
    903.16586976
    903.11560277
    902.17672393
    900.27475266
    902.10323421
    901.95242415
    901.95242415
    901.95242415
    901.95242415
    901.93644511
    900.62742229
    900.62742229
    899.41024487
    899.41024487
    899.41024487
    901.70798727
    903.07205132
    903.07205132
    903.07151837
    903.07151837
    903.08759341
    902.97141961
    903.10320626
    903.10320626
    903.10320626
    903.10320626
    903.10320626
    903.22131368
    903.35974223
    903.37629441
    902.78899668
    903.22989826
    903.10956145
    903.10956145
    903.11429784
    902.60322755
    903.41708233
    903.40925688
    903.40648540
    903.30915445
    903.20543225
    902.25500358
    902.09930772
    902.29179486
    902.29179486
    902.52690135
    902.52690135
    902.52690135
    902.52690135
    902.45459137
    903.22478407
    903.17727517
    903.14236534
    903.17282239
    903.17282239
    902.94636444
    902.60075840
    903.02165948
    903.11046929
    903.12363348
    903.05956376
    903.27263609
    903.30049512
    903.31990565
    903.31990565
    903.31990565
    902.81830086
    902.65666142
    902.43381911
    902.75031985
    902.12027363
    902.12027363
    902.12027363
    902.54550063
    902.75911562
    902.03929473
    903.16575145
    903.20589345
    903.20589345
    903.20589345
    902.61918509
    902.61918509
    902.61918509
    902.20531417
    902.20531417
    902.20531417
    903.03809620
    903.03809620
    902.81855364
    903.16151072
    903.21443753
    902.23554261
    902.28725573
    902.28725573
    902.28725573
    902.28725573
    903.00257707
    903.00257707
    903.38463952
    903.42406323
    902.73784394
    902.73784394
    903.07141944
    902.98868434
    903.32422910
    903.32422910
    903.32422910
    903.32422910
    903.31083402
    901.77766307
    901.12570138
    901.12570138
    901.12570138
    901.12570138
    901.49204700
    902.71789031
    903.02367733
    903.02367733
    903.05206775
    903.17505506
    903.00880162
    903.00880162
    903.00880162
    902.40932262
    901.95534028
    901.67705771
    900.57035364
    903.43650141
    903.32342512
    902.96003971
    903.34691394
    902.80232103
    902.87694492
    902.93620207
    902.83928999
    901.93018948
    901.95769912
    902.18779686
    902.22289824
    901.69360369
    900.57731481
    900.57731481
    900.57731481
    900.57731481
    902.24911047
    902.24911047
    902.26868895
    902.66153733
    902.66153733
    902.66153733
    902.37673682
    902.76892155
    902.76892155
    903.08433219
    903.04076102
    902.97968564
    902.97968564
    902.72643645
    902.15739341
    901.70318589
    902.54848699
    902.74626545
    903.42302855
    903.20505418
    903.19168510
    903.26010479
    903.22522030
    903.26387550
    903.28243140
    903.40381537
    902.04506055
    902.04506055
    902.04506055
    902.54001642
    902.54001642
    902.90600696
    902.44615843
    902.28548755
    902.28548755
    902.28548755
    900.86265378
    902.28665127
    902.21533944
    901.47978670
    901.47978670
    901.47978670
    901.47978670
    901.47978670
    902.03082534
    902.43957876
    902.91553489
    902.91488636
    902.98842540
    903.19184661
    903.28278991
    903.28176228
    901.74596564
    901.22840862
    901.22840862
    901.22840862
    901.25106005
    902.98834669
    903.00476364
    903.39782207
    903.39782207
    902.86557533
    902.86557533
    902.24726055
    902.36745790
    902.61512613
    902.57199901
    901.94577124
    901.94577124
    901.94577124
    902.76349647
    902.49259541
    902.51182024
    902.51182024
    903.12051341
    902.94968745
    902.57301465
    903.31587094
    903.37044829
    903.37432479
    902.07134799
    902.64792399
    902.54675875
    901.69694912
    901.69694912
    901.69694912
    902.13173697
    902.04331939
    901.60797178
    900.86185169
    901.16677666
    901.16677666
    901.18578728
    901.33448807
    902.52761813
    902.56869779
    902.57732401
    902.95786137
    902.72994993
    902.72994993
    903.33248528
    903.33239905
    903.33239905
    902.95155528
    902.96552872
    902.64089997
    902.30422593
    902.30422593
    902.30422593
    902.35873585
    902.35873585
    902.35873585
    901.78771489
    901.90464071
    900.34062872
    900.31259767
    900.20680223
    900.20680223
    900.20680223
    900.62910027
    898.34353309
    900.93198504
    901.85100064
    902.81941454
    902.78018289
    903.21896940
    899.87513061
    902.00287039
    902.77066729
    902.77066729
    902.96210518
    903.03336999
    902.99265310
    903.26304920
    903.07848599
    902.56344302
    901.97742025
    901.73797083
    902.66084957
    903.12978607
    903.12978607
    901.79814628
    901.72622604
    901.72622604
    900.82463987
    900.82463987
    901.31758328
    899.52862708
    899.27796154
    900.33512355
    900.54252986
    900.54252986
    901.19650487
    901.19650487
    901.19650487
    901.78986058
    902.65247519
    902.36869307
    902.36869307
    902.43019254
    902.94550602
    903.10335060
    903.15184185
    903.14436788
    903.10537579
    902.99619010
    902.83478189
    902.90759685
    902.48582919
    902.46279327
    902.55406492
    902.53418438
    903.32520735
    903.32520735
    903.36987583
    903.36987583
    903.07659050
    903.18843174
    902.94197410
    902.92616802
    902.78735886
    902.78735886
    902.88539081
    901.63331873
    901.63331873
    901.61599763
    902.79044364
    902.74888641
    902.06929417
    903.34437008
    903.34511358
    903.32564019
    902.96494067
    902.93283963
    902.79505282
    902.79505282
    903.43686659
    902.72023494
    903.01752276
    903.06426529
    903.06426529
    903.06426529
    903.15341112
    903.27273434
    903.27273434
    903.34514009
    903.41679395
    903.25524769
    903.29760454
    903.33650125
    903.38752771
    901.74748480
    901.34203560
    901.34203560
    901.34203560
    901.34203560
    901.34203560
    901.34203560
    901.42417600
    901.29373251
    901.29373251
    901.29373251
    902.70202897
    902.98127416
    903.00982836
    903.00982836
    903.00982836
    902.58633292
    903.01128673
    902.79908856
    903.20970521
    903.20970521
    903.32292668
    903.30563022
    903.05757853
    902.82992571
    901.94571858
    903.36660858
    903.22555423
    901.93404134
    901.93404134
    901.81071403
    901.81071403
    902.32479490
    902.27846578
    901.90194594
    901.90194594
    901.90194594
    903.00122220
    902.96310149
    903.00968520
    903.30344303
    902.46713781
    902.46007921
    903.24514640
    903.24514640
    902.84961458
    902.96667106
    902.44228614
    902.44228614
    902.81741806
    902.99013174
    903.36747669
    903.36563307
    903.00418208
    903.05138517
    903.44292957
    903.39208927
    903.43155029
    903.40110515
    903.29942119
    902.87176973
    902.87176973
    903.27991375
    903.09049218
    903.24536097
    903.12379790
    903.03354372
    903.07312025
    903.07312025
    901.52288175
    901.52288175
    900.44233635
    901.26372985
    901.10602193
    901.92632707
    902.60022091
    902.81690175
    903.28913404
    903.20126901
    903.04540053
    902.09264861
    900.95187833
    900.95187833
    900.95187833
    900.95187833
    900.95187833
    900.95187833
    900.95187833
    901.51475063
    901.51475063
    901.51475063
    901.61097858
    901.61097858
    903.07424078
    902.84389096
    902.61977378
    902.94808602
    902.15362597
    902.15362597
    901.59722539
    902.30857269
    902.84224265
    902.88888527
    902.54594702
    902.66233773
    902.48985909
    902.48985909
    902.19102265
    901.63061690
    901.63061690
    901.63061690
    901.93058922
    901.93058922
    903.19972699
    903.12984603
    903.24503715
    903.42191939
    903.42477649
    902.49330447
    902.51695985
    903.07030146
    903.22784891
    903.38493501
    903.38493501
    902.83215012
    903.24105478
    903.24105478
    903.24105478
    903.24105478
    903.24105478
    903.38118490
    903.40322718
    902.63410974
    902.63213511
    902.97964107
    902.85466000
    902.84436295
    903.09487088
    903.04676786
    903.13105782
    903.09037887
    903.17527234
    903.17527234
    903.25584035
    903.25584035
    903.04621444
    903.05613334
    903.17959230
    903.00684282
    903.01779225
    903.01779225
    902.56840105
    901.80732777
    902.41285086
    902.58738024
    901.78803127
    903.06207114
    903.03256578
    902.94587482
    903.00179686
    902.93318370
    902.93484188
    902.93484188
    902.93484188
    902.93484188
    901.88948683
    901.88948683
    901.88948683
    902.11459538
    901.31193104
    902.48480996
    902.48480996
    899.52240993
    899.52240993
    899.95092303
    899.58432725
    902.06655457
    902.06655457
    902.04156255
    902.11036005
    902.57243090
    902.13119802
    902.13119802
    902.97127814
    902.13993155
    901.83672228
    901.83672228
    902.21157522
    902.55082685
    902.55082685
    902.55082685
    902.55082685
    902.55082685
    902.45240763
    902.45240763
    902.99811014
    902.42077219
    902.42077219
    902.32832983
    902.32832983
    902.32832983
    902.44595372
    902.75037335
    902.77191232
    902.77191232
    902.92086350
    902.96329698
    902.88620894
    902.88620894
    903.23392274
    903.14156209
    903.44038337
    903.44295541
    903.39762234
    902.88536427
    902.96072404
    902.61934548
    903.32427115
    903.32357710
    903.25612583
    903.30964306
    901.36989607
    901.36989607
    901.36989607
    902.08868740
    903.43151284
    903.29206631
    903.27767808
    903.40023294
    903.14676418
    903.25551744
    903.25551744
    903.25551744
    903.43253596
    903.25298951
    903.25298951
    902.80437646
    902.76057774
    903.27481108
    903.24938946
    903.20509304
    903.14529614
    903.14529614
    903.10881301
    903.04652057
    903.00440457
    902.78017513
    902.62173906
    902.74816124
    902.74816124
    902.05264631
    902.70254120
    902.70254120
    902.87481856
    903.00974541
    903.00974541
    903.19027534
    903.06416244
    903.06416244
    903.05788474
    903.08248662
    903.11488009
    903.11488009
    903.01809134
    903.06310725
    903.01779931
    902.82456521
    902.82456521
    900.34998724
    900.34998724
    901.84080474
    902.01245304
    902.72846873
    901.29130886
    901.78824277
    902.71826589
    903.25684906
    902.71166803
    902.75433585
    902.75433585
    902.75938144
    903.38579636
    902.97133635
    902.97133635
    902.80268934
    902.80268934
    902.73368251
    902.69672215
    902.69672215
    903.03777838
    903.20476052
    903.31457300
    903.29826506
    903.29331907
    903.04244770
    903.04244770
    903.03128035
    903.03128035
    903.28399485
    903.28399485
    903.02384547
    903.02384547
    903.02384547
    902.83050143
    902.71904431
    903.13161475
    903.13161475
    903.38971747
    903.42796577
    903.42796577
    903.13182531
    902.84300418
    902.34451831
    902.34260888
    902.83637825
    902.84112085
    902.73603298
    902.73603298
    902.69874837
    902.64047140
    902.83894719
    901.90157102
    902.93502506
    903.09362528
    902.86840992
    902.39409830
    902.39409830
    902.47634381
    902.47634381
    902.47634381
    902.50082145
    901.69533852
    901.92992213
    901.59031287
    900.79828540
    901.05882320
    900.45455161
    902.16816341
    900.82386244
    900.82386244
    900.82386244
    900.82386244
    900.29415265
    900.27924491
    900.86775626
    900.86775626
    899.96609565
    899.96609565
    899.96609565
    899.96609565
    899.96609565
    902.13964861
    902.13964861
    902.23425772
    902.70016217
    902.37283300
    902.37283300
    902.01418469
    902.77684658
    902.77684658
    903.00773333
    903.14437272
    903.14437272
    902.86324587
    902.86324587
    903.38261334
    902.33675495
    902.50954890
    901.27659507
    901.27659507
    901.27659507
    902.23035667
    902.23035667
    900.84076082
    900.37206963
    901.50170679
    901.61094388
    901.61094388
    902.27888927
    902.81869740
    902.70995872
    902.76921654
    902.76921654
    902.77777495
    902.95542495
    902.76555450
    903.33133706
    902.90932925
    902.17080134
    902.17080134
    902.59472856
    902.08580666
    900.88731131
    899.50288810
    899.83032577
    899.67872129
    899.67872129
    899.67872129
    897.30269822
    897.85733346
    899.82656316
    900.88046465
    901.54769501
    901.54769501
    902.18296090
    902.72621129
    902.72621129
    902.72621129
    902.72621129
    902.47774604
    901.80569757
    902.69175082
    902.69175082
    902.69175082
    903.03159008
    902.78545918
    902.61229257
    902.49812744
    902.47137050
    902.76864721
    900.92765304
    900.92765304
    900.28998262
    900.28998262
    903.05931277
    903.22092125
    902.97093715
    902.92927468
    902.92927468
    902.85030717
    902.80818936
    902.89987153
    902.89987153
    903.14150375
    903.19346612
    903.19346612
    902.49826211
    902.49826211
    902.00640922
    902.00640922
    902.31183387
    902.31183387
    902.15155626
    902.15155626
    902.10039809
    902.10039809
    901.84137685
    902.43117108
    902.09770095
    902.09770095
    902.09770095
    902.09770095
    901.87253596
    901.71340206
    900.00492652
    903.30591830
    903.28397678
    903.28494749
    903.02432124
    903.03915015
    903.09143695
    903.08971366
    902.10011692
    903.15521096
    903.19850961
    902.78909244
    902.76367998
    902.72238486
    903.21999970
    903.26288366
    903.19562780
    903.23792478
    903.33597418
    903.32430622
    903.24742941
    900.66305475
    900.34962981
    899.59408047
    899.03589870
    898.57942364
    898.57942364
    898.57942364
    900.77212308
    900.50125980
    900.50125980
    900.50125980
    900.55411496
    902.29576078
    902.29576078
    902.46702977
    901.90242696
    901.90242696
    901.90242696
    902.47123813
    902.67627458
    903.03446358
    903.26457031
    903.25676861
    903.11441754
    902.39655908
    902.39655908
    903.18869083
    902.98291026
    902.33125366
    901.21422432
    899.66097546
    899.66097546
    900.71267170
    900.71267170
    900.71267170
    900.71267170
    901.86824095
    902.19359731
    901.81760110
    903.13834618
    903.01648100
    903.01648100
    903.30583370
    903.33907531
    903.33048316
    903.42263250
    903.26075930
    903.35528928
    903.35528928
    903.39484820
    903.03709305
    903.19807681
    903.22633772
    902.28860731
    902.48621698
    902.11489541
    903.34184717
    903.34184717
    903.22034032
    903.22034032
    902.87211743
    902.95488131
    903.30614657
    903.10971431
    903.16578207
    903.06091909
    903.22341934
    903.20127868
    903.13161791
    902.58305489
    900.65570550
    900.65570550
    900.65570550
    900.89424122
    902.87654540
    902.55454894
    902.82071365
    899.73785691
    899.73785691
    899.73785691
    899.73785691
    899.73785691
    902.29452997
    902.54558652
    902.54558652
    902.65749952
    902.94859512
    902.55035459
    902.52670688
    902.99332769
    902.99332769
    903.10813628
    903.18540230
    902.85864889
    902.98933805
    902.98933805
    902.98933805
    902.68184279
    901.87858987
    901.87858987
    902.09465700
    902.25536513
    902.05148841
    901.00913538
    901.00913538
    901.29891920
    901.29891920
    901.16489694
    901.16489694
    900.90876171
    899.15245499
    900.45504169
    901.27172826
    901.27172826
    901.27446951
    901.27446951
    901.27446951
    902.89731386
    902.38227047
    902.50461783
    900.78581599
    900.78581599
    903.14281462
    903.06716923
    903.06575939
    903.42520603
    903.42520603
    902.78188009
    902.78188009
    903.03976325
    903.42314307
    903.33187482
    903.36566228
    902.94468162
    903.43049303
    903.43049303
    903.36958584
    903.28764266
    903.28764266
    902.98784260
    902.98784260
    902.98784260
    902.21185349
    902.21185349
    902.21185349
    902.34164740
    901.94564617
    901.94564617
    901.94564617
    901.44981626
    902.85825814
    902.32131438
    902.42227146
    902.49728339
    902.55542846
    902.55542846
    902.37670182
    902.94657262
    902.20955924
    902.17060124
    902.17060124
    899.78825488
    899.78825488
    899.78825488
    899.78825488
    899.79507440
    901.69889418
    901.69889418
    902.30004069
    902.30004069
    902.36024165
    902.54565197
    902.54266175
    902.14613390
    901.26259344
    901.26259344
    901.12415872
    901.12415872
    902.27394380
    903.19566421
    903.19566421
    903.09767310
    902.61681326
    902.61681326
    902.62604193
    902.62604193
    902.62123041
    902.46292060
    902.46292060
    902.46292060
    902.46292060
    902.51832548
    902.61586927
    902.61586927
    902.61586927
    902.35685546
    902.42142271
    902.04493894
    901.96349147
    901.96349147
    903.22172414
    903.33796634
    903.36917059
    902.14454563
    902.36041910
    902.36041910
    902.91979211
    902.91979211
    903.36452472
    903.38785330
    903.41133755
    903.41133755
    903.31146591
    903.37351392
    903.38690078
    903.39172095
    903.35978720
    903.35978720
    903.32962894
    903.32962894
    903.43379608
    903.43789050
    903.22571740
    903.35616839
    903.34801558
    902.96711311
    902.95436908
    903.30181614
    903.00963300
    903.06470161
    903.03702976
    902.41091182
    902.41091182
    902.10431026
    902.70932842
    903.35984767
    903.35887180
    903.22880049
    903.16769563
    903.30977208
    903.39154036
    903.35213143
    903.41374700
    903.41813400
    903.41813400
    903.26041738
    902.92818552
    902.97613971
    902.95962978
    903.24282468
    902.89990338
    903.24987998
    903.42569089
    902.96260650
    902.84057593
    901.07306739
    900.81861170
    900.81861170
    901.72829253
    901.72829253
    901.72829253
    901.72829253
    900.10665408
    899.90752951
    899.49273026
    899.49273026
    900.75056429
    900.75056429
    900.75056429
    900.75056429
    898.39058337
    899.20277823
    898.78491218
    900.34454314
    900.34454314
    900.39702057
    900.39702057
    899.79720319
    899.79720319
    899.79720319
    900.64509925
    901.16274770
    901.39352217
    902.00274704
    903.13587549
    902.84699498
    903.08048080
    903.31792785
    903.31792785
    903.31792785
    903.13917141
    903.08058873
    903.04506249
    903.04506249
    903.04506249
    903.08795230
    902.36945101
    902.39087953
    902.39087953
    902.51344398
    902.21245020
    902.21245020
    902.21245020
    902.21245020
    902.24908814
    902.94175081
    902.94175081
    902.90646131
    902.95228331
    903.01800019
    903.00341175
    903.00341175
    903.01997470
    902.92046599
    902.69629344
    902.92286094
    902.96077047
    902.73062646
    902.55422399
    902.54447097
    902.54447097
    902.39727384
    902.64393492
    902.64393492
    903.05564847
    902.85344185
    902.91382963
    902.79962038
    902.79962038
    902.79962038
    902.71267590
    901.24273613
    899.84240049
    899.84240049
    900.83978317
    900.39249128
    901.44375535
    900.86122796
    900.86122796
    900.86122796
    900.86122796
    900.86122796
    900.81058824
    899.27846214
    901.22036539
    902.21830694
    902.21830694
    902.20514617
    902.56971667
    903.04636182
    903.36930259
    903.31721773
    903.24767358
    903.22906887
    903.24401407
    903.26503832
    902.61686805
    901.20552391
    902.58669813
    903.01695579
    902.79193724
    902.79193724
    902.79193724
    900.79472167
    900.79472167
    900.79472167
    900.79472167
    900.79472167
    901.76083160
    902.50667816
    901.95959208
    901.50203466
    902.51226597
    902.51996988
    902.42988421
    902.43161369
    902.45888896
    903.20240753
    903.20240753
    903.20240753
    903.21322168
    903.31180435
    903.31180435
    903.31737863
    903.30031363
    903.15837106
    902.75776566
    902.95461216
    902.86367319
    903.02900876
    903.21307584
    902.49052945
    902.49052945
    902.99491156
    902.57908174
    902.57908174
    902.61803471
    902.09106332
    901.38372875
    901.38372875
    901.22281510
    901.22281510
    901.22281510
    901.22281510
    901.55652228
    902.10283751
    902.10283751
    902.10283751
    901.79740260
    901.47991116
    901.81565068
    901.98787743
    902.05753752
    901.77881231
    902.43419501
    902.66713447
    902.76738668
    902.00249337
    901.78423657
    902.11071837
    902.11334247
    902.11334247
    902.11334247
    902.11334247
    902.25549257
    901.96165007
    902.19519736
    902.19519736
    903.23020428
    902.96029419
    902.95649332
    902.77134180
    903.09686174
    903.09686174
    903.17573770
    903.17573770
    903.11847173
    903.12602675
    903.12602675
    903.12602675
    903.10944885
    902.50053806
    902.50053806
    903.36166008
    903.36696523
    903.23165783
    903.23165783
    903.28715824
    903.37288071
    903.37288071
    903.18136822
    903.21131658
    903.21131658
    903.21131658
    903.21131658
    903.29102611
    903.29102611
    903.34173850
    903.34173850
    903.17037981
    903.43837995
    903.42887828
    903.42887828
    903.43984626
    903.38311664
    901.83663581
    900.60199795
    900.60199795
    900.60199795
    903.26052986
    903.26052986
    903.26052986
    903.25677779
    903.18761867
    903.39363879
    903.39363879
    903.40979020
    903.16794952
    902.79250472
    902.77151061
    901.21776889
    901.21776889
    903.13501289
    902.75034690
    902.77257652
    902.98487279
    902.32685281
    902.32685281
    902.51710306
    902.41152530
    901.12322491
    901.12322491
    902.16711125
    902.16711125
    902.16711125
    899.77604355
    899.77604355
    902.22793989
    902.05755876
    902.05755876
    903.04244106
    903.42784784
    903.34302527
    903.34302527
    903.34302527
    903.04899382
    903.40739779
    903.40739779
    903.15938702
    903.35555074
    903.28537050
    903.24723584
    902.89486988
    903.43767191
    903.17269331
    903.04978439
    903.04978439
    903.04978439
    903.04941672
    903.04941672
    903.08620390
    903.12151700
    903.12151700
    903.31037204
    903.31216204
    903.42376215
    903.42732306
    903.43050134
    903.43901898
    903.34249140
    903.21688192
    902.89923130
    902.54690632
    902.30507908
    900.64812153
    898.10696919
    898.10696919
    901.15159172
    902.39800222
    901.39609898
    902.64980928
    902.42250118
    902.42250118
    902.24198343
    902.59248445
    903.05921485
    903.26361588
    902.60165437
    902.60165437
    902.60165437
    901.33676801
    901.33676801
    901.33676801
    901.55694929
    903.31390509
    903.31390509
    902.70606537
    902.74407824
    903.07638527
    903.00326155
    903.00326155
    902.51514542
    902.72403107
    902.74352481
    902.48488304
    902.48488304
    902.33337036
    902.33337036
    902.37524352
    902.33847080
    902.66560780
    902.59134871
    902.59134871
    902.78697446
    902.78272009
    902.57047785
    902.21504451
    901.87954082
    902.26468424
    902.93399078
    902.93399078
    902.96826270
    902.96388549
    902.83984137
    902.50442952
    902.65248375
    902.12655747
    902.74622264
    902.99405243
    903.28051404
    903.38171729
    903.42468491
    902.76776686
    902.76776686
    902.76776686
    903.10081360
    903.10419515
    903.10419515
    903.22931111
    903.33696248
    903.24353910
    902.86486771
    902.86486771
    902.96591593
    902.97035297
    902.97179198
    903.02623205
    903.24807373
    903.39783298
    903.40628234
    902.61594129
    903.09526759
    902.55350866
    903.24442257
    903.30745347
    903.35630067
    903.31303918
    903.06077649
    903.23300731
    903.18307200
    902.07408781
    902.67357868
    902.98012812
    903.24832143
    903.18779615
    903.33854166
    902.91868082
    902.92948414
    902.92809282
    903.42513357
    902.96813598
    902.74389934
    902.88649784
    902.58056580
    902.58056580
    902.58056580
    902.35988898
    903.16635125
    903.33313335
    903.08832350
    901.60682749
    901.99611468
    901.99611468
    901.26594329
    901.26594329
    900.44697233
    900.44697233
    900.96510913
    899.94799778
    900.02103091
