    111.35307561
    111.69673410
    111.84000207
    111.79755704
    111.62558149
    111.17994709
    111.17994709
    111.17994709
    111.18846931
    111.28482008
    111.44895938
    111.76809819
    111.02028001
    111.66600297
    111.40161894
    111.64424902
    110.94655883
    110.94655883
    110.21099452
    110.21099452
    110.21099452
    110.21099452
    110.21099452
    111.38942868
    110.89596869
    110.91917180
    111.87511007
    111.87511007
    110.66875480
    110.66875480
    110.32424472
    111.37260151
    110.64667395
    110.64667395
    111.12641505
    111.12641505
    111.12641505
    111.12641505
    111.12641505
    111.12641505
    111.24087744
    111.24087744
    111.24087744
    111.24087744
    111.24087744
    111.73329951
    111.73329951
    111.73329951
    111.84614037
    112.01545485
    111.08673998
    111.08673998
    111.08673998
    110.97777671
    110.97777671
    110.89148791
    111.31162428
    111.16895527
    110.69699386
    109.97150794
    111.12944694
    109.72024518
    110.13185204
    110.13185204
    108.18942892
    109.67591393
    109.87983307
    107.62656185
    107.62656185
    107.62656185
    107.62656185
    107.62656185
    108.61276889
    108.03336227
    108.52971461
    108.52971461
    109.09387960
    108.83153401
    108.83153401
    108.83153401
    107.38775482
    107.38775482
    107.27794092
    107.27794092
    107.71865757
    108.13178217
    108.27754783
    110.02331200
    110.02331200
    109.91294300
    110.24164423
    110.52744123
    111.31225011
    111.32359224
    111.45906460
    111.40426032
    111.73722477
    111.73722477
    111.64478134
    111.46485928
    110.52943497
    110.52943497
    110.70938251
    110.70938251
    110.79087096
    110.45194471
    110.45194471
    109.47234330
    110.07278895
    110.07278895
    110.29137076
    110.40767886
    111.48590052
    111.59398863
    111.76722790
    111.45092212
    111.41359346
    111.34228365
    111.63677389
    111.85243507
    111.65729439
    110.59053353
    110.59053353
    110.75038250
    111.19258891
    111.19258891
    110.67369507
    110.67369507
    110.57128219
    110.57128219
    111.43427997
    111.95534377
    111.98436518
    111.96254887
    112.02417046
    111.92894244
    111.94571251
    111.77657243
    111.77657243
    112.01137159
    112.02424023
    111.89795566
    111.89795566
    111.95152849
    111.95152849
    111.86337034
    111.81466443
    111.44334310
    111.44334310
    111.44334310
    111.63051618
    111.91299457
    111.91299457
    111.96602703
    111.89354915
    111.89354915
    111.86336578
    112.03350870
    111.90853010
    111.90853010
    111.90853010
    110.33295487
    109.52174131
    109.37151008
    109.37151008
    110.95483234
    111.91825961
    111.39011826
    111.87689008
    111.93630524
    111.93630524
    111.93630524
    111.93630524
    111.76596882
    111.83013679
    111.99214678
    111.74150595
    111.89009667
    111.70114945
    111.89176730
    111.89176730
    111.53022771
    111.94618906
    111.91523959
    111.91523959
    112.02170208
    112.02170208
    112.01113819
    111.83693835
    111.76933832
    111.76933832
    111.48731409
    111.49839912
    111.49926817
    111.49926817
    108.76188121
    109.31980823
    109.31980823
    109.31980823
    109.31980823
    111.14732444
    111.14732444
    111.71534424
    111.71534424
    111.71534424
    111.14626024
    111.14626024
    111.47694666
    111.76766425
    111.75929681
    111.34308992
    111.34308992
    111.72977463
    111.28198473
    111.28198473
    111.28198473
    111.56223838
    111.56223838
    110.84763579
    110.84763579
    110.53367115
    110.79319308
    110.79319308
    111.28259885
    110.89065872
    110.89065872
    110.87961380
    109.25130964
    110.37953606
    110.55181136
    110.55181136
    111.17458910
    110.95877867
    111.75952905
    111.61636195
    111.13619944
    111.09101760
    111.09101760
    109.96034192
    111.18879311
    111.18879311
    111.64283002
    111.43457563
    111.43457563
    111.46244587
    111.46244587
    111.13768949
    111.37981521
    111.76328919
    111.91855642
    111.94243696
    110.66236487
    111.88956197
    111.96373063
    110.96103902
    110.96103902
    112.02802200
    111.34199769
    111.22105603
    111.10964113
    111.10964113
    111.28427872
    110.71081192
    110.40087477
    110.40087477
    110.94309720
    108.39877250
    107.92084082
    107.92084082
    107.92084082
    109.86701427
    111.36594630
    110.92826356
    111.63966949
    110.29163621
    110.29163621
    110.82089109
    110.82089109
    110.94973516
    110.89223798
    110.89223798
    110.32924755
    111.90972118
    111.90972118
    111.90972118
    111.67130739
    111.73177183
    111.73517153
    111.19394063
    111.72144580
    111.53657889
    110.93601947
    110.48624823
    110.57916710
    110.03055063
    109.85535548
    110.05290115
    110.37409031
    110.37409031
    110.37409031
    111.17306973
    111.36512797
    111.40449444
    111.40449444
    111.61047172
    110.62521810
    110.62521810
    111.43004719
    111.78317300
    111.76451511
    111.71120544
    111.58636779
    111.62148035
    111.79571500
    111.58458859
    111.96782135
    111.96782135
    111.96108500
    111.80490754
    111.38491263
    111.22700372
    111.26735696
    111.26579831
    111.26687291
    111.24841049
    111.53542972
    111.53205874
    111.11198386
    111.27215950
    111.38567577
    111.45654431
    111.45654431
    111.45654431
    111.32565454
    111.24837396
    110.64214981
    111.13694514
    111.01830684
    111.18424802
    111.26899485
    111.64662004
    111.70423308
    111.26731878
    111.26731878
    111.59293433
    111.97885776
    111.97885776
    112.03394741
    111.82719943
    111.72750367
    112.03107599
    111.54046822
    111.45829582
    110.98853350
    111.10967320
    111.10967320
    110.58464371
    110.87538856
    110.33057650
    109.41726349
    109.75325389
    110.67271511
    110.70237296
    109.69493060
    109.78244374
    108.87272680
    111.45090102
    111.99386123
    111.51207636
    111.81786354
    111.81786354
    111.82229208
    111.65872908
    110.79541934
    111.51595450
    111.51595450
    111.04236287
    111.04236287
    111.55430678
    110.94450517
    111.53544715
    111.53544715
    111.67495240
    111.89822997
    111.65221051
    111.88103375
    111.88103375
    111.61221166
    111.25212630
    111.25212630
    111.25212630
    111.01498423
    111.01498423
    111.04462488
    111.42926225
    111.31628907
    111.40782198
    111.40782198
    111.30483440
    111.30483440
    108.92453213
    109.61871510
    109.90672602
    109.90672602
    109.70061733
    108.91036872
    108.91036872
    108.68712399
    108.68712399
    109.84979225
    109.84979225
    109.85140177
    110.24732409
    110.24732409
    110.87604246
    110.77888051
    110.77840963
    109.97362391
    109.29618115
    109.29618115
    110.94020044
    110.94020044
    110.94020044
    110.92074514
    110.90653342
    109.99102772
    111.19687952
    111.35981120
    111.00021578
    110.98611875
    110.84940312
    111.29910169
    111.07967703
    111.02910979
    110.12171211
    109.97818856
    109.97818856
    110.75147912
    110.22081359
    110.22081359
    110.33492484
    108.18440373
    109.64780754
    109.64780754
    110.14528069
    110.14528069
    110.14528069
    110.51004678
    110.51004678
    110.51004678
    111.51377775
    111.46178706
    110.75380265
    111.42569658
    111.42668187
    110.84989240
    109.94627290
    109.94627290
    109.89212551
    109.89212551
    109.31115525
    109.31115525
    110.15476627
    109.84305919
    110.93938137
    110.93938137
    110.64217546
    108.76503889
    110.96515415
    110.68048643
    110.72562065
    110.43678566
    110.43678566
    111.70281857
    111.29135859
    111.55923514
    111.58760026
    111.58760026
    111.21895723
    111.65614626
    111.76101656
    111.76101656
    111.82121431
    111.82121431
    111.82121431
    111.81620761
    111.81620761
    112.01067491
    111.95743773
    111.95743773
    111.68770396
    111.68770396
    111.68770396
    111.74816357
    111.74816357
    111.96753663
    111.96753663
    110.17060459
    111.50845271
    111.39205924
    111.83485629
    111.67010934
    111.67010934
    111.67032980
    111.61891095
    111.61319638
    111.93142930
    111.90113753
    111.35737942
    111.35737942
    109.65082247
    109.65082247
    110.87141802
    110.87141802
    110.87141802
    111.32072388
    111.26531933
    109.30849486
    110.08594265
    110.24257908
    110.45992529
    110.32259548
    110.32259548
    110.22492173
    110.22492173
    111.04278380
    110.96649617
    110.96649617
    111.37898932
    108.99801823
    109.56152067
    111.83507324
    111.71320749
    111.87589858
    111.54994516
    111.44193891
    111.44193891
    111.38608021
    111.28000892
    110.23312166
    108.99645102
    109.24956769
    110.31526194
    110.76649058
    111.01417935
    110.12580105
    110.16981144
    110.13855440
    110.14847265
    110.14847265
    111.99539706
    111.99539706
    111.81636554
    111.82406711
    111.99508043
    111.44095880
    111.75348518
    111.66760314
    111.93927012
    111.98846441
    111.98846441
    111.87624151
    112.02619856
    111.91474376
    110.99015124
    111.15122575
    111.14908825
    110.36979206
    110.53679863
    111.00607738
    110.98963791
    110.87929114
    110.87929114
    111.55173070
    112.00892533
    111.94748513
    111.77467035
    111.81022845
    111.87297805
    112.02171358
    111.75363941
    111.71850027
    111.71850027
    111.71850027
    111.69269051
    111.69269051
    111.66939399
    111.48671633
    111.63791925
    111.63791925
    111.63791925
    111.63791925
    111.63791925
    111.63791925
    111.63791925
    111.63173278
    111.69969777
    111.71866756
    111.50745548
    111.51979428
    110.45447167
    110.20014154
    111.40067529
    111.40067529
    111.09235342
    109.44891640
    109.15438382
    108.76380852
    108.76380852
    108.15570410
    108.15570410
    110.51647342
    110.51647342
    110.86810835
    110.86810835
    111.03000360
    111.03000360
    111.03000360
    111.48255825
    111.12476981
    111.12476981
    111.12476981
    111.39442206
    111.39442206
    110.81429018
    110.81429018
    111.24363184
    111.24363184
    110.97041508
    110.97041508
    110.97041508
    111.87199823
    111.93963219
    111.85358601
    111.67986726
    111.67986726
    111.67651406
    111.41689755
    111.48338214
    111.53311152
    111.53311152
    111.46279781
    111.46279781
    111.46423775
    111.46423775
    111.11807628
    110.81231128
    111.22734236
    111.33253031
    111.69279058
    111.87534099
    111.87534099
    111.91052464
    111.94285027
    111.94285027
    111.32212241
    111.32212241
    111.36532642
    111.36532642
    111.20875498
    111.38572058
    111.38572058
    112.03086485
    111.32074453
    111.26157714
    111.17928197
    110.42656620
    110.42656620
    110.51963132
    111.08977412
    111.08977412
    111.11394709
    111.88584548
    111.87513538
    111.87513538
    111.81678783
    111.98289457
    111.83813801
    111.68508217
    111.70025279
    111.62521640
    111.62521640
    111.68321621
    111.59286443
    111.59286443
    111.58546843
    111.83825419
    111.86645111
    111.86645111
    110.93133832
    110.89349550
    110.89349550
    108.99623795
    108.99623795
    108.99623795
    110.36566226
    110.36566226
    111.40522715
    111.68478216
    111.67266682
    111.41158979
    111.41158979
    111.94646671
    111.94646671
    111.94646671
    111.95499980
    111.73112506
    111.73112506
    111.68753731
    111.68753731
    110.88577044
    110.72145024
    110.72145024
    111.49960658
    111.49960658
    111.34048093
    111.57187716
    111.99637921
    111.99637921
    111.77394002
    111.70492923
    111.70492923
    111.70937437
    111.70937437
    110.13122051
    109.99948402
    110.81078298
    110.81078298
    110.48214681
    109.82240119
    111.45089238
    111.45089238
    111.45089238
    111.29116527
    111.17698961
    110.60556358
    110.60556358
    110.92692196
    111.27487678
    111.27487678
    111.27487678
    111.35683840
    111.02416096
    111.02416096
    110.02387846
    109.75282464
    110.19708036
    110.14303228
    109.05738253
    110.58417408
    111.85901908
    111.53709296
    111.12781049
    110.31900494
    111.32682003
    111.18939804
    111.91616686
    111.89435250
    111.65346893
    111.80764141
    111.97580911
    111.85314888
    111.84337953
    111.78801276
    111.78801276
    111.78801276
    111.82358788
    110.86203661
    111.87034057
    111.47989026
    111.47989026
    111.47989026
    111.88208495
    111.65839201
    111.88898325
    111.97118659
    111.98071510
    111.99556080
    111.47817112
    111.47817112
    111.48552659
    111.48552659
    111.07737045
    111.07737045
    109.31305419
    109.31305419
    109.31305419
    111.75649288
    111.96426936
    111.62212865
    111.62212865
    111.62212865
    111.54128088
    111.54128088
    111.54128088
    111.46710307
    111.83916711
    111.84774865
    111.84774865
    111.84774865
    111.97153256
    111.65136069
    111.65136069
    111.65136069
    111.73615353
    111.57263609
    111.57263609
    111.58493721
    111.53722920
    111.53722920
    111.96115214
    111.96115214
    111.96115214
    111.99125532
    111.47604643
    111.47604643
    111.47604643
    110.91092285
    109.64802319
    109.64802319
    109.64802319
    109.64802319
    109.64802319
    110.14952049
    110.14952049
    108.30747388
    111.08199494
    111.57131363
    110.81859036
    110.81859036
    110.45804508
    110.91887695
    110.43694167
    110.23214937
    110.23214937
    111.34604831
    110.50783713
    110.50783713
    110.84839010
    110.79002824
    111.63289241
    110.63827434
    110.63827434
    110.54853639
    110.55823927
    110.55823927
    110.55823927
    110.67433814
    110.79162721
    110.79162721
    109.67786863
    110.20886715
    109.60955783
    109.60955783
    109.60955783
    110.29992391
    110.29992391
    111.54867826
    111.54867826
    110.54904454
    110.62251181
    110.62251181
    110.37931472
    109.85776545
    107.69744484
    107.69744484
    107.57472901
    109.02345309
    109.02345309
    109.02345309
    110.12197818
    110.12197818
    109.66592731
    109.66592731
    110.76341886
    109.99896226
    109.87656737
    111.18006554
    111.30865718
    110.88062235
    110.88062235
    111.45075286
    111.42993292
    111.28739248
    111.28739248
    111.28739248
    111.50390976
    111.55224021
    111.55224021
    111.58793373
    111.58793373
    111.63875490
    111.21243170
    111.21243170
    111.49319805
    111.33617366
    110.91556919
    111.26278849
    111.51037943
    111.36575971
    111.80439958
    111.80671834
    111.41442756
    111.23786584
    111.77662516
    111.88194811
    111.93097292
    111.93282089
    111.93282089
    111.46967261
    111.47976602
    111.47976602
    111.52572224
    111.12261515
    110.88295654
    111.07082763
    111.07082763
    110.99537154
    110.76507881
    110.70596736
    110.39457162
    109.99205800
    108.80471337
    109.33411424
    109.33411424
    108.88503407
    110.79111812
    110.94748122
    111.13447817
    111.13447817
    109.88285697
    109.88285697
    111.36488875
    111.36488875
    109.20167776
    107.67100433
    107.67100433
    107.67100433
    108.13067299
    108.13067299
    108.13067299
    109.26140549
    110.90421321
    110.81554795
    110.99182009
    110.68910777
    110.68910777
    111.63319820
    111.36712704
    111.90491501
    109.44509389
    109.44509389
    110.47647302
    110.47647302
    110.47647302
    110.65934265
    110.93276307
    111.14978959
    111.14978959
    111.14978959
    111.05219755
    111.13434815
    111.13434815
    111.13434815
    111.13434815
    112.00196192
    111.90083145
    111.91246967
    111.85564144
    111.86168919
    111.86168919
    112.01841902
    111.73243064
    111.32752196
    111.37837858
    111.07028420
    111.07028420
    111.06506345
    111.06506345
    111.55465537
    111.32471707
    111.32471707
    110.49848131
    110.49848131
    110.49848131
    110.49848131
    110.92188619
    111.76541053
    111.73711950
    111.56194529
    111.56194529
    110.61402908
    110.61402908
    110.15614755
    110.97606107
    111.18706433
    110.97391018
    111.46008834
    111.86909858
    111.86909858
    110.87289009
    110.77794430
    109.02258605
    109.75497084
    109.55418648
    109.01584992
    109.67496336
    109.84859948
    108.32562665
    109.02639566
    109.02639566
    109.02639566
    108.74976662
    108.74976662
    110.16749497
    109.24842605
    108.51620246
    110.01911966
    108.64979516
    107.78037802
    107.78037802
    109.78648096
    107.76213182
    107.76213182
    109.94119101
    110.39926481
    110.39926481
    110.39926481
    109.43281070
    109.36546958
    109.36546958
    109.37935114
    111.27779088
    111.27779088
    110.77485468
    110.77485468
    110.85673194
    111.39362723
    111.69339047
    111.83649341
    111.98352853
    111.45109285
    111.57636134
    111.24108998
    111.32368398
    111.91691992
    111.42176220
    111.42176220
    110.92110339
    110.92110339
    110.97774097
    111.29259587
    111.55290770
    111.45916664
    111.06811951
    111.48618705
    111.95472845
    111.91924343
    111.13344923
    111.09996677
    111.09996677
    111.19135404
    111.12638814
    110.47461069
    110.47461069
    110.68273561
    111.67824409
    111.98688453
    112.00652082
    111.98179258
    111.07362643
    110.59455519
    109.55150564
    110.29914407
    108.87546786
    108.87546786
    109.54281840
    111.04196940
    110.01154567
    110.07085389
    110.09364361
    111.13959969
    110.18294292
    110.94973267
    110.91029309
    110.83745142
    110.54351516
    109.12382138
    108.98309142
    109.10042921
    109.10042921
    110.16179542
    110.26204961
    111.15166680
    111.00925548
    110.29421814
    110.29421814
    110.29421814
    110.81516181
    111.73819254
    110.76841750
    110.76841750
    110.76841750
    111.18005761
    111.92307468
    111.92307468
    111.86039973
    110.17452160
    110.05333714
    110.42329924
    110.42329924
    110.63776359
    110.63776359
    110.63776359
    109.39349082
    109.93329429
    109.41388807
    111.20282632
    111.53413524
    111.80733134
    111.97706666
    111.97706666
    112.00083824
    111.97608558
    111.53916863
    111.95519033
    111.94858555
    111.89431801
    111.85012196
    111.98923497
    112.00409548
    111.97350731
    111.91292264
    111.85361297
    111.85921702
    111.21186648
    110.97259265
    110.46886184
    110.46886184
    110.21303919
    110.21303919
    110.99578712
    111.66164814
    111.90549212
    111.96887847
    111.95898765
    111.00173144
    111.00173144
    111.00173144
    111.13086170
    111.26212701
    111.38356337
    111.24910696
    111.68351966
    111.14711152
    111.09329948
    111.67190535
    109.67992398
    109.67992398
    110.69625631
    110.41926221
    111.09638244
    111.42646662
    111.42646662
    110.01264285
    110.83642438
    111.63131892
    111.35391732
    110.93325242
    110.18740246
    110.18740246
    111.47663060
    111.46716805
    111.97622126
    112.01713653
    111.98735862
    112.01031404
    111.35496188
    111.68384211
    111.68384211
    111.68384211
    111.56728989
    111.15212239
    110.38611583
    110.38611583
    110.46878323
    110.46878323
    111.54416403
    111.54416403
    111.56031612
    111.82048899
    111.82048899
    111.69023538
    111.69023538
    111.51995724
    111.55035087
    110.51704876
    110.51704876
    110.53938416
    111.05287620
    108.66842840
    110.24232196
    110.38827797
    110.30506887
    111.68862361
    111.68862361
    111.63370488
    111.76410743
    111.76410743
    111.76410743
    111.10684275
    111.10684275
    111.10684275
    111.10684275
    111.10684275
    111.18864179
    111.38323894
    111.06455386
    109.16980350
    109.49639522
    110.13518199
    110.78516873
    111.51234266
    111.54297112
    111.58705409
    111.58705409
    111.70797469
    111.36888767
    111.53769707
    111.92701009
    111.92701009
    112.00678900
    112.00223678
    112.00223678
    111.95509039
    111.99098021
    111.99306953
    111.75413152
    111.31382993
    111.29277213
    111.70691247
    111.70691247
    111.41828723
    111.01661849
    111.06446918
    110.50433654
    110.65061742
    110.65061742
    110.65061742
    110.78129175
    111.58274375
    111.58274375
    111.59605970
    111.74029335
    110.74420923
    110.83516611
    110.83516611
    111.16383955
    110.63155445
    111.70571537
    110.34927042
    111.10235415
    110.41184306
    110.97722699
    110.97722699
    110.36738567
    111.40945675
    110.06842755
    110.06842755
    108.03635154
    107.99295815
    107.99295815
    107.99295815
    109.13592787
    108.18346843
    107.85237099
    109.47101864
    109.47101864
    108.59266047
    108.59266047
    109.79043430
    108.12368319
    108.12368319
    108.12368319
    108.15968235
    108.79597758
    109.60883602
    109.70848658
    108.28669718
    109.68833057
    109.68833057
    109.96335180
    110.07304076
    110.06988106
    110.06988106
    110.50685771
    110.50685771
    110.01447285
    109.43251688
    107.77169067
    107.52229727
    107.52229727
    107.53468757
    107.67424690
    107.67424690
    107.67424690
    107.67424690
    108.78764305
    108.07229750
    109.77896435
    109.63084926
    109.60082191
    109.22156529
    109.71272803
    110.15840325
    109.76493386
    109.76493386
    109.76493386
    110.18877332
    110.18877332
    110.69735169
    109.85983474
    109.94130465
    108.17103122
    108.97291468
    108.38113490
    110.08265908
    111.52257073
    111.52257073
    111.58049785
    111.18073084
    111.18073084
    110.45318927
    111.07792826
    110.17644800
    110.50536113
    110.74943849
    110.19652675
    111.31304935
    111.31304935
    111.31304935
    111.31304935
    111.37122725
    111.37122725
    111.09979537
    111.09979537
    111.09979537
    111.39950928
    111.56515482
    111.87287079
    111.53289351
    111.54187105
    111.54187105
    111.54187105
    111.49460663
    111.24191024
    111.59501307
    110.86905722
    110.84468628
    110.82064918
    110.81815200
    111.01398610
    110.34384537
    109.47964012
    109.47964012
    108.80872664
    109.75455232
    110.48563732
    110.38060873
    109.44445193
    109.95326625
    109.95326625
    109.95326625
    110.69897857
    110.69897857
    111.01651460
    110.96491698
    111.56732909
    111.52654740
    111.55454807
    111.47542038
    111.55680962
    111.69916696
    111.52876187
    111.52685295
    111.17635335
    111.32296531
    111.32296531
    111.36531114
    111.76081144
    111.08644000
    111.22184182
    111.34469927
    111.49353986
    110.75742057
    110.75742057
    110.03682487
    109.90399572
    110.92162849
    110.74216620
    111.89404996
    111.84402060
    111.56732185
    111.73408246
    110.90423904
    110.90423904
    110.90423904
    111.04336418
    111.04336418
    111.04336418
    111.26491282
    111.26491282
    111.26491282
    111.17092347
    111.87856130
    111.72757616
    111.78812700
    111.78812700
    111.45262912
    110.82435696
    110.82435696
    110.73052356
    111.39586318
    111.41800593
    111.11506814
    111.15917759
    111.11562418
    111.11562418
    111.10476037
    111.13907029
    111.13907029
    111.10764381
    111.24240748
    111.78366382
    111.37560610
    111.38490708
    111.26206722
    110.57755782
    110.93523138
    111.22686239
    110.24470687
    110.24380040
    109.37909654
    109.37909654
    110.03223855
    109.04822702
    109.55133003
    109.55133003
    109.27153628
    109.27153628
    111.07489139
    110.81764159
    111.18484371
    111.18200220
    111.59456870
    111.90715471
    111.63625917
    111.79914235
    111.94824343
    111.63019486
    111.16822071
    111.35817404
    111.48303869
    110.71215358
    108.36871545
    108.36871545
    110.70480488
    110.70480488
    109.48498121
    109.48498121
    109.48498121
    109.48498121
    108.08366391
    108.85885779
    108.85885779
    108.85885779
    108.85885779
    107.94863830
    107.94863830
    109.70522682
    111.83446364
    111.83446364
    112.03619387
    112.03619387
    111.29511595
    111.29511595
    110.98519168
    111.80172059
    112.02604972
    111.99830925
    111.99830925
    111.86844449
    111.87648008
    111.75973106
    111.75973106
    111.75531549
    111.82851092
    111.77297883
    111.26679707
    111.26679707
    111.68299177
    111.34872315
    111.34872315
    111.34872315
    110.63388952
    111.73666465
    111.81586343
    111.82659974
    111.84277769
    111.79097482
    111.53167572
    111.53167572
    111.46942852
    111.55160000
    111.03439947
    111.03439947
    111.14745542
    111.69209976
    111.77660755
    111.71558121
    111.68518300
    111.82865971
    111.82865971
    111.67271388
    111.47950505
    111.56006528
    110.82554927
    110.84187474
    110.84187474
    110.84187474
    109.95097892
    109.95097892
    109.95097892
    110.43600339
    111.09302142
    111.26220599
    111.26566926
    110.94261861
    111.63493480
    111.24616893
    111.24616893
    111.24616893
    111.10150415
    111.10150415
    111.01165688
    111.01165688
    110.93577311
    109.67358905
    110.09941554
    109.57948453
    106.86163718
    107.09197291
    107.09197291
    107.75774642
    108.18554109
    107.46827326
    106.36548537
    106.36548537
    108.79016279
    109.43440382
    109.52286494
    107.11016737
    107.11016737
    107.11016737
    110.41502019
    110.41502019
    110.41502019
    110.43768435
    110.43768435
    111.78477286
    111.77421496
    111.64342889
    111.64342889
    111.71532180
    111.67376133
    111.94011305
    111.76702127
    110.81884421
    110.81884421
    111.37154746
    111.42278070
    111.42278070
    111.43219092
    110.87140040
    110.08583174
    110.08583174
    110.08583174
    109.82542026
    109.40998133
    109.40998133
    109.40998133
    111.39193350
    111.41586905
    111.41586905
    111.41586905
    111.18000300
    110.92848287
    110.92848287
    110.92848287
    111.75621341
    110.38622124
    111.69766455
    111.27861256
    111.18818578
    110.83399785
    110.83399785
    111.54897564
    111.40590503
    111.45777122
    111.45777122
    110.90353703
    110.90353703
    111.87381326
    111.87296170
    111.85620470
    111.86235683
    111.36232645
    111.44521940
    111.75831823
    111.65808585
    111.07913946
    111.07913946
    110.97286677
    110.82864416
    110.82864416
    110.82864416
    110.93573569
    110.84452928
    110.84452928
    110.61420857
    110.14510367
    109.03701860
    108.69087983
    108.31628946
    108.06531435
    108.06531435
    109.21260124
    107.94875504
    109.32230463
    109.32230463
    109.32230463
    109.32230463
    109.48348255
    108.94374002
    108.94374002
    108.10705016
    108.10705016
    107.88116971
    107.88116971
    107.88116971
    111.37083124
    111.69461594
    111.34839521
    111.40363110
    111.41023920
    110.77240655
    110.80671931
    109.82353083
    109.82353083
    110.17112324
    110.17112324
    110.27968385
    110.27990054
    110.10737040
    110.71614042
    110.71614042
    110.20332339
    110.79845610
    110.80436650
    110.82003339
    109.92959734
    109.92959734
    108.75505247
    110.22528479
    110.60913472
    110.60913472
    109.10443365
    109.56389951
    110.39609102
    110.86710263
    110.86710263
    110.87624543
    111.86016812
    111.94060252
    111.94060252
    112.02431013
    112.01843726
    112.03158785
    112.01450524
    112.01450524
    112.01450524
    112.01450524
    112.02190510
    111.44231064
    111.41638682
    111.76558538
    111.63890150
    111.14489373
    111.14489373
    109.27461736
    111.65792985
    111.99620547
    112.01668991
    112.02208865
    112.02828776
    112.02828776
    111.71839822
    110.68939539
    111.05641736
    111.05641736
    110.77738160
    110.91585293
    110.72015260
    110.72015260
    111.97251949
    111.42650176
    111.49859830
    111.49859830
    111.49859830
    111.17528006
    111.17528006
    110.80455067
    110.62884609
    110.62884609
    110.03370285
    110.31168497
    111.08903495
    111.08903495
    110.18867956
    111.80036442
    111.94378998
    111.93222946
    111.43710030
    111.49848459
    111.38665367
    111.58840758
    111.42563423
    111.47829559
    111.14100571
    111.39090005
    111.39090005
    111.09487691
    111.13775057
    111.13775057
    111.13864158
    111.18905674
    110.97699144
    111.85368862
    111.57147001
    110.52228840
    110.75582568
    110.75582568
    109.66646480
    109.66646480
    110.43943473
    109.87486027
    109.54195242
    109.54195242
    109.54195242
    109.54195242
    111.04756288
    111.01444313
    111.13165901
    111.13165901
    111.16499809
    111.16499809
    111.10446027
    111.29791870
    111.29791870
    111.20364838
    111.25613515
    111.25613515
    110.08237033
    110.08237033
    110.08237033
    110.62483839
    111.19542562
    110.55738955
    110.55738955
    110.55738955
    110.56417153
    110.79643034
    109.89413252
    109.89413252
    109.89413252
    110.30649291
    110.30649291
    111.16915589
    111.09741248
    110.47866396
    110.33122935
    110.50144586
    111.34914059
    111.34717214
    111.35099126
    111.30355072
    111.11452610
    111.27713258
    111.38821975
    111.38821975
    109.53495183
    109.53495183
    108.32929369
    109.53922142
    109.40237106
    108.99448814
    108.26596424
    109.42596509
    108.50214057
    108.50214057
    108.50214057
    108.02167600
    108.02167600
    108.60104010
    108.60104010
    108.60104010
    108.13886535
    109.67350883
    109.67350883
    109.23521248
    109.64655426
    109.64655426
    109.92173408
    109.92173408
    109.94854642
    111.01123687
    111.29318065
    110.12173728
    109.10203374
    109.51208402
    109.73865168
    108.49100098
    108.99541254
    109.51050390
    109.51050390
    111.05617367
    110.83890522
    111.04187482
    111.03542922
    111.56782823
    111.91140577
    110.22752394
    110.67397804
    110.67397804
    110.67397804
    111.91740582
    111.91740582
    111.74604479
    111.35376795
    110.70437959
    110.80504331
    110.34745305
    110.18175792
    110.18175792
    110.18175792
    110.18175792
    111.19058678
    110.36942772
    110.36942772
    110.42567416
    111.13195704
    111.40671466
    110.99634727
    110.99634727
    111.34936149
    111.99710386
    111.99710386
    111.41629472
    111.41629472
    111.41199205
    111.41199205
    111.41199205
    111.05731058
    111.05731058
    111.04240413
    111.70515075
    111.71888776
    111.71888776
    111.71888776
    111.73555651
    111.73555651
    112.01380827
    111.96927939
    111.97532567
    111.97532567
    111.97532567
    111.97532567
    111.86477310
    111.18254736
    111.09148854
    111.09148854
    111.09148854
    111.23955721
    111.51198548
    111.49003300
    111.49003300
    111.60026886
    111.63826053
    111.71899675
    111.22051026
    111.91150141
    111.92998012
    110.40863982
    111.42572987
    111.91535779
    111.87154509
    110.72282377
    110.72282377
    110.72282377
    110.08290044
    110.04614783
    110.04614783
    110.04614783
    110.04614783
    110.04614783
    111.20787165
    110.83665042
    110.83665042
    111.85814763
    111.37660586
    111.37660586
    111.47620676
    111.19854149
    111.32607192
    111.33025778
    110.80579336
    110.75745455
    110.75745455
    110.75745455
    110.75745455
    111.12621595
    111.50354074
    111.51954747
    111.53650390
    111.82877767
    111.87555655
    111.90741919
    111.90741919
    111.88441849
    111.80009601
    111.80009601
    111.80009601
    111.13196455
    111.13196455
    110.89771213
    110.94777737
    109.05314650
    109.05314650
    108.83622988
    109.97901618
    111.79658523
    111.75814058
    111.75814058
    111.67766507
    111.67766507
    111.70058591
    111.37637557
    111.59101247
    111.59101247
    111.51175818
    111.45427735
    110.92825575
    109.56003563
    109.56003563
    110.91820879
    111.63372092
    111.63372092
    111.60691379
    110.95889838
    110.95889838
    111.68063021
    111.68063021
    111.59293861
    111.69934930
    111.77193407
    111.60072223
    111.60072223
    111.60072223
    111.49933076
    111.49933076
    111.69990561
    111.60987529
    111.60987529
    110.89786710
    111.35639546
    111.35639546
    111.35639546
    111.81591699
    111.81591699
    111.75162866
    111.74895267
    111.49921781
    111.23981887
    111.89692221
    111.72105760
    111.72105760
    111.86251784
    112.03445884
    112.02717571
    111.60093915
    111.91512067
    112.01876489
    112.01928718
    111.98435891
    112.00881545
    111.96464022
    111.37583234
    111.55453566
    110.90926656
    111.15362761
    111.15362761
    111.15362761
    111.17113886
    111.81883943
    111.81883943
    111.74439805
    111.74439805
    111.05526170
    109.48677463
    110.86043083
    111.28720811
    111.28720811
    111.28720811
    111.28720811
    110.68410677
    110.68410677
    110.68410677
    110.68410677
    110.66418414
    110.32396222
    110.02313857
    110.47098683
    109.11836531
    108.76522663
    108.76522663
    108.76522663
    107.83322663
    107.83322663
    105.98005632
    110.27049112
    110.89262157
    110.85200246
    110.72452009
    110.72452009
    110.72452009
    110.72452009
    110.23020636
    109.92848562
    110.03731690
    110.03731690
    111.57889954
    111.86144613
    111.93381931
    111.16460460
    111.08240740
    111.08240740
    111.01063928
    110.94422962
    109.31626134
    110.52035378
    110.44910813
    108.71541640
    108.33529438
    108.33529438
    108.33529438
    106.00520308
    105.42957696
    105.42957696
    108.83170523
    108.83170523
    110.34939099
    110.38394616
    110.60711068
    110.60711068
    110.60711068
    110.18032000
    109.38969647
    110.84312596
    110.98244179
    110.98244179
    110.90776838
    110.90776838
    111.18737319
    111.50649788
    111.30101881
    111.14253779
    111.85306624
    111.85306624
    111.91233670
    111.91565494
    110.96478347
    110.96478347
    111.23262890
    111.23262890
    111.64350546
    111.64350546
    111.64350546
    111.64350546
    111.64350546
    110.90039375
    110.87385302
    110.90858228
    110.33646889
    110.06856899
    110.06856899
    110.06856899
    110.06664157
    110.06664157
    110.04139437
    110.22991259
    110.70189698
    110.58904128
    111.81331874
    111.60137389
    111.60137389
    111.54769855
    111.42398176
    110.84554887
    110.84554887
    110.87815931
    110.87815931
    111.30532801
    111.28196006
    111.61064335
    111.69422844
    111.94421879
    111.94421879
    111.58556023
    111.28355184
    111.14070621
    110.97539591
    110.97539591
    109.47764681
    109.31040874
    111.00189414
    110.61107195
    111.15140821
    111.14074435
    111.14074435
    111.14074435
    111.14074435
    111.13265334
    111.76313522
    111.73207010
    111.49497886
    111.49497886
    111.80109944
    111.83955362
    111.83955362
    111.83955362
    110.37734539
    110.37734539
    110.37734539
    110.37734539
    110.37734539
    110.37734539
    110.37734539
    111.17786290
    110.27380270
    110.27380270
    111.56067240
    111.56067240
    111.60034720
    111.55952168
    111.55952168
    111.56122737
    111.61151541
    111.89574036
    111.79192739
    111.79710227
    111.79710227
    111.77726904
    111.67653772
    111.67653772
    111.77397112
    111.86584935
    111.86584935
    111.45999932
    111.45999932
    111.53982830
    111.49057028
    111.26068568
    111.82158625
    111.72799061
    111.44534752
    111.39288626
    111.04038651
    110.77052545
    110.73635201
    111.60364561
    111.21220809
    111.25952336
    111.73870303
    111.65553378
    111.65553378
    110.43880235
    111.51574307
    111.51574307
    111.56350324
    111.42037834
    111.32577458
    111.32577458
    111.32577458
    111.29709982
    111.32851657
    111.61381841
    111.96957285
    111.85410083
    111.89073349
    111.91811404
    111.98013839
    112.02487089
    112.02355936
    111.28380142
    111.28380142
    111.66138398
    111.80708802
    111.78811878
    112.00451384
    111.68311804
    111.15431487
    111.15431487
    111.15431487
    111.16047651
    111.16047651
    110.42120205
    111.96031343
    111.84844815
    111.89231414
    111.89231414
    111.73692358
    111.95007297
    111.93918356
    111.93918356
    111.94954383
    111.61823798
    111.62373343
    111.55270932
    110.76227981
    110.52202068
    111.84806267
    112.00933768
    111.96302780
    111.05042459
    111.16738165
    111.88685701
    111.73690944
    111.82355540
    111.80034751
    111.80034751
    112.01887289
    111.96402363
    111.70647202
    111.70647202
    110.17724413
    110.11505737
    110.11505737
    110.11505737
    110.22556995
    111.21134696
    111.27515695
    111.27587339
    111.59523678
    111.59523678
    111.59523678
    111.59642113
    111.67403248
    111.41545507
    110.54261709
    110.54261709
    110.26184621
    111.16768856
    110.55667353
    110.55667353
    110.55667353
    109.88801819
    109.88801819
    109.88801819
    110.55682683
    110.55682683
    110.55682683
    110.71160879
    110.71160879
    110.71160879
    110.71160879
    110.91639527
    111.18851444
    111.61155166
    111.82699945
    111.82575531
    111.88897462
    110.41301967
    109.87276519
    109.92734597
    109.92734597
    109.92734597
    108.38633882
    109.87929072
    110.42014434
    110.64493302
    109.86423905
    109.86423905
    110.20787032
    111.30874200
    110.82504580
    110.82504580
    110.82504580
    111.24832837
    111.16505304
    109.90059054
    109.20877882
    109.20877882
    109.20877882
    109.32007533
    108.25510169
    108.25510169
    109.02771800
    110.59551217
    110.59551217
    110.59551217
    111.06195118
    111.20182299
    110.45600685
    110.44152204
    110.44152204
    110.44152204
    111.52025633
    111.69803906
    111.69803906
    111.63038648
    111.43721117
    110.62799100
    109.39258263
    109.39258263
    108.38838408
    108.38838408
    108.38838408
    107.96561586
    107.96561586
    109.73739106
    109.43000218
    109.89390310
    110.39775780
    110.39775780
    110.39775780
    110.06902897
    109.65242669
    108.90552672
    108.90552672
    108.07005832
    111.63814705
    111.65984378
    111.73620385
    111.73620385
    111.68582428
    111.70166846
    111.57380815
    108.40781944
    108.38589866
    108.38589866
    108.38589866
    110.08859117
    110.42852627
    111.88228834
    111.76771807
    111.76771807
    111.76771807
    111.68365095
    111.85703999
    111.85703999
    111.85703999
    111.96873349
    111.96460108
    111.48943428
    111.79657699
    111.75559670
    111.75559670
    111.66792083
    111.96139715
    111.36733120
    111.81198550
    111.88425844
    111.90379628
    110.58481733
    110.58481733
    110.58481733
    110.58481733
    110.62841610
    111.17521573
    111.17521573
    111.07083574
    111.06156885
    111.09376384
    111.09376384
    111.09376384
    111.09376384
    111.09376384
    111.37192826
    111.34381228
    111.34381228
    111.75612530
    111.83612249
    111.83612249
    111.83612249
    111.83612249
    111.83612249
    111.71875731
    111.82524191
    111.82524191
    111.82524191
    111.77561072
    111.66267368
    111.84301948
    111.97111299
    111.95852123
    111.92877907
    111.77272728
    111.78172839
    111.78172839
    111.50675116
    111.50246336
    111.50246336
    111.88557407
    111.13353569
    111.13353569
    111.36170090
    111.54992140
    111.40402517
    111.43704480
    111.62413222
    111.62413222
    110.37381627
    109.68010848
    109.68010848
    109.68010848
    109.68010848
    109.68010848
    109.68010848
    110.35411709
    110.35411709
    110.55130753
    110.55130753
    110.36090775
    107.42778675
    107.45836449
    108.95069634
    108.68253994
    110.13288508
    110.13288508
    110.96708910
    111.45064938
    111.45064938
    111.53466883
    111.53466883
    111.51750735
    111.51750735
    111.35340902
    110.97497729
    111.43110891
    111.54515422
    111.24878196
    111.65113332
    110.90739762
    110.36334196
    110.15412927
    109.99754308
    109.99754308
    109.98458719
    109.61164080
    109.61164080
    110.34760775
    109.18690322
    110.07001711
    111.51652315
    111.51652315
    111.89763797
    111.80036035
    111.91084912
    111.91084912
    111.74193608
    111.83630516
    111.83630516
    111.83630516
    111.65307387
    111.65307387
    111.34041978
    111.72770818
    111.75551689
    111.89030262
    111.89030262
    111.52587740
    111.63473600
    111.21014231
    111.93111010
    111.90645459
    112.01475929
    112.01161263
    111.99224132
    111.93647560
    111.43606131
    111.42439407
    111.42439407
    111.96043436
    111.94564198
    112.02983735
    112.02434839
    111.81759017
    111.81759017
    111.81759017
    111.92750382
    111.13602669
    111.13602669
    111.13602669
    111.13602669
    111.13602669
    111.32330200
    111.32330200
    110.76659841
    111.37159231
    110.93130664
    110.93130664
    111.91038167
    111.72639464
    111.78190381
    111.20051077
    111.50034607
    111.60907425
    111.22652849
    111.74776021
    111.34376234
    111.47137125
    110.29595922
    110.25261190
    109.67144740
    111.04691337
    111.21632728
    109.70694651
    110.61762566
    110.61762566
    110.87329088
    111.66025858
    111.48305986
    111.15581297
    111.15581297
    111.15581297
    109.90860952
    110.54152682
    109.78014757
    109.78014757
    109.78014757
    111.34632674
    111.34632674
    111.32520135
    111.79171452
    111.80768839
    110.93972031
    110.99356997
    111.21946919
    111.21946919
    111.21946919
    111.34853865
    111.33753003
    110.85029515
    110.85029515
    111.33172728
    111.00295914
    111.60117740
    111.58129955
    111.58129955
    111.65228545
    111.65228545
    110.92988442
    110.92857157
    111.31542153
    111.22241581
    111.17722017
    111.34699855
    111.35643220
    111.28639857
    111.79207032
    111.79175016
    111.57373219
    110.68906948
    111.13797292
    111.16177741
    111.16177741
    110.51711049
    110.74251456
    110.74251456
    111.57705950
    111.85927542
    111.87548139
    111.90767180
    112.01547540
    111.87833804
    111.02378079
    111.50449978
    111.35392438
    110.34130152
    110.34130152
    106.39776913
    107.56653384
    109.04915013
    108.79384818
    108.75302376
    108.75302376
    108.82513638
    108.47936653
    110.30642619
    110.30642619
    110.18957369
    111.64011007
    111.91998357
    111.39364878
    109.66477825
    109.66477825
    110.20674907
    110.78301788
    110.62687929
    110.62687929
    110.41239199
    110.51121056
    110.74071050
    111.03194149
    111.32474884
    111.30979542
    110.96774445
    111.66787715
    111.50082259
    111.22880496
    109.36440774
    110.02468150
    110.05713608
    111.09465907
    111.09465907
    111.09465907
    111.09465907
    111.17212226
    111.17212226
    111.57102503
    111.57102503
    111.50834701
    111.50834701
    111.28771932
    111.29198552
    111.70315486
    111.70315486
    111.70315486
    111.62166609
    111.62166609
    111.42250549
    111.42250549
    111.42250549
    111.29432982
    111.40266856
    111.43372008
    111.43372008
    111.43372008
    111.45162670
    111.48746797
    111.48186791
    111.48186791
    110.69584659
    111.75207312
    111.14324395
    111.53845608
    111.53845608
    111.57492170
    111.28581295
    111.75118843
    111.75118843
    111.25851118
    111.22086617
    111.89461093
    111.88712850
    111.88624088
    111.89789536
    111.88086052
    111.84690100
    111.84690100
    111.84690100
    110.53932816
    109.62645793
    109.62645793
    110.08473443
    110.11242787
    109.57453507
    109.42704533
    106.92690996
    106.92690996
    102.65642982
    102.65642982
    105.08103620
    107.52187698
    107.52187698
    105.55378913
    105.55378913
    105.55378913
    106.04455360
    106.04455360
    111.38952207
    111.41583172
    111.41583172
    111.41583172
    111.40606037
    110.83771364
    111.21135258
    111.73075827
    111.76222612
    111.86202003
    111.86202003
    111.98058220
    111.98152019
    111.97271167
    111.97759421
    112.00296079
    111.94309710
    112.02133258
    112.02133258
    111.34438340
    111.06730155
    110.19233791
    110.95511776
    110.95511776
    110.95511776
    110.90361432
    110.91550090
    110.46442826
    111.35467733
    111.04985973
    110.85872426
    110.36572168
    111.20811818
    111.20811818
    111.20811818
    111.31907188
    111.31907188
    110.79858007
    110.40266140
    108.78865748
    108.78865748
    108.78865748
    108.66882066
    108.66882066
    108.66882066
    108.66882066
    111.14896476
    111.14896476
    111.14896476
    111.42083888
    111.75045652
    111.75045652
    111.86494271
    111.86494271
    111.70727201
    111.70727201
    111.93039393
    111.92784748
    111.96559107
    111.96559107
    111.96559107
    111.96559107
    111.96559107
    111.89517150
    111.45420504
    111.74225326
    111.83296839
    111.94117238
    111.04934869
    111.04934869
    111.04934869
    111.63934232
    111.75698432
    111.82040528
    111.92760241
    111.73384430
    111.26061003
    110.26441939
    110.04037569
    110.04037569
    110.04037569
    110.04037569
    110.29983510
    111.42351044
    111.24056224
    111.24056224
    111.24056224
    111.71994762
    111.94961001
    111.84687930
    111.84948353
    111.89056741
    111.13553951
    111.89080877
    111.10258337
    111.10258337
    111.08723724
    110.65091189
    110.71590664
    110.71590664
    111.31645648
    111.31645648
    111.31645648
    111.98993026
    111.98689015
    111.59977974
    111.62518169
    111.80272836
    111.80272836
    111.73694466
    110.17151528
    106.68385678
    110.13173900
    111.90655455
    111.01496085
    111.01496085
    111.70313822
    111.91867396
    111.78339187
    111.78339187
    111.78339187
    111.78459623
    111.35852600
    111.35852600
    110.71124040
    110.27327130
    111.04685570
    110.18264321
    111.03571162
    111.03571162
    110.17339864
    109.51859896
    109.51859896
    109.54027889
    109.52907674
    109.87040993
    109.33191283
    109.33191283
    110.50167214
    110.75387955
    111.65399699
    111.65399699
    111.96071059
    111.96678442
    111.96678442
    111.93822643
    111.86557548
    111.86557548
    111.94689406
    111.80477655
    110.34366515
    110.32520704
    110.32520704
    109.63041439
    109.45498840
    109.45498840
    109.45498840
    110.41755844
    109.35319896
    109.57400959
    109.01531871
    109.01531871
    109.01531871
    109.01531871
    109.26338107
    109.39383088
    109.93979200
    109.93979200
    109.93979200
    110.49739037
    110.49739037
    110.49739037
    110.19224072
    109.50801576
    110.30740272
    107.64711465
    107.64711465
    109.66717969
    109.66717969
    110.03318988
    111.00201534
    110.80185439
    109.93449077
    110.41936820
    110.41936820
    111.46183875
    111.35103846
    111.48642228
    111.82414310
    111.86106940
    111.86106940
    112.02700687
    111.00794946
    111.92363399
    111.43303499
    111.60351321
    111.55070268
    111.55070268
    111.44817136
    111.58011769
    111.65113625
    111.88368975
    111.44519593
    111.44519593
    111.49976551
    111.37415293
    111.36120754
    111.36120754
    111.87965218
    112.01343328
    111.95872694
    111.99179035
    111.96894550
    111.88779649
    111.87881873
    111.87881873
    111.87881873
    111.74908662
    111.16329494
    111.30937111
    111.34354300
    110.70244283
    110.86299776
    111.43637087
    111.47785137
    111.69296418
    111.71153124
    111.71153124
    111.71153124
    111.98911377
    111.61582723
    111.85059168
    111.80818757
    111.84992428
    111.84992428
    111.90920217
    111.82133492
    109.75674631
    109.75674631
    109.79574382
    109.79574382
    110.64572594
    111.48203936
    111.92361898
    111.88082341
    111.88082341
    111.91096177
    111.68354293
    111.68354293
    111.53982316
    109.67097827
    109.67337307
    109.67337307
    109.67337307
    109.50849032
    110.08426855
    110.08426855
    110.08426855
    111.27120235
    111.27120235
    109.92412880
    109.92412880
    109.92412880
    109.92412880
    111.02270880
    111.02270880
    110.52602078
    110.70152364
    111.62966923
    111.49853923
    111.46523845
    111.34770874
    111.33486329
    111.41236504
    110.93754518
    110.81152804
    111.29078206
    111.14640674
    111.20125830
    111.20125830
    111.74995777
    111.53014243
    111.53014243
    110.72712546
    110.56980953
    110.56980953
    109.42221184
    109.42221184
    109.42221184
    110.58307897
    109.16952208
    110.72375438
    111.92669591
    111.91184107
    111.65854802
    111.67677704
    111.67677704
    111.67677704
    110.92957260
    110.92957260
    108.80381195
    108.80381195
    107.57525408
    107.57525408
    107.70641124
    107.70641124
    107.70641124
    107.70641124
    107.70641124
    107.70641124
    109.37725990
    110.66174517
    111.00628034
    110.70056880
    110.70056880
    110.70056880
    111.31104741
    111.64295804
    111.64295804
    111.98299097
    111.96471445
    111.73660454
    111.42084890
    110.82046123
    111.32358253
    111.31485241
    111.62260047
    111.62260047
    111.61320586
    111.72892774
    111.15263034
    111.72875412
    111.17777402
    111.17777402
    110.93089686
    110.92496752
    110.92496752
    110.92496752
    110.93911122
    110.93911122
    111.49903970
    111.49903970
    111.49903970
    111.74946532
    111.88753699
    111.76131548
    111.70612233
    111.70612233
    111.70612233
    111.96389346
    110.13782237
    109.88109129
    110.13291051
    110.40849349
    111.59884586
    111.94778645
    111.16992878
    111.16992878
    111.16992878
    111.16992878
    110.68702315
    110.68108820
    110.92996380
    110.92996380
    111.31215897
    111.64018465
    111.64018465
    111.82570806
    111.98177277
    111.72512955
    111.96420216
    111.57675626
    111.57675626
    109.14054327
    109.14054327
    109.14054327
    110.80801363
    111.10243037
    110.51391904
    110.97017656
    110.89863433
    110.89863433
    110.96842353
    109.77253505
    109.48664392
    109.48664392
    109.76465867
    108.85007007
    108.85007007
    107.87611701
    109.18165312
    109.90437739
    109.90437739
    110.20164018
    110.20164018
    110.06158586
    110.06466380
    110.06466380
    109.56157745
    110.92323729
    110.25627740
    110.25627740
    110.54229589
    110.91397948
    111.55756533
    110.89840086
    110.57623495
    111.10020402
    111.10020402
    111.31413541
    111.57058179
    111.01953546
    111.01953546
    111.90907424
    111.90907424
    111.96870411
    111.91303601
    111.58796118
    111.70091567
    111.63982248
    111.45061812
    111.75876901
    111.75876901
    112.01162722
    112.01148743
    112.02661802
    111.95389532
    111.95389532
    112.02480670
    112.02480670
    111.94969703
    111.90841538
    111.96401788
    112.02018042
    111.95928804
    111.54637626
    111.55152725
    111.55779475
    111.55779475
    111.86066897
    111.86066897
    111.76349199
    111.49469722
    111.33387390
    111.51676592
    111.54570039
    111.54570039
    111.62174454
    111.73833926
    110.99058048
    111.72932457
    111.71752468
    111.71752468
    110.15274966
    110.15274966
    110.08412666
    110.08412666
    110.68276893
    109.91921936
    109.91921936
    110.84653821
    110.91285993
    111.42345731
    111.42345731
    111.65230313
    111.65230313
    111.15978271
    111.41893354
    111.41893354
    111.43414275
    111.72054086
    111.72054086
    111.90520080
    111.90520080
    111.91445865
    111.87804894
    111.87804894
    111.87804894
    111.70544469
    111.72062531
    111.73981336
    111.71498686
    111.71498686
    111.83485058
    111.61960444
    111.61960444
    111.76813692
    111.76813692
    111.72268175
    110.85350806
    110.85350806
    110.85350806
    110.75826663
    111.82739095
    111.82739095
    111.53161356
    111.53161356
    111.53527484
    111.80073484
    111.97400062
    110.90849224
    110.92486753
    111.85274933
    111.65779670
    111.20165940
    111.84700455
    111.87247557
    111.76996589
    111.79989245
    111.13277329
    111.13277329
    111.13277329
    111.88169677
    111.20982023
    111.20982023
    110.82344528
    112.00028735
    111.68104307
    110.99994443
    111.13373981
    111.77395961
    111.24158475
    111.25758874
    111.38668387
    111.38668387
    111.40739255
    111.97500686
    111.41858358
    111.00718734
    111.00718734
    111.00718734
    111.00718734
    111.00718734
    111.00718734
    111.00718734
    111.60025403
    111.50158678
    111.00814571
    111.15209634
    111.15209634
    111.45646901
    111.53428257
    111.53428257
    111.39742519
    111.73279429
    111.65470162
    111.71169602
    110.64898221
    111.35583301
    110.69569338
    110.69505214
    110.69505214
    110.69505214
    110.69505214
    111.43549357
    111.43549357
    111.86416142
    111.86416142
    111.95759991
    111.90442796
    111.61340171
    111.61340171
    111.55713262
    107.03849573
    108.78808758
    109.23368193
    109.23368193
    109.79121764
    109.79121764
    109.42969813
    110.04493263
    110.04493263
    110.04493263
    110.99071792
    111.16429013
    110.06644480
    110.06421695
    110.06421695
    110.48999593
    110.10831516
    110.31625011
    111.85664033
    111.90724124
    111.40863920
    111.40863920
    111.26295592
    111.26295592
    111.09234491
    110.74359178
    110.74359178
    110.74359178
    110.06176017
    109.87098749
    110.74305637
    110.90367656
    110.90367656
    110.80177410
    110.80177410
    110.80177410
    110.69723836
    108.08506412
    108.08506412
    108.08506412
    107.75075627
    107.75075627
    110.11694217
    110.74702051
    110.14801145
    110.53966272
    110.53966272
    110.31955915
    110.51221427
    110.51221427
    110.10589863
    110.10589863
    110.56269028
    110.56269028
    110.53005158
    110.53005158
    111.44425703
    111.44425703
    110.65298700
    110.65298700
    110.65298700
    110.39610907
    110.44894506
    109.78944711
    109.78944711
    109.78944711
    108.80294192
    108.80294192
    108.80294192
    108.80294192
    110.28286227
    110.28286227
    110.28286227
    110.23429372
    110.99381587
    110.99381587
    110.64212761
    110.44489835
    110.93631240
    110.76682999
    109.91886709
    108.91479421
    108.91479421
    109.61793625
    109.61793625
    109.61793625
    109.61793625
    111.67851139
    111.67851139
    109.79827761
    109.79827761
    111.68959592
    111.82619417
    111.97307455
    111.91046205
    111.91428509
    111.01134154
    111.01134154
    109.50496848
    109.47027897
    109.47027897
    109.47027897
    110.76440876
    110.12357670
    110.54465281
    110.56505294
    110.56505294
    111.65006390
    111.65006390
    111.86549150
    111.86549150
    112.02183374
    112.01148305
    111.95311337
    111.97058082
    111.57540551
    111.55428619
    111.53887453
    111.41322240
    111.96748903
    111.43717101
    111.69058891
    111.69058891
    112.01748476
    111.86094901
    111.45005996
    111.45005996
    111.45005996
    111.22438940
    110.34007792
    110.64008725
    110.87662768
    110.76909877
    110.41400173
    110.41400173
    110.88180275
    110.87111972
    110.40855593
    110.85571242
    110.38265423
    111.05415701
    111.25263820
    111.79526916
    111.76864240
    111.76864240
    111.73441959
    111.74609596
    111.49883420
    111.75302097
    111.89226746
    111.89226746
    111.98179743
    111.66750677
    111.89510918
    111.89946347
    111.89977787
    111.90213017
    112.02496425
    112.02626215
    111.75199105
    111.75532166
    111.52553517
    112.03320201
    111.93077255
    111.93077255
    111.93077255
    111.49631496
    111.49631496
    110.58060272
    110.62301815
    110.62301815
    111.22284389
    111.22284389
    111.22284389
    111.22284389
    110.12091739
    110.12091739
    110.62443668
    110.62443668
    110.99197423
    111.38093370
    111.81907136
    111.75615325
    111.84945804
    111.84945804
    111.60809984
    111.73915740
    110.17980911
    110.65860834
    111.87128378
    111.22193979
    111.22193979
    111.99245655
    111.82097184
    111.71899252
    111.45994095
    111.45994095
    111.41164605
    111.41164605
    111.41164605
    111.02527007
    110.84978678
    111.25339605
    110.47416325
    111.28554916
    111.11830820
    111.11830820
    111.11830820
    111.08493185
    109.04181680
    110.39358077
    111.28761513
    111.28761513
    111.38582970
    111.83053061
    111.83053061
    111.83695290
    111.79417427
    111.88144606
    111.73651320
    111.63527234
    111.32910660
    112.02472379
    111.79713959
    111.62646529
    111.68089014
    111.68089014
    111.70257697
    111.70257697
    111.70257697
    111.70257697
    111.70257697
    111.70257697
    111.70257697
    111.50283392
    111.44649721
    111.60436084
    107.21978011
    110.36015672
    110.76642907
    110.85245967
    110.48158723
    110.48158723
    110.67931110
    110.67931110
    110.52014147
    110.52014147
    110.52014147
    110.52014147
    110.41519696
    109.45314676
    110.21245463
    110.21245463
    109.85422068
    109.02486106
    109.79347131
    109.20445488
    110.06444000
    110.06444000
    111.15897723
    111.63391663
    111.82195263
    111.94024426
    111.57431868
    111.57431868
    111.59687519
    111.31293519
    111.74424870
    111.63530408
    111.39951668
    111.39951668
    111.39951668
    111.64532465
    111.96884351
    111.22288195
    111.75409147
    111.44263785
    109.71470295
    109.11073594
    109.11073594
    110.55965742
    110.73188924
    110.73188924
    111.29472649
    110.61222362
    109.77163166
    109.70307117
    111.79109224
    111.37176718
    110.78902437
    110.51673023
    111.32475485
    111.36617757
    111.36617757
    111.36617757
    111.36617757
    111.36617757
    111.24451099
    111.36808627
    111.36808627
    110.90608670
    111.08862592
    110.44190106
    110.44190106
    109.29021809
    109.64450418
    109.64450418
    110.87264190
    108.56672459
    108.56672459
    109.13151649
    107.66941181
    108.12174406
    108.37080803
    108.37080803
    106.96816188
    108.25860594
    110.29881010
    110.70314706
    111.26697510
    111.05402368
    111.05402368
    111.05402368
    110.76252268
    111.13465164
    111.20637196
    111.08817751
    111.33810589
    111.08784778
    111.29801978
    111.29801978
    111.73249475
    111.72408187
    111.72408187
    111.75593439
    111.83095727
    111.87199987
    109.43568799
    109.43568799
    111.66662158
    111.32871018
    111.32871018
    111.76189985
    111.96684539
    111.83918172
    111.99925885
    112.01321229
    111.78392090
    111.87921767
    111.95796847
    111.95796847
    111.59225095
    111.59225095
    111.84756921
    111.97098877
    111.99201338
    111.82554709
    110.75788699
    111.13092850
    110.79219840
    110.90908517
    111.71925591
    111.71925591
    111.94351390
    111.51263747
    111.54572373
    112.00570557
    112.01528542
    112.02809997
    111.97834888
    112.00186414
    112.00186414
    111.31489719
    110.95727545
    111.73335775
    111.93236621
    111.93284760
    111.85838892
    111.85213036
    111.19123906
    111.19123906
    111.76512318
    111.77977354
    111.77977354
    111.95142435
    111.95125382
    111.96233334
    111.84253746
    111.48658630
    111.48658630
    111.48658630
    110.62679783
    111.20979612
    110.69173291
    110.99771420
    110.99771420
    110.88438092
    111.28674854
    111.28674854
    111.91648468
    111.54071918
    111.54071918
    111.47897110
    111.43290119
    111.66024511
    111.61952688
    111.53737829
    111.14315179
    111.29381714
    111.79939411
    111.99372954
    112.00810907
    112.00810907
    111.37166712
    111.62193530
    112.00076016
    111.47305304
    111.27092728
    111.28112094
    110.51773159
    109.93006669
    109.93006669
    110.16836574
    110.16836574
    109.72825867
    111.41657222
    111.65835245
    111.79513172
    111.63388186
    111.63696770
    110.20931737
    110.18948088
    110.02862234
    110.02862234
    110.47440033
    110.47440033
    110.47440033
    111.53650017
    111.53650017
    111.53650017
    111.53650017
    111.53650017
    111.53650017
    111.60803429
    111.58887330
    111.58887330
    111.58887330
    111.92033987
    111.92033987
    112.02348170
    111.94853295
    111.94853295
    111.94853295
    111.90908828
    111.83997441
    111.91316595
    111.93195236
    111.81036672
    111.93563401
    111.93563401
    111.87870866
    111.91126289
    111.91126289
    111.34820935
    111.34820935
    111.34820935
    111.40827030
    111.64327800
    111.85081910
    111.85539528
    111.04810615
    110.21431538
    111.54171112
    111.54171112
    111.54171112
    111.17435594
    111.49756352
    111.53821794
    111.67997532
    111.98560581
    111.95704869
    111.97454134
    111.97454134
    111.97454134
    111.93450947
    111.93450947
    111.86107310
    111.05413008
    111.94767101
    111.74655704
    111.40986912
    110.77927458
    110.77927458
    110.88227822
    110.88227822
    110.73508198
    110.71255687
    110.56858635
    109.83059720
    109.80420341
    109.80420341
    109.80420341
    109.80420341
    109.80420341
    110.89797608
    110.90244577
    111.75206771
    111.66381867
    111.66381867
    111.65136810
    111.01835029
    111.49615381
    110.94217073
    109.85588950
    110.67973184
    110.67973184
    111.55676827
    110.56204814
    110.47549486
    111.16122826
    111.47841354
    111.66275590
    111.68006600
    111.64121338
    111.64935839
    111.64935839
    111.62543164
    111.99919539
    111.99919539
    111.99919539
    111.75844256
    111.74915567
    111.38817296
    111.38817296
    111.38817296
    111.24551627
    111.24923267
    109.96273412
    109.98658135
    110.36380929
    108.92001822
    110.41775251
    111.02077810
    111.02077810
    111.05935350
    111.07636023
    110.27481716
    110.47224639
    110.11793856
    109.77617818
    109.77617818
    109.77617818
    109.74674553
    109.75708961
    109.75708961
    109.75708961
    110.34199792
    109.47130026
    111.16767841
    111.14402710
    110.71590026
    110.70687177
    110.29013803
    110.63670900
    111.51504085
    111.68965059
    111.68965059
    111.63612994
    111.64526458
    111.41840160
    111.42315071
    110.04730116
    110.37691556
    110.88331540
    111.87926691
    111.87926691
    111.49632379
    112.00922849
    111.88586741
    111.88586741
    111.88440329
    111.96455867
    111.75740794
    111.84110279
    111.41612267
    111.48072179
    111.48975609
    111.97834382
    111.98172256
    111.89645455
    111.69139391
    111.02926249
    111.02926249
    111.02926249
    111.06875209
    111.06875209
    111.06468441
    111.06468441
    111.31507800
    111.40301365
    111.21279701
    111.17290891
    111.48490484
    111.40478393
    110.97155577
    111.38681339
    111.38681339
    111.70382500
    111.85434639
    111.53263141
    111.53263141
    110.94756944
    110.90077625
    110.90077625
    110.90077625
    110.63712252
    110.15691508
    110.15691508
    109.15572998
    109.03513810
    110.93844120
    110.88604866
    111.00248947
    111.00248947
    109.68043501
    109.68043501
    109.91806430
    110.94582077
    110.94582077
    110.51801485
    110.51801485
    110.80843215
    110.80843215
    110.80843215
    111.82144106
    111.82144106
    111.68379413
    111.16265683
    109.88816591
    110.33223824
    110.33223824
    110.33223824
    110.00486167
    109.51757754
    107.73032839
    109.59116070
    110.72560667
    110.45990369
    110.45990369
    110.70589094
    110.70589094
    110.91964361
    111.01440646
    111.01789201
    110.87945663
    111.67322145
    111.20987719
    111.19784433
    111.19784433
    111.19784433
    110.65041042
    110.92464665
    109.56035035
    109.56035035
    109.56035035
    110.98958569
    110.98958569
    110.98958569
    109.32360954
    110.95410161
    110.93891513
    111.84922149
    111.91657725
    111.85260939
    111.90457989
    111.93205597
    111.94763210
    111.50354260
    111.49466565
    111.61573444
    111.28244021
    110.60392408
    111.58097771
    111.58097771
    111.56198020
    111.73264820
    111.72434547
    111.64563384
    111.64563384
    111.71486639
    111.71486639
    111.77916672
    112.02652221
    111.84972684
    111.39256435
    111.39256435
    111.39256435
    110.88511087
    111.35667329
    111.20741159
    111.82964337
    111.67632141
    111.52399093
    111.70491576
    111.77880188
    111.90080611
    111.57401768
    111.41189053
    110.57598002
    109.93761331
    110.16465117
    109.10524747
    109.10524747
    108.45917194
    109.64459387
    109.31355592
    110.50885171
    110.97916126
    109.52718830
    109.52718830
    111.59161319
    111.78879925
    111.65587491
    111.64553104
    111.57749078
    110.30702585
    110.30702585
    110.78234157
    110.78234157
    110.48220229
    110.48220229
    110.38505103
    111.27786964
    111.95516141
    111.70576486
    111.57912288
    110.98816564
    111.68292798
    111.87394823
    111.87394823
    111.78015205
    111.38462629
    111.72693590
    112.02018943
    112.03140499
    112.03140499
    112.03140499
    111.93534962
    111.97515165
    111.34013065
    110.86790745
    110.11599171
    110.11599171
    109.90228607
    109.90228607
    110.59065705
    110.62107251
    110.35932276
    110.96784872
    109.95540415
    110.57634707
    111.14054010
    111.21897510
    107.92965363
    110.03370986
    109.85374723
    110.22767761
    110.16946363
    110.62346019
    111.68308754
    111.68308754
    111.52802261
    111.55533083
    111.55533083
    112.03403453
    110.85075299
    110.85075299
    110.75668051
    110.75668051
    111.42472420
    111.79380323
    111.79380323
    111.71885779
    111.60951562
    111.76234932
    111.76234932
    111.76234932
    109.34440146
    109.49551943
    109.17066591
    108.82953541
    110.15043936
    110.15043936
    110.46195440
    110.48343848
    110.48343848
    110.14965909
    110.14965909
    109.72812924
    109.72812924
    109.39128875
    109.39128875
    109.41363423
    109.87865749
    109.44746972
    109.44746972
    111.52813105
    110.08523656
    110.08523656
    110.60878330
    110.60878330
    110.40434918
    110.93760062
    110.93760062
    111.78022692
    111.79082882
    111.89715758
    111.96245045
    111.95058613
    111.95128983
    111.93053041
    111.55459247
    111.73325051
    111.67027727
    111.74774719
    111.37866389
    111.35465914
    110.91891129
    110.52334959
    111.28825490
    111.28825490
    111.25543305
    111.40201422
    111.36453155
    111.35450039
    111.62709529
    110.88734820
    111.97861559
    111.88036997
    111.92502015
    111.92502015
    111.92502015
    111.49482010
    111.49482010
    111.66825868
    111.51553846
    110.83051743
    111.24974567
    111.02999272
    111.02999272
    110.82502760
    111.41597679
    111.99630855
    111.95033919
    111.76822025
    111.76822025
    111.74013968
    111.74013968
    111.74013968
    111.74013968
    111.63063845
    111.52102465
    111.52102465
    111.53186898
    111.57154234
    111.61305949
    111.59312832
    111.45184575
    111.76556944
    111.76556944
    111.94339724
    111.74924718
    111.72559797
    111.72559797
    111.73609733
    111.75997759
    111.81840117
    110.14198281
    111.43642338
    111.53457081
    111.27286691
    111.27286691
    110.58806231
    109.83921722
    109.83921722
    109.83921722
    109.83921722
    111.39192997
    111.91593938
    111.56167269
    112.00691174
    112.02458218
    112.02458218
    111.48082330
    111.48082330
    111.17350533
    111.66765060
    111.66765060
    111.82401896
    111.68426457
    112.01973504
    111.94846251
    111.97138928
    111.82232109
    111.94750683
    111.84063423
    111.49745156
    111.49745156
    111.27493229
    111.25132981
    110.40143316
    110.40143316
    110.40143316
    110.91523577
    110.91523577
    110.91523577
    111.76893099
    111.49930306
    111.49930306
    111.61704760
    111.30480645
    111.90630045
    111.86737971
    111.80776930
    110.99839156
    110.99839156
    110.99839156
    111.28807250
    111.67685497
    111.67685497
    111.67685497
    111.63051815
    111.33314872
    111.79667062
    111.48860043
    111.55727563
    111.55727563
    111.41774910
    111.41774910
    110.68048530
    111.46448179
    111.46448179
    111.32472873
    110.78349154
    110.78349154
    111.74616140
    110.51827531
    110.42829577
    110.42829577
    110.42829577
    110.42829577
    110.42829577
    110.42829577
    110.42829577
    110.42829577
    111.44451257
    111.49046972
    111.49046972
    111.22488908
    111.14477924
    109.40726616
    109.40726616
    109.40726616
    111.24932406
    111.24932406
    111.24569721
    111.24569721
    111.39544108
    111.57337605
    109.72990028
    109.72990028
    109.72990028
    109.72990028
    109.72990028
    111.26857089
    111.26857089
    111.43424372
    111.43424372
    111.42912957
    111.28549898
    111.56594630
    111.56594630
    111.95338096
    111.95697686
    111.52793496
    110.93259420
    110.93259420
    109.75946363
    109.75946363
    110.80556533
    111.35144510
    111.35144510
    111.38950795
    111.35229163
    111.35229163
    111.38213996
    110.37105366
    110.37105366
    111.01011119
    111.18698120
    111.24829161
    111.22855448
    111.22855448
    111.58330344
    111.64015991
    111.85068639
    111.85068639
    111.87690528
    110.85957753
    110.85957753
    110.85957753
    110.74557655
    110.74557655
    110.74557655
    110.33537494
    110.08750721
    110.73797083
    110.73797083
    110.73797083
    110.66259850
    111.07119057
    111.07119057
    110.59923275
    111.01526049
    111.01526049
    111.25667135
    110.79232462
    110.23272930
    110.12841252
    110.12841252
    110.12841252
    110.77158029
    110.77158029
    111.48494203
    111.38885195
    111.33257280
    111.19319486
    108.79721604
    109.16027777
    107.26046658
    107.26046658
    109.13377068
    108.74733808
    108.74733808
    108.79489155
    107.95264952
    107.95264952
    108.15887096
    108.15887096
    109.49339953
    109.36719875
    109.36719875
    109.36719875
    109.36719875
    109.36719875
    108.25428313
    108.25428313
    109.83720887
    110.17911383
    110.99197464
    110.66820308
    111.28501469
    111.28174378
    111.22396275
    111.55080915
    111.80593735
    111.47911233
    111.75484988
    111.75484988
    111.66238535
    111.33618100
    111.33618100
    110.77427479
    110.77427479
    111.23445710
    111.01646693
    112.02539895
    112.02539895
    111.64400148
    111.52201014
    111.52404966
    111.88773605
    111.95669313
    111.53503452
    111.53422053
    111.95947565
    111.95947565
    111.86528454
    111.86528454
    111.80959956
    106.96934774
    110.57237746
    110.57237746
    111.02576431
    110.84970095
    108.96913254
    108.96913254
    108.96913254
    108.96913254
    109.90361111
    109.90361111
    109.90361111
    110.82280869
    110.82280869
    109.90965125
    112.01336648
    111.89421750
    111.88286866
    111.59009121
    111.67355686
    111.80973964
    111.59249919
    111.53235384
    111.53235384
    111.53235384
    111.53235384
    110.89436503
    110.89436503
    110.89436503
    111.12522671
    111.12522671
    111.72818703
    111.72818703
    111.65328513
    111.68402561
    111.79140001
    111.79371977
    111.76542767
    111.97314973
    111.74419945
    111.74419945
    111.61215012
    111.61215012
    111.55066115
    111.99552327
    111.82167918
    111.20907683
    109.57709701
    108.52937669
    110.44524603
    110.80511002
    110.80511002
    111.22053261
    110.68866744
    110.87310764
    110.30168153
    110.36983513
    110.36983513
    110.36860193
    106.52227114
    106.50697223
    106.50697223
    109.90997718
    108.36734124
    109.66728650
    110.74039663
    109.94810954
    109.94810954
    109.94810954
    110.09261155
    110.41349579
    110.33835014
    110.59957390
    110.59957390
    110.91221360
    110.90729113
    110.90278053
    111.06694051
    111.06694051
    111.25831268
    111.25831268
    111.73903736
    111.73903736
    111.98732551
    111.89864140
    111.89864140
    111.89864140
    111.89864140
    111.89173595
    111.89173595
    111.57223170
    111.83604613
    111.68754698
    111.96111636
    111.96111636
    112.02979978
    112.01640001
    111.78335467
    111.13050475
    108.47643353
    108.47643353
    108.47643353
    108.47643353
    108.47643353
    108.47643353
    110.17283833
    110.97509742
    111.02816463
    111.02816463
    111.01869635
    111.74699629
    109.91193500
    111.89013788
    111.89013788
    111.89013788
    111.96522902
    111.98638160
    112.03034384
    110.44869188
    110.44869188
    110.44869188
    109.94786835
    109.94786835
    109.94786835
    109.94786835
    109.94786835
    109.48805072
    108.93533190
    109.20156636
    109.26502386
    109.23676720
    110.15861719
    110.75825840
    110.75825840
    110.27252177
    110.35312003
    110.35312003
    110.35312003
    110.35312003
    110.35312003
    110.33570219
    110.33570219
    110.33570219
    110.33570219
    110.33570219
    109.90233776
    109.90233776
    111.45445736
    111.90273366
    111.91813942
    111.62459956
    111.62459956
    111.91198322
    111.41991920
    111.41991920
    112.01993563
    112.02822652
    112.02822652
    111.68575627
    111.93023630
    111.66871911
    111.66871911
    111.66628715
    111.61221928
    111.67244858
    111.67244858
    111.60786851
    111.60786851
    111.94253160
    111.96559269
    111.99621121
    112.01849657
    112.00549429
    112.00755182
    111.94158500
    111.96551285
    112.01350181
    112.01350181
    112.03144191
    111.76619294
    111.75045880
    111.90217130
    111.87036127
    111.96028533
    111.76923136
    111.61545495
    111.89287602
    111.89287602
    111.08910001
    110.95136783
    111.40826619
    111.75217380
    110.71298405
    111.95765811
    112.00286114
    111.96644312
    111.96644312
    112.00334547
    111.96493623
    111.96367430
    112.01185173
    111.80410599
    111.18275117
    110.37239453
    109.35031976
    109.35031976
    110.43087521
    109.71962846
    110.68818818
    110.78517398
    111.35370552
    111.42315369
    111.29499612
    111.24794843
    111.53244496
    111.69501907
    111.67515995
    111.76602517
    111.76602517
    111.76602517
    111.73467248
    111.74139321
    111.64499356
    111.64499356
    111.64499356
    110.81270417
    110.86658811
    110.86658811
    110.99342796
    111.79726252
    111.79726252
    111.70970224
    111.70970224
    111.66359582
    111.99571979
    112.02672684
    111.98874374
    112.02581473
    112.02500789
    111.98741943
    111.98741943
    111.94556381
    111.48035503
    111.49803814
    110.54428795
    110.54428795
    110.54428795
    111.25077038
    111.74210396
    111.74290221
    111.89673845
    111.89954535
    111.96758455
    111.96850987
    112.02437983
    111.96884053
    111.96884053
    111.96884053
    111.53593256
    111.53593256
    111.32950316
    110.73496371
    110.73496371
    110.71363444
    110.71363444
    110.38044218
    109.76102361
    109.72852026
    109.83199832
    109.52586853
    109.57214844
    109.20841605
    110.57142544
    110.70858189
    110.70858189
    110.70858189
    110.70858189
    111.74991281
    111.71115376
    110.41135617
    110.78300812
    111.26059604
    111.16965850
    111.73812182
    111.73812182
    111.61457417
    111.61457417
    111.61457417
    111.54916313
    110.47811665
    111.58729104
    111.58729104
    111.43399494
    111.43399494
    111.61351709
    111.21890891
    111.21890891
    110.50522697
    111.25906116
    111.70896767
    111.92174912
    111.76849697
    111.87142351
    111.87142351
    111.87350508
    111.87350508
    111.90697859
    111.90697859
    111.94323882
    111.94323882
    111.94323882
    111.94323882
    111.98887096
    111.99784002
    111.90508312
    111.71588301
    111.34718514
    110.89720255
    111.21614335
    111.24932555
    111.24932555
    111.24932555
    111.37895566
    111.78712212
    111.78712212
    111.92967179
    111.92572810
    111.92572810
    111.92572810
    111.88472902
    111.82220184
    111.82220184
    111.25368099
    111.25368099
    111.26355982
    111.23610418
    111.23661229
    109.74124795
    109.74124795
    108.91204252
    108.91204252
    110.03307996
    109.66257232
    110.48977093
    110.49995512
    110.41640728
    110.87116523
    110.99702820
    110.99702820
    110.99704030
    111.67217454
    111.85944074
    111.87085320
    106.72916592
    110.34128781
    109.95458714
    111.85964843
    111.80295956
    111.97695851
    111.41987392
    111.41987392
    111.33958907
    111.14290956
    111.75140764
    111.59122497
    111.72512113
    111.67835739
    111.19643278
    111.29098989
    111.03480887
    111.88255557
    111.88252722
    111.92907637
    111.92907637
    111.97359291
    111.97359291
    111.87219717
    111.86485102
    111.09628509
    111.09628509
    111.09628509
    111.74879738
    111.66625694
    112.02655643
    111.89408494
    111.95031170
    111.90922095
    111.65824521
    111.74162306
    111.58725505
    111.74029986
    111.66764946
    111.65560676
    111.37965585
    111.40759137
    111.22581031
    110.90356211
    109.53418361
    110.87919253
    110.55016643
    111.43770725
    111.55153567
    111.73426286
    111.48271653
    111.72312373
    110.81308039
    110.81308039
    110.81308039
    110.25817141
    110.30057303
    111.52849860
    111.93794210
    111.91427446
    111.91427446
    111.91503459
    111.91503459
    111.88627914
    111.98026101
    111.98026101
    111.98026101
    111.98026101
    111.95264772
    111.89443604
    111.30620456
    111.30620456
    109.64624770
    109.62256853
    110.23133299
    110.23133299
    111.50008367
    111.50008367
    111.50008367
    111.50008367
    111.67250183
    111.67250183
    111.81582732
    111.30469620
    111.30469620
    111.86094537
    111.86094537
    111.79873648
    111.47071064
    111.49523534
    111.49523534
    111.49523534
    111.57286520
    111.57286520
    111.55408557
    111.66156151
    110.69809227
    111.22811479
    111.01093088
    111.01093088
    108.85703171
    108.54829473
    108.54829473
    108.41238060
    109.53120323
    107.77517228
    108.71104791
    109.00171257
    109.00171257
    109.00171257
    109.00171257
    109.97223337
    109.97223337
    111.50765391
    111.38148770
    110.13388879
    110.13388879
    110.13388879
    111.49880222
    111.46973230
    111.30387143
    111.83892923
    111.88600361
    111.67693382
    111.81054195
    111.81054195
    111.92221219
    111.94490524
    111.89254381
    111.47505909
    111.79001122
    111.78804185
    111.78804185
    111.78804185
    112.02461413
    112.02720561
    112.02720561
    112.02838286
    112.02838286
    112.02838286
    112.02838286
    110.74857987
    110.04592338
    110.42271875
    111.77240857
    111.67321055
    109.25880739
    110.43439021
    110.21606062
    110.21606062
    110.21606062
    109.54685908
    109.99590937
    109.99590937
    111.66933153
    111.77588347
    111.52557621
    111.52557621
    111.83427993
    111.80854719
    111.73387944
    111.59728168
    111.92921193
    111.99521834
    111.88124287
    111.61472922
    111.90976826
    111.66965029
    111.76063310
    111.37665581
    111.39138778
    111.33527320
    111.45290532
    110.89888451
    111.06709953
    111.80491944
    111.71025088
    111.79114020
    111.51609296
    110.88750608
    109.23332340
    109.23332340
    110.51328973
    109.99614896
    109.34835549
    109.55880292
    109.55880292
    109.55880292
    109.55880292
    109.88636676
    109.88636676
    110.49605900
    110.09103650
    110.09103650
    109.80419987
    109.93867961
    110.46500716
    109.67073829
    110.25408301
    109.80379610
    109.68276315
    109.68276315
    110.53965323
    110.53965323
    110.53965323
    109.69630739
    110.53633052
    110.46853295
    110.14513552
    110.14513552
    110.14513552
    110.14513552
    110.11690377
    109.59533321
    110.60148782
    110.60148782
    111.59658331
    111.59658331
    111.59658331
    111.57678663
    111.26992824
    111.14558905
    111.14832640
    111.14832640
    111.14832640
    110.98041349
    110.98041349
    111.07468800
    110.87290543
    110.53778200
    110.20203083
    110.48082820
    110.59620887
    110.66039995
    110.44387728
    109.86557843
    109.86557843
    110.98871785
    110.68787597
    110.45652224
    110.26544388
    109.83189551
    109.83189551
    109.58563511
    111.37666695
    111.28823946
    111.49823083
    111.90916593
    111.90916593
    111.78712415
    111.05620503
    110.65750993
    111.19285409
    111.19285409
    110.25783513
    110.25783513
    110.25783513
    109.60295462
    111.05693961
    111.05693961
    111.05693961
    110.70077841
    111.67021214
    111.67021214
    111.67021214
    111.67021214
    111.86999859
    111.77529605
    111.98216936
    111.98044965
    111.98044965
    110.90101640
    110.87144217
    110.87144217
    110.87144217
    111.85493110
    110.96010105
    110.99956157
    110.99956157
    111.09378219
    111.56229859
    111.54222950
    111.23210298
    110.57371514
    111.55754173
    111.55754173
    111.56130091
    111.69161682
    110.15332782
    110.57547550
    110.82094544
    111.03903517
    110.20473662
    110.20473662
