     64.74994284
     64.74994284
     64.74994284
     64.74994284
     64.74979645
     64.71492754
     64.71492754
     64.75494022
     64.74647153
     64.76520076
     64.65930414
     64.72112348
     64.76171920
     64.72774999
     64.72774999
     64.73813119
     64.73813119
     64.70606759
     64.73892974
     64.68429093
     64.68429093
     64.68429093
     64.68656302
     64.68656302
     64.68879442
     64.64417219
     64.68842431
     64.60890704
     64.46556304
     64.31738819
     64.35561602
     64.35561602
     64.59075270
     64.03176616
     64.17422607
     64.29101688
     64.16034679
     64.16034679
     64.16034679
     64.15117971
     63.68656384
     63.68656384
     63.67816720
     64.05756654
     64.02768619
     63.67810087
     63.50710639
     64.21879681
     64.15417297
     63.55079461
     63.01432097
     63.65641479
     63.73020816
     63.49156715
     63.49156715
     63.22362232
     63.22362232
     63.41460732
     63.41460732
     63.41460732
     63.41460732
     64.27922778
     64.31161315
     63.62274108
     63.62274108
     62.98354427
     63.76038946
     64.55178894
     64.45155286
     64.45155286
     64.34348506
     64.01675816
     63.84931000
     63.84931000
     63.84931000
     63.65611795
     63.65611795
     63.65611795
     64.02165519
     64.55019550
     64.55019550
     64.53350369
     64.53350369
     64.53684377
     64.53684377
     63.83884393
     63.83884393
     64.40000336
     64.40000336
     64.61541410
     64.43068282
     64.43068282
     64.43068282
     64.43068282
     64.43068282
     64.56757743
     64.59165696
     64.64293209
     64.65100120
     64.58791782
     63.53477160
     63.20174976
     63.83905388
     63.67997416
     63.67997416
     64.15814127
     64.34029310
     64.34029310
     64.60532838
     64.45606166
     64.39057037
     64.39057037
     63.76428155
     63.52383250
     63.55939287
     63.57257375
     64.12964478
     63.91572592
     63.90615074
     63.89957728
     63.80389201
     63.80389201
     63.46512774
     63.87508142
     63.88078277
     64.39754410
     64.39754410
     64.05473575
     64.04724845
     64.04382709
     63.71454785
     62.91596850
     62.91596850
     61.97328465
     61.93001588
     61.93001588
     61.93001588
     63.09233493
     62.46375668
     62.99144730
     62.46624192
     61.54278746
     61.46452326
     62.93541126
     63.05652243
     63.77294116
     64.01157934
     64.21879758
     64.57167967
     64.57167967
     63.38887592
     63.68204917
     63.63267345
     63.07797123
     62.48567248
     63.34447737
     63.37361092
     63.37361092
     63.37361092
     64.18052842
     63.02219052
     64.15115885
     64.21643428
     64.21643428
     64.35889293
     64.54894319
     64.54894319
     64.54894319
     64.61372549
     64.56314202
     64.44787145
     64.44787145
     64.47367042
     64.44188801
     64.44188801
     64.47769151
     64.26260474
     64.26260474
     62.75347585
     62.75347585
     62.75347585
     62.88295614
     62.88295614
     62.88295614
     63.39166185
     63.39159298
     63.39159298
     63.39159298
     63.49827825
     64.18278900
     64.18278900
     64.29836045
     63.76177241
     63.66831523
     63.93692939
     64.00520124
     64.54106764
     64.50007884
     64.71157781
     64.71157781
     63.95160218
     63.95160218
     63.91569277
     63.56398919
     63.56398919
     63.58130306
     63.57958868
     63.79567224
     63.74634061
     63.74634061
     63.73660954
     63.70300652
     63.40872628
     63.40872628
     63.27878284
     63.27878284
     63.29842908
     63.29842908
     63.29842908
     63.29842908
     63.03805584
     63.00117151
     63.37933011
     63.52136568
     64.31733070
     64.35078143
     63.98597479
     64.53002763
     64.53002763
     64.48430686
     64.48430686
     64.45305720
     64.33350466
     64.04886634
     64.08294328
     64.31238907
     64.60030667
     64.51334149
     64.68198928
     64.75147658
     64.76220690
     64.76220690
     64.76220690
     64.72070304
     64.67627104
     64.67627104
     64.68523340
     64.68523340
     64.72294305
     64.70159655
     62.80101516
     63.52170883
     63.87765362
     63.87903535
     64.26638129
     64.26638129
     64.45495618
     64.64748677
     64.62400169
     64.62400169
     64.62400169
     64.62400169
     64.62400169
     64.62400169
     64.59298014
     64.58995159
     64.52914017
     64.52914017
     64.70609320
     64.70609320
     64.70609320
     64.70609320
     64.70609320
     64.76119829
     64.76218677
     64.76218677
     64.76218677
     64.76218677
     64.75894643
     64.75894643
     64.75894643
     64.75894643
     64.75894643
     64.75894643
     64.75894643
     64.70416986
     64.70416986
     64.60718781
     64.60718781
     64.60718781
     64.60718781
     64.60718781
     64.60718781
     64.51788847
     64.17970332
     64.41374348
     64.48124022
     64.48132814
     64.51307785
     64.51307785
     64.25764976
     63.48955043
     62.65602799
     62.43180399
     63.35543275
     63.35543275
     63.05872290
     63.47738321
     63.66102404
     63.37600699
     63.60629925
     64.19959396
     64.44081815
     64.65140026
     64.31958616
     64.07880612
     63.81781004
     63.81781004
     63.79053449
     63.79554866
     63.85314838
     63.88087790
     63.89783004
     63.76504356
     63.80570263
     63.86989940
     63.85825690
     63.46368681
     63.47018929
     62.39091093
     63.65164226
     63.65164226
     62.81054295
     62.81054295
     63.05065951
     63.54628309
     63.54628309
     64.28043700
     64.18293476
     64.24045005
     64.27609595
     64.15093091
     64.15093091
     64.28052752
     64.43969395
     64.44271259
     64.42154912
     64.33596854
     64.50458380
     64.50458380
     63.86713252
     64.05143870
     64.34984409
     64.47629397
     64.21811754
     63.85490452
     63.85490452
     63.87957346
     63.87957346
     61.64702797
     62.66036895
     62.66036895
     62.66036895
     62.02219737
     63.58145111
     63.65979443
     63.04562412
     63.32334442
     63.18723014
     63.60777288
     63.69601349
     64.04091955
     64.22054268
     64.22054268
     64.22054268
     64.22054268
     64.00584819
     64.04659336
     63.85876189
     63.48754784
     63.35508098
     63.39451929
     62.66518665
     63.86686649
     64.26850260
     63.22788787
     63.22788787
     63.22788787
     61.85242692
     61.85242692
     61.85242692
     61.85242692
     61.85242692
     61.85242692
     61.85242692
     61.85242692
     61.31087400
     60.92348891
     60.92198612
     60.92198612
     64.49619151
     64.57589471
     64.70402856
     64.67127247
     64.67127247
     63.39355775
     63.26596544
     63.79199117
     63.79199117
     63.57583920
     62.73735087
     62.73735087
     63.66836874
     63.63427270
     63.63427270
     63.86790062
     63.46901633
     63.92315914
     63.89302045
     63.89302045
     64.08497350
     63.77874078
     64.42069670
     64.42069670
     64.42069670
     64.42069670
     64.36866139
     64.46041343
     63.91622538
     63.08065385
     63.37861801
     62.93316240
     61.50219460
     61.50219460
     63.45658546
     63.50602757
     64.40478728
     64.34287706
     64.47571744
     64.47571744
     64.40810744
     64.35596804
     64.39404045
     64.53961494
     64.54513693
     64.54513693
     64.24281920
     64.25257093
     62.74682634
     62.74682634
     64.37247778
     64.37247778
     64.61179299
     64.49994010
     64.27534652
     64.61607833
     64.59686737
     64.65690700
     63.86790559
     63.86790559
     63.80323857
     63.80323857
     63.80323857
     64.09622120
     64.46806302
     64.17253657
     64.54633441
     64.50226590
     64.50226590
     64.50226590
     64.29671964
     64.48717814
     64.60338784
     64.53888878
     64.46355099
     64.41964709
     64.59467811
     64.69501760
     64.56745780
     64.47753825
     64.48302976
     64.37422183
     64.27185098
     64.19146978
     64.19146978
     64.02952443
     64.40889363
     64.39961609
     64.21899222
     64.53851464
     64.40262594
     64.19904656
     64.73816169
     64.75047610
     64.76206945
     64.76206945
     64.76206945
     64.76206945
     64.63661314
     64.63661314
     63.38318015
     63.39434562
     63.39434562
     63.39434562
     63.39434562
     63.38155271
     62.98156076
     62.98156076
     63.44954251
     62.99597931
     63.02609007
     63.02609007
     63.02609007
     63.03306815
     63.03306815
     63.00875416
     64.16209026
     64.02331872
     64.23381647
     64.06297066
     64.18599272
     63.76695010
     64.00772228
     63.99867252
     64.03440009
     64.03440009
     64.03440009
     63.50019948
     63.50019948
     63.51678640
     63.04184564
     63.30936525
     63.30936525
     63.30936525
     62.78621529
     61.53831472
     62.96389496
     62.96389496
     63.64196415
     62.83845307
     63.33766826
     63.33766826
     63.81375938
     62.88427779
     63.81535077
     63.54345022
     63.50633937
     62.58334023
     63.08311969
     62.12055781
     64.72695850
     64.72695850
     64.73304024
     64.73618585
     64.54988453
     64.54988453
     64.54988453
     64.54988453
     64.72907118
     64.72907118
     64.68064536
     64.74195543
     64.74195543
     64.74031903
     64.48669337
     64.33456349
     64.28123018
     64.51258347
     64.58628421
     64.51317324
     64.43515869
     64.52957633
     64.25504880
     63.95506255
     63.95506255
     63.95506255
     64.25560052
     64.25560052
     64.25560052
     64.02678803
     62.34821108
     63.16123611
     63.66788485
     63.66788485
     63.24176554
     64.06455463
     64.04170412
     64.04170412
     64.03790825
     64.04128540
     62.81538328
     62.81538328
     61.67693056
     61.67693056
     61.05307394
     61.05307394
     61.05307394
     60.47970938
     60.45340451
     60.45340451
     62.08733385
     62.53596484
     62.53596484
     62.53596484
     62.56136251
     62.56136251
     62.48615160
     62.79036732
     62.79036732
     62.79036732
     62.79036732
     62.79036732
     62.09442316
     61.99539824
     61.99539824
     61.99539824
     61.22269071
     63.33535906
     63.33535906
     63.33535906
     63.33535906
     63.33535906
     63.33535906
     61.56098287
     58.01025240
     61.30765916
     61.56878157
     62.89082411
     61.00991800
     61.00991800
     61.56849253
     61.56849253
     61.55175165
     62.11971382
     63.13662247
     64.08922913
     64.08922913
     64.23661309
     64.23661309
     63.47787733
     63.44276139
     63.16284217
     64.16534187
     63.68695430
     63.68695430
     63.98558509
     63.98558509
     64.61107898
     64.61107898
     64.55863520
     63.43933497
     63.43933497
     64.03272806
     63.81274659
     63.85694543
     62.96546001
     62.96546001
     62.96546001
     63.15895738
     63.32175139
     63.24781561
     63.63181792
     63.56219962
     63.51851166
     63.95285945
     63.90892759
     63.44586572
     63.07559327
     63.07559327
     60.12643857
     61.83830073
     63.21263566
     63.77281961
     63.77281961
     64.09200502
     64.06579606
     64.06430140
     64.07346599
     63.93475344
     64.22051865
     64.28520573
     64.73216641
     64.73216641
     64.73216641
     64.63827395
     64.29578323
     64.29612996
     64.34224085
     64.33201733
     64.33201733
     64.18791114
     64.20378575
     64.20378575
     64.49885101
     64.49885101
     64.74035988
     64.74035988
     64.63214947
     64.63214947
     64.42964384
     64.21533476
     64.20109629
     63.61778322
     63.29642288
     63.29642288
     63.05596849
     63.05596849
     62.38221761
     62.31236319
     62.31236319
     62.31236319
     62.32148606
     62.32148606
     62.32148606
     64.40526513
     64.40526513
     64.40526513
     64.40526513
     64.44387542
     64.44387542
     64.44387542
     64.43097447
     64.51387932
     64.65478820
     64.31607748
     64.31607748
     63.76958694
     64.30470606
     64.60509857
     64.36405321
     63.86852326
     64.58025683
     63.94985613
     63.94985613
     64.05037181
     63.97173618
     63.96978075
     61.73428264
     61.73428264
     61.73428264
     61.04277126
     61.04277126
     61.04277126
     61.04277126
     61.04277126
     61.72248814
     61.72248814
     61.72248814
     62.32389176
     62.32389176
     57.13209395
     60.25539757
     59.85510809
     60.01992509
     60.28846121
     60.28846121
     60.28846121
     60.28846121
     60.45613511
     58.55723384
     61.71932773
     61.93829245
     63.03035956
     63.98783889
     63.98783889
     64.20829636
     64.27903288
     63.94540192
     63.94540192
     64.41720167
     64.00300277
     64.44626202
     64.44626202
     64.32080906
     64.32080906
     64.32080906
     64.01794785
     64.01794785
     62.98290659
     62.57873782
     62.57873782
     62.08178246
     63.70168949
     63.70168949
     64.16893954
     64.11459773
     64.60692176
     64.06293032
     64.02710984
     64.02710984
     64.27853824
     64.27853824
     62.89585313
     62.89585313
     62.89585313
     62.89585313
     63.42792542
     63.49151399
     63.64764269
     63.63411214
     62.45104288
     62.25324860
     62.25324860
     62.25324860
     62.82378785
     62.89870690
     63.15754376
     63.13781249
     63.98617451
     63.98617451
     63.98617451
     62.93219238
     63.49762653
     63.34439059
     63.34439059
     63.41052953
     63.34269459
     63.76002343
     62.86033959
     62.66750776
     62.74949124
     63.87662765
     63.70192318
     63.70192318
     63.06287937
     63.25723051
     63.52658928
     63.91723906
     63.91723906
     63.80684010
     63.64919757
     63.64919757
     63.64919757
     63.64919757
     64.29569047
     64.14519403
     64.14840252
     64.59286319
     64.59085674
     64.71877650
     64.71672829
     64.71672829
     64.42273630
     64.42740759
     64.38236286
     64.44446338
     64.44490622
     64.20462914
     63.98555643
     63.81954691
     64.01175617
     64.01175617
     63.85926669
     63.85926669
     63.85926669
     63.85926669
     64.03087003
     63.97664383
     64.28051423
     64.37813119
     64.44062784
     64.44062784
     63.89622586
     63.80450672
     63.53178689
     63.93332906
     63.93332906
     63.93332906
     64.02416842
     64.07734933
     63.65989729
     63.44971836
     63.44971836
     63.55995984
     63.55995984
     64.15506667
     64.15744703
     64.25716224
     64.18416969
     63.64218064
     63.85851850
     64.46845278
     64.50284108
     64.48454576
     64.53238243
     64.57175308
     64.67254605
     64.67254605
     64.63817591
     64.63817591
     64.63817591
     64.63817591
     64.63817591
     64.65103159
     64.65103159
     64.58901054
     64.58901054
     64.58901054
     64.67863114
     64.74203286
     63.57803134
     63.55310083
     64.42947747
     64.64625602
     64.65792467
     64.74448140
     64.74448140
     64.74448140
     64.74448140
     64.74448140
     64.66324759
     63.97998552
     63.71198904
     64.37470427
     64.51227850
     63.94063751
     64.61576367
     64.38524878
     64.11943534
     64.48867680
     64.48867680
     64.28988959
     64.29327460
     64.29327460
     63.08060180
     63.08060180
     63.35803784
     63.84579536
     63.99753284
     64.30729868
     64.30729868
     64.30729868
     64.30729868
     64.27185853
     64.63433467
     64.63433467
     64.35202983
     64.35202983
     64.35202983
     64.37183061
     64.52505168
     64.52505168
     64.52505168
     64.36521442
     63.79874999
     64.15983601
     64.02357226
     63.98893110
     64.03512948
     63.84389474
     64.48270832
     64.48270832
     64.48270832
     64.48270832
     64.48270832
     64.48270832
     64.60460539
     64.72429325
     64.74466327
     64.74317596
     64.74317596
     64.61835456
     64.36250687
     63.24763956
     62.29203201
     62.29203201
     62.29203201
     62.29203201
     62.29203201
     62.29203201
     62.29203201
     63.81529383
     63.72782795
     63.72782795
     62.91941607
     63.67892199
     63.67892199
     64.11912090
     64.11912090
     63.60589420
     63.60589420
     63.25216364
     63.25216364
     61.54426381
     60.63033942
     60.63033942
     60.63033942
     60.63033942
     61.57718231
     61.57718231
     61.74251282
     61.74251282
     61.74251282
     61.74251282
     61.74251282
     61.74251282
     61.74251282
     62.56218148
     62.56218148
     64.25452910
     62.31529525
     62.39908522
     61.49934691
     63.42803062
     63.43211938
     63.57289626
     63.25875617
     63.25875617
     62.64674928
     62.64674928
     62.63583738
     62.43428854
     62.32136864
     63.87488050
     63.87488050
     64.63874095
     64.73191725
     64.73191725
     64.74023270
     64.74023270
     64.75444208
     64.75444208
     64.75358700
     64.75211721
     64.75211721
     64.63120545
     64.63120545
     64.63120545
     64.63120545
     64.71332020
     64.71332020
     64.71534143
     64.71534143
     64.69439729
     64.69439729
     64.63253393
     64.71577304
     64.73091789
     64.72187454
     64.71116339
     64.73207556
     64.70643259
     64.70643259
     64.69723200
     64.69006902
     64.57500209
     64.57500209
     64.57500209
     64.58669355
     64.00684638
     63.64801020
     63.84984217
     63.73243633
     63.73243633
     63.80470223
     63.95051658
     63.95051658
     62.51027936
     62.57438762
     62.63357665
     62.63357665
     62.63357665
     62.63357665
     62.63357665
     62.42979954
     61.84908653
     61.84908653
     62.57785665
     63.15833798
     63.15833798
     63.15833798
     62.96538741
     62.96538741
     62.96538741
     63.13860289
     63.24976369
     62.69655550
     63.74568367
     62.28658484
     63.51913722
     63.51913722
     63.09525321
     63.09525321
     63.09525321
     62.63853524
     62.63853524
     62.64495147
     63.24092569
     63.81123114
     61.39186974
     61.39186974
     63.31892585
     63.38137996
     63.38137996
     63.11371525
     63.11371525
     63.11371525
     64.10115355
     64.12985402
     62.71821663
     62.75980341
     63.48546974
     63.25434716
     63.25752811
     63.25752811
     63.25752811
     63.23537838
     63.22382101
     64.14781815
     63.23127690
     63.23127690
     62.47905232
     62.47905232
     62.47905232
     62.56285406
     63.38669242
     63.13261500
     63.64350146
     63.87230820
     64.05359998
     64.37841997
     64.06762272
     63.81970431
     63.53659462
     64.08595833
     64.11991738
     64.11846780
     64.21794122
     63.67104778
     63.67104778
     64.04269074
     63.66623135
     63.66623135
     63.21572297
     63.95660262
     63.95660262
     62.85124795
     63.60889759
     63.66454651
     64.09087150
     64.09087150
     64.09087150
     64.23545124
     63.78022698
     64.23682932
     64.45709859
     64.27088407
     64.27088407
     64.27088407
     64.44925487
     62.28976212
     62.99714512
     62.67950833
     63.45674585
     63.25066322
     63.10143008
     62.99670465
     62.99670465
     62.99670465
     62.99670465
     62.99670465
     63.53342968
     63.21795876
     63.21795876
     63.34418625
     63.34418625
     63.34418625
     63.34418625
     63.89854199
     63.89854199
     64.04149093
     63.79505917
     64.54445653
     64.55515111
     64.55515111
     64.53831461
     64.75743749
     64.73197877
     64.76463706
     64.76463706
     64.76562172
     64.67292965
     64.67292965
     64.41308439
     64.43591289
     64.21409619
     63.96124959
     63.36139014
     63.04931806
     63.00708417
     62.54448416
     62.52781917
     62.52781917
     63.83461259
     63.96832381
     63.96832381
     63.75588948
     64.35539243
     64.58297588
     64.66900737
     64.73044769
     64.02403958
     62.84812751
     62.84812751
     62.84812751
     62.84812751
     62.94227340
     63.29308691
     63.29308691
     63.29308691
     63.55813745
     63.55813745
     63.55813745
     63.55813745
     63.69313296
     63.69313296
     63.69313296
     63.69313296
     62.03948569
     63.76946087
     64.21952971
     64.16913106
     63.75644823
     63.69292787
     63.60186833
     63.60186833
     62.42319159
     60.77994723
     60.77994723
     60.73140769
     61.43196386
     61.43196386
     61.43196386
     60.44881923
     60.44881923
     61.08221344
     61.27296820
     61.27296820
     61.27296820
     61.08112317
     61.08112317
     63.13743971
     62.57500929
     62.57500929
     62.57500929
     62.74179881
     62.65189703
     63.12376597
     63.11974925
     64.28144406
     64.72090740
     64.72090740
     64.72090740
     64.68082944
     64.68082944
     64.65049965
     64.65049965
     64.65049965
     64.41540123
     64.72221418
     64.72221418
     64.72221418
     63.78965029
     64.13711139
     64.13084086
     64.37237094
     63.84198216
     63.84198216
     63.84198216
     63.10279293
     63.10279293
     63.20233685
     63.20233685
     63.82489806
     63.82489806
     63.59693908
     63.59693908
     63.59693908
     64.34122378
     64.34122378
     64.25352569
     64.25352569
     64.09961133
     64.24116598
     64.69001572
     64.20240953
     64.20240953
     64.20240953
     64.20240953
     64.10016191
     64.10016191
     64.10016191
     63.80170976
     63.80170976
     63.80454526
     64.73314011
     64.52293088
     64.66405150
     64.66405150
     64.52694714
     63.96496688
     63.96496688
     63.96496688
     64.76500176
     64.76489478
     64.76237271
     64.76237271
     64.76237271
     64.27668269
     64.65989475
     64.67894527
     64.67714037
     64.67714037
     64.49168764
     64.49168764
     64.62786925
     64.66487774
     64.71916561
     64.64878956
     64.64878956
     64.64878956
     64.22190848
     64.58132691
     64.69086160
     64.71969704
     64.71969704
     64.71969704
     64.72026691
     64.72026691
     64.75224896
     64.36713094
     62.79103064
     63.76522459
     63.71601594
     63.46836942
     62.27425362
     62.27425362
     63.84137321
     64.51152478
     64.62689788
     64.53220002
     64.56553830
     64.56995822
     64.56995822
     64.60127275
     64.69197577
     64.47666206
     64.47666206
     64.66616479
     64.39621298
     63.68491821
     63.68491821
     63.68491821
     63.78612905
     63.79932927
     63.79774283
     63.24846562
     63.24846562
     63.24846562
     64.33080375
     64.33080375
     64.61400207
     64.60626445
     64.58245600
     64.58245600
     64.18481465
     64.18481465
     64.21584257
     64.35076526
     64.47463451
     64.59519725
     64.50814195
     64.64361528
     64.01320711
     63.79722764
     62.99968243
     62.99968243
     63.60480859
     64.01359556
     63.21620294
     64.00675342
     63.98760437
     63.98146146
     64.01999790
     63.78772595
     64.32362086
     64.08610890
     64.08610890
     64.08610890
     64.01338033
     64.43067554
     63.45165158
     63.45165158
     63.52565509
     63.36728572
     63.36728572
     63.36728572
     63.71847625
     63.83421594
     63.83421594
     63.17991829
     63.17991829
     63.17991829
     63.77963342
     63.77963342
     63.77963342
     63.77963342
     63.70059893
     64.24943854
     64.19769844
     64.06088794
     64.06088794
     64.27533191
     64.27533191
     64.29105343
     64.26839814
     63.92956062
     64.13735142
     64.07201474
     64.14239990
     64.14239990
     64.11250624
     64.11250624
     64.18434650
     64.18434650
     64.50032358
     64.53873497
     64.53873497
     64.58366117
     64.52939541
     64.52939541
     64.69884928
     64.69884928
     64.69884928
     64.69884928
     64.65521062
     64.68335604
     64.73430967
     64.73430967
     64.73430967
     64.73352736
     64.66565018
     64.03546519
     64.03546519
     63.96296684
     63.96296684
     63.96296684
     64.17535451
     63.29029084
     63.29029084
     62.58414070
     61.40415819
     61.40415819
     61.40415819
     61.46623176
     62.48119318
     62.94507204
     62.49651055
     62.69196783
     62.21581861
     61.97208549
     61.90483360
     62.11983201
     62.11983201
     62.11983201
     62.50413134
     62.50413134
     63.66692693
     63.72088545
     63.84331191
     63.05207835
     63.97370407
     63.99994565
     63.99994565
     63.68849772
     63.68849772
     63.76164431
     63.78999061
     63.67203997
     63.67203997
     63.67203997
     63.43987999
     63.14173117
     62.56326720
     63.27082930
     63.75689613
     63.99215338
     63.54157448
     63.98167714
     64.12259228
     64.23901516
     64.16052191
     64.16052191
     64.16052191
     64.20192274
     63.84206851
     63.64554645
     63.82687182
     63.82687182
     63.82687182
     61.49397147
     63.96207559
     63.95749337
     63.69620468
     63.69620468
     63.65409408
     64.00105525
     63.51056954
     63.34216423
     63.22441712
     63.84978129
     60.70671872
     60.62273536
     60.62273536
     60.62273536
     60.62273536
     60.62273536
     60.62273536
     60.87293218
     62.40731478
     62.86780371
     62.86780371
     61.65513801
     61.65513801
     63.28798829
     64.20338771
     63.69057958
     64.12521642
     63.69796988
     63.98284496
     63.98284496
     63.97864652
     64.55594534
     64.75613632
     64.61114472
     64.61114472
     64.52757653
     64.20910303
     64.20910303
     64.54297502
     64.54297502
     64.56199269
     64.43233500
     64.43233500
     64.43233500
     64.43233500
     64.42223387
     64.17419468
     64.15908734
     63.59831426
     64.52719882
     64.60458549
     64.69628155
     64.69628155
     64.51591187
     64.51591187
     64.71470030
     64.71470030
     64.51453653
     64.53593988
     64.53556776
     64.53556776
     64.60659878
     64.55960177
     64.49917265
     64.50223536
     64.39985312
     64.61168061
     64.49593119
     64.49593119
     63.28256756
     63.40984174
     63.06831257
     62.16561318
     62.16561318
     58.76180190
     58.76180190
     58.76180190
     58.76180190
     58.76180190
     61.67218794
     61.67218794
     61.67218794
     61.67218794
     61.67218794
     60.93046687
     60.93046687
     58.69382844
     58.43269888
     62.36286896
     62.36286896
     63.06108585
     62.70697520
     62.70697520
     62.70697520
     62.70697520
     63.78395318
     63.95089600
     63.95089600
     63.78237142
     63.61564685
     63.60203849
     63.60203849
     63.74647913
     63.74040060
     63.70053223
     63.23037451
     62.61645337
     63.32241251
     63.89559594
     63.92157783
     63.74969644
     63.68210428
     63.91905558
     63.53874077
     63.93659301
     64.01245427
     64.11858481
     63.41337633
     64.22796934
     64.65071154
     64.65071154
     64.71814807
     64.71814807
     64.68733763
     64.68733763
     64.64084906
     64.64084906
     64.64084906
     64.62707287
     64.56127892
     64.56127892
     64.56127892
     64.42069884
     63.84975386
     63.84975386
     63.84975386
     63.84975386
     64.22610158
     64.71012915
     64.69394982
     64.69394982
     64.68650502
     64.03616311
     64.15097654
     64.15097654
     64.15097654
     64.15097654
     64.15097654
     64.20268861
     56.68921795
     56.42041473
     58.64941958
     60.43576668
     61.03989398
     61.03989398
     61.15730970
     61.15730970
     61.15730970
     60.79854264
     60.79854264
     60.79854264
     62.67256469
     63.76797114
     63.76797114
     63.47153417
     64.08177636
     64.20839105
     64.25104429
     64.33596494
     64.23213850
     64.29918400
     63.67580361
     64.09483800
     63.91307474
     64.15658732
     64.18371258
     64.18371258
     64.18371258
     64.04311123
     64.04311123
     64.04311123
     64.57230692
     64.57271776
     64.57348129
     64.57348129
     64.56521342
     64.41951380
     64.37688301
     64.37688301
     64.37688301
     64.30293203
     63.85369329
     62.67506820
     63.18264244
     63.42642882
     63.99360892
     63.96943843
     63.54576816
     63.63025380
     63.73042185
     63.73042185
     64.07382245
     63.66805456
     64.29352919
     64.27153583
     64.27153583
     64.35100718
     64.50542378
     64.44760378
     64.44760378
     64.49535632
     64.53421694
     63.95567171
     63.95567171
     64.19594271
     64.19594271
     64.11333423
     64.11333423
     64.11333423
     64.11333423
     63.45000242
     63.98447492
     63.98447492
     63.61435640
     63.21469918
     63.21469918
     60.72081849
     60.72081849
     61.12752522
     61.12752522
     59.59567057
     59.59567057
     59.59567057
     62.23665360
     62.23665360
     62.23665360
     62.23665360
     62.23665360
     63.25328573
     63.39168797
     63.39168797
     64.20306226
     63.60859167
     64.51860916
     64.51860916
     64.54136747
     64.60608482
     64.59198698
     64.47111007
     63.58703966
     63.44568964
     63.44568964
     63.95113466
     64.16490457
     63.54541759
     63.04619933
     63.64716482
     63.64716482
     64.02189567
     63.78131174
     63.78131174
     63.89508345
     64.05027581
     64.05027581
     63.94695365
     63.94695365
     63.94997978
     63.94997978
     64.65358759
     64.74064829
     64.74040209
     64.58053710
     64.40247742
     64.40247742
     64.40864166
     64.40864166
     64.30040521
     64.30040521
     64.30040521
     64.30040521
     64.30040521
     64.30040521
     64.30040521
     64.60287625
     64.60287625
     64.30756518
     64.04061348
     64.31281064
     63.98118558
     63.73926280
     64.31540033
     64.31540033
     64.52680089
     64.58851523
     64.68812523
     64.71136404
     64.75928332
     64.73780828
     64.73780828
     64.32159936
     64.14450174
     64.14450174
     64.32093456
     64.45869236
     64.39224079
     64.39224079
     64.75296583
     64.73677507
     64.73677507
     64.73677507
     64.73677507
     64.75361127
     64.70860470
     64.70860470
     64.70882204
     64.70882204
     64.70882204
     64.70292603
     63.57702872
     63.82307774
     63.65269320
     63.79662645
     63.81142655
     63.72778669
     62.54102380
     62.96596017
     62.99487243
     62.14278416
     62.14278416
     60.66390738
     61.24331366
     62.47072768
     62.50755602
     62.50755602
     62.94451506
     62.99344197
     62.90028745
     62.90028745
     63.66163400
     64.40628887
     64.40628887
     64.53248817
     64.53248817
     64.59947107
     64.57224196
     64.57224196
     64.27593333
     63.67379777
     63.74044899
     63.44689924
     62.97320730
     62.53327909
     62.92054047
     64.21649338
     63.54426787
     63.07920821
     63.88579811
     63.52229025
     61.83751150
     61.83751150
     61.61644889
     61.61644889
     62.88285198
     63.92519491
     64.02463540
     64.02463540
     64.02463540
     63.59450499
     63.59450499
     63.59450499
     64.37492618
     64.37492618
     64.37698426
     63.38716937
     63.27092838
     63.57132889
     64.30585115
     64.30585115
     64.30585115
     64.39325141
     64.39325141
     64.31578186
     64.31578186
     64.63340402
     64.62931728
     64.70950072
     64.73535042
     64.73756333
     64.73756333
     64.72815818
     64.74167207
     64.70089783
     64.36943741
     64.36943741
     64.36943741
     64.27461103
     64.25987127
     64.25987127
     64.25987127
     64.73150424
     64.73150424
     64.76277764
     64.76027709
     64.76027709
     64.76027709
     64.76027709
     64.75470306
     64.76269631
     64.76269631
     64.76269631
     64.75388982
     64.75830108
     64.75830108
     64.74780506
     64.74780506
     64.74780506
     64.73372174
     64.73372174
     64.73372174
     64.73372174
     64.72630503
     64.72833595
     64.60420614
     64.60420614
     64.61557779
     64.60817355
     64.59378256
     64.55594944
     64.55594944
     64.55594944
     64.55594944
     64.55594944
     64.63462549
     64.75920629
     64.75920629
     64.76179514
     64.75405431
     64.75405431
     64.75405431
     64.75405431
     64.76138514
     64.69340666
     64.73208508
     64.70271408
     64.70271408
     64.70271408
     64.69272852
     64.69272852
     64.69272852
     63.25762218
     64.46693454
     64.49009604
     64.62604609
     64.64563250
     64.72899361
     64.33649735
     62.93692537
     62.82504413
     62.82504413
     61.67925811
     61.99190211
     61.99190211
     59.31786099
     61.41697634
     61.41697634
     62.85858136
     62.85361676
     63.06993009
     63.06993009
     63.68025570
     63.09624975
     62.29155259
     63.71067852
     63.78498080
     64.47473854
     64.51636973
     64.23812324
     64.20347645
     64.03726666
     64.28629639
     64.31944215
     64.38654715
     64.65133784
     64.52268068
     64.69071666
     64.69071666
     64.69835029
     64.69835029
     64.69835029
     64.69835029
     64.69835029
     64.69835029
     64.69835029
     64.69835029
     64.69835029
     64.70466843
     64.73073820
     64.73073820
     64.75352468
     64.58665393
     64.58665393
     64.58665393
     64.66362539
     64.66532084
     64.70726339
     64.70726339
     64.70726339
     64.70726339
     64.70211858
     64.50755208
     64.51114174
     64.68478678
     64.52170770
     64.53769705
     64.67172571
     64.67172571
     64.74489675
     64.74489675
     64.61409793
     64.61409793
     64.60470609
     64.60470609
     64.67101987
     64.74881962
     64.58797462
     64.28938620
     64.44152112
     64.51696317
     64.43745411
     64.61939445
     64.61939445
     64.52013218
     64.52013218
     64.52013218
     64.52013218
     64.52013218
     64.52013218
     64.52013218
     64.56019026
     64.61468645
     64.68592716
     64.64651769
     64.48734988
     64.32953106
     63.83617911
     62.06052809
     62.32684363
     62.32684363
     61.48285715
     64.72668502
     64.45781615
     64.45781615
     64.46344933
     64.54352961
     64.53995561
     64.56605761
     64.55389662
     64.27109123
     64.41348420
     64.39176357
     64.39176357
     64.39176357
     64.63121074
     64.63121074
     64.56799627
     64.56799627
     64.56772462
     64.56772462
     64.62579320
     64.62579320
     64.62579320
     64.57723692
     64.39320401
     64.09199676
     63.59773228
     64.06297642
     64.23173645
     64.17310442
     64.17310442
     64.40694942
     64.39431991
     64.45082151
     64.46300524
     64.46615295
     64.72053740
     64.69886088
     64.76495914
     64.76033920
     64.76033920
     64.75911065
     64.76278203
     64.73916977
     64.73916977
     64.72632987
     64.69612592
     64.74242080
     64.74242080
     64.74242080
     64.74242080
     64.50773055
     64.50773055
     64.50819571
     64.46401338
     64.46401338
     64.51323180
     64.58024445
     64.55026323
     64.69649079
     64.25619806
     64.40024381
     63.66294346
     63.75605826
     63.75605826
     63.75605826
     63.75605826
     63.37250034
     64.07254883
     64.07254883
     63.99250966
     63.99250966
     63.96163721
     63.94083012
     63.03479803
     63.03479803
     61.91811589
     62.80223552
     63.21758984
     63.21758984
     63.69326809
     63.69326809
     63.69326809
     63.69326809
     63.13712850
     63.01164264
     60.94441419
     60.94441419
     60.94441419
     60.57063661
     60.57063661
     60.69649071
     60.69649071
     60.69649071
     60.69649071
     59.63499634
     59.63499634
     59.63499634
     59.63499634
     60.85776003
     60.85776003
     63.37022874
     63.37022874
     63.37022874
     63.44819469
     63.44819469
     63.44819469
     63.44819469
     63.78431718
     63.86742497
     63.91663446
     63.94272496
     64.31845884
     64.31845884
     63.68886272
     63.75434806
     63.99547648
     64.05976317
     64.01596186
     64.54273709
     64.65818594
     64.65222480
     64.04868859
     63.84024109
     63.88292573
     63.53601997
     63.67906762
     63.67906762
     63.67082055
     63.67082055
     64.24903999
     64.24729522
     64.63983286
     64.63983286
     64.61461740
     64.29958451
     64.27142888
     64.50509364
     64.19344073
     62.77875000
     62.77875000
     62.77875000
     63.58790813
     63.58790813
     63.38584630
     62.12279448
     62.12279448
     62.12279448
     61.20311310
     61.34131593
     60.57424437
     64.39870040
     64.72240170
     64.73145923
     64.73145923
     64.73145923
     64.34668799
     64.34416361
     63.61802210
     63.84375895
     61.16179457
     60.11324292
     60.11324292
     60.11324292
     60.11324292
     60.13510732
     60.13510732
     60.13510732
     63.40948858
     63.38370888
     62.46356472
     62.20477090
     62.20477090
     64.37599430
     64.37599430
     64.28936773
     64.10664914
     64.10525703
     64.14198498
     64.34136998
     63.08050037
     63.08050037
     64.42953159
     64.42953159
     64.53277863
     64.53277863
     63.38824196
     63.83915445
     64.35199677
     63.57710728
     64.61544730
     64.61553307
     64.64703399
     64.64703399
     64.74875932
     64.74875932
     64.74875932
     64.71172243
     64.73523090
     64.59205082
     64.59205082
     63.59068704
     62.67658896
     63.08385383
     63.08385383
     63.82792219
     63.61824443
     64.09057645
     64.09057645
     64.09057645
     63.55195077
     64.48492384
     64.52369424
     64.55154688
     63.88538845
     63.91069242
     63.91362506
     63.91362506
     63.95240193
     63.74323763
     63.50929102
     63.50929102
     63.50929102
     63.08596661
     63.15103608
     64.08086404
     63.88706699
     64.40121880
     64.40013710
     64.20959912
     64.23148685
     64.23148685
     64.35609094
     64.46703508
     63.93989639
     64.21428341
     64.16979737
     64.02666418
     64.02158209
     64.02098664
     64.08607099
     63.71051427
     63.71051427
     62.76058755
     62.76058755
     62.76058755
     62.76058755
     63.82681153
     63.83248252
     63.79279930
     63.93857410
     62.88000020
     62.49732008
     62.49732008
     63.84889633
     63.84889633
     63.81217598
     63.82157076
     64.42442963
     64.58623672
     64.59109086
     64.66244984
     64.67793095
     64.67793095
     64.54145963
     64.32423679
     64.53807650
     64.57502054
     64.57502054
     64.57502054
     64.62566948
     64.62566948
     64.03274222
     64.40860683
     64.38000380
     64.14155602
     63.77607765
     64.26767224
     63.17149653
     63.35558186
     64.44004856
     64.44004856
     63.38780149
     63.38780149
     63.38392116
     63.38392116
     63.24526278
     63.39002965
     63.44958682
     63.44958682
     63.12266710
     60.10704361
     60.10704361
     60.10704361
     60.10704361
     61.34511516
     61.04171827
     61.04171827
     61.00917990
     61.95913046
     61.95913046
     64.42377513
     64.41855494
     64.31115886
     64.28825397
     64.21357211
     64.21357211
     63.91133946
     63.91133946
     63.27336638
     63.33969133
     63.08487121
     63.08487121
     63.44498339
     63.44498339
     64.05056319
     64.05056319
     63.26536529
     61.01983728
     61.01983728
     62.82651805
     63.42819655
     63.42819655
     63.07045859
     63.82055179
     63.82055179
     64.24113045
     64.41962632
     64.64213639
     64.68590851
     64.51912211
     64.51912211
     64.51912211
     64.51912211
     64.18825634
     64.18825634
     64.18825634
     64.18825634
     64.18825634
     63.97661360
     63.97661360
     64.24870679
     64.33090802
     64.58123262
     64.64783766
     64.64783766
     64.66419849
     64.29951708
     64.24528186
     64.14473351
     64.43166830
     63.20862077
     63.20862077
     62.64885216
     62.80859936
     64.38678067
     64.38678067
     64.54368678
     64.43700242
     64.43700242
     64.59794032
     64.59794032
     64.59794032
     64.59794032
     64.62114153
     64.62114153
     64.70257582
     64.69549505
     64.73905307
     64.73905307
     64.48593146
     64.32545225
     64.53581433
     64.68808381
     64.68808381
     64.68808381
     64.68808381
     64.69063080
     64.69063080
     64.75187425
     64.73131564
     64.73409002
     64.73409002
     64.73409002
     64.75414631
     64.75907724
     64.75958019
     64.75958019
     64.75958019
     64.75505012
     64.67333284
     64.68511297
     64.65555508
     64.69626028
     64.66215257
     64.69994530
     64.71613719
     63.44293137
     63.44293137
     63.44293137
     63.67235124
     61.94946612
     59.62263209
     59.62263209
     59.62263209
     61.02786687
     62.20671405
     62.20671405
     63.99567500
     63.99567500
     64.34241347
     64.19711047
     64.20790980
     63.97848721
     63.97848721
     63.90192002
     63.80869035
     63.80501745
     63.63640360
     63.63640360
     64.14495612
     64.16320503
     63.61245722
     63.74699597
     63.74699597
     63.31449351
     63.31742100
     63.53358143
     62.97403522
     62.97403522
     61.88132789
     61.88132789
     62.26572010
     62.26572010
     61.73840149
     62.47040251
     62.47040251
     62.42465101
     62.42465101
     62.42465101
     62.24475381
     62.24475381
     63.19253711
     63.19253711
     63.19253711
     63.59180434
     63.28937826
     62.39750564
     62.57003677
     62.42429097
     62.22733440
     63.59612183
     63.54612406
     63.54612406
     63.63757290
     63.63757290
     63.60654746
     63.60654746
     63.64237009
     63.71623393
     64.17314296
     64.13072946
     64.12075834
     64.12075834
     63.56196667
     62.90366778
     63.10924973
     62.16902949
     62.92551852
     63.49918502
     62.88510689
     63.16480467
     63.10723870
     63.10723870
     63.40625834
     62.40597323
     62.40597323
     63.46593417
     63.59907348
     63.59907348
     63.59907348
     63.59907348
     63.02483401
     63.09719223
     63.10440331
     63.10440331
     63.10440331
     63.53434830
     63.71053307
     63.71053307
     63.23831895
     62.84679043
     62.84679043
     59.64254930
     59.64254930
     59.64254930
     62.49242586
     63.68669396
     63.68669396
     62.49258776
     64.14158511
     63.24278775
     63.24278775
     63.83648830
     63.88846947
     63.88846947
     63.88846947
     63.88846947
     63.88846947
     63.88846947
     63.87070789
     63.81173987
     63.81173987
     63.81173987
     63.81173987
     62.60467820
     62.60467820
     62.35575646
     62.35575646
     62.48573559
     63.32421199
     63.22190591
     62.97139029
     63.43186533
     63.36091272
     63.37044161
     63.37044161
     64.26703921
     63.90809505
     63.26088648
     64.01897277
     64.29978483
     64.00689895
     64.16270024
     64.34704787
     64.59343024
     64.49688901
     64.49688901
     64.49688901
     64.63851323
     64.69683494
     64.66059129
     64.66059129
     64.37867317
     64.37867317
     64.49760110
     64.49760110
     64.27615454
     64.16456022
     59.94679323
     59.94679323
     63.52283526
     63.52283526
     63.85199476
     63.85199476
     63.85199476
     63.70810662
     63.09873763
     63.09873763
     61.86398282
     61.86398282
     61.89875522
     61.92223589
     62.77005108
     63.24385165
     63.11987996
     63.06478741
     63.72127332
     63.93983245
     63.91015135
     63.87631368
     63.87631368
     63.85096305
     63.85096305
     63.85096305
     63.85630800
     63.99555427
     64.06755807
     63.28880269
     63.90799102
     63.80161869
     63.99356697
     63.69417032
     63.69417032
     63.69417032
     63.69417032
     64.10846009
     64.35593591
     64.34236810
     64.30498998
     64.58689747
     64.47264869
     64.47264869
     64.47264869
     64.36977353
     64.53851674
     64.68342940
     64.44116092
     64.74186221
     64.74873585
     64.74873585
     62.63122105
     62.63122105
     63.45363505
     63.27534826
     62.57143830
     62.57143830
     62.57143830
     63.42609395
     63.74007495
     63.74007495
     63.74007495
     63.74007495
     63.61547549
     63.09773031
     63.09773031
     61.00761400
     61.00761400
     62.55099562
     64.02627382
     64.02627382
     64.02627382
     63.87364566
     63.87364566
     63.24009080
     63.79794195
     63.82155743
     63.82155743
     64.09604265
     64.09604265
     64.09604265
     64.28138524
     63.20167906
     63.20167906
     63.10509992
     63.10509992
     63.10509992
     63.10509992
     64.39794053
     64.35282543
     64.09217351
     63.72417885
     63.17821646
     63.93842146
     64.01651230
     64.01651230
     63.20634830
     63.69002083
     63.80901394
     63.56466655
     63.56466655
     61.06124676
     61.95335152
     61.95335152
     61.95335152
     63.42725306
     63.85428451
     63.57662885
     63.73012623
     64.22116602
     64.27475966
     64.34625784
     64.54477887
     64.66060904
     64.68009693
     64.70143665
     64.70143665
     64.65058825
     64.65058825
     64.61455346
     64.55326063
     64.55326063
     64.55326063
     64.55326063
     64.55326063
     64.62661347
     64.56287865
     64.56287865
     64.56287865
     64.51323232
     64.51323232
     64.57484274
     64.61319306
     64.39082321
     64.46553149
     64.41535231
     64.41535231
     64.41535231
     63.92740007
     63.92740007
     63.94190535
     63.94190535
     64.62579473
     64.62579473
     64.56769153
     64.64654078
     64.17221213
     64.18541711
     64.18541711
     63.75058657
     63.75058657
     64.72105730
     64.72105730
     64.75945950
     64.75945950
     64.64150758
     64.64150758
     63.37204288
     63.07934290
     63.07934290
     63.31167226
     63.31167226
     63.42933660
     63.52345300
     63.52275504
     63.52275504
     63.73249893
     63.73249893
     63.68069023
     63.68069023
     63.67450067
     63.67450067
     64.45242531
     64.53651758
     64.61432105
     64.51280233
     63.84560364
     64.58225754
     64.58225754
     64.53919272
     64.57224561
     64.36770677
     64.45014190
     64.51077135
     64.52051727
     64.57781046
     64.29465352
     64.31226439
     63.89278805
     64.08127027
     64.08127027
     64.10169058
     63.95183297
     63.05170293
     63.05170293
     62.82816134
     62.33772259
     62.33772259
     61.54666287
     62.25082217
     64.45818677
     63.92654661
     63.90279729
     63.81081799
     64.04440498
     64.04440498
     64.05554857
     63.62170496
     64.10437342
     64.67812090
     64.68362468
     64.65878457
     64.31620474
     64.32568375
     64.32568375
     64.32568375
     64.32568375
     64.62703955
     64.62703955
     64.25549382
     64.48880995
     64.48880995
     64.48880995
     64.08363206
     64.31579685
     64.30128001
     63.65400243
     63.65400243
     63.65400243
     64.02298596
     64.03714876
     64.04900178
     64.04900178
     64.26230485
     62.58707129
     62.58707129
     62.35350211
     62.38604536
     60.45473635
     60.45473635
     61.36033967
     61.69175117
     61.31321205
     61.31321205
     61.55376283
     61.55376283
     62.43121431
     60.56869720
     60.56869720
     62.97706047
     63.31049542
     59.32004282
     57.83066304
     61.32449147
     61.75530711
     63.22066531
     63.22066531
     62.87630901
     60.73190403
     61.39529902
     61.39529902
     61.39529902
     60.24775732
     61.55254538
     61.55254538
     62.13180888
     62.37373503
     60.88485133
     62.84931241
     62.77280800
     63.57729183
     63.18829956
     62.79980673
     62.90400435
     62.90400435
     62.38782260
     62.38782260
     62.38782260
     60.37506292
     60.37506292
     60.37506292
     60.37506292
     60.37506292
     60.47359200
     60.47359200
     61.21640675
     61.83127254
     62.58970391
     63.91365142
     63.91365142
     63.25922764
     63.25922764
     62.47608863
     62.31076789
     62.31076789
     62.40768211
     62.42523142
     62.91466068
     63.75169315
     63.75169315
     63.51377826
     61.89648241
     62.63893905
     61.36270154
     61.85850252
     62.27778000
     62.59440969
     61.80678242
     61.41547457
     59.86694411
     61.56221332
     61.56221332
     61.56221332
     61.22335760
     61.22335760
     61.17309841
     63.43187283
     63.75403816
     64.40460129
     63.74383691
     63.74877431
     63.76644298
     63.76644298
     63.76644298
     63.76644298
     63.52590070
     62.90509391
     64.33841760
     62.69630808
     61.69427248
     61.06701605
     62.21666485
     62.07260500
     62.07260500
     62.07260500
     62.07260500
     62.23506955
     62.23506955
     62.22839188
     61.65208645
     61.65208645
     61.36488785
     61.36488785
     62.90244580
     62.24139571
     60.67303386
     57.61554553
     58.65839545
     60.61340944
     60.93815393
     60.89334315
     63.91406871
     63.91722322
     63.91722322
     63.91722322
     63.46737653
     63.46023058
     64.01784961
     64.48391081
     64.59415243
     64.59415243
     64.59415243
     64.21056287
     64.09076111
     63.52699040
     63.52699040
     63.52699040
     64.27457700
     64.31156430
     63.61373584
     63.48476936
     62.74141907
     62.74141907
     62.74141907
     62.74141907
     62.74141907
     63.54568413
     63.54568413
     63.64463727
     62.73879965
     62.73879965
     62.73879965
     63.92500883
     63.67583834
     63.67583834
     63.84272362
     64.17258201
     64.64455763
     64.64455763
     63.88576222
     63.74833654
     63.74833654
     63.74833654
     63.97744918
     64.31751673
     63.76064925
     63.78303021
     63.75582865
     64.00867970
     63.98414114
     63.98414114
     62.14814119
     62.14814119
     62.56514796
     63.76422556
     63.06505032
     62.86317652
     62.86317652
     63.11990185
     63.05970995
     61.77183514
     62.44409901
     62.31111144
     62.31111144
     60.66687506
     60.66687506
     62.05925454
     62.05925454
     61.98947930
     62.95271869
     62.95271869
     61.39531646
     61.39531646
     61.39531646
     61.69252920
     63.29843234
     63.39239141
     63.39239141
     63.76809778
     64.19661495
     64.08854293
     64.01030099
     64.01030099
     64.02093050
     63.58055845
     63.58958353
     63.78029825
     63.38110484
     63.81276294
     63.81276294
     64.44232222
     64.44232222
     64.68580719
     64.70231912
     64.63330986
     64.70577447
     64.70247432
     64.58500850
     64.54786042
     64.23591793
     64.19647294
     63.95050368
     63.66346883
     63.93436292
     63.93436292
     63.71230297
     64.35382354
     63.84559700
     63.81931772
     63.35819313
     64.37783083
     64.01249439
     63.62731552
     62.75399144
     62.75399144
     62.72429987
     64.04284690
     63.67937374
     63.66251679
     63.70457846
     63.17498172
     63.31967694
     64.13074082
     64.03691896
     63.65094307
     63.60038991
     64.64698346
     64.68444966
     64.66183453
     64.72779160
     64.72868210
     64.70033705
     64.70033705
     64.66934530
     64.72902903
     64.73311679
     64.72756945
     64.67148559
     64.67148559
     64.70596348
     64.70596348
     64.67202894
     64.67202894
     64.18172086
     64.23394987
     64.23394987
     64.41793244
     64.20711433
     63.75989325
     62.72371096
     62.72371096
     64.15153665
     64.15153665
     64.15153665
     64.51920396
     64.60678252
     64.60678252
     64.72759867
     64.72759867
     64.64251576
     64.64251576
     64.64251576
     64.64251576
     64.64251576
     64.64251576
     64.64251576
     64.64251576
     64.64251576
     64.32642386
     64.61224170
     64.68977569
     64.69324656
     64.65668388
     64.69171449
     64.71543683
     64.71604169
     64.72266425
     64.72266425
     64.70886613
     64.70886613
     64.70886613
     64.72933396
     64.72933396
     64.72933396
     64.73052793
     64.72902081
     64.74141393
     64.74141393
     64.75163925
     64.73287734
     64.64436587
     64.63220902
     64.63220902
     64.65205495
     64.65205495
     64.65205495
     63.74422922
     63.69225760
     63.69225760
     63.66883222
     63.66883222
     62.78975760
     62.78989997
     63.07414753
     63.72638403
     63.72638403
     63.72638403
     62.91516259
     62.91516259
     62.91516259
     63.14157068
     64.09701574
     63.87406736
     63.87406736
     64.04563763
     63.41260453
     63.01896764
     62.58645307
     63.53071505
     63.48403343
     63.17295266
     63.17295266
     63.38210688
     63.38210688
     63.38210688
     63.32924585
     61.97448960
     61.03832380
     61.03832380
     61.03832380
     61.03832380
     63.48921748
     64.27839919
     64.27839919
     64.27839919
     64.57359093
     64.41934478
     64.64309609
     64.64409632
     64.44669805
     64.44669805
     64.44669805
     64.44669805
     64.44669805
     64.38148320
     64.38148320
     64.38148320
     64.11556446
     64.11556446
     64.11556446
     64.65436829
     59.35969991
     60.89173866
     61.04073160
     60.45374640
     59.95055432
     59.95055432
     59.95055432
     59.95055432
     62.29998135
     62.29998135
     62.29998135
     63.13103011
     63.38464185
     62.33858837
     62.33858837
     62.35103811
     63.90970620
     64.54609940
     64.43677474
     64.09852720
     64.09852720
     64.09852720
     64.09852720
     64.75323574
     64.75323574
     64.71239339
     64.65495960
     64.65495960
     64.67619992
     64.66703242
     64.74119232
     64.72801638
     64.73359806
     64.73359806
     64.73359806
     64.73359806
     64.73359806
     64.73359806
     64.75233904
     64.75233904
     64.76325054
     64.76563612
     64.76141460
     64.76157277
     64.76258682
     64.72810243
     64.74549849
     64.72202304
     64.71716415
     64.71716415
     63.46937286
     63.45603990
     63.53037516
     62.92719452
     61.81004869
     62.17287874
     61.67510339
     61.20493455
     59.13158400
     59.64415383
     59.23502959
     59.23502959
     59.40260781
     58.70086009
     58.70086009
     58.39500112
     59.15179055
     61.35225096
     62.70804039
     62.86809339
     62.86809339
     63.46273195
     63.46273195
     64.13736926
     64.03321645
     64.37359329
     64.37359329
     64.55847193
     64.42799499
     64.35624407
     64.24016884
     63.95906590
     64.00814704
     64.00814704
     64.00814704
     64.04094506
     64.36620862
     64.37467651
     64.52068292
     64.63234866
     64.68737025
     64.68737025
     64.68117938
     64.19238164
     64.44615639
     64.44577120
     64.12356371
     64.36696305
     63.97093181
     64.04626113
     64.02960586
     64.02960586
     64.02960586
     63.99272865
     64.08991282
     64.07263684
     64.07263684
     64.16123244
     64.16751531
     63.88556760
     63.88556760
     64.45872155
     64.27994916
     64.63113221
     64.70489580
     64.65909763
     64.65909763
     64.65909763
     64.51476436
     64.75683812
     64.76441249
     64.69789399
     64.72417703
     64.54234575
     64.56148838
     64.37404112
     63.84332955
     63.84332955
     63.84332955
     63.95905174
     64.60709906
     64.09463263
     64.09463263
     64.09463263
     64.25865552
     64.13048176
     64.19223766
     64.16986176
     63.52634066
     63.88481460
     63.26502234
     62.90069897
     63.63693584
     63.63693584
     63.63693584
     64.16896478
     64.16896478
     64.22724418
     64.22724418
     63.75189905
     63.80527909
     63.80527909
     63.43762238
     63.03718990
     62.84234354
     62.84234354
     64.35246166
     64.35246166
     64.74431454
     64.61659232
     64.61659232
     64.61659232
     64.61659232
     64.61659232
     64.74569751
     64.62444607
     64.62444607
     64.72408425
     64.72408425
     64.73466672
     64.76571161
     64.76571161
     64.76571161
     64.74516812
     64.75672078
     64.64054576
     64.64054576
     64.65068582
     64.65068582
     64.65068582
     64.65068582
     64.69519394
     64.75700344
     64.63204931
     63.94335910
     63.94335910
     63.94335910
     64.25265308
     63.97132822
     63.83241948
     63.77622467
     63.77622467
     64.21583867
     64.45168139
     64.43189872
     64.31222239
     64.31222239
     64.10761029
     64.10761029
     64.10761029
     63.47269968
     63.88361869
     63.88361869
     64.00261397
     64.00738377
     64.00738377
     64.06757100
     64.09970589
     64.09970589
     64.50549298
     64.50424119
     64.75012547
     64.75012547
     64.75012547
     64.75012547
     64.52672208
     64.49083416
     64.39223866
     64.45614886
     64.29726955
     64.27667100
     64.27667100
     64.32759749
     64.34464544
     64.12012631
     63.79058088
     63.59742340
     63.51042020
     63.61756459
     63.23502379
     63.72837444
     63.89875591
     64.04110014
     63.48686968
     63.12166541
     63.12166541
     61.15713340
     62.91499756
     63.52832168
     63.52832168
     63.52832168
     64.00685775
     63.90097486
     63.90811821
     63.90811821
     64.38058929
     64.22281256
     62.61850930
     62.61850930
     62.25488417
     64.27166515
     64.14550878
     64.18687774
     63.99663705
     64.07399460
     63.96486945
     63.94186853
     64.60575552
     64.60575552
     64.57473094
     64.70776109
     64.70776109
     64.64743521
     64.64870350
     64.39638540
     64.16164443
     64.17114851
     64.21305617
     63.96144033
     63.96144033
     64.35837581
     64.35837581
     64.30490426
     64.30490426
     64.30490426
     64.35859543
     64.35859543
     62.66142743
     63.01569468
     63.04310425
     63.21247183
     63.32008156
     62.15782069
     62.15782069
     62.50662881
     62.37075730
     63.15428920
     63.46590447
     63.69212017
     63.64557228
     63.99039195
     63.99039195
     63.99039195
     64.37214650
     64.24445914
     64.24445914
     63.75868957
     63.75868957
     64.52262189
     64.50907281
     63.47967650
     63.47967650
     64.28863342
     64.28863342
     64.28776031
     64.28776031
     64.28307159
     63.97909325
     63.97909325
     64.10227623
     62.98611208
     63.20818511
     62.67271724
     60.22261105
     59.87815001
     59.87815001
     58.40105361
     60.76269954
     60.76269954
     61.67084727
     62.69661927
     62.69661927
     61.77020816
     61.77020816
     61.77020816
     61.76289610
     61.76289610
     61.68439347
     61.93708995
     60.97026593
     60.97026593
     61.30914757
     61.52165867
     61.89968989
     61.89968989
     61.52867286
     60.58141958
     62.04024314
     62.04024314
     62.04024314
     62.04024314
     61.32338842
     60.86664354
     61.44586472
     61.44586472
     62.04944501
     62.04944501
     61.01099045
     61.43584780
     61.43584780
     60.90286489
     62.29194111
     62.29194111
     62.45412892
     61.90186623
     61.47005778
     61.47005778
     60.69862099
     60.69862099
     61.87835461
     61.84582366
     62.94412488
     62.94412488
     62.85179948
     63.02221813
     61.85713953
     61.85713953
     61.96785176
     62.06613329
     62.18433448
     62.74117555
     62.74089022
     62.74089022
     63.06992504
     61.69985178
     61.80130711
     62.45809621
     63.28167405
     63.28388319
     63.40413743
     64.32227444
     64.47531080
     64.43141540
     64.43141540
     64.12126827
     64.12126827
     64.24481245
     64.46284871
     64.07811408
     63.60620080
     63.60620080
     63.65870966
     63.81035348
     63.61282906
     63.81635651
     64.19451485
     64.19451485
     64.19451485
     64.31860481
     64.02592877
     62.92666138
     62.92666138
     62.92666138
     61.77540976
     63.27374010
     64.09715086
     63.31123777
     64.00767948
     64.00767948
     64.00767948
     64.00767948
     62.56149480
     62.56149480
     64.02742968
     64.02742968
     64.06821590
     64.06821590
     64.60620825
     64.60620825
     64.68205148
     64.23962440
     64.29623557
     64.24106250
     64.19770714
     64.19937664
     63.92889687
     64.31007539
     64.38259876
     64.55852969
     64.51706010
     64.62861334
     64.57849197
     64.57849197
     64.57176415
     64.38155108
     64.32984858
     64.31797524
     64.53552920
     64.04757160
     64.04757160
     64.04757160
     64.04757160
     64.45181063
     64.34333969
     63.82236267
     63.95403488
     63.69857665
     63.80305068
     63.91234888
     63.91234888
     64.00971403
     61.87090935
     61.87090935
     61.87090935
     63.45812282
     63.45812282
     63.45812282
     63.87127512
     63.87127512
     63.87127512
     64.42935517
     64.42935517
     64.42935517
     64.42935517
     64.22802835
     64.18629310
     64.25259327
     63.75490437
     63.75490437
     64.04220000
     63.37295676
     63.32400830
     63.32400830
     63.32400830
     62.55606302
     62.55606302
     62.37681500
     63.42171912
     62.85504172
     62.90850581
     64.28564665
     64.37123229
     64.37970151
     64.37488285
     64.60276138
     64.60276138
     64.60276138
     64.60276138
     64.55764294
     64.55764294
     64.40979988
     64.40979988
     64.40979988
     63.99363426
     63.66008415
     64.42673225
     63.23625910
     63.17549470
     62.81043985
     63.10230858
     63.76436797
     63.71569986
     61.91910318
     63.59995397
     63.86219117
     63.86219117
     63.97492936
     63.54408408
     63.54408408
     63.65915349
     63.01100725
     63.22657799
     63.22657799
     62.93193091
     62.63436215
     62.52995353
     63.00115451
     63.00115451
     63.32901932
     62.98544281
     62.59697219
     63.38824145
     62.70929472
     62.70929472
     62.70929472
     62.70929472
     62.69332957
     62.93167049
     64.18149171
     64.18149171
     64.18149171
     64.12411856
     64.14437743
     64.72815225
     64.76245500
     64.76463357
     64.75793489
     64.75793489
     64.73299956
     64.61685986
     64.59650658
     64.62215528
     64.62215528
     64.71133246
     64.73878552
     64.73978040
     64.74978062
     64.75827222
     64.75827222
     64.75827222
     64.44074150
     64.38314895
     64.61320069
     64.61320069
     64.49632489
     64.16918392
     64.13337525
     63.98730297
     63.26931281
     63.90710424
     63.85885257
     63.90067788
     64.33975355
     64.44985209
     64.11389970
     64.09893362
     64.32134011
     63.28553732
     63.14562014
     63.14562014
     63.03711527
     63.75934359
     64.18859953
     64.31532811
     64.31532811
     64.30624367
     64.19509893
     64.28775054
     64.18044129
     64.18044129
     64.21782422
     64.21927875
     64.33037898
     64.36826201
     64.12537059
     63.75527488
     63.71882326
     63.87354323
     63.94785288
     63.89932820
     62.72394186
     63.64665056
     63.57710502
     63.99295722
     64.09852885
     64.44032400
     64.57729177
     64.33018406
     64.54710512
     64.54710512
     63.83052170
     63.83052170
     63.83052170
     63.95500793
     63.95500793
     63.80488071
     63.56286006
     63.56286006
     61.43809631
     61.43809631
     61.43809631
     61.43809631
     61.83139292
     61.83139292
     63.25967878
     63.25967878
     63.14885629
     62.83316893
     62.89998466
     63.59178429
     62.79061249
     62.79061249
     63.00310098
     62.96390024
     61.20150675
     59.25538252
     58.06216753
     58.14591461
     63.27568586
     63.27568586
     63.56927597
     63.29142762
     64.28338663
     64.30364003
     63.91494050
     63.91860389
     63.91860389
     63.90833850
     64.75857193
     64.74717845
     64.71004489
     64.73525511
     64.73594301
     64.73732462
     64.73732462
     64.65478612
     64.65478612
     64.65478612
     64.65364546
     64.65364546
     63.38083133
     63.37707524
     63.44024557
     63.69358111
     63.59957160
     63.21987383
     63.17551041
     63.17551041
     61.89386742
     61.89386742
     61.89386742
     62.31138813
     62.51216907
     62.51216907
     62.01449059
     62.01449059
     63.05898755
     62.23096909
     61.86346882
     62.10794336
     62.10794336
     62.10794336
     62.10794336
     62.10794336
     62.10794336
     63.33360474
     63.11220566
     63.05343679
     63.04915491
     63.65891504
     62.84630755
     62.84183785
     62.84183785
     61.71451240
     62.04760393
     62.13529535
     63.46516133
     64.03374817
     63.28809535
     63.28809535
     63.51129838
     63.51129838
     63.39231621
     64.07858601
     64.07858601
     64.10458315
     64.10458315
     63.96897553
     63.96897553
     63.96897553
     59.32205609
     60.22691782
     60.22691782
     60.22691782
     63.44759541
     63.82964037
     63.82964037
     64.43091232
     64.43091232
     64.54797216
     64.22092196
     64.11254603
     64.11254603
     63.57557971
     63.57557971
     63.40258048
     64.21101759
     64.21101759
     64.23460984
     64.30114978
     64.30114978
     64.36191384
     64.36191384
     64.36191384
     64.36191384
     64.36055280
     64.56672989
     64.52613636
     64.46955511
     64.46955511
     64.46955511
     64.55881114
     64.57127910
     64.09843789
     63.71685575
     63.71685575
     63.71685575
     64.44805161
     64.39572677
     64.39572677
     64.43068263
     64.35853124
     64.35853124
     62.13305683
     62.35300475
     63.55609592
     64.41342144
     64.48397185
     64.48397185
     64.48397185
     63.51117768
     63.51117768
     63.36564328
     63.36564328
     63.39927440
     63.39927440
     63.39927440
     63.39927440
     63.39224038
     63.78278618
     63.41170736
     63.41170736
     63.33775114
     63.25032704
     64.09636494
     64.52315271
     64.52619011
     64.52619011
     64.47547819
     64.66405663
     64.66405663
     64.66405663
     64.66405663
     64.66405663
     64.66405663
     64.37761742
     64.30278108
     64.29555340
     64.20333649
     64.20301182
     63.64137107
     64.16344019
     64.29519444
     64.56424420
     64.56424420
     64.56424420
     64.54665628
     64.54665628
     64.54665628
     64.54665628
     64.13664204
     64.37834775
     64.41174344
     63.79387215
     63.79387215
     62.50569978
     63.05177690
     63.95084720
     63.51709509
     63.45769728
     62.38497527
     62.38497527
     62.17155915
     60.74107266
     59.29487174
     59.29487174
     60.52223424
     60.14552331
     60.14552331
     62.33638483
     62.33638483
     63.36955649
     63.36668140
     63.75465735
     63.83107861
     63.54267403
     64.05945144
     64.27973253
     64.27973253
     64.16281416
     64.34682036
     63.43164303
     63.30223460
     63.22240150
     62.42654517
     63.12497266
     63.11182003
     64.19797369
     64.30633626
     64.03486862
     64.21167533
     64.27680220
     64.09301625
     64.31189614
     64.29766075
     64.29766075
     64.29390041
     64.41032967
     64.34799465
     63.97731389
     64.68606329
     64.71108741
     64.50286855
     64.54609532
     64.67432063
     64.67677161
     64.51976127
     64.51976127
     64.28319001
     62.23416474
     63.94858666
     64.16212479
     64.69902236
     64.69902236
     64.75994327
     64.75994327
     64.75994327
     64.74785735
     64.55509193
     64.55509193
     64.38083254
     64.50277828
     64.50277828
     63.82877212
     63.82877212
     63.82877212
     63.82877212
     63.65387079
     62.92254622
     63.35233116
     63.35233116
     63.84349845
     63.90206196
     63.94046356
     63.94046356
     63.06181397
     63.06181397
     63.06181397
     63.06181397
     64.33369364
     64.25585102
     64.25585102
     63.90645319
     63.43677669
     63.42040380
     63.42040380
     63.42040380
     63.42040380
     63.73811567
     63.73811567
     63.73811567
     63.54095154
     63.54095154
     63.54095154
     63.36146347
     63.24879941
     64.08754067
     64.08754067
     63.69621736
     64.34161474
     63.40435290
     62.65471422
     62.65471422
     62.65471422
     62.65471422
     63.96901723
     61.35773652
     61.35773652
     61.35773652
     61.35773652
     63.64022679
     63.64022679
     64.07198166
     64.07198166
     63.96234063
     63.96234063
     63.94844499
     63.94844499
     63.40630099
     63.05505779
     62.88092562
     62.48872670
     62.48872670
     62.48448894
     63.09305442
     62.87848492
     62.87848492
     62.87848492
     63.93676683
     63.95081980
     63.95081980
     64.37154023
     64.30553755
     63.54652547
     63.54652547
     63.69193349
     64.58337666
     63.93772910
     63.99579305
     64.52357273
     64.52357273
     64.57478488
     64.71806204
     64.75687320
     64.73495766
     64.73495766
     64.69388060
     64.70382274
     64.50885113
     62.91481847
     61.14497602
     62.39266750
     61.95028486
     61.75131354
     62.55639337
     62.55639337
     62.55639337
     62.55639337
     62.61030825
     62.61030825
     62.45282200
     62.45282200
     62.45282200
     62.52384346
     63.31629121
     63.25323579
     63.05583060
     63.14090940
     63.14090940
     62.61517906
     62.86240320
     62.76585631
     63.17828053
     63.54039677
     63.26023454
     63.33419537
     63.65419794
     63.65419794
     64.05518094
     64.32935430
     64.32935430
     64.06343184
     64.16593709
     64.18947348
     64.16451498
     64.65307803
     64.75761107
     64.71067197
     64.70196135
     64.70196135
     64.59847432
     64.59847432
     64.59783925
     64.59783925
     64.59783925
     64.59783925
     64.53898880
     64.53898880
     64.53898880
     64.53898880
     64.17082347
     64.24114406
     64.29825567
     63.10891386
     62.46716057
     62.46716057
     62.46716057
     62.46716057
     64.15420641
     63.90704981
     63.90704981
     64.24702632
     64.22852205
     64.18389694
     64.18389694
     64.57380871
     64.55115347
     64.60346173
     64.51544039
     64.48192559
     64.48192559
     64.14702403
     64.14702403
     63.37947391
     63.36760235
     63.36760235
     63.39426384
     63.03400161
     63.03400161
     63.03400161
     63.16754781
     64.21509600
     63.81244705
     63.81244705
     63.81244705
     63.91317978
     63.91317978
     64.21546430
     64.35189902
     63.24825376
     63.24825376
     63.73561083
     63.73561083
     63.73561083
     63.73561083
     63.58123290
     64.30867959
     64.30867959
     64.30867959
     63.96066309
     63.72723739
     63.53348856
     63.19784794
     63.24017095
     63.06710008
     63.06710008
     63.65760502
     62.96922571
     62.82975557
     62.45412491
     62.45412491
     62.37491238
     60.67881640
     60.67881640
     61.45029941
     61.33039763
     61.11140343
     61.15491463
     62.59321458
     63.27595286
     63.56815593
     62.99557692
     63.04429304
     63.04429304
     63.05479670
     63.05479670
     63.06079763
     62.82408618
     62.46282195
     63.26941339
     62.69427545
     61.89731217
     63.29477104
     63.37094151
     64.38219071
     64.38219071
     64.33511775
     64.34565283
     64.18195685
     64.18195685
     63.44690204
     63.90489725
     63.72749034
     62.95474789
     63.89609308
     63.97749167
     63.82082207
     64.49150620
     64.64858646
     64.64858646
     60.26261042
     60.26261042
     60.26261042
     60.26261042
     59.65680528
     59.15858016
     57.28973872
     57.99323008
     60.12326282
     61.46163765
     61.72484101
     61.42140835
     60.85518206
     60.85518206
     61.35688662
     61.35688662
     61.35688662
     59.49309045
     59.49309045
     57.89884037
     58.98174005
     58.98174005
     58.98174005
     58.98174005
     61.95828648
     60.19177496
     60.19177496
     58.75270435
     58.75270435
     58.75270435
     58.80967677
     58.53088491
     58.53088491
     58.53088491
     57.86022205
     57.86022205
     58.28447406
     60.05128756
     62.14046902
     63.30782070
     63.30782070
     63.30782070
     63.30323479
     63.30323479
     63.36695792
     63.36695792
     63.70199724
     63.70199724
     64.18765102
     64.11170542
     58.66172363
     56.44646404
     57.41817310
     57.41817310
     57.41817310
     57.41817310
     57.62305284
     57.62305284
     59.80623777
     62.24831302
     62.24831302
     62.24831302
     63.70891397
     63.70891397
     63.90077403
     64.25273372
     64.24321262
     63.71551278
     63.09375290
     62.63357563
     62.27937628
     62.27937628
     62.27937628
     61.23217556
     62.41514681
     62.65733064
     62.08623129
     62.08623129
     63.10288480
     63.19053051
     63.28250643
     63.09473422
     63.09473422
     63.21798871
     64.05620471
     63.45010150
     63.52838923
     62.24601378
     63.08745316
     63.28224996
     63.83904653
     64.07141557
     64.10506176
     63.96803288
     63.99134011
     64.07360673
     64.13981696
     64.25957622
     64.57340714
     64.60641753
     64.13978250
     64.05218656
     63.01449408
     63.01449408
     64.65213787
     64.65213787
     64.65213787
     64.65213787
     64.62524068
     64.75199818
     64.76266881
     64.76266881
     64.76530119
     64.74716249
     64.74716249
     64.70666077
     64.71081923
     64.71081923
     64.71081923
     64.74918254
     64.74918254
     64.74918254
     64.74918254
     64.73748409
     64.73748409
     64.69375311
     64.69868102
     64.41940851
     64.35321095
     64.35321095
     64.58825562
     63.90392851
     63.90392851
     63.90392851
     63.90392851
     63.90392851
     63.90392851
     64.04336617
     64.04336617
     64.32773320
     64.46638000
     64.46638000
     64.57527703
     64.57527703
     64.57527703
     64.57527703
     64.17449485
     64.17449485
     64.17449485
     64.17449485
     63.07478333
     63.04854422
     63.04641913
     63.04641913
     63.77246895
     63.87953664
     64.18284829
     64.28839951
     64.20871975
     64.20871975
     64.20871975
     64.02983190
     64.43607235
     64.71258758
     64.71258758
     64.62523639
     64.67805330
     64.70358813
     64.70358813
     64.68584440
     64.68584440
     64.30784220
     63.75897935
     63.49401578
     63.35258091
     63.25733531
     63.75119437
     64.17570648
     64.17857757
     64.20956920
     63.55492270
     63.54654309
     63.48773717
     63.50213796
     63.50213796
     63.50213796
     63.19090579
     63.32818786
     63.99032043
     64.01022647
     64.47927718
     64.64292443
     64.58556681
     64.58556681
     64.66287344
     64.68821093
     64.76349038
     64.64485361
     64.50338620
     64.73238831
     64.42001536
     64.43677712
     64.07284100
     64.07284100
     64.12068880
     64.06573414
     64.07203231
     64.48628996
     64.49772246
     64.52445475
     64.54567189
     64.73611618
     64.73611618
     64.73611618
     64.44482681
     64.75584900
     64.75584900
     64.74828594
     64.70024774
     64.67369682
     64.67369682
     64.67369682
     64.69356621
     64.69356621
     64.44987205
     64.45036013
     64.25139569
     63.55988977
     62.84735086
     62.86564704
     63.74397956
     63.74397956
     62.88408221
     63.23839424
     63.77037990
     63.78652267
     63.78652267
     63.93950505
     64.43857764
     64.14814175
     64.52220064
     64.52220064
     64.52220064
     64.72176832
     64.67520713
     64.67520713
     64.71288858
     64.72745078
     64.67043976
     64.67043976
     63.07030048
     62.19466965
     62.19466965
     62.19466965
     60.82233758
     60.82233758
     60.82233758
     60.82233758
     60.82233758
     60.82233758
     61.00364460
     61.00364460
     61.00364460
     61.06226682
     61.06226682
     61.30257834
     61.30257834
     59.71414543
     62.85732694
     62.46441717
     60.38391505
     60.38391505
     61.75569869
     62.97377789
     63.06981221
     63.64964145
     64.35564961
     64.17361981
     64.36998911
     63.94836095
     63.74199660
     63.74779210
     63.94117690
     63.91077673
     63.74423237
     64.29674133
     64.30316851
     64.01660097
     62.79157824
     63.01051069
     63.01051069
     63.05471113
     63.81390066
     62.27548893
     62.27548893
     61.70222933
     63.70470911
     63.75028693
     63.68432404
     62.59416201
     61.38788170
     61.38788170
     61.38788170
     61.90008661
     61.90008661
     61.90008661
     62.79773884
     62.65189025
     61.19568706
     61.12949951
     61.09062220
     63.54085662
     64.17027184
     64.40029530
     64.44686173
     64.24823419
     63.68432008
     63.61042945
     62.46656652
     62.46656652
     62.84414494
     62.84414494
     62.84414494
     62.74532159
     63.96059448
     63.96059448
     63.96059448
     63.96059448
     63.69855764
     63.45925329
     63.99523731
     63.48802153
     63.59714663
     63.59714663
     63.75522123
     64.39375434
     64.32382082
     64.20529122
     64.34472278
     64.49237203
     64.50722099
     64.44376286
     64.29488314
     63.92686878
     64.07280772
     64.07280772
     64.07280772
     64.22404755
     64.40969973
     64.40969973
     63.49912765
     62.22425686
     62.73049456
     60.09736106
     61.95188873
     61.95188873
     61.95188873
     62.54475413
     62.54475413
     63.55474408
     63.85109150
     63.96566648
     63.96566648
     64.30553258
     63.66236413
     64.20180028
     64.12356238
     64.18403110
     64.05447322
     64.03893186
     61.37121156
     62.00214412
     62.54755754
     62.54755754
     62.54755754
     62.54755754
     62.54755754
     62.54755754
     62.54755754
     61.27386524
     59.91907219
     57.70648840
     57.51635084
     57.51635084
     58.47894379
     58.36859630
     59.52663243
     59.52663243
     59.72666036
     59.03297908
     59.28512286
     58.93176573
     58.93176573
     62.06051644
     61.62177362
     61.62177362
     61.62177362
     61.62177362
     61.62989424
     61.62989424
     64.38720552
     64.53543742
     64.53543742
     64.53543742
     64.56683142
     64.50144933
     64.50144933
     64.50144933
     61.49340936
     62.93055841
     62.93055841
     62.93055841
     62.93055841
     63.66572141
     64.32510138
     64.07457351
     64.09602367
     64.05943785
     64.46503257
     62.67639874
     62.70601158
     63.67582880
     63.67582880
     64.23718624
     64.23718624
     64.27611153
     64.27611153
     64.54555934
     64.49256827
     64.75650346
     64.75650346
     64.68959429
     64.68959429
     64.70638408
     64.70638408
     64.70638408
     64.70638408
     64.70638408
     64.70638408
     64.70638408
     64.75947177
     64.75947177
     64.72643208
     64.72643208
     64.72555564
     64.70083919
     64.70083919
     64.70083919
     64.64341836
     64.75197183
     61.25078252
     61.73939131
     63.58168793
     64.16264090
     64.13131852
     64.15991254
     64.26994400
     64.03105349
     64.03105349
     64.31381430
     64.59950097
     64.55749740
     64.51583249
     64.61459440
     64.60354318
     63.75829771
     63.75829771
     64.64454307
     64.64454307
     64.49929064
     64.45539688
     64.45539688
     64.53693305
     64.53692755
     64.68217765
     64.59460888
     64.59460888
     64.04454384
     64.04454384
     64.04216439
     63.97310805
     63.97310805
     63.97310805
     63.97310805
     64.38087870
     64.49533846
     64.57535291
     64.57199424
     64.57199424
     64.57199424
     64.51222893
     64.52389113
     64.50676805
     64.42695159
     64.20642143
     64.20642143
     63.95728900
     64.14023620
     64.14023620
     64.24164039
     63.85998678
     64.02479610
     64.02479610
     64.02479610
     64.28425080
     63.82613854
     63.56076605
     63.94495360
     63.96824710
     63.75070741
     63.75070741
     63.49771930
     63.49771930
     63.65101627
     63.63799590
     63.60994050
     63.60994050
     64.10959719
     64.02553067
     63.79817498
     63.80693977
     63.92345877
     63.58444145
     63.42262788
     63.42262788
     63.05275524
     63.52436631
     63.52436631
     63.56706457
     63.56706457
     63.56706457
     63.02599494
     63.87316857
     63.88801833
     63.88801833
     63.43308929
     63.43308929
     64.08974315
     64.08974315
     64.24520440
     64.18464888
     64.18464888
     64.44637636
     64.52519439
     64.53360974
     64.52485783
     64.52485783
     63.79835656
     63.80147569
     64.00587011
     63.96971574
     64.53040539
     64.41894262
     64.39113727
     64.39113727
     64.39113727
     64.75235725
     64.75235725
     64.75235725
     64.71396262
     64.61044793
     64.61044793
     64.65312806
     64.65312806
     64.65312806
     64.65312806
     64.11358356
     64.52916666
     64.36454677
     64.26135156
     64.65836743
     64.71494151
     64.71494151
     64.71494151
     64.67185409
     64.67185409
     64.67185409
     64.58522002
     64.58522002
     64.70306043
     64.70306043
     64.02363924
     64.40600615
     64.40600615
     64.40600615
     64.46732540
     64.57248264
     64.63844166
     64.74217891
     64.65320522
     64.65320522
     64.72681155
     64.66215687
     64.66215687
     64.45033834
     64.49604396
     64.34663464
     63.85281867
     60.98371310
     55.99892086
     61.88164442
     62.67617168
     62.65843978
     62.36566184
     62.62953306
     63.43980814
     63.51779723
     63.13366211
     62.11308052
     63.09406595
     63.09406595
     62.93046906
     61.76133482
     61.76133482
     61.77077412
     63.73542549
     63.89071161
     63.89071161
     64.18073410
     64.06688188
     64.04598955
     64.42048856
     64.41314851
     64.41314851
     64.41314851
     64.57027122
     64.67109136
     64.38792563
     64.63983451
     64.50688464
     63.82238898
     63.99381393
     63.99381393
     63.51890011
     64.15043714
     64.15043714
     63.41861778
     63.41861778
     63.53282112
     63.53282112
     64.25176533
     64.25176533
     64.30570547
     64.30570547
     64.32744053
     64.32744053
     64.32744053
     64.56790456
     64.56790456
     64.58712535
     61.71294122
     61.71294122
     61.19571148
     62.90794727
     63.59999102
     63.22391277
     63.22391277
     62.94624164
     63.18369731
     63.10254666
     63.47020214
     63.47020214
     63.80568967
     63.80568967
     63.79825767
     63.79825767
     64.05859936
     64.03521329
     64.03521329
     64.03521329
     63.84439885
     63.71671093
     64.31637826
     64.31690420
     63.97337229
     63.77420729
     63.77420729
     63.77420729
     63.78231566
     63.13969355
     63.75879845
     63.88327381
     63.93949712
     64.27612711
     64.28114802
     64.33322240
     64.24400772
     64.24400772
     64.67059236
     64.17906042
     64.17906042
     64.17906042
     64.17748585
     64.17748585
     64.29363439
     63.97267974
     63.97267974
     64.05846267
     64.43157686
     64.31616797
