     69.71717647
     69.71717647
     69.71717647
     69.45762163
     69.30413441
     69.34791787
     69.34791787
     69.27969293
     69.33508917
     69.24068513
     68.48617275
     69.04232932
     69.04232932
     68.05923775
     67.76648125
     68.79920042
     68.66324823
     68.94130184
     68.78198617
     67.98077926
     67.98077926
     69.49171148
     69.87216191
     69.87216191
     69.05650010
     69.83580800
     69.83580800
     69.63785405
     68.66797336
     68.71475527
     68.63207599
     69.22446060
     69.22446060
     69.93434700
     69.93434700
     69.93537456
     69.93537456
     69.54915751
     69.54915751
     68.93924955
     68.93924955
     68.93924955
     68.73153467
     68.83309738
     68.83309738
     69.18819433
     69.18819433
     69.07226145
     69.07226145
     69.07226145
     69.27943865
     69.27943865
     69.14336082
     69.14336082
     69.63596072
     69.62846346
     69.59208703
     69.66373518
     69.73756533
     69.83634860
     69.83628310
     69.79859309
     69.73056373
     69.84484704
     69.94522490
     69.97000889
     69.97994627
     69.97994627
     69.68985083
     69.68985083
     69.77736891
     69.68970866
     69.79777893
     69.79777893
     69.79777893
     69.79777893
     69.79777893
     69.94610316
     69.84397938
     69.88557432
     69.88557432
     69.92396696
     69.92396696
     69.92396696
     69.89842701
     69.89842701
     69.71443131
     69.71443131
     69.71443131
     69.71443131
     69.53618954
     69.49571351
     69.90237369
     69.80479729
     69.91906984
     69.72688435
     69.72688435
     69.26282678
     69.26282678
     69.17763904
     69.42301026
     69.48323289
     69.41189713
     69.26168087
     69.26168087
     69.42456599
     69.20713971
     69.56060193
     69.56060193
     69.51065000
     69.67722315
     69.91417951
     69.68150262
     69.66430637
     69.85766045
     69.71766546
     69.71440087
     69.79895830
     69.79895830
     69.87023830
     69.87019703
     69.76770128
     69.65053217
     69.65697580
     69.80167748
     69.77909403
     69.69262764
     69.80844889
     69.80546770
     68.89160653
     69.05762818
     69.05762818
     68.99072328
     68.99072328
     70.00360009
     70.02020313
     70.02020313
     69.96797098
     69.96797098
     69.96797098
     69.98600511
     69.82183607
     69.82183607
     68.16025546
     68.51087777
     68.46841997
     68.46841997
     68.44762713
     68.44762713
     68.44762713
     69.59455472
     69.56335329
     69.19323093
     69.18654833
     69.15193628
     69.15193628
     69.15193628
     69.41383953
     69.41383953
     69.32284036
     69.32284036
     68.85074814
     69.17338314
     69.17338314
     69.20881025
     68.77964282
     67.38944419
     68.13533371
     67.23642717
     69.23260604
     69.35042070
     69.50185235
     69.50185235
     69.50185235
     69.43700139
     69.43700139
     69.29883867
     69.51607523
     69.41306591
     69.25610883
     69.04351619
     69.04351619
     69.04351619
     68.43652947
     68.43652947
     68.43652947
     69.58387773
     69.54075048
     68.77805581
     68.77805581
     69.78576946
     69.78576946
     69.40104850
     69.40104850
     69.40104850
     69.66567235
     69.92041166
     69.92041166
     69.91904722
     69.91904722
     68.82666264
     68.82666264
     68.82666264
     70.01248637
     70.01248637
     70.01248637
     70.02292275
     70.02292275
     70.02292275
     69.26555433
     69.26103247
     68.40999783
     66.55901030
     67.82034763
     67.54933914
     67.54933914
     69.45827720
     69.45827720
     69.45827720
     69.45827720
     69.50735680
     69.50735680
     68.42151337
     68.66071221
     68.66071221
     68.73666814
     68.73666814
     67.75741535
     69.18690255
     69.18690255
     69.17043459
     69.64345542
     69.57419798
     69.81646070
     69.55814938
     69.49775371
     69.49775371
     69.49775371
     69.93628485
     69.36605815
     68.43801995
     68.43801995
     68.43801995
     68.43801995
     68.87060806
     68.25198718
     68.06838523
     66.85573680
     67.92555967
     67.92555967
     69.58287433
     69.46692180
     69.60108215
     69.60108215
     69.14602775
     69.14602775
     69.20300079
     68.72980263
     68.42544254
     69.07801834
     69.44279097
     69.91799238
     69.91799238
     69.91799238
     69.91799238
     69.91799238
     69.91799238
     69.91799238
     69.96775841
     69.95828697
     69.95828697
     69.95828697
     69.98532838
     69.98532838
     69.98532838
     69.72042434
     69.72042434
     69.72042434
     69.72042434
     69.72042434
     69.80494871
     69.84037496
     69.94150422
     69.81320411
     69.81320411
     69.81320411
     69.81877799
     69.25912793
     69.25912793
     68.97778590
     69.53170907
     68.66736013
     68.66736013
     68.66736013
     69.28957556
     69.28957556
     68.93044955
     69.14451947
     69.60258226
     69.60258226
     69.34868574
     69.79562616
     69.76112323
     69.76112323
     69.98549944
     70.01539417
     70.01539417
     70.01539417
     69.96447616
     69.96447616
     69.46320337
     69.36544248
     69.63291605
     69.63455064
     69.54259524
     69.54259524
     69.74402688
     69.74402688
     69.74402688
     69.74402688
     69.81312223
     69.81312223
     69.81312223
     69.81312223
     69.74493855
     69.61544294
     69.81869468
     69.89025340
     69.89025340
     69.89025340
     69.82241494
     69.86895436
     69.87542440
     69.67853451
     69.63215465
     69.81558794
     69.63568029
     69.63568029
     69.79300594
     69.75212740
     69.76444293
     69.89349033
     69.78922129
     69.75680076
     69.90540110
     70.01243903
     70.01243903
     70.01243903
     70.01243903
     69.92187385
     69.98359231
     69.98359231
     69.98359231
     69.98359231
     69.98359231
     69.98999763
     69.67989144
     69.72155622
     69.97249877
     69.84391816
     69.84391816
     69.70375320
     69.73548114
     69.74175219
     69.74175219
     69.87883059
     69.87883059
     69.87883059
     69.60226828
     69.06763582
     68.51716917
     68.40190160
     68.52785561
     68.64443887
     67.76847991
     67.76847991
     67.76847991
     67.76847991
     66.83890257
     66.83890257
     65.91453416
     66.67348881
     65.11307605
     67.23522787
     67.23522787
     69.33873131
     69.39891442
     69.35742914
     69.25884258
     69.20839660
     69.38182747
     69.34845078
     69.18689515
     69.17021019
     67.74954822
     67.44643690
     67.44643690
     67.44643690
     68.59846725
     68.37902737
     69.20144999
     68.99263796
     68.28502799
     69.69592781
     69.47249483
     69.44306311
     69.44306311
     69.26320754
     69.22490845
     67.26657914
     68.00591038
     66.21636960
     66.21636960
     66.21636960
     67.88909400
     69.54499312
     69.57423987
     69.30786183
     69.37821245
     69.42388783
     69.42388783
     68.70134522
     68.70134522
     68.86350431
     68.91754890
     69.16750020
     69.16750020
     69.50712962
     69.05474451
     69.17653952
     69.48885092
     69.35685384
     69.38417646
     69.38417646
     68.03406723
     68.03406723
     69.11117967
     69.11117967
     69.34500200
     69.34500200
     69.34500200
     69.58739277
     69.10571209
     69.29859240
     69.08555390
     69.30430593
     69.43958127
     69.19713368
     69.13018345
     69.05796703
     64.97128631
     64.97128631
     64.97128631
     64.97128631
     65.23437725
     66.86458849
     66.86458849
     66.90256581
     67.99736494
     67.88500190
     67.78641710
     67.36247657
     67.36247657
     67.36247657
     67.59192400
     67.59192400
     67.63029482
     67.65996634
     66.72920654
     67.23465114
     67.23465114
     67.23465114
     67.05083848
     65.44186165
     65.44186165
     65.36456273
     67.49956038
     67.60222615
     67.60222615
     68.18530590
     67.04067439
     66.87313212
     68.80642467
     68.84737803
     68.84737803
     69.09394261
     69.13124940
     69.13065324
     69.12406558
     69.44735814
     69.44735814
     69.44735814
     69.44735814
     69.44735814
     68.48226071
     68.52922568
     68.49441580
     68.49441580
     67.81937093
     67.81937093
     69.64178922
     69.66731407
     69.56955037
     69.19958926
     68.66876585
     68.66876585
     68.66876585
     69.54511062
     69.87742554
     69.87742554
     69.81562387
     69.81562387
     69.56382517
     69.56382517
     69.13268714
     68.23862817
     69.83072890
     69.49660619
     69.42811828
     69.42811828
     69.50359956
     69.50359956
     69.46272820
     69.46272820
     69.46272820
     69.22497772
     69.47644973
     69.49094386
     69.85140872
     69.88722877
     69.39538329
     68.98602316
     68.96760653
     68.64134757
     68.48942729
     68.48942729
     68.48942729
     68.06565480
     68.86245837
     69.01384828
     69.24260865
     68.73370817
     68.73370817
     68.73081142
     66.78503506
     66.89339678
     66.89339678
     67.41477350
     67.66622502
     68.44939545
     68.79547808
     69.00299304
     69.08234944
     69.15934968
     69.84766237
     69.84766237
     69.84766237
     69.69253919
     69.74298365
     69.45844623
     69.42290188
     69.23474432
     67.81214824
     69.00098554
     69.67882765
     69.67882765
     69.67882765
     68.89752834
     68.23309188
     68.21627692
     69.25961520
     69.41380074
     69.40889582
     68.17008163
     67.59260332
     67.59260332
     67.69708751
     69.06903446
     69.07011171
     68.87530284
     68.63179788
     68.16076938
     66.81970021
     66.81970021
     67.58455752
     67.85996224
     66.36318996
     68.03815495
     68.03815495
     68.20770648
     67.82361271
     68.95764038
     67.87832723
     68.79128061
     69.19194462
     69.08423676
     69.41717370
     69.44129583
     69.44129583
     69.14724568
     69.23301732
     69.23301732
     69.23301732
     69.64087811
     69.64087811
     69.72779872
     69.72779872
     69.52291220
     69.52291220
     69.52291220
     69.17335880
     69.44341603
     69.51839944
     69.51839944
     69.56532721
     69.31894126
     69.34094735
     69.34094735
     69.34094735
     69.49397855
     68.78207402
     68.55635839
     69.71016660
     69.71016660
     69.71980027
     69.71980027
     69.53547165
     69.30619446
     69.19146311
     69.34591553
     69.48609719
     69.48609719
     69.48609719
     68.95405391
     68.39475716
     66.60338512
     66.60338512
     66.09092015
     65.31709828
     65.31709828
     65.01327547
     65.11045144
     65.11045144
     65.11045144
     65.11045144
     65.11045144
     64.76405389
     67.37676011
     67.37676011
     67.37676011
     69.39051147
     69.50989233
     69.10482232
     69.05003719
     69.05003719
     69.91319803
     69.80729421
     69.99260578
     69.99944422
     69.94362660
     69.92844840
     69.92844840
     69.92844840
     69.36669834
     69.36669834
     68.76836064
     69.32920677
     69.32920677
     69.83737105
     69.84547294
     69.82923086
     69.82792067
     69.82792067
     69.80650641
     69.80650641
     69.64659196
     69.64659196
     69.54104992
     69.55850423
     69.59821241
     69.68367082
     69.26315484
     69.23586155
     68.29849320
     68.88631220
     68.83066463
     68.87024516
     69.29998814
     69.29998814
     69.29998814
     69.33754732
     69.61447759
     69.65091260
     69.67823567
     69.57018799
     69.57018799
     69.29308005
     68.21839605
     67.89059860
     67.89059860
     69.65808413
     69.95978573
     69.95978573
     69.95978573
     69.31252034
     69.88675213
     69.88675213
     69.88675213
     69.87846099
     69.87846099
     70.03050373
     70.03050373
     70.03050373
     70.03050373
     69.96879996
     69.99917990
     69.95373732
     69.95373732
     69.95373732
     69.95373732
     70.03274757
     70.02677483
     70.02747013
     69.90507361
     69.90507361
     69.90946672
     69.95665573
     69.90212123
     69.89191430
     69.89261443
     69.66258853
     69.57485183
     69.49995842
     68.40771523
     68.40771523
     68.78997698
     66.13666405
     66.13666405
     66.13666405
     66.13666405
     66.13666405
     67.90509391
     67.90509391
     67.90509391
     67.90509391
     67.90509391
     67.90509391
     65.82803370
     65.82803370
     65.82803370
     69.08582057
     69.08582057
     69.07222202
     69.06515015
     68.77994903
     68.77994903
     68.77994903
     68.48043356
     68.46227260
     68.46227260
     69.56261211
     69.56261211
     69.63327489
     69.63327489
     69.31644185
     69.45209991
     69.67724016
     69.63213714
     69.63213714
     69.54438160
     69.59424441
     69.53428584
     69.46948966
     69.41520340
     69.65276125
     69.63634215
     69.65603632
     69.75819446
     69.75252920
     69.64996630
     69.62678678
     69.73796568
     69.73796568
     69.60744286
     69.63626288
     69.63626288
     69.65306405
     69.54763613
     69.35393992
     69.35393992
     69.49360509
     68.07850516
     68.07850516
     67.79676721
     68.80575473
     69.08784751
     69.11499448
     68.71368165
     68.51747207
     68.51747207
     69.51613719
     69.54451699
     69.53498506
     69.54558988
     69.48283474
     69.48188839
     69.48188839
     69.48130506
     69.48130506
     69.47472516
     69.47481288
     69.47481288
     69.47481288
     69.03243773
     69.00770774
     69.20476903
     69.19034537
     69.19034537
     69.19034537
     68.10802028
     67.60330596
     67.60330596
     67.60330596
     67.60330596
     67.92018018
     67.92018018
     67.92018018
     67.92018018
     67.81177232
     67.81177232
     67.81177232
     69.00653134
     69.46172689
     69.28372218
     69.28372218
     68.92791025
     68.74283802
     67.57775416
     67.57775416
     67.57775416
     67.57775416
     68.28162475
     68.28162475
     68.34379989
     68.34379989
     69.28464587
     69.28464587
     69.28464587
     69.07269221
     69.04825987
     66.99104080
     66.99104080
     67.50915224
     67.51628000
     66.29914842
     66.88726741
     67.96672629
     66.41872626
     65.24520345
     66.57062123
     66.57062123
     63.57967033
     66.76480161
     66.76480161
     67.02028121
     68.16874698
     67.82493019
     68.74451413
     68.03614209
     68.48385910
     69.51804510
     69.54741962
     68.84011915
     68.66866270
     68.66866270
     68.66866270
     68.60993576
     68.14031132
     68.78864262
     69.61450418
     69.61062849
     69.74393330
     69.07342628
     69.14126754
     68.87666755
     68.87666755
     69.13355930
     69.05043389
     68.99429463
     68.88464128
     69.01237467
     69.88857313
     69.00341385
     68.66201928
     68.70538835
     68.27086807
     68.27086807
     68.18578290
     68.52660926
     68.34128954
     69.65208206
     70.01764223
     70.01764223
     69.98508010
     69.98508010
     69.99666843
     69.99666843
     70.03194998
     70.03194998
     70.03194998
     70.02872049
     70.03488581
     69.88370503
     69.88370503
     69.95205994
     69.86296285
     69.56608162
     69.39282429
     69.30673549
     69.50670988
     69.73384323
     69.91291759
     69.91291759
     69.91291759
     69.92005003
     69.92005003
     69.93638868
     69.94993855
     69.96684246
     69.96684246
     69.86097738
     69.86097738
     69.86097738
     69.88576431
     69.91311516
     69.91311516
     69.99037558
     69.99037558
     70.02707096
     69.99748012
     69.99748012
     69.98972613
     69.98904037
     70.01754801
     70.02251854
     70.02251854
     70.02251854
     69.91669674
     69.92473382
     69.92473382
     69.94457482
     69.97837016
     69.97453409
     69.97453409
     69.91723987
     69.87902504
     69.87902504
     69.87902504
     69.89130595
     69.88484142
     69.88484142
     69.73524753
     69.74717431
     69.95010310
     69.94884568
     69.95105902
     69.95105902
     69.66344492
     69.65434259
     69.65434259
     69.65434259
     69.65434259
     69.48487231
     69.51636848
     69.67887030
     69.67887030
     69.64418764
     69.81971224
     69.73727964
     69.74172128
     69.55324610
     69.09706296
     68.47630754
     67.97213125
     67.59273754
     68.72302009
     67.36061309
     66.53081757
     66.53081757
     66.63431332
     66.11018914
     66.11018914
     66.11018914
     62.18333802
     63.33198126
     63.33198126
     63.33198126
     63.33198126
     63.33198126
     63.33198126
     69.96298931
     69.93081857
     69.93081857
     69.96836905
     69.96836905
     69.98362452
     69.97149664
     69.93636921
     69.93498692
     69.94572094
     70.00976805
     70.00976805
     70.00976805
     70.02309604
     70.02309604
     69.27879408
     69.93760202
     69.47427421
     69.60191360
     69.54409526
     68.44992187
     66.95706139
     66.95706139
     67.82890509
     67.82890509
     67.82890509
     67.82890509
     68.24919712
     67.69434301
     67.69434301
     67.69434301
     67.69434301
     67.69434301
     67.69434301
     67.80898666
     67.80898666
     67.80898666
     67.98548312
     67.98548312
     67.98548312
     67.98548312
     67.98548312
     68.02011021
     68.02011021
     67.27285948
     67.20139343
     69.00344521
     69.22646243
     68.86334809
     68.86334809
     69.19287551
     69.23708843
     69.23911745
     69.23911745
     69.23911745
     69.49940589
     69.49940589
     69.74856601
     69.75111445
     69.76461665
     69.52373399
     69.52373399
     69.62312709
     69.91733499
     69.78605987
     69.64755724
     69.64755724
     69.48411507
     69.48679869
     69.72310629
     69.70092256
     69.73012163
     69.87228732
     69.86372421
     70.01951475
     69.95608626
     69.95608626
     69.95608626
     69.98509096
     69.98509096
     69.98509096
     69.98509096
     69.98509096
     69.98509096
     69.99881044
     70.02840134
     70.02840134
     69.96032553
     69.96032553
     69.98259618
     69.98259618
     69.98259618
     69.98259618
     69.98259618
     69.93067754
     69.78325550
     69.59200820
     69.73868316
     69.64926032
     69.14365660
     69.99105233
     69.99105233
     69.92599305
     69.92599305
     69.89784493
     69.83552853
     69.83552853
     69.83552853
     69.64819809
     69.72390799
     69.58274263
     69.74335573
     69.74335573
     69.52764635
     69.52764635
     69.54454762
     69.21435401
     68.78782013
     69.39548054
     68.85129247
     68.85129247
     68.79013978
     68.79392554
     68.84350919
     67.71136491
     68.84271155
     69.13892128
     69.21248234
     69.24729925
     69.28283185
     68.71231859
     68.41928295
     68.41928295
     69.47027915
     69.42886616
     69.46558437
     69.49877749
     69.57334489
     68.96927816
     68.96927816
     69.52193388
     69.52193388
     69.72037016
     69.79230890
     69.79230890
     69.79368512
     69.79408912
     69.49241916
     69.49241916
     69.43349038
     69.19191310
     69.37698982
     69.37698982
     69.37698982
     69.56933279
     69.24217877
     69.25130334
     69.25130334
     68.33460715
     68.33460715
     68.26463756
     68.24371238
     68.24371238
     69.11221416
     69.11221416
     69.54899570
     69.54899570
     69.69681573
     69.69681573
     69.70400260
     69.70400260
     69.81557797
     69.77799365
     69.77799365
     69.77799365
     69.70245124
     69.70245124
     69.58871287
     69.58871287
     69.87609347
     69.83025513
     69.82206760
     69.82206760
     69.86349271
     69.98667943
     69.91399316
     69.71793240
     69.67616527
     69.62785653
     69.62785653
     69.56863333
     69.56863333
     69.58993822
     69.58993822
     69.58993822
     69.60311721
     68.92183476
     68.89016700
     68.89016700
     69.01654155
     68.93009234
     68.93009234
     67.13717391
     67.13717391
     68.54338502
     69.04680447
     68.06889681
     68.06889681
     68.06889681
     68.08991688
     69.38047261
     69.38047261
     68.97752601
     68.97752601
     69.11608366
     68.86014520
     68.87453236
     68.87453236
     68.87453236
     69.14059610
     69.69796401
     69.64771756
     69.64771756
     69.64505236
     69.61886271
     69.61886271
     69.23119214
     69.10065888
     68.29361562
     68.29361562
     68.29361562
     68.54300855
     69.41192496
     69.43919951
     69.28362184
     69.28362184
     68.46388654
     68.77748679
     67.89033316
     67.89033316
     67.51820530
     69.09924965
     69.05509927
     69.26445437
     69.27567252
     68.91725460
     68.91725460
     68.91725460
     68.90460943
     68.90460943
     69.46103197
     69.67173198
     69.34956418
     69.34956418
     69.34956418
     69.95251511
     70.01474814
     69.94351435
     69.94756739
     69.94730697
     69.94730697
     70.00812311
     70.00812311
     69.97273784
     69.92061209
     69.85617050
     69.78224936
     69.78224936
     69.89217337
     69.91029157
     69.78796563
     69.78796563
     69.78796563
     69.92303357
     69.90570297
     69.90570297
     70.00332804
     70.00332804
     69.83562751
     69.79376897
     69.71503212
     69.75557723
     69.75557723
     69.75557723
     69.70736917
     69.84240984
     69.90821075
     69.90821075
     69.87941507
     69.84315905
     69.70348012
     69.51236644
     69.55414082
     69.55414082
     69.75779426
     69.72770406
     69.72770406
     69.76446773
     69.75944704
     69.75944704
     68.97608772
     68.47298926
     69.04012395
     69.27030971
     69.39908270
     69.34898069
     68.93069671
     69.18070415
     69.18070415
     69.18070415
     68.87118934
     68.75370911
     68.75370911
     68.97711525
     68.97711525
     68.97711525
     68.29384265
     68.51157111
     68.75507168
     69.22214659
     68.82179124
     68.58550359
     68.59851838
     69.29186565
     69.50077982
     69.48453454
     69.48453454
     69.49200273
     68.87217212
     68.76558995
     67.06424499
     67.06424499
     66.77068666
     67.87008940
     65.25547902
     65.25547902
     66.04429598
     66.04429598
     66.19619438
     66.19619438
     67.38843516
     67.38843516
     67.38843516
     68.78129796
     68.02559414
     68.00093806
     68.59260237
     69.00742306
     68.97058379
     68.89024252
     68.74020999
     68.74020999
     68.96808488
     68.14169102
     68.14169102
     68.14169102
     68.14169102
     69.01576211
     69.57336314
     68.70943346
     68.70943346
     67.74170169
     67.90037190
     68.93304203
     68.93304203
     68.93304203
     68.39392604
     68.39392604
     68.39392604
     68.38822943
     68.60322668
     69.28319913
     69.28319913
     69.21255605
     69.09459403
     69.60293337
     69.58532079
     69.64757005
     69.49146810
     69.69689637
     69.22535048
     68.64583112
     68.03796571
     68.03796571
     67.65042449
     67.65042449
     67.64987767
     67.64987767
     67.64987767
     67.64987767
     67.62396871
     66.31012652
     66.31012652
     65.04556796
     65.04556796
     65.64572481
     67.29632440
     67.29632440
     67.29632440
     67.29632440
     68.65668476
     68.70969968
     69.34341241
     69.38043071
     69.26568524
     69.26568524
     69.26568524
     69.26568524
     69.26568524
     69.62458844
     69.62458844
     69.94937753
     69.90632196
     69.90632196
     69.90632196
     69.90841288
     69.89965043
     69.89965043
     69.89965043
     69.84813586
     69.63541553
     69.63541553
     69.63541553
     69.63541553
     69.63541553
     69.63541553
     69.63541553
     69.63541553
     69.63541553
     69.63541553
     69.63541553
     69.66539313
     69.60811264
     69.30742445
     69.30742445
     68.15587639
     68.15587639
     68.15587639
     68.50311321
     68.50311321
     68.87538109
     69.07897886
     69.30800412
     69.51072831
     66.50041757
     66.50041757
     69.44306109
     69.55874715
     69.40723922
     69.23160133
     69.41948409
     70.00367602
     70.00367602
     69.93012196
     69.91199451
     69.91199451
     69.81468439
     69.88831508
     69.95859578
     69.95859578
     69.96825511
     69.96825511
     69.96825511
     69.96825511
     69.96825511
     69.96825511
     69.97413658
     69.72252886
     69.90934036
     69.90934036
     69.75025264
     69.73325902
     69.73325902
     69.73325902
     69.49143335
     69.49143335
     69.81904890
     69.76278299
     69.47475928
     69.99267233
     69.98145918
     69.99529963
     70.00959143
     70.00959143
     69.97953395
     69.91325483
     69.94675078
     69.80231261
     69.71326660
     69.78610361
     68.52583642
     68.24670042
     68.24670042
     68.24670042
     68.24670042
     68.83347433
     69.41815693
     68.73681844
     68.73681844
     68.71714643
     68.53390224
     68.73170212
     68.40036419
     69.42843487
     69.42843487
     68.42130916
     68.42130916
     68.42130916
     68.42130916
     68.36664238
     68.26184787
     68.75065666
     69.07917407
     69.07917407
     69.07917407
     69.04560235
     69.16485232
     69.16485232
     69.50453453
     69.55741936
     69.87135503
     69.87135503
     69.61409198
     69.61409198
     69.61409198
     69.61409198
     69.54065867
     69.95542093
     69.94160279
     69.93485573
     69.82334484
     69.82334484
     69.82334484
     69.76955513
     69.74397613
     69.74397613
     69.70562324
     69.65298649
     69.96217694
     69.99358357
     69.92378715
     69.80518656
     69.76913563
     69.76913563
     69.76913563
     69.76608823
     69.58904140
     69.56565625
     69.56565625
     69.47338915
     69.93822243
     69.98160116
     69.90879730
     69.90543017
     69.89479412
     69.90832787
     69.90832787
     69.92297753
     69.88320284
     69.88320284
     69.88320284
     69.88320284
     69.99547636
     69.99547636
     69.99547636
     70.00456936
     70.00456936
     70.00456936
     70.01253416
     70.01253416
     69.96774664
     69.87568217
     69.78751340
     69.78751340
     69.78751340
     69.96907030
     69.80300426
     69.80314066
     69.95835090
     69.83780701
     69.86302283
     69.82639420
     69.06159963
     69.63685372
     69.63685372
     69.47809870
     69.47809870
     69.47809870
     69.45080969
     68.36696799
     68.36696799
     68.36696799
     67.16800265
     68.59640337
     68.53822276
     69.20831778
     69.93927322
     69.96066376
     69.92897198
     69.78134430
     69.95322686
     69.86778767
     69.67611576
     68.99189477
     68.92593255
     68.92593255
     67.72475440
     67.32307135
     67.32307135
     67.32307135
     67.32307135
     67.32307135
     67.34240994
     67.03106176
     68.82541057
     68.88021011
     68.74800148
     68.74800148
     68.74800148
     68.73859090
     68.82545930
     68.52417291
     68.52417291
     68.52417291
     68.31513290
     69.21058949
     69.27322732
     69.28875262
     68.69988876
     68.55797250
     68.43088733
     68.26007005
     68.26007005
     67.97334882
     67.91461732
     69.02675136
     69.35869102
     69.07900132
     68.43152446
     68.49475876
     68.49475876
     69.04818709
     68.58459546
     69.21892097
     69.56399521
     69.47794215
     69.62397442
     69.62397442
     69.62397442
     69.67264094
     67.50134298
     68.69578831
     68.69578831
     68.74603109
     68.96028778
     67.96968564
     67.96968564
     69.02266707
     68.43988948
     69.62081948
     68.66796582
     69.52788743
     69.28423568
     69.07641695
     69.07641695
     69.07641695
     67.74481952
     67.74481952
     67.74481952
     68.61888351
     68.25525715
     69.68230851
     69.44899341
     69.46768753
     69.46768753
     69.17091389
     69.17091389
     69.49268922
     69.49268922
     69.57535672
     69.43290403
     69.27990199
     69.27990199
     69.09513670
     69.09513670
     69.58308991
     69.87257373
     69.81570356
     69.06023334
     69.50735258
     69.56629008
     69.61029543
     69.61428434
     69.35417822
     69.64791049
     69.36206755
     69.35944566
     69.31244758
     68.56640690
     68.55885231
     69.15921498
     69.28846240
     69.29157453
     68.58542499
     68.98460607
     69.18793906
     68.28146954
     68.00352464
     69.24288543
     69.62082656
     68.64215404
     69.23708689
     68.26858230
     68.26858230
     68.34661098
     68.34661098
     68.34661098
     68.57356454
     68.57356454
     68.46099328
     69.57409548
     69.57980073
     69.32696242
     69.30965058
     69.40164464
     68.99495877
     67.17310418
     67.17310418
     67.04910303
     67.04910303
     69.26309320
     69.46863348
     69.25138211
     69.25138211
     69.13184231
     69.13184231
     69.45968898
     69.33740734
     69.53720209
     69.53720209
     69.62640115
     69.55653209
     69.16747719
     69.16747719
     69.16747719
     69.16747719
     68.94969063
     69.47316765
     69.47316765
     69.89391423
     69.17163809
     69.18970284
     69.34918628
     69.29244649
     69.29244649
     69.75649152
     69.82807912
     69.75998897
     69.16665419
     69.43111645
     69.73948419
     69.45211339
     69.64443478
     69.45736408
     69.57021227
     69.08491997
     69.32751658
     68.90508694
     69.05996122
     69.05996122
     68.85648227
     69.17073820
     69.49727619
     69.56229502
     69.32501485
     69.43864558
     68.77789735
     68.18847823
     68.18847823
     66.43429509
     66.43429509
     66.43429509
     66.43429509
     66.43429509
     66.43429509
     68.15428501
     68.15428501
     67.18970245
     67.18970245
     67.45206073
     67.44359392
     67.93660434
     69.05803832
     69.05803832
     68.22251147
     68.51645227
     68.51645227
     69.04116314
     69.04116314
     69.21004078
     68.44346343
     68.55837147
     66.29198663
     66.29198663
     66.29198663
     67.89366805
     68.64666719
     68.64666719
     68.78292359
     68.78292359
     68.78292359
     68.72008464
     68.43521795
     68.41807430
     67.55142816
     68.25519697
     68.25519697
     69.00797649
     69.00797649
     69.00797649
     68.95969836
     69.08849992
     68.70403595
     68.49612371
     68.49612371
     69.29744514
     67.40660227
     67.40660227
     67.62010356
     67.62010356
     67.92756460
     66.85064887
     66.78569464
     68.71173616
     69.12886899
     68.62657792
     68.96013623
     68.96013623
     69.04265167
     69.04265167
     67.46329134
     66.77912773
     66.77912773
     66.77912773
     66.73727031
     66.73727031
     66.73727031
     66.73727031
     66.58958446
     69.17469007
     69.75461491
     68.97578653
     68.97578653
     68.97578653
     69.36229102
     69.36229102
     69.71255838
     69.71255838
     69.71255838
     69.71255838
     69.57276472
     68.69690559
     69.26855072
     69.20779721
     69.20779721
     69.20779721
     69.20779721
     69.11697920
     68.43086086
     68.43086086
     68.11683982
     68.16779567
     68.16779567
     68.16779567
     67.82286952
     69.34430952
     69.34430952
     68.83440911
     68.83440911
     68.83440911
     68.83440911
     69.86857973
     69.86857973
     69.88052983
     69.81897388
     69.81897388
     69.90973694
     69.90973694
     69.36332021
     69.56173149
     69.59827162
     69.65203257
     69.45766135
     69.45766135
     69.09128403
     69.09128403
     68.41077361
     66.86218314
     63.93724398
     63.27600405
     69.17005661
     68.47795134
     68.47795134
     68.47795134
     68.47795134
     68.47795134
     69.23733695
     69.34584130
     69.48305623
     68.20800610
     68.66842249
     69.14102947
     69.09451667
     68.79788692
     69.48911691
     69.49576939
     69.29545394
     69.66430295
     69.44413191
     69.44413191
     69.56300512
     69.37217618
     69.60577781
     69.69347591
     69.69347591
     69.85887331
     69.88488128
     69.82370089
     69.82370089
     69.68117331
     70.02490451
     70.02490451
     70.02490451
     69.94769431
     69.94769431
     69.95633999
     69.95633999
     69.91279933
     69.91279933
     69.92663944
     69.92663944
     69.92663944
     69.92663944
     69.92663944
     69.92663944
     69.92663944
     69.92415180
     69.73185073
     69.71002140
     69.66648993
     69.86201622
     70.00324090
     69.81563056
     70.00610759
     70.01196043
     69.96363674
     70.01101750
     70.01101750
     69.88946604
     69.88946604
     69.85473282
     69.85473282
     69.85473282
     69.81530575
     69.78673172
     69.69556039
     69.47386693
     69.22475448
     69.14431345
     69.04775709
     68.69144762
     67.90558298
     67.56444480
     67.93889960
     67.93889960
     68.13129365
     68.13129365
     67.51992125
     68.55958103
     68.71508364
     68.28336732
     68.84880149
     68.95591903
     68.95591903
     68.91953386
     68.25239113
     68.25239113
     68.25239113
     69.29071167
     69.24025477
     69.65238045
     69.45782478
     69.45782478
     69.26029686
     69.29233921
     68.80858925
     68.80858925
     68.72177086
     68.79295030
     68.86601535
     68.74905474
     68.48225322
     68.57381760
     68.57568038
     68.88083974
     68.28326977
     68.28326977
     68.27627757
     69.35011153
     66.82429985
     66.82429985
     66.82429985
     66.66229276
     66.66229276
     66.66229276
     66.66229276
     66.66229276
     66.66229276
     66.66229276
     66.66229276
     67.13923051
     67.13923051
     67.13923051
     66.53111459
     66.53111459
     66.53111459
     66.53111459
     66.53111459
     66.53111459
     66.96954795
     66.96954795
     68.87136532
     68.87136532
     68.87136532
     68.87136532
     68.70179975
     68.26611468
     68.26611468
     66.88794920
     66.00509932
     66.00509932
     65.16583381
     65.16583381
     66.26561949
     68.66693198
     68.66693198
     68.68085891
     68.85287807
     68.85287807
     68.90012262
     66.18079421
     66.60874633
     64.42726822
     67.98393990
     67.98393990
     66.96952800
     67.17691017
     67.17691017
     67.74808975
     66.79381757
     66.37279986
     67.17802959
     67.17802959
     67.06428663
     67.06428663
     67.06428663
     67.66430170
     67.75979659
     68.85889701
     69.59039309
     69.22280582
     68.57527092
     68.57527092
     68.57527092
     69.58137960
     68.69434359
     68.69434359
     67.82137374
     67.82137374
     67.82137374
     67.71728330
     67.71728330
     67.71728330
     66.54345615
     66.54345615
     65.92115736
     66.21946141
     66.21946141
     66.21946141
     66.21946141
     65.82471474
     66.10612737
     64.46272860
     64.46272860
     65.96743723
     66.57199111
     66.57199111
     67.44890231
     67.44890231
     67.79565095
     69.99349416
     69.99349416
     69.99349416
     69.99349416
     70.02185008
     70.02185008
     70.02185008
     69.81935587
     69.81935587
     69.81935587
     69.81935587
     69.98796698
     69.99585174
     69.99585174
     69.99585174
     69.99585174
     69.99585174
     69.98654201
     69.82044060
     69.82559932
     69.12547898
     69.12547898
     69.71691123
     69.71691123
     69.69732786
     69.87694042
     69.87659840
     69.87659840
     69.97810774
     69.96474957
     69.96474957
     69.96474957
     69.96474957
     69.96474957
     69.96474957
     69.96474957
     69.40772066
     69.31815224
     69.86032900
     69.86032900
     69.89215911
     69.86439084
     69.86439084
     69.80199010
     69.93005024
     69.93005024
     69.91869957
     69.91869957
     69.99785160
     69.98341691
     69.19175625
     69.27907140
     69.50138721
     69.50138721
     67.66400200
     66.69116966
     67.86571478
     67.85584730
     67.85584730
     67.80058251
     68.04995064
     67.91032164
     67.91032164
     67.91032164
     65.63303537
     67.93103359
     69.72222538
     69.78082797
     69.68166262
     69.61570666
     69.43581015
     69.43581015
     69.99988691
     69.99988691
     69.99988691
     69.97319883
     69.80088148
     69.91092966
     69.75959423
     69.75348669
     69.59262775
     69.19437396
     69.19437396
     69.19437396
     69.19437396
     68.48277075
     69.19779049
     69.50511276
     69.50511276
     69.27958309
     69.40408352
     68.80261679
     68.80261679
     68.80261679
     68.80261679
     68.80261679
     68.80261679
     68.80261679
     69.65131089
     69.65131089
     67.07549576
     67.07549576
     67.07549576
     64.17272688
     64.17272688
     64.17272688
     64.17272688
     67.12693922
     69.39279719
     69.45923505
     69.54100505
     69.54100505
     69.79230957
     69.92538255
     69.91556734
     69.91556734
     69.85315243
     69.84719042
     69.90877511
     69.90877511
     69.90877511
     69.73048360
     69.73048360
     69.78334782
     69.78334782
     69.73709060
     69.21550394
     69.21550394
     69.21550394
     68.28777188
     68.28777188
     69.22085530
     69.22085530
     69.22085530
     69.77899552
     69.85944931
     69.93161215
     69.93161215
     69.79574141
     69.68185675
     69.68185675
     69.68335454
     69.80389295
     69.86185977
     69.65573694
     69.61184758
     69.61975044
     69.55429952
     69.79951218
     69.68098350
     68.86446272
     68.97662076
     68.87194524
     69.89373085
     69.92962382
     69.98383877
     69.98383877
     69.98383877
     69.99617867
     69.99617867
     69.99836025
     68.83343880
     69.93368653
     69.93368653
     69.99111107
     69.97446952
     69.92899361
     69.92899361
     69.66251321
     69.99116695
     69.98767602
     69.99103919
     69.82536199
     69.82536199
     69.46205588
     69.46205588
     68.35998547
     68.35998547
     68.35998547
     65.58889614
     65.58889614
     65.65022731
     65.40683371
     66.02016866
     66.02016866
     67.66265262
     67.66265262
     68.67192759
     68.67192759
     68.80820661
     68.80820661
     69.00946132
     69.32097670
     69.73547842
     69.70828654
     69.60745668
     69.65542084
     69.62727482
     69.70240640
     69.43924162
     69.06276664
     68.99235826
     68.99235826
     68.99235826
     68.57767313
     68.57767313
     68.57767313
     68.57767313
     67.95995005
     67.95995005
     67.47904784
     67.47904784
     67.47904784
     67.47904784
     68.41614819
     68.67000837
     68.85892189
     67.81059707
     67.70904604
     67.32027781
     66.63744091
     67.64977862
     67.61096220
     67.61096220
     68.12639443
     65.41047308
     65.41047308
     65.77085960
     64.25317531
     67.41701374
     68.41372340
     68.67330796
     68.49734481
     68.60715370
     68.60715370
     67.58753247
     67.58753247
     67.66232178
     68.07587852
     68.07587852
     68.07587852
     67.66122983
     69.31975323
     69.19493302
     68.57563046
     68.57563046
     68.57563046
     68.57683615
     66.33375850
     67.56814249
     69.51806085
     68.53801010
     68.66188321
     68.72146040
     68.82478394
     69.02451544
     69.02451544
     69.53751458
     69.53751458
     69.79295711
     69.79258065
     69.79258065
     69.79258065
     68.78669350
     69.48112293
     69.38187350
     69.47061450
     69.76924927
     69.76924927
     69.66067609
     69.63040514
     69.34583720
     69.35435942
     68.27754456
     68.40671221
     68.32688726
     68.90541775
     69.13452709
     69.30501221
     69.41529006
     69.16703783
     69.46675312
     69.78820497
     69.98701724
     69.98701724
     69.97361250
     69.59127242
     69.51733288
     68.56266625
     68.40892605
     67.77560765
     67.77560765
     68.36731149
     68.36731149
     68.36731149
     68.36731149
     66.98085594
     66.83716348
     66.83716348
     68.71182700
     67.80790793
     69.19054255
     68.97676686
     68.98655059
     68.91772981
     69.17491552
     68.76917347
     68.76917347
     68.76917347
     68.94757042
     69.16547393
     68.88779597
     67.42655582
     66.61343426
     66.61343426
     66.69428594
     66.69428594
     66.69428594
     68.00402287
     67.59410590
     67.66690052
     67.66690052
     67.66690052
     67.86246681
     67.86246681
     67.86246681
     68.40703074
     67.25423556
     66.44865297
     66.44865297
     65.08368708
     65.08368708
     65.08368708
     65.08368708
     65.08368708
     67.83189063
     67.83189063
     68.49143696
     68.49143696
     66.05311910
     66.52494363
     66.71378124
     68.50568118
     68.50568118
     68.91049670
     69.07447013
     69.28572883
     69.28572883
     69.28572883
     68.86519839
     69.29668580
     69.20164828
     68.57217515
     67.94843153
     67.94843153
     67.94843153
     67.56182639
     67.56182639
     67.20932829
     66.88910000
     68.03550548
     66.89775316
     67.63666773
     67.63666773
     67.63666773
     65.24958553
     67.44189368
     67.44189368
     67.44189368
     66.27521353
     66.27521353
     66.27521353
     65.45148036
     65.45148036
     65.45148036
     64.30959511
     64.30959511
     65.75758096
     66.99412079
     67.07088130
     67.07088130
     67.40411768
     67.31859899
     67.31859899
     67.31859899
     68.42617555
     68.25878774
     68.60593116
     69.11680895
     67.87365743
     67.87365743
     68.39981668
     68.39981668
     69.50916956
     69.38351073
     69.37411158
     69.39715595
     69.59183034
     69.03130907
     69.23685429
     65.93594806
     67.07778749
     67.07778749
     67.07778749
     69.28839158
     68.57362504
     68.41446646
     68.41446646
     68.41446646
     68.18885051
     68.90807254
     67.44976369
     68.84395267
     67.73729683
     67.94167228
     68.15631078
     68.34644932
     68.34644932
     68.34644932
     69.18886371
     69.18886371
     68.93240395
     68.44200152
     68.96175306
     68.96175306
     69.06326171
     68.99126749
     69.18622022
     69.28927332
     69.28927332
     68.99544530
     69.23332894
     69.27754505
     69.24109534
     69.01555597
     69.24693403
     69.21933178
     69.16543485
     69.16543485
     68.19345626
     68.69631467
     69.50435488
     69.50435488
     69.48388208
     69.44511546
     69.44511546
     69.42269771
     69.42269771
     69.00265804
     69.34974623
     69.62034982
     69.62178992
     69.62016057
     69.73107479
     69.72265407
     69.72265407
     69.50998492
     69.00885021
     69.00885021
     67.91889417
     67.91809369
     66.41594590
     66.30844288
     69.01877338
     68.95899519
     69.33432464
     69.31158948
     69.31158948
     69.36594730
     69.13330989
     69.10173557
     68.85107709
     69.06234132
     69.12511658
     68.98008420
     68.98008420
     69.59641557
     69.53283033
     69.59855436
     69.19966350
     68.94425002
     69.02246090
     69.19929434
     69.31023355
     69.53667854
     69.53667854
     69.53667854
     69.53667854
     69.53667854
     69.37524765
     69.21710319
     68.19479137
     68.19479137
     68.19479137
     69.30416882
     69.09277873
     68.83849685
     69.70397183
     69.45102301
     69.44017346
     69.12876115
     69.15568300
     69.46668980
     69.46668980
     69.59949262
     69.77463333
     69.74063822
     68.59235881
     68.70527909
     68.70527909
     68.26595642
     68.26595642
     68.26595642
     68.26595642
     68.87721611
     69.47786430
     69.47786430
     69.47786430
     69.47786430
     69.34773789
     69.18438813
     69.18438813
     69.56829079
     69.68611392
     69.74726239
     69.86080399
     69.75962283
     69.78728307
     69.91371868
     69.91371868
     69.91371868
     69.96751450
     69.96751450
     69.96751450
     69.95129042
     69.95129042
     69.95129042
     69.95129042
     69.94230871
     69.69823174
     69.09943348
     69.69756488
     69.86509515
     69.76118461
     69.76118461
     69.76118461
     69.76118461
     69.79326112
     69.92064198
     69.92064198
     68.31785655
     69.10756655
     69.10756655
     69.20383960
     69.78560772
     69.66670101
     69.45687397
     69.50112446
     68.16824871
     68.16824871
     69.16396336
     69.16396336
     69.26199762
     69.19186538
     69.25557866
     69.25557866
     69.13042078
     68.78665243
     68.78665243
     68.71473167
     69.01800865
     69.01800865
     69.01800865
     68.31455174
     68.22482107
     67.91491566
     69.60584427
     69.16471651
     68.41137052
     68.89849679
     68.89849679
     67.36565712
     66.24740381
     66.24740381
     66.24740381
     66.24740381
     65.47471277
     64.81793422
     64.81793422
     58.93501681
     58.93501681
     58.93501681
     58.93501681
     58.93501681
     58.93501681
     58.93501681
     58.93501681
     62.85928315
     60.22084089
     60.22084089
     67.64151756
     68.40011613
     68.40011613
     69.12442728
     68.84632968
     68.74249312
     68.67859102
     68.67859102
     68.69241423
     68.38895677
     68.38895677
     68.04802280
     68.19914025
     68.19914025
     67.61742022
     68.72008479
     68.36583367
     68.25854421
     68.25854421
     68.69314974
     68.69314974
     69.43390854
     69.46599759
     67.64046270
     68.19190378
     69.32426275
     68.95962554
     68.96566850
     69.28228474
     69.00530553
     69.16407310
     69.24650473
     68.85695411
     69.47221998
     68.60749116
     68.60749116
     68.60749116
     66.70400548
     68.68353913
     68.68353913
     68.68353913
     68.65116413
     68.65116413
     65.00376191
     65.00376191
     66.79810872
     66.79810872
     67.31864760
     66.75514322
     68.35931820
     66.80705669
     66.80705669
     67.65470650
     68.01604533
     68.11953155
     68.07137252
     66.50036782
     67.27798154
     68.72206469
     67.53710859
     67.53710859
     66.42766433
     66.42766433
     66.87145778
     66.87145778
     66.95974061
     66.74042171
     66.74042171
     66.74042171
     65.92147993
     65.92147993
     66.68919641
     66.68919641
     69.11030710
     67.93612455
     67.54477153
     67.77146998
     67.36642960
     67.36642960
     67.03800674
     67.03800674
     68.40524972
     69.14275410
     69.41878229
     69.42169559
     69.28191583
     69.28191583
     68.30215106
     68.19156148
     67.47189950
     67.58513292
     67.37859404
     66.64068423
     67.01785480
     68.12132432
     69.44352339
     69.52327367
     69.52327367
     69.52703900
     69.52703900
     69.02904787
     68.77521805
     68.77521805
     69.35093269
     69.38986810
     69.79083991
     69.80533935
     69.83598643
     69.80775806
     69.67151966
     69.67151966
     69.67151966
     69.71166900
     69.51495856
     69.51495856
     69.60883213
     69.60883213
     69.38684416
     69.38684416
     69.38684416
     69.66516687
     69.57836399
     69.90460594
     69.90460594
     69.88192222
     70.00663865
     70.00425267
     69.95120677
     68.88812801
     68.88812801
     69.55561227
     69.55561227
     69.55561227
     69.55561227
     68.63477496
     68.63477496
     68.63477496
     68.63477496
     68.41128213
     68.41128213
     68.48207227
     69.62343509
     69.69905673
     69.69905673
     69.69905673
     69.73982967
     69.69829444
     69.54935497
     69.29746686
     69.29746686
     69.14845352
     69.14845352
     69.14845352
     69.70724170
     69.70724170
     69.78108468
     69.78108468
     69.78108468
     69.78108468
     69.78108468
     69.78108468
     69.78108468
     69.65908721
     69.65908721
     69.67069772
     69.98159402
     69.85918389
     69.50128844
     69.56177279
     69.56177279
     69.55021426
     69.51748109
     69.56628080
     69.54853053
     69.90600894
     69.79575992
     69.91282814
     68.85266266
     68.85266266
     69.79440101
     69.79440101
     69.79440101
     69.74979528
     69.91148243
     69.91148243
     69.91148243
     69.91148243
     69.14608109
     69.34251645
     69.94947435
     69.94947435
     69.96185073
     69.95283784
     69.96301841
     69.96301841
     69.90838546
     69.90838546
     69.97612087
     69.97612087
     69.96518433
     67.44042091
     67.93973529
     67.93973529
     68.14982460
     69.26633293
     69.35670603
     68.55645978
     68.66860380
     68.54609420
     67.45091783
     67.45091783
     67.50091421
     67.50091421
     67.75912123
     67.75912123
     67.98455169
     67.57651730
     67.57651730
     67.59142651
     67.31293518
     67.31293518
     68.39074509
     67.99493655
     67.98894907
     67.93930783
     67.93930783
     68.32729065
     66.88962847
     67.39168150
     67.39168150
     66.67287952
     68.27593727
     68.27593727
     69.09707336
     69.28891262
     68.66183720
     67.54713146
     67.54713146
     67.54713146
     67.19764542
     67.19764542
     67.62165948
     67.62165948
     69.46624814
     69.46624814
     69.46624814
     69.04029104
     69.04029104
     68.71416894
     69.09171512
     69.56059238
     69.33397678
     69.17505343
     69.66229535
     69.96571696
     69.97888465
     69.97888465
     69.97888465
     69.97888465
     69.97888465
     69.97705616
     70.01831835
     70.01831835
     69.94988485
     69.96740559
     69.96740559
     69.96740559
     69.77611117
     70.00488458
     69.90883839
     69.90883839
     69.67273928
     69.67273928
     69.66500380
     69.66500380
     69.64812933
     69.59270402
     69.94050041
     69.94050041
     69.94050041
     69.95659646
     69.95659646
     69.94714267
     69.51648191
     69.53452722
     69.50066212
     69.66586143
     69.66586143
     69.25537610
     69.25537610
     69.25537610
     69.54491655
     69.49348249
     69.55828479
     69.45023270
     69.54234578
     69.27413342
     69.27492469
     69.13721162
     69.25785401
     67.78813336
     67.78813336
     67.27692305
     66.04459609
     66.04459609
     64.03557786
     65.41544812
     64.80458860
     65.91793932
     64.57316755
     64.57316755
     64.57316755
     64.61146041
     64.61146041
     65.53476934
     67.36959852
     67.79885792
     67.72871023
     66.98939449
     64.70993289
     64.70993289
     64.70993289
     64.72110594
     64.62399664
     65.27883824
     65.27883824
     65.27883824
     65.27883824
     66.81472850
     66.81472850
     66.81472850
     66.81472850
     66.81472850
     67.12977819
     67.12977819
     67.20755621
     67.72379877
     69.05026236
     68.88647349
     68.41146690
     67.33289315
     67.81880083
     67.81880083
     65.75106400
     65.46006861
     66.87589326
     66.87589326
     66.87589326
     64.82665894
     64.82665894
     69.58579166
     69.78130951
     69.87973530
     69.67652330
     69.69871369
     69.04766175
     68.85842387
     69.16376627
     69.16376627
     69.36173944
     69.30087635
     69.29959082
     69.29959082
     69.17810499
     69.17810499
     68.62549138
     68.50456215
     68.55878991
     69.04450871
     68.90327634
     69.12488513
     69.12488513
     69.25707990
     66.54158023
     66.54158023
     68.76408321
     69.25476656
     68.91952841
     68.89690299
     66.37796575
     66.37796575
     66.37796575
     66.79415372
     67.56704264
     67.56704264
     67.56704264
     67.56704264
     67.01560045
     68.39557561
     68.39557561
     68.93449486
     69.36973570
     69.36973570
     69.40858167
     69.40858167
     69.41319390
     69.41319390
     68.20793030
     68.29860273
     68.29860273
     68.56959266
     69.16997686
     69.19738912
     69.53755524
     69.53617922
     68.94800595
     69.00917764
     69.23769555
     69.23769555
     69.23769555
     69.23769555
     69.23769555
     69.07670254
     69.07670254
     69.79328899
     69.80474777
     69.75633156
     69.75983630
     69.75983630
     69.91354835
     69.96696915
     69.93968800
     69.99948327
     69.99948327
     69.99948327
     69.99895746
     69.99895746
     69.93970029
     69.91780987
     69.92010118
     69.72612066
     69.73564209
     69.98309119
     69.98309119
     69.85288584
     69.85288584
     69.90313292
     69.72542450
     69.96691383
     69.89702152
     69.89702152
     69.84617342
     69.84617342
     69.84617342
     69.82697472
     69.84424692
     69.87138897
     69.87138897
     69.35001740
     69.35001740
     69.65876830
     69.65876830
     68.91373571
     69.03039566
     69.03039566
     69.18305804
     69.18305804
     69.20427825
     69.20427825
     69.61128187
     69.32450698
     69.58233793
     69.80341565
     69.80341565
     69.58899530
     69.11616541
     68.76314161
     68.76314161
     68.76314161
     69.15271499
     69.21411981
     69.21411981
     69.30804552
     69.30804552
     69.44648076
     69.44648076
     69.62181222
     69.62181222
     68.94342187
     67.96071272
     67.96071272
     68.70403820
     68.70403820
     68.70403820
     68.70403820
     68.40928544
     67.74948267
     67.08120392
     67.08120392
     68.56416879
     68.63448645
     67.90411622
     67.90411622
     69.20571042
     69.20571042
     69.20571042
     69.25109650
     68.46468583
     68.46468583
     68.66096171
     67.30282997
     68.22109239
     67.96229959
     68.32172963
     68.61285103
     69.01297780
     67.50116407
     66.59562934
     66.73144814
     66.73144814
     66.73144814
     66.98261810
     66.71625114
     66.71625114
     66.71625114
     66.71625114
     67.91344970
     67.91344970
     66.27560333
     66.27560333
     67.54969471
     67.54969471
     67.64911927
     67.24086775
     68.21893899
     68.68588224
     69.23501688
     69.29213981
     69.17951604
     68.86881282
     69.56379677
     69.72014809
     69.78868615
     69.14000928
     69.26819858
     69.60758899
     69.60758899
     69.53051695
     69.89824879
     69.89824879
     69.87328261
     69.89930472
     69.89930472
     70.02042723
     70.02042723
     69.95157133
     69.88181201
     69.86983552
     67.83791777
     67.83791777
     68.03782735
     65.29694140
     65.29694140
     67.17448961
     67.17448961
     67.44075486
     67.44075486
     68.40481537
     68.43264410
     68.36958395
     68.41007748
     68.32332695
     68.32332695
     68.71296787
     68.71296787
     68.82344886
     68.81217336
     67.99254763
     68.17271282
     68.91975081
     68.91975081
     68.54962934
     68.54962934
     68.45488128
     68.93012988
     68.93012988
     68.08179237
     68.08179237
     68.90664869
     69.06203833
     69.12498960
     69.30959121
     69.30959121
     69.30959121
     69.30959121
     68.77281090
     69.26052787
     69.29792358
     69.37313579
     69.01640779
     69.01640779
     69.01640779
     69.01640779
     68.69594567
     68.04611725
     67.41205275
     67.41205275
     67.86107817
     67.80422023
     67.80422023
     69.55985820
     69.55985820
     70.03496248
     69.69616906
     69.69843206
     69.69843206
     69.67877025
     69.01529607
     67.32282236
     67.32282236
     67.32282236
     68.31336600
     68.27323157
     68.27323157
     66.54073373
     67.45358691
     67.45358691
     67.45358691
     67.45358691
     68.87305166
     68.87305166
     68.87305166
     69.51188082
     69.62576635
     69.62856898
     69.49945058
     68.81003811
     68.81003811
     69.19847335
     69.17690061
     68.64302138
     68.28912475
     66.66468948
     66.66468948
     66.66468948
     67.11838657
     66.50372772
     66.50372772
     65.61418587
     66.72942338
     66.72942338
     66.72942338
     66.72942338
     68.09173412
     68.09173412
     68.12232577
     68.12232577
     68.19845738
     67.36830627
     66.62498071
     69.89559325
     69.82790978
     69.82790978
     69.82790978
     69.91168154
     69.96204760
     69.96806606
     69.84716025
     69.84716025
     69.84716025
     69.81086503
     69.81086503
     69.81086503
     69.22517997
     69.20239218
     69.52864666
     68.78682233
     68.78682233
     69.29013085
     69.32529573
     69.31454103
     69.18600319
     69.01242002
     69.01242002
     68.47004268
     68.23056595
     68.80788363
     68.25823544
     65.01637801
     65.01637801
     66.51509062
     66.51509062
     66.51509062
     67.46233489
     68.17383478
     68.17383478
     67.39575834
     69.17494301
     69.17494301
     68.88560483
     68.88560483
     67.23049828
     68.70061156
     69.21047956
     69.10395945
     69.30150307
     69.30150307
     69.30150307
     69.05456366
     69.47737087
     69.62525064
     69.64826922
     69.20597904
     69.01280006
     69.02393182
     69.02393182
     68.83079850
     69.63153430
     69.43289080
     69.43289080
     69.48490915
     69.48490915
     69.50074988
     69.38817240
     68.96872055
     68.62505541
     68.64273775
     67.27368350
     68.62218791
     68.14697332
     69.04370035
     68.64785840
     69.18916726
     69.18916726
     69.06272800
     69.01840464
     69.01840464
     69.01840464
     69.08636114
     69.45601135
     69.10053386
     69.10053386
     69.39695883
     69.33837143
     68.96082327
     68.79433115
     69.26101013
     69.21974660
     68.65264923
     68.65264923
     68.67371305
     69.49736959
     69.49736959
     69.65210810
     69.65210810
     69.45394645
     68.68554875
     67.45267889
     67.93448506
     67.93448506
     70.03018261
     69.03357770
     69.75765623
     69.75765623
     69.76854791
     69.69515430
     69.44975422
     69.44975422
     69.46487641
     69.04934706
     68.38412665
     69.06238064
     69.15858178
     69.45871121
     69.81468945
     69.81468945
     69.81468945
     69.80588618
     69.80588618
     69.80588618
     69.80588618
     69.55371220
     69.55371220
     69.46113799
     69.06594242
     69.18317921
     69.18317921
     69.30945847
     69.56479835
     69.26890537
     69.66966665
     69.94880576
     69.99811137
     69.91154226
     69.91154226
     69.74469822
     69.59262037
     69.43206623
     69.24192299
     69.09997176
     68.94924261
     68.48884526
     69.65631887
     69.60994983
     69.59647355
     69.52572928
     69.52572928
     69.80191237
     69.09183586
     69.09183586
     69.25524153
     68.76473834
     68.32220939
     68.57451749
     68.56371709
     68.68140079
     69.23871403
     69.17722049
     69.17722049
     69.17722049
     69.31959112
     69.46788723
     69.11420718
     69.42649882
     68.78739458
     68.49371768
     68.64836184
     68.64836184
     68.64037745
     68.61585918
     68.78225710
     69.39531885
     69.47369337
     69.45386983
     69.49987129
     69.49987129
     69.73791069
     69.96598463
     69.96598463
     69.97860570
     69.98244299
     69.24255408
     69.24255408
     69.63427050
     69.56210216
     69.56210216
     69.13174456
     69.55005241
     69.95142909
     69.89273498
     69.89273498
     69.58693311
     69.58693311
     69.58693311
     69.43184069
     69.43184069
     69.45091460
     69.59776114
     69.59776114
     69.03509342
     69.40508747
     69.20699969
     69.33401129
     69.31484392
     69.31909886
     69.44277288
     69.57741738
     69.57741738
     69.57741738
     69.46887235
     69.02147455
     69.04821055
     69.04821055
     69.89118172
     69.93280230
     69.93280230
     69.99133651
     69.99133651
     69.38702163
     69.51162300
     69.51162300
     69.51162300
     68.62701480
     67.88196551
     68.35745733
     68.35745733
     68.64169598
     68.55750289
     68.32131344
     68.17611930
     67.44254646
     67.44254646
     67.44254646
     67.44254646
     67.44254646
     67.44254646
     67.44254646
     67.44254646
     69.12648867
     69.20087010
     70.03408161
     70.03408161
     70.03408161
     70.02459798
     70.02419503
     70.02419503
     69.99001482
     69.99404767
     69.99233851
     69.99233851
     69.16388923
     68.96361736
     68.96361736
     68.96361736
     68.99614612
     68.99614612
     69.12390583
     69.29884982
     69.23579393
     68.73900343
     68.84303609
     68.84303609
     69.04926389
     69.04926389
     69.10523828
     69.15622262
     68.80983257
     68.82238001
     68.82238001
     68.72433430
     68.02644900
     68.02644900
     67.27758828
     67.58389132
     68.25639823
     68.86741171
     68.61397822
     68.61362150
     68.61362150
     69.50141592
     69.52785615
     68.85579214
     69.25373189
     69.25098838
     69.25098838
     69.53172048
     69.85931577
     69.87704916
     69.95976635
     69.93650059
     69.94679851
     69.94679851
     69.94320633
     69.76593264
     69.76593264
     69.94645218
     69.56505894
     69.48395958
     69.48395958
     69.26764272
     67.91574237
     67.91574237
     67.89565177
     67.88877219
     67.88877219
     67.88877219
     67.88877219
     67.39711778
     67.97368998
     68.14237188
     68.14237188
     68.40095158
     69.23451996
     68.64856786
     69.17436239
     69.17436239
     68.41515599
     68.46451640
     67.68716762
     67.68716762
     67.27381972
     68.73312162
     68.73312162
     68.73312162
     68.73312162
     68.99920033
     69.09176256
     69.09176256
     68.75312153
     68.75312153
     68.71747594
     68.49566899
     67.82800526
     67.01123792
     67.40871704
     64.96665001
     64.65823699
     64.57047800
     64.57047800
     64.57047800
     66.44805413
     66.45122287
     65.82473583
     65.15262811
     65.15262811
     64.86657485
     64.32649714
     64.32649714
     63.34880952
     61.19720653
     68.20480570
     66.86146989
     68.78185308
     69.42549285
     69.34616534
     69.52435523
     69.82725051
     69.82725051
     69.95053826
     69.95053826
     69.96674891
     69.93771087
     69.93771087
     69.99150329
     69.99150329
     69.99019244
     69.99019244
     69.93312213
     69.89690567
     69.89690567
     69.89690567
     69.78502351
     69.78502351
     69.78502351
     69.85773456
     69.80550529
     69.80550529
     68.93567846
     68.93567846
     68.93567846
     68.93567846
     69.25176361
     69.25176361
     69.02810795
     69.83579952
     69.63535294
     69.70839435
     69.70839435
     69.70839435
     69.70839435
     69.70839435
     69.70839435
     69.70839435
     69.70839435
     69.70839435
     69.84556117
     69.77945611
     69.77945611
     69.77945611
     69.71520997
     69.49379040
     69.46579882
     69.46579882
     69.52601737
     69.61450985
     69.56309376
     69.51093743
     69.51093743
     69.50510550
     69.26378294
     69.23200503
     69.20502285
     69.20502285
     68.72701277
     69.48620675
     69.48620675
     69.77312305
     69.77405789
     69.65749696
     69.79932041
     69.89268848
     69.60854912
     69.80893459
     69.80893459
     69.80893459
     69.61445795
     69.61445795
     69.61445795
     69.61450854
     69.61450854
     69.61450854
     69.10689343
     68.56561426
     69.49596787
     68.86846367
     68.98635030
     69.55843137
     69.53777163
     69.57445922
     69.55341494
     69.55341494
     69.61913504
     69.60323058
     69.60323058
     69.60323058
     69.65088613
     69.90814934
     69.83845522
     69.85983902
     69.85983902
     67.78724140
     67.78724140
     67.78724140
     67.78724140
     67.78261975
     67.91692264
     67.91692264
     67.91692264
     68.22623578
     67.86689693
     67.40159097
     67.40159097
     67.40159097
     67.40159097
     67.40159097
     68.13735359
     68.13735359
     68.13735359
     69.02798133
     69.20080990
     69.20080990
     70.01325506
     70.01325506
     70.01624939
     70.02620662
     70.01865668
     70.03419334
     70.03419334
     69.94214157
     69.94214157
     69.96085522
     69.96085522
     69.96085522
     69.95566299
     69.95566299
     69.95566299
     69.88529846
     69.91782186
     69.85205158
     69.97845371
     69.70280009
     69.74954099
     69.47165697
     69.13323507
     69.13323507
     68.95521360
     68.80331906
     67.45078239
     67.45078239
     66.74049285
     69.68330521
     69.88091427
     69.96922573
     69.96922573
     69.97911627
     69.97911627
     69.97911627
     69.97911627
     69.66711966
     69.66711966
     69.96373571
     69.96373571
     69.95028493
     68.97434491
     69.16672925
     68.61462402
     68.55239481
     68.55239481
     67.65010385
     68.46031489
     68.68028205
     68.68028205
     69.21881675
     69.49755036
     68.44801172
     69.16036335
     69.18369939
     69.18369939
     69.44497201
     69.03306222
     69.03306222
     69.41371063
     69.15404119
     69.15404119
     69.15404119
     68.84847270
     68.84847270
     68.86276683
     68.91038699
     68.98298247
     69.36192037
     69.49223312
     69.49223312
     69.61886117
     69.47105147
     69.25346158
     69.62849219
     69.70744618
     69.79029426
     69.77072605
     63.85153457
     65.89066134
     66.68591176
     67.41590723
     67.41590723
     67.41590723
     67.36572812
     67.42238158
     67.65014810
     67.65014810
     67.65014810
     67.62004692
     66.64726848
     66.86753409
     66.86753409
     66.85219727
     65.37727654
     65.37727654
     67.53563829
     68.11796733
     68.11796733
     66.01190035
     68.41979578
     68.41979578
     68.05861653
     68.43406834
     69.33643848
     69.32018721
     69.32018721
     69.18333254
     69.21115885
     69.51794668
     69.66410798
     69.61949453
     69.52055033
     69.53163107
     69.62221984
     69.24965681
     69.32214743
     69.42992122
     69.39091265
     68.78608473
     69.06173768
     69.64774832
     69.50470700
     69.28703038
     69.85230328
     69.85230328
     69.80614398
     69.80614398
     67.26313829
     68.45792478
     68.45792478
     68.51336257
     69.32205034
     69.82166537
     69.53936761
     69.44787531
     69.45253607
     68.93112099
     68.93112099
     68.89533471
     67.41881622
     68.08039372
     68.07010150
     68.07010150
     65.89585961
     65.89585961
     67.92686332
     68.49602940
     69.01401216
     69.01401216
     69.01401216
     69.00745365
     69.00745365
     69.44451374
     69.34337722
     69.33341512
     69.39843684
     69.39843684
     69.36616478
     69.67988922
     69.68702984
     69.82143495
     69.82398668
     69.73352494
     69.95004203
     69.98561195
     68.93805326
     68.93805326
     68.93805326
     68.93805326
     69.27076827
     69.27076827
     68.12216947
     68.63375409
     68.91292396
     68.35133264
     68.96486052
     68.68958405
     68.67289907
     68.04808571
     67.59444148
     68.16546457
     68.38888425
     68.61541520
     69.69217616
     69.15663801
     68.57310922
     68.57310922
     68.56909766
     68.79142720
     68.72638328
     68.63234481
     68.78278705
     69.03420678
     69.03420678
     69.03420678
     69.03420678
     69.03420678
     68.74155546
     68.02649892
     67.54771764
     67.54771764
     68.01871809
     68.50341803
     68.50341803
     68.42396723
     68.43029540
     69.43141892
     68.78178259
     69.23038510
     69.19493423
     69.16123344
     69.07396955
     69.07396955
     68.95068283
     69.02149961
     68.84597212
     69.33490035
     69.33490035
     69.34454124
     69.50125237
     68.37632418
     69.29439546
     69.29439546
     69.02292359
     69.20347993
     69.22881064
     69.51931744
     69.49495836
     69.49495836
     69.49495836
     69.49495836
     69.49495836
     69.95664117
     69.95664117
     69.89459985
     69.89459985
     69.89459985
     69.89459985
     69.89459985
     69.97121522
     69.97121522
     69.97884398
     69.65455526
     69.96989969
     69.87920655
     69.88553601
     69.89075932
     69.94582401
     69.94224133
     69.93737196
     69.93737196
     69.93737196
     69.78393506
     69.66509413
     69.76843605
     69.66170539
     69.66170539
     69.65352525
     69.57113279
     69.84499549
     69.97326072
     69.97326072
     69.78884379
     69.71813286
     69.96209615
     69.71495470
     69.71495470
     69.75197614
     69.88209409
     69.88406982
     69.74201339
     69.75273359
     69.69733167
     69.85907356
     69.81969889
     69.81969889
     69.78915677
     67.71356988
     67.97362909
     67.97362909
     68.81582207
     68.81582207
     68.58771466
     68.58771466
     68.99695883
     68.99695883
     69.42859983
     68.50340993
     68.50340993
     69.32083379
     69.47604538
     69.42389709
     69.42389709
     69.38444916
     69.21927092
     69.32308691
     69.32308691
     68.94625631
     69.32931196
     69.44918176
     69.43021090
     69.54090582
     69.49193369
     69.54135100
     69.54135100
     69.54062319
     69.36124566
     69.36124566
     68.77317986
     69.26569298
     69.27048429
     69.27048429
     69.30147020
     69.22569755
     69.13671186
     68.91754201
     68.82500205
     68.50201600
     68.74327990
     68.83165656
     69.52893007
     69.65360624
     69.65360624
     69.19679507
     68.89756590
     68.98975275
     69.74028054
     69.61810864
     69.56985949
     69.56985949
     68.75313138
     68.75313138
     68.75313138
     68.00553146
     69.23242810
     69.34497909
     69.34578268
     69.53759646
     69.30370172
     69.30370172
     69.30370172
     69.83943132
     69.81394211
     69.81394211
     69.77485007
     69.99675281
     69.99675281
     69.85210562
     69.45148195
     68.30616670
     68.67817097
     68.67817097
     68.86405992
     68.86405992
     66.99253070
     68.77085280
     68.60639265
     68.60639265
     68.65159205
     68.65159205
     68.55797277
     69.00636641
     69.00636641
     69.28118899
     69.68930578
     69.23751455
     68.77287058
     68.77287058
     68.17966676
     67.76809702
     67.76809702
     67.76809702
     65.68030816
     65.68030816
     65.68030816
     65.68030816
     67.31419601
     69.25034276
     69.25034276
     69.59039781
     69.52021955
     69.58455704
     69.58455704
     68.72843178
     69.38253849
     69.38253849
     69.45667242
     69.40117069
     69.27495485
     68.71652214
     68.63980711
     68.63980711
     68.39777263
     68.99290586
     68.46371773
     69.00268903
     69.45835761
     69.75424051
     68.74144215
     67.75147553
     67.91753340
     67.41257558
     67.41257558
     67.16557797
     68.21161150
     68.18350101
     68.01197846
     69.77337662
     69.77337662
     69.77337662
     69.37272715
     69.59980191
     69.48538959
     69.29933352
     69.29933352
     69.69540059
     69.69540059
     69.77840931
     69.77840931
     69.78446757
     69.90664169
     69.89335177
     69.82917562
     69.63770046
     69.66098271
     69.57015696
     69.38228958
     67.99060826
     67.35882060
     68.70421880
     68.74475281
     68.74475281
     68.71566229
     68.71861748
     69.46339951
     69.49428941
     69.40184413
     69.51389807
     69.42397259
     69.42397259
     69.33670836
     69.33670836
     69.71936940
     69.71936940
     69.78196809
     69.44546642
     69.44546642
     69.44546642
     69.37033215
     69.37033215
     69.59861676
     69.61282682
     69.47443043
     69.63359279
     69.67885238
     69.29235603
     69.29782775
     69.47596355
     67.84538906
     67.57237974
     67.57237974
     68.72843564
     67.92152682
     68.50412287
     68.50412287
     68.13125761
     68.23408728
     69.67633708
     69.56433583
     69.60220455
     69.60419158
     69.62432833
     69.62432833
     69.62432833
     69.48765207
     69.48765207
     69.47092383
     69.26952300
     69.26952300
     68.24359532
     68.47421860
     68.42334170
     68.75163298
     68.75163298
     68.95075577
     69.62548532
     69.18036190
     69.31031575
     69.31031575
     68.95074788
     68.95074788
     68.95074788
     68.98179126
     68.94043040
     68.94043040
     68.50972907
     68.37931342
     68.59394295
     67.31545679
     67.04834285
     67.58328738
     67.58328738
     68.62000308
     69.20135948
     69.17667318
     68.55521058
     68.64473706
     68.19333581
     67.67892833
     68.80610070
     68.90504554
     68.87209991
     68.57937694
     68.04200009
     68.04200009
     68.52474332
     68.77633496
     68.98043941
     68.33948553
     69.14975886
     69.79461851
     69.79461851
     69.59110962
     69.65883087
     69.44944808
     69.56164079
     69.60530080
     68.48047061
     68.55122366
     68.27491860
     68.11320498
     67.90829127
     67.90829127
     68.35701965
     68.35701965
     66.51964312
     66.51964312
     67.24506963
     67.24506963
     66.28981411
     66.28981411
     67.59985829
     67.75731589
     68.20124456
     68.12646568
     67.83865922
     67.83865922
     68.50962111
     68.78842129
     68.74180462
     68.12294667
     68.58370575
     68.04428605
     66.60448267
     66.78677448
     68.94603319
     68.94603319
     69.01872934
     69.03101871
     68.87174428
     68.80618432
     66.90475810
     67.44115386
     67.41899742
     67.41899742
     68.76817284
     68.76817284
     68.76817284
     68.41074235
     68.10331062
     68.52034561
     68.58831446
     67.62073349
     67.92084362
     68.12903396
     68.12903396
     68.12903396
     66.63896781
     65.90543296
     67.88202210
     67.88202210
     67.64963835
     67.09320519
     67.09320519
     69.12990025
     68.78511627
     68.47841846
     68.24959835
     68.24959835
     69.10952150
     68.72941911
     69.12756549
     66.36835105
     66.36835105
     66.85164091
     66.85164091
     66.85164091
     67.07311735
     65.81736922
     65.81736922
     65.81736922
     66.90840078
     66.90840078
     68.19353749
     68.19353749
     68.19353749
     68.98983203
     68.98983203
     68.98983203
     69.44029399
     69.36568886
     68.96108602
     69.05041833
     69.52750850
     68.97761394
     68.24242955
     69.48595956
     69.90885664
     69.90212343
     69.90212343
     69.87978592
     69.83850582
     69.78951850
     69.78951850
     69.78016183
     69.78016183
     69.85399401
     68.35937216
     67.95981664
     67.95981664
     68.28567426
     68.28567426
     68.28567426
     68.56949047
     68.56949047
     68.75859482
     68.75859482
     69.12395940
     69.60602030
     69.27768369
     69.20609337
     69.60326716
     69.21057067
     69.21057067
     69.08434444
     68.75275442
     68.75275442
     68.75275442
     68.54017896
     68.54017896
     68.54017896
     68.54017896
     68.54017896
     68.54017896
     68.54017896
     68.95167489
     69.96037823
     69.96037823
     69.96037823
     69.96037823
     70.02889500
     70.00926029
     70.00926029
     69.84869129
     69.84869129
     69.83755438
     69.84813521
     69.69825227
     69.73351502
     69.79843274
     69.81011319
     69.90191902
     69.90191902
     69.90191902
     69.90191902
     69.85189591
     69.81242098
     69.95155464
     70.03209887
     69.91574658
     67.61823930
     67.61823930
     69.79714122
     69.79312519
     69.66299076
     69.53342230
     69.54161284
     69.55192573
     69.53667868
     69.28106771
     68.92197595
     69.12321400
     69.23063561
     69.11805522
     68.05707675
     68.79635530
     68.74398599
     69.63215718
     69.63215718
     69.66242888
     69.64412239
     69.28337136
     69.04423595
     69.06568046
     69.06568046
     69.08713114
     69.08713114
     69.51708552
     69.51708552
     68.31363593
     67.91812248
     67.10589931
     67.50285358
     67.61342589
     67.61342589
     67.61342589
     67.61342589
     67.61342589
     67.61342589
     67.61342589
     67.61342589
     67.61342589
     68.37606137
     69.97053587
     69.82540470
     69.82540470
     69.89913106
     69.38855544
     69.61094090
     69.64073435
     69.64073435
     69.61030301
     69.61030301
     69.74562096
     69.64324323
     69.59452477
     69.70822969
     69.70822969
     69.68166846
     69.68166846
     69.51394790
     69.51394790
     69.51352633
     68.95989056
     68.95989056
     68.95989056
     68.95989056
     68.95989056
     68.95989056
     69.09557224
     69.38531042
     69.38531042
     69.38319094
     69.38319094
     69.36720379
     69.45202111
     69.45202111
     69.44172649
     69.44172649
     69.44172649
     69.71806630
     69.71806630
     69.32354820
     69.93767190
     69.90813464
     69.90213883
     69.98453342
     70.02335988
     70.02335988
     69.73086303
     69.36601545
     69.40491454
     69.40491454
     69.44035824
     69.44035824
     69.44035824
     69.44035824
     66.49950983
     66.49950983
     66.49950983
     66.49950983
     66.87235135
     66.53564851
     66.53564851
     64.61063032
     64.61063032
     65.61531912
     65.61531912
     67.20270421
     67.20270421
     68.25374750
     68.34521787
     68.33270709
     68.99679615
     68.99679615
     68.73131135
     68.61569708
     68.51679964
     68.51679964
     68.68235856
     68.59002344
     68.59002344
     68.59002344
     68.59002344
     68.16754615
     68.16754615
     68.16754615
     68.73660394
     68.73660394
     69.39802284
     69.71215196
     69.80204097
     69.48986652
     69.23150484
     69.23150484
     69.19776464
     69.00401160
     69.00401160
     69.35568349
     69.43005803
     69.24401629
     69.24401629
     69.46361059
     69.52565675
     69.50275486
     69.52979670
     69.35275520
     69.24057366
     69.21468418
     69.09510497
     69.11008732
     69.29535635
     69.43496899
     69.43496899
     68.87920967
     68.87920967
     68.84514698
     68.88974731
     68.41315064
     67.81563509
     67.54368247
     67.54368247
     67.97669474
     66.86808787
     68.36182502
     67.74672111
     66.03473987
     66.03473987
     66.03473987
     66.47512819
     66.47512819
     66.47512819
     66.83060490
     66.62392202
     66.62392202
     67.86054639
     67.86054639
     67.86054639
     67.86054639
     67.86054639
     67.86054639
     66.64870058
     66.33679536
     67.28027413
     68.53610355
     68.31187681
     67.20352227
     67.17224019
     66.86532253
     66.07913511
     66.07913511
     66.13808894
     66.80745861
     64.86251514
     67.35808930
     67.62790598
     68.25326202
     66.97186652
     66.97186652
     67.88755157
     68.63521872
     68.36747399
     68.36747399
     68.36747399
     68.36747399
     68.83019930
     68.41343058
     68.41343058
     67.69876610
     66.08349801
     66.08349801
     66.08349801
     66.08349801
     66.08349801
     66.08349801
     67.28164058
     67.28164058
     69.55297868
     69.60032856
     69.36490893
     69.09558604
     69.44686329
     69.44686329
     69.42939446
     68.72445709
     68.72445709
     69.05891878
     69.05891878
     69.49392777
     69.49392777
     69.54669512
     69.49611200
     69.45647720
     69.10486417
     69.06645301
     68.83362197
     69.39449843
     69.26181969
     69.05456389
     69.53697926
     69.53697926
     69.85684996
     69.80883089
     69.80883089
     69.80883089
     69.80883089
     69.92801586
     69.73107298
     69.58849170
     69.31341149
     68.78967343
     68.46678726
     68.46678726
     68.82998075
     69.13448646
     69.31543370
     68.23088223
     68.20742354
     68.17710622
     68.17710622
     68.05258753
     69.04212632
     69.26603395
     69.33114970
     69.58978206
     69.69200722
     69.74367376
     69.74367376
     69.74367376
     69.74367376
     69.74020947
     69.64769842
     68.43231202
     68.43231202
     68.43231202
     67.79315407
     68.15717986
     68.15717986
     68.15717986
     69.07927649
     69.03537829
     69.12211858
     68.95632200
     69.34175633
     69.73372248
     69.75580793
     69.74890852
     69.61354611
     69.68854089
     69.91598571
     69.99273558
     69.99273558
     69.86220250
     69.86220250
     69.86719921
     69.91093746
     69.91093746
     68.63669521
     68.63669521
     68.69984764
     68.21705007
     67.65667666
     67.65667666
     67.87962599
     67.83523894
     67.83523894
     67.83523894
     68.56443353
     68.56443353
     68.56443353
     68.71778637
     68.71778637
     68.71778637
     69.22183941
     69.14720900
     69.14720900
     69.14720900
     69.14720900
     69.14720900
     68.97045955
     68.96705608
     69.58491614
     69.67551808
     69.67551808
     69.63784461
     69.63784461
     69.63784461
     69.64117270
     69.69217713
     69.69217713
     69.72242257
     69.74293977
     69.76541100
     69.95789794
     69.99276613
     69.59856077
     69.59856077
     69.64246031
     69.79336089
     69.77345532
     69.79567919
     69.61552142
     69.66653018
     69.50915844
     69.50915844
     69.87972745
     69.87912961
     69.94211029
     69.92977619
     69.92977619
     69.97871486
     69.97871486
     69.98503861
     70.00574528
     70.00574528
     70.00231487
     70.00231487
     69.88896443
     69.71380123
     69.86625997
     69.81005580
     69.91188721
     69.95048995
     69.85050274
     69.85050274
     69.90685820
     69.87361688
     69.85927744
     69.85881156
     69.71987791
     69.74235164
     69.99081613
     69.96355389
     69.96355389
     69.96355389
     69.83383942
     69.59619951
     69.59619951
     69.72998197
     68.87616708
     68.87616708
     69.25385150
     69.39489850
     69.15825797
     69.01499750
     67.84866431
     67.84866431
     69.12034124
     69.60187566
     69.53500510
     69.28701208
     69.28701208
     69.28701208
     69.43827002
     69.74204946
     69.72433569
     69.82124456
     68.62143408
     68.62143408
     68.34376858
     68.10875755
     68.10875755
     69.05751899
     69.22169897
     69.22169897
     69.22169897
     69.22169897
     69.22169897
     69.23357238
     69.16272682
     68.26241191
     67.83188649
     68.14339745
     69.28197108
     69.38774275
     69.23701539
     68.47326964
     68.48545182
     68.91671955
     68.91671955
     68.02137233
     68.02137233
     68.42391656
     68.54071391
     68.54071391
     69.22505217
     69.37653283
     69.37653283
     69.31268920
     69.08874097
     69.04331956
     69.70391078
     68.90800334
     68.90800334
     68.98352559
     68.98352559
     68.98352559
     68.98352559
     69.43984654
     69.60080908
     69.60080908
     69.60080908
     69.60080908
     69.62707364
     69.62707364
     69.62707364
     69.62707364
     65.85015144
     64.04110140
     64.04110140
     65.80235278
     65.80235278
     67.75735351
     67.75735351
     67.75735351
     66.96103972
     68.51633760
     68.66061791
     68.66061791
     67.58629799
     67.58477526
     67.61376323
     68.06505420
     69.09046077
     68.12827441
     68.86311887
     69.25433169
     69.34191425
     69.33556915
     69.28003777
     69.23084987
     69.27427646
     69.61234301
     69.44305027
     69.55316770
     68.95887131
     68.94441386
     69.20388740
     69.20388740
     69.32690822
     69.32927563
     69.32927563
     69.48728736
     69.58511144
     69.53271646
     69.76918650
     69.77970379
     69.02279823
     69.02279823
     69.02279823
     69.02279823
     69.10131039
     69.10131039
     68.81303017
     68.81303017
     68.81303017
     68.81303017
