     75.67933315
     75.67933315
     75.67933315
     75.62230888
     75.62230888
     75.94831116
     75.93579698
     75.06138265
     75.65911003
     75.65911003
     76.13185858
     76.30513016
     76.13576519
     76.19894352
     76.23584504
     76.23584504
     76.23584504
     76.22718885
     76.25062598
     76.17412753
     75.41150062
     74.78198599
     74.78198599
     74.78198599
     73.88517919
     73.88517919
     75.45116903
     75.45921377
     76.04144271
     76.24941298
     76.24890689
     76.24890689
     75.04963536
     74.23363952
     73.50752806
     74.29600120
     74.30982639
     72.24775981
     72.24775981
     72.24775981
     74.19115925
     74.19115925
     75.80708603
     75.57244468
     75.64139197
     75.55107830
     75.55107830
     75.66039600
     75.66039600
     75.70578037
     76.11227595
     76.11320435
     76.20385306
     75.13144227
     75.85759185
     75.81134816
     75.81134816
     75.81134816
     75.76667322
     75.32446005
     75.32446005
     76.01453338
     76.01453338
     74.50314099
     74.83757395
     74.59125079
     74.59125079
     74.56856806
     74.56856806
     74.56856806
     74.56856806
     74.65418490
     74.92531963
     75.25799021
     75.25799021
     75.51792327
     75.51792327
     75.04469888
     75.12077253
     75.32275522
     75.32275522
     75.70418851
     75.70418851
     75.76896902
     75.19846677
     73.64871714
     75.48946380
     75.48946380
     75.39193459
     75.25127423
     76.00421831
     76.16345989
     76.41346323
     76.51377660
     76.51507034
     76.51361840
     76.01547812
     76.02458843
     76.01892571
     76.26000327
     75.54108477
     75.68234421
     75.81283726
     75.81283726
     75.81283726
     74.18946932
     72.45238239
     75.36547534
     75.76645846
     74.55121840
     74.94235211
     73.99506291
     74.46351441
     75.31417460
     74.89361132
     74.66281180
     74.43161813
     74.43161813
     74.43161813
     75.68716521
     74.87336067
     74.87336067
     74.87336067
     75.53735969
     76.19202453
     76.17152696
     76.55655447
     76.50163863
     76.50163863
     76.41339932
     76.30056144
     76.36464133
     75.90559713
     76.14799048
     76.14799048
     76.51326378
     76.53078179
     75.56629545
     75.86840324
     76.33475450
     76.08615577
     76.52017348
     76.52017348
     76.51912169
     76.36351079
     76.21404521
     76.20395260
     76.28252092
     76.34429127
     76.43401369
     75.98933123
     75.98933123
     75.98933123
     75.98933123
     76.40269902
     76.40269902
     76.40269902
     76.40269902
     76.40269902
     76.18286522
     75.97142047
     75.47723146
     72.12855547
     72.12855547
     72.12855547
     73.19754980
     73.19754980
     73.25956744
     74.40698723
     75.33074362
     75.32970801
     75.32970801
     76.04261478
     76.24844050
     76.24844050
     75.92833822
     75.92833822
     75.92833822
     75.53971391
     75.71646417
     75.71209012
     75.94335469
     75.93430550
     75.93430550
     76.17059591
     75.34073310
     75.72348393
     76.16035377
     75.52035461
     75.55782716
     75.53875903
     75.43911793
     75.43911793
     75.29931803
     75.29149466
     75.29149466
     75.29864094
     76.41701729
     74.42937092
     74.42937092
     76.58831168
     76.58831168
     76.53912390
     76.53912390
     76.56850113
     76.56850113
     76.00188358
     76.00188358
     76.00188358
     76.00188358
     76.00188358
     76.00188358
     76.00188358
     76.00188358
     76.17638984
     76.17638984
     76.17638984
     75.98398160
     75.98398160
     75.92629424
     75.80043635
     75.80043635
     76.44311206
     76.44311206
     76.40503840
     76.31214645
     76.17914579
     76.40099415
     75.97389129
     75.69128717
     75.63546217
     75.69749707
     75.69749707
     75.08734195
     75.08734195
     75.49138616
     75.02167442
     75.99841806
     76.05315801
     76.17881275
     76.20984653
     75.95001739
     75.60809027
     75.60809027
     75.60809027
     75.60809027
     75.92512731
     76.17675669
     76.19988911
     76.45912482
     73.83616859
     73.83616859
     73.00595952
     73.54249993
     73.73364829
     73.73364829
     73.74764623
     74.23315650
     74.23315650
     74.23315650
     73.75699592
     75.08384189
     74.46218767
     74.46218767
     74.46218767
     75.72849843
     75.72849843
     75.72849843
     75.57009225
     75.57009225
     75.57009225
     75.20218810
     76.11523117
     76.09134445
     75.99678488
     74.68627617
     74.03990471
     74.78563496
     74.57914920
     74.43164007
     75.15109742
     75.39837520
     75.39837520
     76.19734113
     76.35763599
     76.13463545
     76.13256380
     76.13256380
     76.25000422
     76.14266582
     76.61637546
     76.57870745
     76.57870745
     76.60481114
     76.29360396
     76.51928400
     76.51928400
     76.54025717
     76.37630179
     76.22458102
     76.29491023
     76.33300618
     76.38342427
     76.51923844
     76.60698743
     76.57917217
     76.53097385
     76.53186085
     76.52276369
     76.52276369
     76.52589603
     76.41583865
     76.34116879
     76.46065538
     76.46065538
     76.46065538
     76.46065538
     76.46065538
     76.11041282
     76.41259708
     76.41259708
     76.41259708
     76.42380590
     76.33664304
     76.33664304
     76.26252360
     76.26252360
     76.26893828
     76.57773449
     76.54148929
     76.54148929
     76.60053694
     76.60053694
     75.57866337
     76.24431632
     76.24431632
     76.28964637
     76.17951011
     75.65939014
     75.34484376
     75.34484376
     75.83741309
     76.22278925
     76.15879278
     76.15879278
     76.04946645
     75.58113575
     75.58113575
     74.36527352
     74.36527352
     76.54272890
     75.92438618
     76.15042844
     76.15042844
     76.15446485
     76.15446485
     76.14304338
     76.42700714
     76.42700714
     76.53645417
     76.47807224
     76.55011091
     76.53973107
     76.53973107
     76.53973107
     76.53973107
     76.58887560
     76.58887560
     76.58887560
     76.58887560
     76.58887560
     76.58887560
     76.58887560
     76.58214884
     76.60463631
     76.56068296
     76.26956924
     76.25422204
     75.20064019
     75.20064019
     75.03462446
     75.73755558
     76.27069674
     76.33155716
     76.30768409
     76.23621892
     76.03216172
     76.03216172
     75.93571695
     76.00437510
     75.93262971
     75.67773875
     75.67773875
     75.67773875
     74.95943130
     74.95943130
     74.97745704
     75.88150148
     75.75413605
     76.38040342
     76.14877069
     76.15887551
     76.15887551
     76.12870445
     75.88655389
     76.33068080
     76.31012168
     75.21297407
     75.14051572
     75.14051572
     76.04279124
     76.04279124
     76.04279124
     75.82077594
     75.17911675
     75.17911675
     76.20378576
     76.22429929
     75.79015822
     75.64359200
     75.64359200
     75.96615581
     75.96615581
     75.98203703
     75.68876159
     75.68876159
     75.68876159
     75.63033664
     75.63033664
     75.58091015
     75.69030858
     73.63560825
     75.31646006
     74.66393936
     74.66393936
     74.66393936
     74.55716336
     74.34857754
     74.50908955
     74.50908955
     74.50908955
     74.79200904
     75.26845828
     74.93291501
     74.93291501
     75.10531676
     74.57697040
     74.57697040
     75.20520666
     75.49209588
     76.61444953
     76.60389843
     76.60389843
     76.59431965
     76.62506890
     76.62506890
     76.62506890
     76.62501121
     76.63383931
     76.63383931
     76.63383931
     76.63452039
     76.63015370
     76.63015370
     76.63613915
     76.63613915
     76.61773047
     76.61773047
     76.61773047
     76.61773047
     76.61773047
     76.63335205
     76.63335205
     76.61318803
     76.59128831
     76.59128831
     76.43958178
     76.43958178
     76.57362388
     76.57362388
     76.54550972
     76.55445647
     76.41804091
     76.23637573
     76.13895313
     75.87868612
     75.58088416
     74.63404801
     74.63404801
     75.66779281
     76.10278852
     76.02335655
     75.99994827
     75.98314910
     76.62792582
     76.56112157
     76.60663751
     76.60663751
     76.60663751
     76.59358462
     75.38702223
     75.25416223
     76.27274407
     76.27274407
     76.21178363
     76.21178363
     76.21178363
     76.21178363
     76.18801521
     76.18801521
     76.13712848
     75.73768718
     75.65506340
     75.41457740
     75.41457740
     75.43617986
     75.47311784
     75.85869833
     75.34509951
     76.38160702
     76.33110659
     75.87088231
     75.87088231
     76.33380531
     76.33380531
     76.53588434
     76.53588434
     76.39701084
     76.34107408
     76.59911166
     76.59911166
     76.59911166
     76.31922491
     76.31922491
     76.25197743
     76.23274974
     75.79494382
     75.66416441
     75.58173141
     75.50325870
     75.54362508
     75.72053054
     75.51265326
     75.51265326
     75.42486648
     76.14226366
     76.15569806
     76.13460419
     76.13460419
     75.83648808
     76.57724859
     76.57724859
     76.57724859
     76.51979396
     76.54504729
     76.54643461
     76.56586081
     76.61954715
     76.62017275
     76.15239476
     76.12437335
     74.99618730
     75.01079089
     74.09330691
     73.98301377
     74.11952171
     73.14411922
     71.95652866
     72.67430610
     73.51599234
     73.51599234
     73.60691369
     73.60691369
     75.39210399
     76.13084284
     76.50837171
     76.50837171
     76.29335908
     76.48612144
     76.48612144
     76.51074191
     76.46614406
     76.47321179
     76.55054886
     76.57485930
     76.57485930
     76.57485930
     76.57485930
     76.57485930
     76.48811704
     76.43733225
     76.43733225
     76.43733225
     76.62711360
     76.51989573
     76.51989573
     76.29776372
     76.31361375
     76.31361375
     76.31361375
     72.48396074
     72.36505412
     73.46178608
     73.46178608
     74.30793511
     74.30793511
     75.55727381
     76.14348494
     76.21541480
     76.21541480
     76.21541480
     76.38173161
     76.57137449
     76.57639734
     76.58573089
     76.35017220
     76.19524388
     76.19524388
     76.19524388
     76.19524388
     75.95342299
     75.67749863
     75.59953687
     75.59953687
     75.96307756
     76.53798856
     76.47125421
     76.56745598
     76.07497599
     75.97678548
     75.09017193
     75.09017193
     75.94288961
     76.59424439
     76.63532923
     76.63532923
     76.60047986
     76.63600802
     76.63600802
     76.55129935
     76.45000375
     76.53150755
     76.50058694
     76.50058694
     76.43750849
     76.26872849
     76.31967131
     76.31967131
     76.31967131
     76.33156203
     76.38221938
     76.30229834
     76.34373394
     76.36297891
     76.34430779
     76.01993606
     75.56300775
     75.78427667
     75.77732030
     75.77732030
     76.24146917
     76.21899945
     76.17875107
     76.17875107
     76.58850101
     76.58850101
     76.58850101
     76.58850101
     76.46770724
     76.23687134
     76.01741441
     76.20314174
     76.21646290
     75.31327378
     75.00232660
     73.29664390
     73.33328729
     73.57056771
     74.27430816
     74.45144423
     74.34290071
     73.17054440
     74.46471345
     74.46471345
     74.46471345
     75.19160167
     76.10695693
     76.01599036
     75.39158691
     74.87625868
     75.70293381
     75.70293381
     75.22091587
     75.46342951
     75.99922723
     76.04819485
     75.97632573
     73.23075328
     73.23075328
     73.23075328
     71.81103416
     71.49377690
     68.51182789
     70.46370411
     71.76498927
     72.33515756
     72.33515756
     75.06938269
     75.72044077
     75.72044077
     75.96073158
     75.96073158
     75.98829532
     76.36803018
     75.71130491
     75.43304096
     75.57627259
     70.58886865
     71.80288554
     70.33266550
     74.29283438
     73.64582313
     73.64582313
     73.64582313
     74.69565147
     73.48253275
     71.32752033
     72.63524961
     72.21774951
     72.21774951
     74.66557788
     75.64980123
     76.44365529
     75.79767453
     76.48774967
     76.49430661
     76.63623603
     76.62538943
     76.62538943
     76.03814030
     76.04179405
     76.20346246
     76.20346246
     76.32470332
     76.45116095
     76.41112331
     75.60931677
     75.60931677
     75.60931677
     75.52384121
     75.10787192
     75.42742297
     75.67847126
     75.40983863
     74.65609267
     75.14062270
     73.76537425
     73.76537425
     73.76537425
     75.12154507
     72.77846817
     74.29522861
     74.30238740
     74.56134182
     74.40670761
     74.40670761
     73.91562356
     74.37169147
     74.37169147
     74.37169147
     74.37169147
     74.85017290
     75.81808248
     74.79584622
     76.46934576
     75.97442092
     75.97442092
     76.05429662
     76.05429662
     76.18276776
     76.18276776
     76.11231804
     76.24486871
     76.38304809
     75.78031032
     75.78031032
     75.78031032
     75.91700466
     76.37345206
     76.37345206
     76.37647834
     75.80746302
     76.21805520
     76.06468245
     75.91047088
     76.27495730
     76.48340887
     76.51588207
     76.20716052
     76.20716052
     72.87143058
     72.30540676
     74.46364255
     74.46364255
     75.00038838
     75.00038838
     75.54278947
     75.22298417
     73.39874922
     73.39874922
     73.39874922
     73.39874922
     74.05030202
     74.23551841
     73.44700479
     74.74789618
     74.74789618
     74.85294620
     73.63094561
     75.55965937
     74.40574910
     72.64367935
     72.94777749
     73.30839264
     73.91652470
     73.91652470
     73.91652470
     74.31257632
     75.12222057
     75.12222057
     75.12222057
     75.61899134
     75.49276060
     75.49276060
     75.11002452
     75.18960316
     75.60793777
     75.53532211
     75.53532211
     75.98340722
     75.92646625
     76.29574564
     76.29574564
     76.13921849
     76.13921849
     74.91011582
     76.28630232
     76.28630232
     76.17246768
     76.12414935
     75.85541619
     76.04422281
     76.01945491
     74.95601687
     74.89496527
     74.89496527
     74.77779912
     74.77779912
     74.71721467
     74.71721467
     75.39222840
     75.39222840
     75.42381847
     74.66680770
     73.46912805
     73.41619492
     75.01001628
     74.72333625
     74.72333625
     75.16879568
     74.75445484
     74.23698473
     74.23698473
     74.23698473
     74.61687274
     73.37992991
     73.37992991
     73.37992991
     73.37992991
     73.85195690
     73.85195690
     74.16239310
     73.78727749
     73.78727749
     73.78727749
     75.03175917
     75.03175917
     75.03175917
     75.34439570
     75.31851715
     75.31851715
     74.90662473
     74.90662473
     75.82247408
     76.25286773
     76.37634669
     76.37634669
     76.44108140
     76.44106015
     76.44106015
     74.21156646
     74.21156646
     74.21156646
     74.21156646
     75.29067806
     75.34334101
     75.22317824
     75.25362938
     75.06429244
     75.06429244
     75.06429244
     74.34859987
     74.34859987
     72.68225745
     69.76908682
     71.36143522
     70.99101480
     71.91390518
     73.88072171
     73.88072171
     74.67188055
     74.49613388
     72.42834878
     73.75151623
     75.21822020
     74.18225174
     74.30176561
     75.89583371
     75.82640164
     76.00870027
     76.27743519
     76.27743519
     76.27743519
     76.28194354
     76.28194354
     76.07567255
     75.93987928
     75.50490310
     74.75079610
     75.13653101
     75.70313631
     74.00890481
     74.49716428
     75.17412310
     75.17412310
     76.19334177
     76.09178134
     76.28024511
     76.29670548
     76.50770723
     76.06139363
     76.06139363
     76.04655422
     76.00427048
     76.47336700
     76.47336700
     76.48366767
     76.48366767
     76.43883044
     76.44111146
     76.45752116
     76.43956411
     76.53823471
     76.50372208
     76.50372208
     76.50372208
     76.50372208
     76.50372208
     76.50372208
     76.50372208
     76.48766664
     76.48766664
     76.48766664
     76.48766664
     76.46623283
     76.54577893
     76.54577893
     76.58377953
     76.58377953
     76.57488361
     76.57488361
     76.57488361
     76.57488361
     76.57488361
     76.56422954
     76.56422954
     76.56422954
     76.56422954
     76.56422954
     76.55901683
     76.55901683
     76.54371054
     76.53863580
     76.60514952
     76.54060453
     76.34447588
     76.35451737
     76.35451737
     76.31989191
     76.32808258
     75.37097082
     74.49183262
     74.49183262
     75.16070756
     75.16070756
     75.16070756
     76.27729771
     76.29528930
     76.29528930
     76.46927743
     75.66144390
     75.81477463
     75.64391092
     75.64391092
     75.64391092
     75.64736757
     75.87814294
     75.18326730
     75.18326730
     76.38034561
     76.26946094
     76.36093292
     76.37404791
     76.49246510
     76.49246510
     76.28201202
     75.88564102
     75.19203961
     75.19203961
     76.22333751
     76.04121822
     76.04121822
     76.04121822
     76.04121822
     76.24409495
     76.25408270
     76.25408270
     76.04061919
     76.04061919
     76.26006993
     75.53795774
     76.16276367
     76.22347142
     76.22347142
     76.22347142
     76.25248097
     75.35212722
     75.92875139
     72.94697566
     74.56466296
     76.49820138
     76.48991267
     76.52284660
     76.52284660
     76.56493668
     76.63220125
     76.61620237
     76.43469812
     76.42556786
     76.50516362
     76.46097280
     76.55679097
     73.90333541
     75.59050612
     76.39855978
     76.39855978
     76.44140590
     76.60623540
     76.60817776
     76.60817776
     76.60805102
     76.60767877
     76.13259245
     76.31652739
     75.74184758
     75.74184758
     76.08961228
     76.08961228
     76.06071352
     75.88820660
     75.92364931
     76.15095385
     76.13286795
     76.18299911
     76.18299911
     76.09107653
     76.09971528
     76.09320889
     75.51373121
     74.77887736
     74.77887736
     74.77887736
     73.81110544
     74.86516632
     74.86516632
     74.44417848
     74.44417848
     75.45862983
     75.79313251
     75.91047535
     75.50107108
     75.12917909
     75.73262727
     75.73262727
     75.74813420
     74.35005029
     74.31571065
     74.43950237
     74.72278062
     74.72278062
     76.09665036
     76.44053824
     76.44053824
     76.47780569
     76.38473607
     76.30433262
     76.33687989
     76.48359696
     76.48395614
     76.16107504
     75.90728259
     75.91203866
     76.27851248
     76.27851248
     75.63312240
     75.63312240
     73.89796463
     73.89796463
     72.44909345
     73.76135195
     73.76135195
     73.03845623
     73.03845623
     73.03845623
     73.03845623
     72.48865920
     72.48865920
     73.78103664
     75.87593669
     76.00272249
     76.04921753
     75.32626043
     75.32626043
     75.36442789
     75.36442789
     75.36442789
     75.36442789
     75.96040520
     76.27896892
     76.08384166
     75.14590310
     75.14590310
     75.14590310
     75.49627846
     74.04737474
     73.64834635
     75.64368914
     76.09165199
     76.09165199
     76.23338379
     75.91903331
     75.80130271
     75.80130271
     73.80784072
     73.80784072
     73.97289009
     73.97289009
     74.22922936
     75.43237603
     75.65627878
     75.65627878
     75.13844781
     75.11531914
     74.71297190
     75.47716250
     75.47716250
     74.60960839
     74.85650932
     74.85650932
     74.85650932
     75.28601328
     75.47281123
     75.82667807
     75.82667807
     75.82667807
     76.32300055
     76.41124802
     76.41124802
     76.35069295
     76.35069295
     76.36130624
     76.36130624
     76.56292771
     76.54708545
     76.31977308
     76.31977308
     76.31977308
     76.31977308
     76.47456221
     76.47456221
     76.10490177
     76.15053990
     76.12223966
     75.27860817
     75.27860817
     75.66598134
     75.20059840
     75.19660955
     75.19660955
     75.19660955
     75.09560406
     74.42746437
     74.42746437
     74.12571051
     74.12571051
     74.12571051
     73.93806817
     75.11824134
     73.48013906
     74.99603234
     75.00819147
     74.67704067
     75.12873773
     75.12873773
     74.60532101
     74.12658830
     74.12658830
     74.12658830
     74.12658830
     75.65983288
     74.63241902
     74.63241902
     74.36340258
     76.05763920
     76.05763920
     76.05763920
     75.36101525
     75.34784129
     75.34784129
     75.58202504
     75.58202504
     75.31170359
     75.19118400
     75.19118400
     75.19118400
     74.59160427
     74.59160427
     74.59160427
     74.59160427
     74.56549278
     75.16337145
     75.31718322
     75.31718322
     75.01181520
     75.01181520
     74.43688146
     74.33566512
     74.33566512
     74.38815607
     75.04603363
     75.04603363
     75.02678216
     74.55133254
     73.61705992
     73.52624322
     75.00775993
     75.00775993
     75.59499187
     75.59499187
     76.34395073
     75.69784057
     75.60262086
     75.99519527
     76.10680908
     75.91069876
     74.98174069
     75.19370076
     74.91265224
     75.01467994
     75.22496716
     75.22496716
     75.05854410
     74.45359665
     75.37737774
     75.37737774
     75.37737774
     75.09397003
     73.90209692
     75.71465381
     75.82097551
     75.91734223
     75.91734223
     75.91734223
     75.73834969
     75.94599048
     75.20707221
     75.98303215
     76.21924333
     76.21924333
     76.21924333
     73.95267945
     74.79093661
     75.58092500
     75.02101048
     75.73425335
     76.16366299
     74.91369917
     74.91369917
     75.94944673
     75.94944673
     76.47806780
     76.49393814
     76.49393814
     76.37726019
     75.62999145
     75.82651711
     75.40216322
     75.03296788
     74.92172950
     75.67874887
     75.49162276
     75.49162276
     75.18051194
     75.11844539
     75.10925250
     75.10925250
     75.34680005
     75.66603651
     76.42262348
     75.56921655
     75.56921655
     75.56921655
     76.19305410
     75.17442819
     74.79146851
     74.05595705
     74.05990950
     73.60795690
     73.60795690
     73.60795690
     73.66957035
     73.97777446
     73.97777446
     73.61608951
     73.05004850
     72.02063811
     74.70685349
     74.89535668
     74.89535668
     75.89688700
     73.52247885
     73.28361011
     74.16608631
     74.16608631
     74.96140286
     74.73847339
     74.76224710
     74.76224710
     75.01778718
     75.16065165
     75.59297595
     75.19995824
     74.70612730
     74.70612730
     74.61120425
     75.55591422
     75.74230098
     76.11580530
     75.74347933
     75.74347933
     75.36984183
     75.20056933
     75.20056933
     75.77432883
     76.17961544
     76.19126770
     76.19082258
     76.19082258
     75.94890995
     75.94890995
     75.95407026
     75.95407026
     76.29807681
     75.78123556
     75.78123556
     75.57801680
     76.15832644
     76.23647095
     75.88079335
     75.69575031
     75.69575031
     75.69575031
     70.95555341
     69.00743790
     69.00743790
     70.05396603
     71.01786038
     71.01786038
     71.01786038
     71.01786038
     75.29306319
     75.62536225
     75.76725597
     76.48066307
     76.48066307
     76.17230076
     75.75212686
     75.96409485
     75.96409485
     76.17570012
     76.05585018
     75.93180238
     76.05828278
     76.05828278
     76.05828278
     74.50379983
     74.94377147
     74.94377147
     75.87801293
     75.87801293
     74.28924248
     75.35897222
     75.35897222
     75.35897222
     75.59785910
     76.20166706
     76.14934293
     76.17235011
     75.91394626
     76.19336112
     76.11338416
     76.11338416
     75.51297677
     75.56870545
     75.56870545
     75.06695068
     75.06695068
     75.03052656
     73.95623815
     73.95623815
     73.54009690
     73.54009690
     73.54009690
     73.54009690
     73.54009690
     74.79589260
     74.79589260
     75.24489245
     75.81799532
     75.73807452
     75.36056361
     75.59191730
     75.60096221
     75.46957441
     75.46957441
     75.62421380
     76.18859777
     75.97245956
     75.62874557
     75.93380864
     75.73690444
     75.65895758
     74.49269729
     75.89608880
     76.17366019
     76.15461691
     76.13063808
     76.18926654
     75.11178563
     75.11178563
     75.16560210
     75.99244368
     76.55615136
     76.47380505
     76.33657516
     76.30597999
     76.30597999
     76.30545576
     76.49822323
     76.34285736
     76.44660088
     76.39662521
     76.39761821
     76.09656544
     75.77719136
     74.62271503
     76.05807372
     76.20768982
     76.05310495
     76.03766093
     76.03766093
     75.88885078
     75.58303378
     75.58303378
     75.28169956
     73.96690560
     74.46759603
     75.12442339
     75.00801278
     75.14157254
     76.40628263
     76.40628263
     76.40628263
     76.40628263
     76.40628263
     76.56478063
     76.56819283
     76.56819283
     76.52695962
     76.53219145
     76.53219145
     76.53219145
     76.53219145
     76.53219145
     76.53055478
     75.45340758
     75.96601101
     74.90236106
     75.56430371
     74.97338320
     74.97338320
     74.97338320
     75.88470050
     75.45169910
     73.51823804
     75.62860612
     75.55188092
     75.80403096
     74.75714171
     75.29400431
     75.26190737
     75.26190737
     75.26190737
     75.26190737
     75.33846488
     75.43921615
     74.40979031
     74.65844002
     75.87076151
     74.33660568
     73.94353122
     74.36399090
     75.05542799
     75.05542799
     75.05542799
     75.78606553
     76.46111062
     76.46111062
     76.48238276
     76.48238276
     75.20521327
     75.37128846
     75.25942478
     75.71421622
     75.89799356
     72.70603949
     72.70603949
     74.78466566
     74.08571323
     73.26000088
     73.26000088
     73.26000088
     74.45048956
     75.21313124
     75.98433027
     75.25398678
     75.74092983
     75.84832651
     75.24755634
     75.36538313
     75.30372105
     75.86908570
     75.86908570
     76.27650871
     76.04545479
     75.99613989
     76.12298790
     75.22821349
     75.31251898
     75.31251898
     75.50369708
     75.24798580
     74.73793236
     75.49231426
     75.62902551
     75.62902551
     74.79763358
     75.27846869
     75.27846869
     76.08965602
     75.38122736
     75.60348556
     75.17836279
     76.07508950
     76.07508950
     75.59802858
     75.51854064
     76.36381753
     76.36381753
     76.29660661
     76.42384292
     76.36005901
     75.76876621
     76.26030988
     75.83720031
     72.45447703
     72.69456946
     72.69456946
     72.69456946
     72.33924455
     74.59583617
     74.59583617
     74.01627726
     74.01627726
     73.56527010
     75.15774635
     75.15774635
     75.15774635
     75.38735327
     75.37226864
     73.67471057
     73.78403097
     72.03602221
     72.03602221
     74.66411124
     74.66411124
     74.72282060
     74.72282060
     76.22643065
     76.06291757
     75.32194980
     75.44151269
     74.99226848
     74.13017453
     74.13279109
     74.13279109
     74.13279109
     74.13279109
     74.13279109
     74.13279109
     73.88255107
     73.88255107
     74.01139383
     73.75596472
     74.73324656
     74.73324656
     74.88457669
     74.36123064
     74.36123064
     75.46488311
     76.45806049
     76.45497072
     76.45497072
     75.51358154
     75.51358154
     75.98204563
     75.64043578
     75.62865705
     76.09964052
     75.31681710
     75.19495781
     75.19495781
     76.24444014
     76.32234621
     76.32234621
     75.91577743
     76.07241362
     76.44460576
     76.49526424
     76.06467237
     76.19849619
     76.20509391
     76.23734870
     76.28675452
     76.30732895
     76.53658779
     75.94180611
     75.94180611
     75.87585907
     75.83078803
     75.83078803
     75.45545939
     75.67786150
     75.67786150
     75.80174226
     76.28533788
     76.42488881
     76.24826171
     76.61037378
     76.51777205
     76.51777205
     76.51777205
     76.51777205
     76.51777205
     76.51777205
     76.17474311
     76.29836174
     76.29056385
     76.30965096
     75.94851653
     75.77065156
     75.77065156
     75.76840979
     75.49055325
     75.12221281
     74.57837820
     75.49749349
     76.37845843
     76.53847979
     76.53847979
     76.51962469
     76.44036327
     76.27572030
     76.37484003
     76.37484003
     76.03320262
     76.03320262
     76.03320262
     74.96700710
     75.01456522
     75.09965143
     75.76668816
     75.95189506
     76.39124115
     76.27177590
     76.34298612
     76.21296754
     76.21018242
     76.26283643
     76.26283643
     76.26283643
     75.51987830
     75.85796501
     75.30553637
     76.09121818
     76.09121818
     76.10023833
     75.93667980
     76.27335639
     76.42505977
     76.22298806
     76.26046218
     75.88918531
     75.40894461
     74.97916699
     74.37259875
     74.25936645
     74.25936645
     74.85971067
     74.58469203
     76.37956706
     76.37956706
     76.38335649
     76.39007340
     76.39007340
     76.26823789
     75.57056142
     74.63206882
     74.80497389
     75.88252322
     74.43267698
     74.39320353
     74.86801051
     75.08813422
     75.08813422
     75.08813422
     74.29252628
     73.76946414
     73.76946414
     73.27917138
     70.86863648
     70.86863648
     71.26011129
     71.26011129
     73.22894756
     74.35772133
     74.35772133
     74.35772133
     74.35893378
     74.48164418
     74.48164418
     73.09063094
     74.48727710
     75.47031452
     75.26801933
     75.52043512
     75.23808187
     74.35543878
     74.35543878
     74.81940535
     75.14978356
     74.61290768
     74.83818597
     75.17290849
     74.78163008
     74.78163008
     74.78163008
     75.52180206
     75.54380694
     75.72980394
     74.60280002
     74.60280002
     75.32637849
     75.33970614
     75.33970614
     73.58071352
     72.71880540
     72.53193703
     72.53193703
     70.28781044
     73.68327331
     74.31480707
     75.68526467
     75.68526467
     75.60746096
     76.23947334
     75.81140772
     75.81140772
     75.81140772
     76.38084394
     76.38084394
     76.16391558
     76.48497398
     76.40224717
     76.44496474
     75.74773003
     75.64406823
     76.01712626
     76.48354065
     76.20260215
     76.31635897
     76.31670386
     76.12893929
     76.09502238
     76.00341499
     76.00341499
     75.96543335
     75.88498434
     76.24290363
     76.24290363
     76.21876497
     76.21876497
     76.21876497
     76.06233728
     75.92057719
     75.92057719
     75.92057719
     75.92057719
     76.24860934
     76.24860934
     72.95833296
     73.39952754
     73.39952754
     74.01268806
     74.01268806
     72.26515502
     72.26515502
     73.11018291
     72.68590377
     72.68590377
     71.80882569
     71.80882569
     71.80882569
     75.45351526
     75.45351526
     75.58979185
     75.72495973
     75.72495973
     74.32518483
     74.66187117
     75.94385899
     76.01457765
     75.87764547
     75.93900284
     76.01159562
     76.05373498
     76.05373498
     74.93898006
     74.93898006
     75.15159939
     76.39479437
     76.39479437
     76.39479437
     76.39479437
     76.39479437
     76.37601259
     76.35504815
     75.64574268
     75.75383236
     75.78454138
     75.77020695
     75.84280425
     76.37998541
     76.37998541
     76.26413931
     76.22164361
     76.20555142
     76.19811296
     76.25741451
     76.30646782
     76.51673192
     76.51673192
     76.51673192
     76.51673192
     76.51148239
     76.51148239
     76.51148239
     76.51148239
     76.51148239
     76.51148239
     76.51148239
     76.51148239
     76.51148239
     76.53587217
     76.53587217
     76.53587217
     76.53587217
     76.53548246
     76.53548246
     76.44804154
     76.50902230
     76.54040800
     76.54040800
     76.06709173
     75.59844810
     75.59844810
     75.36421209
     75.41052675
     75.43924379
     73.80547989
     74.94133765
     74.60462994
     75.19626784
     75.09632748
     75.09632748
     75.20025802
     76.20564520
     76.26319663
     76.51658196
     76.51658196
     76.54064621
     76.54064621
     75.98768795
     76.26193913
     76.27547135
     76.35884243
     76.39384675
     76.38877621
     76.42217321
     76.42217321
     75.36934435
     75.68979332
     76.39957874
     76.55670896
     76.58252617
     76.58869698
     76.49964942
     76.43774616
     76.48605366
     76.59796013
     76.51862681
     76.56981279
     76.56981279
     76.61056160
     76.61025696
     76.51501194
     76.49898094
     76.63038144
     76.63038144
     76.63038144
     76.63038144
     76.63038144
     76.55509288
     76.63574293
     76.61517320
     76.56003465
     76.62319797
     76.63238081
     76.63238081
     76.61114443
     76.60391097
     76.63415282
     76.60747313
     76.60747313
     76.60747313
     76.60747313
     76.60747313
     76.60747313
     76.60747313
     76.60747313
     76.60747313
     76.60159483
     76.63116764
     76.62903873
     76.62903873
     76.51462084
     76.50320324
     76.46052124
     76.46052124
     76.40603911
     75.52437843
     75.65161729
     75.65161729
     75.34170418
     75.34170418
     75.10722895
     75.10722895
     74.71294886
     74.71294886
     76.52141460
     76.47947619
     76.47947619
     76.47947619
     76.47947619
     76.36139056
     76.36139056
     76.50403032
     76.50403032
     76.33818369
     76.33818369
     76.33818369
     76.33818369
     76.17487787
     76.23030364
     76.32361573
     76.32361573
     76.32361573
     76.32361573
     76.00828290
     75.76496146
     75.79296565
     75.22816067
     75.22816067
     75.22816067
     75.22816067
     75.23032845
     75.23032845
     75.23032845
     75.23032845
     75.23032845
     75.92292546
     75.86723424
     75.86723424
     76.03071431
     76.35825711
     76.10158427
     76.10158427
     76.11352745
     76.33260106
     76.40614415
     76.55658768
     76.29565980
     76.29565980
     76.42894560
     76.44725464
     76.60587146
     76.60587146
     76.61248866
     76.61248866
     76.62034443
     76.60350138
     76.60350138
     76.62517435
     76.62517435
     76.62570496
     76.59996842
     76.26449609
     75.06044119
     75.08989560
     75.20190331
     75.20190331
     74.48472838
     74.35669376
     74.79800368
     75.64869717
     75.64869717
     75.64869717
     74.80240603
     70.50212687
     71.63607402
     71.63607402
     71.64543374
     71.64543374
     75.28125095
     75.28125095
     74.80120941
     75.78988985
     75.97852728
     75.70751003
     75.70751003
     75.70751003
     75.78530644
     75.78530644
     75.78530644
     75.75811386
     75.75811386
     75.75811386
     75.27855742
     75.48308747
     75.60394817
     76.38332114
     76.38332114
     76.38332114
     76.38332114
     76.38332114
     76.54018581
     76.54018581
     76.56205522
     76.56205522
     76.56205522
     76.56205522
     76.56205522
     76.61551372
     76.61551372
     76.61551372
     76.61551372
     76.62489877
     76.62489877
     76.62489877
     76.62489877
     76.62489877
     76.62489877
     76.62489877
     76.62489877
     76.62489877
     76.62489877
     76.62489877
     76.62489877
     76.30738064
     76.25303707
     76.25303707
     76.25268572
     76.25268572
     76.25268572
     76.07637683
     76.07637683
     74.95717317
     75.86700932
     75.86700932
     75.86700932
     75.86700932
     76.00006431
     75.85511877
     75.85511877
     76.16984421
     76.55455930
     76.55455930
     76.54054086
     76.54054086
     76.54054086
     76.08892893
     76.11739674
     75.98955421
     75.83312614
     74.82627627
     74.94406920
     74.94406920
     75.65752644
     75.65752644
     75.65752644
     75.58771111
     75.83946985
     75.85375681
     75.85375681
     76.60545711
     76.60357533
     76.48258362
     76.48258362
     76.48258362
     76.50019206
     76.50019206
     76.46635244
     76.58763170
     76.52115430
     76.52115430
     76.52115430
     76.52115430
     76.52115430
     76.52350897
     76.52350897
     76.52350897
     76.52350897
     76.52350897
     76.52350897
     76.52350897
     76.52350897
     76.52350897
     76.52350897
     76.52350897
     76.52350897
     76.52350897
     76.61189396
     76.61189396
     76.07027233
     76.07027233
     74.91236219
     74.91236219
     76.43567084
     76.48236922
     76.48236922
     74.32563214
     73.70542861
     73.65231754
     75.77196320
     74.59662420
     74.50279493
     74.50279493
     74.50279493
     74.50279493
     74.50279493
     74.32954090
     74.32954090
     74.32954090
     74.32954090
     74.32954090
     74.32954090
     74.30325740
     74.30325740
     74.33245204
     75.45148919
     75.45148919
     74.94540331
     74.87721101
     73.72113696
     75.33784837
     74.49021780
     74.49021780
     74.21027932
     74.22414586
     75.97257366
     75.37766973
     75.38607679
     75.91640384
     75.59418772
     75.70302163
     75.63861588
     75.69389196
     75.62758627
     75.69405898
     76.11822467
     76.50230222
     76.49173246
     76.40825563
     75.98276420
     76.02065445
     75.46447969
     74.89526726
     75.92980993
     75.96167230
     75.80026851
     75.51156677
     75.75559858
     75.86698085
     75.46639040
     75.46639040
     76.21339510
     76.05169778
     75.12243233
     75.12243233
     75.12243233
     73.53595479
     73.53595479
     73.53595479
     74.38846617
     74.38846617
     74.36576770
     75.63507047
     75.13633217
     75.56133927
     75.56133927
     75.59306948
     73.86711971
     73.86711971
     73.86711971
     73.86711971
     73.13837093
     71.41183018
     71.41183018
     73.50653251
     70.02489569
     73.27396268
     73.27396268
     72.62060785
     73.12983198
     73.32336459
     73.50991507
     73.72570928
     75.72538704
     75.54392086
     75.57694411
     75.28493495
     75.19770331
     75.36332338
     75.49919458
     75.48252107
     75.08269241
     75.65562165
     74.17901277
     74.17901277
     74.17901277
     76.32493076
     76.32493076
     76.32493076
     76.32493076
     76.32493076
     76.32493076
     76.44633047
     76.44633047
     76.49981561
     76.47943662
     76.55334407
     76.55334407
     76.55334407
     76.55334407
     76.55841532
     76.55798435
     76.56287636
     76.55684394
     76.55684394
     76.51847328
     76.57811382
     76.36301388
     76.36301388
     76.36301388
     76.34789958
     76.34789958
     76.34789958
     76.34789958
     76.34789958
     76.48670859
     76.48670859
     76.53795364
     76.63170931
     76.63170931
     76.63170931
     76.62994599
     76.62994599
     76.63215582
     76.61199935
     76.61199935
     76.61199935
     76.61199935
     76.61199935
     76.61199935
     76.60016637
     76.60016637
     76.55604839
     75.96966746
     75.96966746
     76.29897402
     75.61462700
     75.59593417
     75.55688236
     75.47362078
     75.47362078
     75.19319412
     73.64829389
     74.20262991
     74.35346983
     74.87417091
     74.87417091
     74.80548037
     74.80548037
     74.80548037
     74.80548037
     74.80548037
     74.77938852
     75.74933234
     75.74933234
     76.09985447
     76.09985447
     76.03303198
     75.52848249
     75.33315575
     75.38577507
     75.14167927
     74.82926008
     75.06573299
     74.43488965
     75.26779047
     76.17190599
     76.55348979
     76.57428119
     76.56829483
     76.56829483
     76.56829483
     76.56829483
     76.56829483
     76.56829483
     76.56950929
     76.56950929
     76.59567185
     76.58611587
     76.60913213
     76.54212588
     76.58845545
     76.58845545
     76.58845545
     76.58845545
     76.57881166
     76.41060165
     76.41060165
     76.38863197
     76.38863197
     76.38863197
     76.57341095
     76.49894953
     76.63559671
     76.63559671
     76.63136058
     76.61676957
     76.60692848
     76.60723770
     76.58569253
     76.62235631
     76.62484477
     76.62484477
     76.62484477
     76.62484477
     76.63013392
     76.63462792
     76.63464035
     76.63464035
     76.63464035
     76.62828391
     76.60008021
     76.60008021
     76.60008021
     76.60008021
     76.60008021
     76.60008021
     76.60008021
     76.60008021
     76.60008021
     76.60008021
     76.60008021
     76.60221437
     76.60221437
     76.59578016
     76.59578016
     76.59578016
     76.59608607
     76.59608607
     76.59608607
     76.59608607
     76.61331573
     76.61331573
     76.61331573
     76.61331573
     76.62113639
     70.59168286
     73.05805228
     75.04901484
     75.06880706
     74.86804712
     75.22175214
     75.56149118
     75.93169638
     75.93169638
     75.84921148
     75.84921148
     75.84921148
     75.59599063
     75.65580369
     75.65580369
     75.65580369
     75.51057570
     75.90594035
     75.80660133
     75.86694726
     75.79087171
     76.39092091
     76.55580935
     76.57729607
     76.60607328
     76.60607328
     76.60607328
     76.59858216
     76.54417988
     76.54414596
     76.54414596
     76.00633898
     76.39489428
     76.40505892
     76.40883334
     76.27869645
     76.62133946
     76.59957477
     76.59957477
     76.62381501
     76.53457686
     76.27508513
     76.27508513
     76.62580772
     76.62048424
     76.60566182
     76.60566182
     76.01376651
     76.61579481
     76.49704686
     73.15388547
     74.75314343
     74.90698940
     73.76255274
     74.60311807
     74.95539343
     74.95539343
     74.95539343
     74.94118451
     76.02982591
     75.85440439
     75.23999545
     75.26724861
     75.00794001
     75.18474225
     74.89960517
     74.89960517
     74.89960517
     74.48506951
     74.89719231
     73.65037152
     73.72429346
     74.22350807
     74.22350807
     70.50828462
     73.21816003
     73.21816003
     74.33034547
     74.33034547
     72.85063543
     72.85063543
     72.85063543
     72.85063543
     75.05808799
     75.02497866
     74.71849281
     75.14449708
     74.82600690
     74.82600690
     74.82600690
     74.82600690
     75.68398027
     75.25747838
     74.56330975
     74.56330975
     74.56908766
     74.56908766
     75.85855268
     75.93034249
     75.45373339
     74.87033126
     73.53680986
     73.47605464
     73.47605464
     74.77517982
     74.32378402
     74.50698782
     75.56256685
     75.56256685
     75.56256685
     75.91726499
     76.04686009
     76.29406760
     76.29406760
     75.60751948
     75.57936063
     75.68209692
     75.91533420
     74.83589556
     75.77005956
     75.52973910
     75.52973910
     75.20814827
     74.90326604
     75.17005173
     75.17005173
     75.17961776
     75.17961776
     75.81405389
     75.81405389
     75.81405389
     75.88264899
     75.96309549
     75.77301720
     75.71786076
     75.72019997
     75.48707462
     75.27486518
     75.27486518
     75.43145116
     75.70357659
     75.75401337
     75.83602833
     75.83602833
     75.93078713
     75.62220889
     75.82613420
     75.82613420
     75.52461478
     75.52461478
     71.34827508
     71.16816259
     71.89461124
     71.89461124
     73.38207315
     73.38207315
     73.11339620
     73.11339620
     68.96109827
     73.27189443
     73.27189443
     73.28205065
     72.91836504
     72.91836504
     72.91836504
     73.60011562
     74.51628716
     75.55329280
     75.55329280
     75.69617726
     75.68798923
     74.96108579
     75.51181238
     75.98501241
     75.88876758
     75.64364206
     75.16500563
     74.68099787
     74.69798929
     73.84299045
     75.26861129
     75.26861129
     75.24711831
     75.21169658
     75.65624072
     75.91152589
     75.61741476
     75.84313373
     75.65479260
     75.83293125
     75.19741825
     75.19741825
     75.79072775
     75.86560090
     76.01781602
     76.01781602
     76.04229023
     76.04229023
     75.97284338
     74.72684068
     76.60635947
     76.57676854
     76.50512867
     76.50512867
     75.99839334
     75.97987835
     74.89231852
     74.89231852
     74.86953830
     75.69026379
     75.94000516
     75.49677560
     75.10149009
     75.10149009
     75.10149009
     75.13910915
     75.13910915
     75.13910915
     75.13910915
     75.90219898
     75.43536005
     76.11715206
     76.03026665
     76.43183741
     76.47941355
     76.47941355
     76.41368165
     76.39208390
     76.45117686
     76.44878592
     76.34135194
     76.34135194
     76.28455442
     76.26874821
     76.33798034
     76.21115707
     76.27605239
     76.08316842
     76.08316842
     75.94435431
     76.52127437
     76.42035593
     76.42165557
     75.83838349
     75.83838349
     75.83838349
     76.48179780
     76.48179780
     76.48179780
     76.56113875
     74.75944153
     74.75944153
     75.39753379
     75.70584342
     75.00969294
     75.60208747
     75.60208747
     75.95469133
     75.95469133
     75.46475135
     75.46475135
     74.79185490
     74.77302227
     75.94645920
     75.94645920
     75.94645920
     76.40646812
     76.27786795
     75.99837560
     76.03642766
     76.18922315
     76.18922315
     76.18922315
     76.18398762
     76.19866248
     76.19866248
     76.10310192
     76.10310192
     76.10310192
     76.10310192
     76.18715572
     76.44802814
     76.44802814
     76.58122525
     76.56291392
     76.56291392
     76.48520490
     76.48520490
     76.55036538
     76.32218550
     76.41620341
     76.45625818
     76.46621703
     76.42595241
     76.22229056
     76.12678904
     75.65788434
     75.65788434
     75.65788434
     75.65788434
     76.24080744
     76.45842491
     76.37356448
     76.59331950
     76.55228781
     76.60137553
     76.60137553
     76.60137553
     76.57883813
     76.57429068
     76.57429068
     76.57429068
     76.57429068
     76.60643404
     76.60643404
     76.60643404
     76.60643404
     76.61048433
     76.61048433
     76.62846289
     76.62846289
     76.56891746
     76.57629524
     76.57629524
     76.57629524
     76.62211519
     76.62211519
     76.55561625
     76.55561625
     76.34715687
     76.34844104
     76.45383715
     76.45383715
     76.45383715
     76.45383715
     76.45383715
     76.59730964
     76.60012416
     76.48693103
     76.44614223
     76.59980944
     76.62177151
     76.22273923
     76.24624102
     76.24624102
     76.24624102
     76.52963513
     76.52576633
     76.52576633
     76.56194416
     76.62402699
     76.62404319
     76.59662275
     76.59662275
     76.59662275
     76.49251310
     76.49251310
     76.49175999
     76.45510783
     76.53731435
     76.54628286
     76.54628286
     76.14755968
     74.81845288
     74.98754794
     74.98754794
     75.57290141
     75.57290141
     75.51729955
     74.01643556
     74.01643556
     74.01643556
     74.01643556
     74.01643556
     75.09908205
     75.94267565
     75.94267565
     76.18023720
     76.20243560
     76.12258645
     76.21372096
     76.19141472
     76.49341464
     76.28700324
     76.28700324
     76.28700324
     76.28700324
     76.32408204
     73.65914635
     73.65914635
     75.17489410
     74.84762390
     72.70557090
     72.70557090
     73.45737204
     73.45737204
     73.45737204
     73.69082605
     73.69082605
     73.69082605
     76.00126042
     75.92866980
     75.72022013
     75.72022013
     75.65498278
     75.65498278
     75.50290591
     75.16169450
     75.21292418
     75.13479524
     75.17109588
     76.23455099
     76.23455099
     76.23455099
     75.76051585
     76.36818028
     76.36818028
     76.02961215
     76.02961215
     76.02961215
     76.05283809
     76.50952271
     76.57128344
     76.56102765
     76.57115989
     76.55821025
     76.55821025
     76.55821025
     76.60736345
     76.60493076
     76.60493076
     76.60493076
     76.60463909
     76.28565422
     76.28565422
     76.28640329
     76.46655480
     76.49387483
     76.49387483
     76.46846302
     76.46458759
     76.46425358
     76.45791962
     76.45791962
     75.70939195
     75.87523928
     75.87523928
     75.90381408
     75.99076806
     75.99076806
     71.94893028
     71.94893028
     71.94893028
     72.14888690
     72.14888690
     71.99540281
     69.94591990
     70.64204895
     72.27880603
     73.89766562
     74.66800111
     74.87693690
     74.86778766
     74.63907325
     75.47705601
     75.68221713
     76.30186683
     76.30186683
     75.81992589
     76.20325510
     76.03225622
     76.03225622
     75.75714121
     75.75714121
     76.49299556
     76.52277256
     76.27943584
     75.72272332
     75.69286766
     75.33450478
     75.33450478
     73.74374730
     74.03456366
     74.03456366
     75.47662972
     76.37460605
     76.21912530
     76.43676201
     76.53587647
     76.53587647
     76.59758674
     76.59758674
     76.56186829
     76.46791488
     76.46791488
     75.97938373
     76.19315143
     76.27900750
     76.27900750
     76.27900750
     76.25508067
     76.25508067
     76.11985537
     76.11985537
     76.44384373
     76.10561207
     76.10561207
     76.48904471
     76.48904471
     76.48904471
     76.48904471
     76.44467888
     76.47616117
     75.87265856
     76.44403080
     76.45371674
     76.45421677
     76.37522923
     76.31718214
     76.31718214
     76.31718214
     76.61070412
     76.56712528
     76.63304105
     75.86965169
     76.18349839
     76.18349839
     76.03477522
     76.04885367
     76.14047148
     76.28399305
     76.27961298
     76.29216529
     76.25300910
     76.25300910
     76.27210122
     75.81725549
     76.10341445
     76.10341445
     76.10341445
     76.10032715
     76.20031088
     76.20031088
     76.62965018
     76.62965018
     76.45568359
     76.52257880
     76.52602099
     76.56649858
     76.58068470
     73.46614579
     71.87699796
     71.87699796
     71.87699796
     71.87699796
     70.91945652
     71.75199173
     71.75199173
     71.60704748
     74.12833151
     73.55128927
     74.00024984
     73.91923343
     74.87544752
     74.64979740
     75.42330404
     75.42157979
     74.60362821
     75.87780215
     75.97680064
     76.34202657
     76.26964880
     76.26964880
     76.43735053
     76.43735053
     76.38597013
     76.17049941
     76.32573836
     75.96961507
     76.24991305
     76.24261130
     76.24261130
     76.29814626
     76.51888329
     76.51888329
     76.55542948
     76.52668174
     75.85223935
     75.85223935
     76.18580181
     76.49167388
     76.26478123
     76.45480865
     76.45480865
     76.41058688
     75.48109713
     75.51646439
     75.66960996
     75.66960996
     74.34693327
     74.92159940
     73.71506636
     73.71506636
     73.71506636
     75.74071463
     75.74071463
     75.74701019
     75.62931161
     75.69101877
     75.69156015
     76.01902800
     75.78450915
     75.85601851
     75.30966397
     75.30966397
     75.96278077
     76.01729051
     76.05555131
     76.04644376
     76.11267312
     76.15194330
     76.20693352
     76.16222035
     76.17396572
     76.28673725
     76.16921113
     76.16921113
     76.16921113
     75.99329568
     75.05797230
     76.35393386
     76.35393386
     76.53950831
     76.53950831
     76.42571084
     76.35069560
     76.35069560
     76.35069560
     76.35069560
     75.81978912
     76.48743333
     76.38275308
     76.62727944
     76.56951252
     76.56711082
     76.56711082
     76.56750333
     76.61575647
     76.59031787
     76.42553553
     75.28105030
     75.08138281
     75.08138281
     74.95405930
     74.95405930
     74.95405930
     75.53765269
     75.99266493
     76.13834791
     76.17897071
     76.42326304
     76.56857626
     76.47844219
     76.47844219
     76.53733661
     76.50548101
     76.48656461
     76.60704652
     76.29068114
     76.27740912
     76.32353577
     76.32353577
     76.30914053
     76.39470186
     76.39470186
     76.12089987
     76.12089987
     76.10260562
     76.23339047
     76.32656272
     76.25612801
     75.82665821
     75.82665821
     75.68100709
     75.91371291
     75.13042847
     74.79823093
     74.79371216
     74.88448636
     74.86893720
     74.93735216
     74.93735216
     74.93735216
     74.74647853
     74.89495470
     73.94466540
     75.29441344
     75.62605471
     76.04816902
     75.90050636
     72.79334064
     72.79334064
     73.83389289
     73.83389289
     73.31860579
     73.31860579
     73.90597679
     73.79455249
     73.79455249
     73.58980707
     74.17791932
     74.41434151
     72.63748434
     72.63748434
     72.63748434
     72.63748434
     72.63748434
     75.79757653
     75.61448598
     76.22865450
     76.22865450
     76.17423081
     76.15664545
     76.41792705
     76.17430913
     76.59378450
     76.62322150
     76.24731083
     76.24731083
     75.02118620
     74.81651055
     74.81651055
     74.39875289
     74.39875289
     74.13825721
     74.13825721
     74.13825721
     75.76614389
     75.19894704
     74.87471565
     74.87471565
     74.64523907
     75.06589333
     75.06589333
     75.98984387
     75.99648886
     75.96569619
     75.44148375
     75.71990237
     75.71990237
     75.40592949
     75.62615358
     75.54784352
     74.64987193
     75.41730760
     76.49867177
     76.49867177
     76.49867177
     76.61961791
     76.61961791
     76.61961791
     76.61961791
     76.61961791
     76.62410155
     76.58999813
     76.57948105
     76.60266871
     76.60266871
     76.60455841
     76.55804255
     76.63026921
     76.63026921
     76.62288689
     76.19969816
     76.19969816
     76.19969816
     76.29762492
     76.11263325
     76.18075433
     75.60202461
     74.80607163
     74.66154639
     74.72026685
     75.83602366
     75.83602366
     76.22103212
     75.86534943
     75.86236087
     76.00767963
     75.97652738
     75.85204368
     75.85204368
     75.72597442
     75.73620096
     75.44498646
     74.89839930
     74.89839930
     74.90158462
     75.54349783
     76.19951947
     76.18537673
     76.39443240
     76.29850648
     76.49975278
     76.49975278
     76.49975278
     76.61023210
     76.62458995
     76.53817900
     76.53817900
     76.53817900
     76.53817900
     76.53817900
     76.53817900
     76.53817900
     76.46149120
     76.46149120
     76.33117459
     76.26910616
     76.26910616
     76.26910616
     76.47518721
     76.49937236
     76.56565079
     76.52409409
     76.52409409
     76.49760743
     75.82966466
     75.82966466
     75.82966466
     75.82966466
     75.79417946
     75.79417946
     76.38504285
     76.38504285
     76.35745028
     76.35745028
     76.36055543
     76.36055543
     76.36055543
     76.29877936
     76.02204530
     76.02204530
     75.97161832
     75.97161832
     76.00965022
     76.30727791
     76.30727791
     76.17286372
     76.19390033
     71.22803273
     71.22803273
     71.22803273
     71.41878114
     70.05338987
     70.05338987
     70.05338987
     70.05338987
     70.05338987
     70.05338987
     68.97450403
     70.22272210
     70.33000573
     69.77973136
     72.37977931
     72.58815314
     70.28990304
     69.07378888
     69.07378888
     70.10402424
     70.23192742
     68.64942222
     68.38094210
     69.89299193
     68.68096566
     68.72865714
     68.72865714
     68.72865714
     68.72865714
     71.21163638
     71.21163638
     71.67434706
     72.54248902
     72.54248902
     73.02538056
     73.36511757
     73.97051904
     75.30515426
     75.42395113
     74.87575931
     75.51521368
     75.46739781
     76.25623151
     75.85054473
     76.44664423
     76.44664423
     76.37564575
     76.37484229
     76.37484229
     76.44776090
     76.53923447
     76.62629089
     76.62629089
     76.62629089
     76.62795473
     76.62795473
     76.62795473
     76.62795473
     76.62795473
     76.62795473
     76.62795473
     76.49334997
     76.49334997
     76.30067999
     76.30014144
     76.14314452
     76.09340266
     76.08324499
     76.08324499
     76.02718989
     75.70680300
     75.28286761
     75.32113679
     75.79928813
     75.45317496
     75.65463488
     75.91775349
     76.40850754
     76.40157796
     76.40037056
     76.56376354
     76.52181035
     76.52978707
     75.65837256
     75.57336038
     75.57336038
     75.59694213
     75.59694213
     75.85528766
     76.13404981
     76.21236062
     76.40600241
     76.40600241
     76.40600241
     76.40600241
     76.40600241
     76.40600241
     76.40600241
     76.46501448
     76.41135821
     75.84225846
     76.20776004
     76.20776004
     76.50178777
     76.38078450
     76.56884929
     76.56884929
     76.56884929
     76.36875756
     76.38254189
     75.91078580
     75.86748246
     75.91505648
     76.04546707
     76.46674551
     76.46674551
     76.34175524
     75.96984875
     76.18850656
     76.18850656
     76.00152914
     76.36460892
     75.99631084
     75.56522895
     75.56522895
     75.94918379
     75.45849083
     75.45849083
     75.45849083
     75.64717147
     75.64717147
     75.64717147
     75.64717147
     75.64717147
     74.21264691
     75.03317057
     75.70354145
     76.05803334
     75.75888512
     75.80308006
     75.98904084
     76.08027331
     76.08027331
     76.08027331
     76.40301748
     76.32335473
     75.65253566
     75.94726423
     75.94726423
     75.32298110
     75.64954995
     74.85818985
     76.14821262
     76.32471829
     76.32471829
     76.18536471
     76.31681557
     76.27302078
     75.73773696
     75.73773696
     75.87139465
     75.71272450
     76.28459801
     76.59678528
     76.58644062
     76.55094458
     76.59292697
     76.26968253
     76.18972334
     76.11084639
     76.26215869
     76.32011033
     76.32011033
     76.15558083
     76.31725185
     76.31725185
     76.26014456
     76.43945758
     76.30526429
     76.19135747
     76.19405113
     76.06364685
     76.26683743
     75.42041428
     74.62960595
     75.20321190
     75.38736103
     75.66742142
     75.24915973
     73.49553900
     73.57165619
     74.14794466
     74.14794466
     74.14794466
     75.73639965
     76.21817410
     75.99153594
     75.99153594
     75.91433942
     76.18908523
     73.69464713
     73.69464713
     73.24010654
     73.24010654
     73.24010654
     73.24010654
     73.24010654
     73.24010654
     74.75870772
     75.82260925
     75.82260925
     75.78363645
     75.81932233
     76.20848878
     76.41622232
     76.56580550
     76.56580550
     76.51619886
     76.51619886
     76.51050694
     76.51050694
     76.50244646
     76.57370272
     76.62226113
     76.41045506
     76.41045506
     76.41045506
     76.41045506
     76.41045506
     76.48681070
     76.42875882
     76.42875882
     76.28576980
     75.60474049
     75.60474049
     75.60474049
     75.60474049
     75.60474049
     75.60474049
     75.60474049
     75.41194199
     75.79221797
     75.79221797
     75.79221797
     75.79221797
     76.46251158
     76.31055601
     76.31055601
     75.61147916
     75.61147916
     75.83747786
     74.48611299
     74.43780370
     74.38046072
     73.95510707
     74.03730231
     73.62266364
     73.61062972
     74.48082572
     75.25097846
     75.60344600
     75.06341270
     75.00474759
     74.10786416
     72.49765752
     72.28554962
     72.28554962
     72.28554962
     72.28554962
     72.28554962
     72.82142309
     72.82142309
     72.82142309
     72.82142309
     74.78388797
     74.86484793
     75.21622169
     75.21622169
     75.28387481
     75.58037549
     75.21502300
     75.28933699
     75.97261343
     75.96063817
     76.11401559
     76.11401559
     76.34494877
     76.38955357
     76.38955357
     76.40863589
     76.40583896
     76.43481747
     76.43481747
     76.50676530
     75.97924118
     75.97924118
     75.97924118
     75.89991502
     75.14253864
     75.89771441
     75.06531582
     75.06531582
     75.06531582
     74.98100425
     76.33806806
     75.46352783
     75.49119944
     75.49119944
     75.49119944
     75.42627091
     75.30796300
     75.84688265
     75.85436775
     75.51966065
     75.51966065
     75.14719256
     75.14719256
     75.00497956
     75.00497956
     75.00497956
     74.01948654
     74.71237724
     75.07002917
     75.07002917
     74.94341119
     75.41720257
     75.91481351
     75.51754620
     74.94487682
     74.09538480
     73.93841381
     73.93841381
     73.93841381
     73.93841381
     72.83800629
     70.53542786
     70.53542786
     70.53542786
     70.53542786
     70.53542786
     72.16940827
     70.36970314
     69.07210595
     69.07210595
     69.74114176
     69.74114176
     69.74114176
     69.52954308
     69.63548605
     71.77096819
     76.30355761
     76.32327644
     76.47474672
     76.51993749
     76.52143304
     76.55014654
     76.56150712
     76.10476957
     74.23993439
     75.48712530
     75.89492285
     76.21193983
     76.37593656
     76.50368603
     76.55998065
     76.47368200
     76.60648295
     76.60648295
     76.60648295
     76.60648295
     76.60648295
     76.55694262
     76.56129065
     76.56129065
     76.56250495
     76.59224934
     76.58637510
     76.63182617
     76.63182617
     76.62256158
     76.57379858
     76.61853379
     76.62866672
     76.62832193
     76.62736707
     76.62187954
     76.61703590
     76.61703590
     76.61703590
     76.61703590
     76.61703590
     76.62524121
     76.62456463
     76.59941907
     76.58103640
     76.58103640
     76.58103640
     76.58103640
     76.56730016
     76.56730016
     74.38105891
     74.27132332
     74.27132332
     74.27132332
     74.27132332
     74.33548175
     74.33548175
     74.33548175
     74.33548175
     74.93223940
     74.93223940
     75.50221773
     75.69943954
     75.69943954
     76.12072047
     75.45327680
     75.07386218
     75.28183863
     75.28183863
     76.31759325
     75.77141762
     76.02061055
     76.02061055
     76.02061055
     76.54873318
     76.07155967
     76.33044255
     76.24634586
     75.36343123
     75.36343123
     76.12955706
     75.84875446
     75.84658086
     75.84658086
     75.84658086
     75.84658086
     75.24428758
     75.94236919
     76.16573532
     76.31253422
     76.26545840
     76.26545840
     76.14690090
     76.19051558
     76.15002979
     76.13378479
     76.15912140
     76.15912140
     74.95120183
     74.95120183
     75.84671990
     74.89489670
     74.89489670
     74.91696205
     74.91696205
     74.61090728
     75.26030898
     75.44895401
     74.74346341
     74.58919712
     74.71523872
     74.71523872
     74.71523872
     74.71523872
     74.71523872
     74.71523872
     74.71523872
     74.82008243
     75.06710938
     75.17625948
     75.17625948
     75.49039353
     75.73856777
     75.68046882
     76.13478225
     75.61834718
     75.64384436
     75.64384436
     74.72105331
     75.02859018
     74.71525099
     74.71525099
     74.45566348
     73.91071817
     73.91071817
     73.96639452
     73.82177822
     73.79137429
     71.30709178
     71.30709178
     69.63662123
     69.63662123
     69.63662123
     72.49464532
     72.49464532
     72.49464532
     72.49464532
     72.49464532
     75.03247815
     72.56034004
     74.55096982
     74.55096982
     74.80608115
     74.96042522
     74.96042522
     74.96042522
     74.39565030
     75.05962249
     74.18497124
     73.34530986
     73.27661238
     73.27661238
     73.47165538
     73.47165538
     73.47165538
     73.84661079
     73.92628444
     73.95759504
     73.41021706
     72.02640085
     72.02640085
     72.02640085
     73.46869871
     74.14179783
     74.54928770
     74.04844875
     74.04844875
     71.36359920
     71.36359920
     72.88294349
     72.93511802
     72.93511802
     71.70960360
     73.91692042
     73.72388952
     73.72388952
     74.20364081
     74.09686636
     74.09686636
     74.09686636
     74.65459246
     73.91861143
     75.27513408
     74.57563589
     74.57563589
     75.42890519
     75.99903009
     75.55532448
     73.75636807
     70.90070467
     74.50365467
     75.37854551
     75.32413115
     75.38893658
     75.01670449
     74.68424126
     74.68424126
     74.94241601
     74.61629088
     74.51312813
     74.87234235
     74.57507489
     74.67589187
     74.60236152
     74.87700237
     75.02105943
     75.02105943
     75.02105943
     73.77267934
     74.48143925
     75.34460717
     75.59205414
     75.59205414
     75.45497587
     76.13826653
     75.32698791
     74.93995200
     74.93995200
     74.93995200
     74.93995200
     75.88684327
     75.88684327
     75.51836632
     75.51836632
     75.51836632
     75.13688819
     75.11436824
     75.69936556
     75.84829925
     74.65036871
     74.65036871
     74.65036871
     74.17165082
     74.17165082
     74.17165082
     76.27135118
     76.27135118
     76.40526559
     75.49445870
     76.36315181
     76.01832835
     76.01832835
     76.07515837
     76.07515837
     76.07515837
     76.16237692
     76.16237692
     76.16237692
     76.23851067
     76.54181173
     76.56604798
     76.55859803
     76.55859803
     76.46923046
     76.16392000
     75.87003455
     75.93728841
     75.65236976
     75.37572913
     75.66306922
     75.60454072
     75.60454072
     75.63994014
     76.36843313
     76.33791566
     76.33791566
     75.99902569
     75.93961324
     75.93961324
     75.86730101
     75.77990545
     74.63720021
     74.62889195
     74.30620456
     76.00017112
     76.24306039
     76.21231396
     76.21231396
     76.45074061
     76.43281602
     76.42784193
     76.47149313
     76.43427627
     76.03921893
     75.65559848
     75.65559848
     74.57232110
     74.57232110
     74.83345895
     73.07333373
     73.18028969
     73.18028969
     73.18028969
     73.18028969
     69.83261076
     70.64402423
     73.04828894
     73.56491906
     73.56491906
     73.41373048
     70.45029636
     72.54316470
     70.47705095
     70.47685609
     70.47685609
     70.47685609
     70.47685609
     69.57358314
     71.37169907
     71.37169907
     70.18830885
     72.62212218
     73.57937981
     73.66709761
     74.27220956
     73.05837377
     73.05837377
     73.05837377
     73.05837377
     73.56576717
     74.38634272
     74.38634272
     73.13548222
     73.13548222
     73.13548222
     75.08640774
     75.08640774
     75.08640774
     75.08640774
     75.08640774
     73.87684773
     73.87684773
     73.87684773
     73.87684773
     73.87684773
     74.66417002
     75.56684731
     75.49536568
     75.25173346
     75.61559932
     72.64412109
     72.64412109
     74.42444506
     73.87048841
     73.59226417
     73.59226417
     74.01814601
     74.57879715
     74.65538822
     74.65538822
     73.71874453
     73.42221517
     73.42221517
     74.66700508
     75.69123395
     75.71251153
     75.64529654
     74.82113466
     74.10282127
     73.92939766
     73.60724550
     74.14247236
     74.14247236
     74.46647114
     74.46647114
     74.77617146
     74.79856556
     74.79856556
     75.53607090
     75.52586711
     75.58358297
     75.98644877
     76.01735506
     76.23500342
     76.23500342
     76.28625567
     76.49343061
     76.57319332
     76.57319332
     76.57319332
     76.30472113
     76.35888292
     76.35888292
     76.33085138
     76.36611550
     76.26356677
     76.59401789
     76.58878322
     76.01538447
     76.01538447
     75.60591678
     75.60591678
     75.95638555
     76.15425531
     76.15425531
     76.02873212
     75.96070432
     75.93153216
     75.93153216
     75.93153216
     75.78762596
     75.78762596
     75.53763277
     75.78274091
     76.46325703
     75.54813587
     74.40482440
     74.55704207
     73.28786840
     73.94058062
     73.94058062
     75.12474106
     75.12474106
     75.12474106
     75.62235251
     75.08101641
     75.17867690
     75.35092846
     75.35092846
     75.35092846
     75.53291142
     75.53291142
     76.39155179
     76.63322560
     76.63322560
     76.63322560
     76.62567991
     76.62567991
     76.62906568
     76.61256899
     76.61256899
     76.61256899
     76.61256899
     76.60163457
     76.60163457
     76.62561266
     76.56917928
     76.60814194
     76.60814194
     76.60814194
     75.40391421
     75.40391421
     75.40391421
     74.97590209
     75.96725570
     76.14221269
     76.40738273
     76.00908064
     76.04617375
     76.05717982
     76.05717982
     75.59317117
     75.59317117
     75.60845028
     75.65466335
     75.65466335
     75.65466335
     73.98420179
     73.30679840
     75.49853015
     75.49608994
     75.49608994
     75.49608994
     75.87446973
     75.87446973
     76.31712991
     76.15612554
     75.68105070
     75.68105070
     75.93124260
     75.93124260
     75.93765321
     75.93765321
     75.57629082
     75.57629082
     75.67923329
     75.43688556
     75.37482459
     75.36535236
     75.79417733
     75.94584824
     75.94584824
     76.50828294
     76.50828294
     76.50828294
     76.19431491
     76.38432754
     76.43773860
     76.51737625
     76.57305909
     76.51408772
     76.57713021
     76.58510664
     76.58510664
     76.58510664
     76.50182265
     76.50182265
     76.50182265
     76.25575513
     76.25575513
     76.22858549
     76.41377943
     76.58697259
     76.58697259
     76.59616394
     76.46396173
     76.26379786
     75.90852111
     75.24029372
     75.24029372
     75.41145908
     76.17475815
     76.17475815
     76.11570440
     76.03578899
     76.06153947
     76.06153947
     76.06153947
     76.06153947
     75.34011587
     75.34011587
     75.34805958
     75.39270476
     75.57848373
     75.58088822
     75.58088822
     75.15255974
     75.15255974
     75.45724953
     75.45724953
     74.82991086
     75.38560819
     75.92265690
     74.82325830
     74.82325830
     74.84204722
     75.94501705
     76.01768749
     76.01768749
     76.01331117
     73.14845905
     75.50111385
     75.50111385
     75.50111385
     75.50111385
     75.50111385
     75.93437934
     76.06266014
     76.03305755
     76.17695209
     76.31654342
     76.07296348
     76.07296348
     76.07296348
     76.60626373
     76.60626373
     76.62964622
     76.62964622
     76.62101368
     76.62101368
     76.62101368
     76.62101368
     76.62101368
     76.62101368
     76.61170247
     76.61471109
     76.47700370
     76.47700370
     76.28771556
     75.80514291
     75.84770410
     75.84770410
     75.84770410
     75.84770410
     75.40335904
     74.67523419
     75.27292512
     75.27292512
     75.55767188
     75.55767188
     75.55767188
     75.55767188
     75.55767188
     74.91968680
     75.44626107
     75.44626107
     76.45156790
     76.47268936
     76.62966254
     76.62926095
     71.27743604
     72.39716001
     73.16866813
     72.66059642
     72.93516320
     72.85376505
     72.85376505
     74.28519959
     74.05989253
     74.85902755
     74.85902755
     74.18562530
     75.27699560
     75.15637083
     75.15637083
     75.15637083
     75.51986707
     76.10664162
     75.91840979
     75.91840979
     75.96253520
     75.25899472
     75.26040861
     75.92667347
     75.99578919
     75.73019719
     76.08731581
     76.33926829
     75.46206393
     75.46206393
     75.48305904
     76.38417685
     76.38417685
     76.37646083
     76.37646083
     76.21081908
     76.21081908
     76.21081908
     76.32484479
     76.31622897
     76.31622897
     76.31622897
     76.13919897
     76.16290593
     75.98315730
     75.98315730
     76.16828287
     76.11174231
     76.32307203
     76.32307203
     75.69425860
     75.89833358
     76.36901908
     76.36901908
     75.22758782
     75.41282139
     76.49210048
     76.39753679
     76.28380151
     76.10516772
     76.10516772
     75.48321527
     75.59100982
     75.59100982
     75.12510922
     75.21557601
     74.39802668
     73.59303304
     74.28197221
     75.31274371
     75.31274371
     75.31274371
     74.82150978
     72.73606213
     73.84831465
     73.46457373
     74.22338984
     74.53978662
     74.95144445
     75.29941830
     75.80413999
     75.71041095
     75.71479697
     75.61176204
     75.58099144
     76.27313862
     75.60700039
     74.92512399
     74.93760529
     75.52023611
     75.52023611
     76.07843388
     75.86029702
     76.16983306
     76.24047159
     76.24047159
     76.36056955
     76.10249965
     76.10249965
     75.91431783
     76.28779081
     76.29918319
     76.27254558
     76.01696236
     76.47967687
     76.47967687
     76.59288739
     76.40098877
     76.40098877
     76.56708834
     76.56708834
     76.57662371
     76.60818001
     76.60818001
     76.47629663
     76.61637649
     76.62005089
     76.59711239
     76.61744081
     76.61744081
     76.61888075
     76.61888075
     76.61888075
     76.61888075
     76.54677866
     76.48517495
     76.43894793
     76.49195156
     76.62819451
     76.63204678
     76.61699244
     76.52309674
     76.52309674
     76.47060561
     75.95165831
     75.95165831
     76.02563036
     76.02563036
     76.44954012
     76.38512005
     76.15180935
     76.15180935
     76.15180935
     76.15180935
     76.43075162
     76.39101870
     76.54671221
     76.54671221
     76.54671221
     76.46920068
     74.87464315
     74.87464315
     74.87464315
     74.21954386
     73.25822406
     73.25822406
     73.25822406
     72.94880058
     72.77723137
     72.77723137
     73.91464643
     71.14381833
     71.14381833
     73.54432092
     73.06645766
     73.80035787
     75.34832860
     75.51487667
     75.49628579
     75.53337315
     75.59660118
     75.56382498
     75.48041682
     75.52422350
     75.34028529
     75.62254707
     75.24851333
     75.14852305
     75.44029137
     75.44029137
     76.00470336
     75.46224802
     75.70374704
     75.46581827
     75.46581827
     75.23302834
     74.88023801
     74.79213080
     74.79213080
     74.63526698
     74.63526698
     74.93185627
     74.58972615
     75.06636266
     75.03582368
     74.76694735
     74.76694735
     75.12262752
     74.90926213
     74.90926213
     76.17562161
     76.17683919
     76.54385733
     76.56809944
     76.56809944
     76.56809944
     76.56809944
     76.56809944
     76.56809944
     76.55954915
     76.55982691
     76.56013698
     76.56013698
     76.47571368
     76.45829467
     76.53697979
     76.55911180
     76.03998090
     76.03998090
     76.10871395
     76.10871395
     76.10871395
     76.10871395
     76.10871395
     76.37695204
     76.34043695
     76.34043695
     76.34699645
     76.34699645
     76.13797778
     76.06498935
     76.06498935
     75.88864156
     76.18271331
     76.14770893
     76.14770893
     76.14770893
     76.14770893
     75.71233050
     75.69727329
     76.37042914
     76.32571680
     76.28522230
     76.28522230
     76.45337939
     76.45337939
     76.11339799
     76.11339799
     76.11339799
     76.41314197
     75.80843392
     76.40839647
     76.40839647
     76.40839647
     76.12554807
     76.12396665
     76.12396665
     76.12445428
     76.12445428
     76.18220144
     76.18220144
     75.79886826
     76.10698715
     75.93736805
     75.87833672
     75.70127599
     75.98695480
     75.98695480
     75.95564871
     75.95564871
     75.95564871
     75.95564871
     75.95564871
     76.14781845
     76.26438777
     76.26438777
     76.26438777
     76.24241346
     76.52366999
     76.48785923
     76.38129844
     76.33194472
     76.04932914
     76.03419855
     76.13041109
     75.74842641
     75.71516345
     75.92873167
     75.93571518
     76.42249050
     76.43455067
     75.82806253
     75.40633143
     72.96962609
     72.58516609
     72.08252623
     72.66250163
     72.66250163
     75.32578460
     75.57827666
     76.20328496
     76.20328496
     76.36004848
     76.51257205
     76.51887615
     76.60297139
     76.60297139
     76.57455423
     76.57455423
     76.55527626
     76.55527626
     76.55527626
     76.55527626
     76.55527626
     76.55527626
     76.55527626
     76.51012351
     76.54039049
     76.54039049
     76.49557047
     76.49557047
     76.28172550
     76.28172550
     76.40902142
     76.29362672
     76.29362672
     75.26130612
     75.44633760
     75.00945730
     74.74894631
     74.74894631
     74.34785345
     75.59910437
     75.68752483
     74.53233419
     74.53233419
     72.60361735
     72.60361735
     72.60361735
     72.60361735
     74.37817728
     74.37817728
     74.11581108
     74.69242951
     74.21154187
     74.62067677
     74.62067677
     73.22365795
     73.03599758
     73.03599758
     75.62266241
     75.99765337
     76.01264515
     76.18924591
     76.45612306
     76.45612306
     76.44607318
     76.55872561
     76.48227723
     76.48227723
     76.48227723
     76.34129880
     76.11002387
     76.03412856
     76.24326597
     76.20718181
     75.93765225
     75.95657273
     75.95657273
     75.71826064
     75.71826064
     75.59048429
     75.80993166
     75.80993166
     75.94490627
     75.91684847
     76.04657958
     76.23626374
     76.10482146
     76.29600104
     76.09210618
     75.33645135
     75.33645135
     75.33446950
     75.33446950
     75.33446950
     75.33446950
     75.92031427
     75.96780268
     75.93990460
     76.09430134
     76.01308499
     75.88408959
     75.93461072
     75.93461072
     76.21674601
     75.40492529
     75.13903816
     75.31234894
     75.31234894
     69.14001103
     70.67079619
     74.36018616
     74.36018616
     73.81355783
     73.81355783
     73.81355783
     73.81355783
     73.81355783
     73.90699840
     73.91168769
     74.88615432
     74.92433466
     75.14710562
     75.27226411
     75.27226411
     76.01554286
     76.01554286
     75.88189897
     75.84302525
     76.05685748
     76.06117945
     75.66702673
     75.50874678
     75.50874678
     75.81767824
     75.86680054
     75.86680054
     75.86680054
     75.86680054
     75.58976975
     75.48149405
     75.32591519
     75.32591519
     75.32591519
     75.32591519
     75.32591519
     75.56305094
     75.56305094
     75.56305094
     75.56305094
     75.56305094
     75.56552724
     75.68213133
     75.67081863
     75.67081863
     75.67081863
     74.61342606
     74.61342606
     75.62894692
     74.40572297
     75.14565525
     75.23325069
     75.40856041
     75.39325319
     75.71614225
     75.28751798
     74.87717577
     74.87717577
     74.87717577
     74.70149920
     75.64542826
     75.45639133
     75.45639133
     75.91174338
     75.80935460
     75.80935460
     76.30322693
     76.32561611
     76.07011002
     76.07011002
     76.08443460
     76.08443460
     76.08443460
     75.69216096
     75.69216096
     76.27832449
     76.29239263
     76.15884765
     76.16639960
     76.16639960
     76.19349173
     76.25590294
     76.25590294
     76.39141618
     76.42451723
     76.42451723
     75.46758286
     76.10033794
     76.10033794
     76.10033794
     76.18150330
     76.15063774
     76.02066062
     76.02066062
     75.71549837
     76.40601601
     76.49375646
     76.15182710
     76.16949725
     76.50827270
     76.50827270
     76.27908801
     76.07838485
     76.07838485
     76.04987227
     76.09318193
     76.09318193
     76.09144429
     75.87987917
     75.84960639
     76.36106551
     76.55780025
     76.57342799
     76.46672482
     76.43132565
     76.43132565
     76.43132565
     76.43132565
     76.44696156
     76.44947001
     76.45718988
     76.00754894
     76.00754894
     76.22146386
     76.28583341
     76.28583341
     76.53304212
     76.49107996
     76.54322064
     76.44706310
     76.44706310
     76.36695730
     76.36695730
     76.36695730
     76.36695730
     76.37842818
     76.55022685
     76.55022685
     76.54470637
     76.54470637
     76.54470637
     76.53026832
     76.53026832
     76.37486913
     76.28442966
     76.24000323
     76.21906563
     76.21906563
     76.20186860
     74.68729661
     74.95478059
     75.78517038
     75.51859908
     75.82789573
     75.82789573
     76.17617182
     76.35627662
     76.35627662
     76.35627662
     76.35627662
     76.35627662
     76.40756339
     76.21567572
     76.03719765
     76.20584207
     76.20584207
     75.94444673
     75.94444673
     75.94444673
     75.93766733
     76.29019855
     76.30707813
     76.33478246
     76.31456192
     76.31456192
     76.43428074
     76.35783298
     75.73634803
     76.24324766
     76.19565314
     75.65629270
     75.57994590
     75.60963449
     75.15848323
     74.61821377
     74.56963969
     74.56963969
     74.56963969
     74.44917263
     75.02541417
     74.05533480
     75.19383040
     75.89908195
     75.72129387
     75.64537637
     75.62726687
     75.69899053
     74.76390684
     75.01352493
     74.62759357
     74.62759357
     74.62759357
     74.62759357
     74.44664756
     75.12670895
     73.28844462
     73.74704051
     73.74704051
     72.76944139
     72.76944139
     73.10506382
     73.10506382
     72.86903433
     72.86903433
     74.29100484
     74.29100484
     74.29100484
     74.29100484
     75.46743710
     75.57648612
     75.57648612
     75.73308858
     75.17188107
     75.17188107
     75.17188107
     74.70570559
     74.83848967
     75.68775768
     75.68775768
     75.68775768
     74.78229197
     74.78229197
     75.02561417
     74.68968073
     75.05833822
     75.05833822
     75.24969401
     75.24969401
     74.78306380
     74.78306380
     74.73027081
     74.51977914
     74.51977914
     74.51977914
     74.51977914
     74.51977914
     74.51977914
     75.23426283
     74.38672992
     76.56626225
     76.56626225
     76.56626225
     76.55367563
     76.59260552
     76.42824224
     76.42824224
     76.39179704
     76.39179704
     76.43199234
     76.43199234
     76.43199234
     76.43199234
     76.43199234
     76.22900190
     76.22900190
     76.22241614
     76.31325437
     76.31325437
     76.24088964
     76.24088964
     76.24088964
     76.26693105
     76.31885380
     76.32053026
     75.95026443
     76.01814190
     76.13805535
     76.35130112
     76.27395208
     76.35717589
     76.35717589
     76.40682175
     76.29449577
     76.29449577
     76.29449577
     76.31919747
     76.31919747
     76.31919747
     76.31919747
     76.31919747
     76.30567073
     76.32597007
     76.32597007
     76.59983235
     76.62833803
     76.62833803
     76.62833803
     76.63499153
     76.51007567
     76.43343186
     76.43343186
     76.43343186
     76.43343186
     76.43343186
     76.37342727
     76.37342727
     76.53100165
     76.53100165
     76.54983595
     76.54983595
     76.53036413
     76.52917201
     76.52917201
     76.54496233
     76.54496233
     76.56054639
     76.58169966
     76.44473678
     76.52856689
     76.33554112
     76.41197098
     75.96288955
     75.86626757
     75.84746701
     75.93231278
     75.93272877
     75.89956190
     75.55981910
     75.55981910
     75.57098398
     75.98297211
     76.01083020
     76.01049747
     76.01049747
     75.41007875
     75.95459359
     76.17810395
     76.44527717
     75.99267257
     75.11607555
     76.06153955
     76.06153955
     76.06153955
     75.83169355
     75.87225473
     76.16867160
     76.15288112
     76.14618850
     75.83229122
