    140.95818914
    140.99372732
    140.91085691
    140.98611977
    140.38251634
    140.33073082
    140.33073082
    140.79638369
    140.86252410
    140.86252410
    141.15103773
    141.13231377
    140.52280206
    140.52280206
    140.54648890
    140.41022003
    140.18797677
    140.18797677
    140.18797677
    140.18797677
    140.73135996
    140.26324102
    140.54539149
    138.16852750
    137.53060557
    137.53060557
    137.78785912
    138.91413113
    138.91413113
    138.91413113
    138.41144523
    140.46449626
    140.22582899
    140.42023781
    140.42023781
    140.40821808
    139.40746197
    139.40746197
    138.09686776
    138.07368868
    138.07368868
    140.55654276
    140.56776166
    140.86663502
    141.25914291
    141.05303954
    140.89904653
    140.89904653
    141.08313004
    141.10475255
    141.13588930
    141.11519629
    141.02663646
    141.02663646
    140.90500014
    140.90500014
    140.90500014
    140.91298387
    140.28268704
    140.28268704
    139.81811797
    139.81811797
    139.81811797
    139.29997418
    139.29997418
    139.29997418
    139.34432649
    139.34432649
    139.34432649
    139.34432649
    140.39767262
    140.39767262
    140.39767262
    140.35637549
    140.25915858
    140.62471610
    140.62471610
    140.62471610
    140.62471610
    140.44466295
    140.44466295
    139.87025106
    139.14917685
    139.14917685
    139.14917685
    140.57198037
    140.57198037
    139.81414650
    140.19706784
    140.19706784
    140.14925123
    137.88025584
    137.88025584
    138.91876285
    141.24394389
    141.24394389
    141.23113557
    141.21697007
    141.21715443
    141.21715443
    137.27975223
    136.24354516
    136.24354516
    139.89236197
    137.10537112
    139.18901686
    140.52859707
    139.64921774
    139.97443801
    139.97443801
    139.74219490
    140.01471398
    140.01471398
    140.01471398
    140.56050552
    140.29563809
    140.10699421
    140.87752306
    140.67930228
    140.67930228
    140.71427456
    140.71427456
    140.48565130
    140.48565130
    140.41418802
    140.41418802
    140.80958452
    140.90659269
    140.65721478
    140.58828779
    140.58828779
    140.85516325
    140.62256351
    141.08403350
    141.21310101
    140.59023076
    141.12406365
    140.94542804
    141.12072565
    140.72864163
    141.02244005
    141.02244005
    141.04604535
    141.14754074
    141.15445283
    141.23626012
    141.11227556
    140.73338050
    140.73338050
    140.73338050
    140.24310968
    140.68049724
    140.58596491
    140.58596491
    140.55904372
    140.55904372
    140.23352792
    140.18247968
    139.96920176
    140.14967947
    140.14967947
    139.30545669
    139.39526305
    140.22155101
    139.78120568
    139.78120568
    140.40163043
    140.63510818
    140.15521844
    140.15521844
    140.62895773
    140.92517463
    140.92517463
    140.56032291
    140.56032291
    139.79995691
    140.19456058
    140.29897376
    140.27893933
    139.47656940
    139.53897429
    140.05147535
    139.95307677
    140.69406396
    141.03565918
    140.87964687
    140.17790700
    140.64100270
    140.64100270
    141.12276060
    141.12276060
    141.08175016
    140.76767877
    140.89377454
    140.89377454
    140.89377454
    141.20755788
    141.25516597
    141.24395902
    141.23893198
    140.57707223
    140.63179406
    140.31346453
    140.31346453
    140.23721747
    140.65747200
    140.65747200
    140.55571332
    140.55571332
    141.07698619
    140.79621543
    140.79621543
    139.66911807
    137.91460785
    138.84555225
    138.84555225
    140.07218926
    140.07218926
    139.19518381
    140.72047458
    140.92376344
    140.93470188
    140.93456559
    141.13091856
    141.13091856
    141.13091856
    140.94346967
    140.52131945
    140.01156056
    140.01156056
    139.61323690
    139.61323690
    139.00624790
    139.00624790
    139.00624790
    139.47537019
    139.47537019
    139.47302638
    140.87750451
    141.09506198
    141.09506198
    141.09506198
    141.23629517
    140.91416391
    140.87553074
    140.87553074
    140.87553074
    140.91166161
    140.82551299
    140.82551299
    140.79415168
    140.49739628
    140.49739628
    140.47913493
    140.73653385
    140.73653385
    140.96354309
    140.96354309
    141.07935610
    140.49816635
    141.18245885
    141.18102312
    141.26431607
    140.75492409
    140.75492409
    140.75492409
    140.75492409
    141.08740113
    140.82870441
    141.26887393
    141.11433279
    141.07458987
    141.07458987
    141.07458987
    140.99581521
    140.72265166
    141.01729706
    140.71765880
    140.82898586
    141.06011851
    141.21048337
    141.03642871
    141.08890735
    141.26312981
    141.26642089
    141.12129275
    141.12129275
    141.12129275
    140.99481214
    141.03569323
    140.96281616
    141.23323764
    140.99638642
    141.00895710
    140.72717453
    140.21838537
    140.21838537
    140.14064485
    140.00263502
    140.19926283
    141.05463072
    141.19854999
    141.14830843
    141.14830843
    141.16927543
    141.11052952
    140.83848801
    140.83848801
    140.75924363
    140.45693719
    140.45693719
    140.45617825
    140.45617825
    140.55991239
    140.55991239
    141.18815120
    141.18815120
    140.83308386
    140.59367810
    140.76907507
    140.50088042
    140.48951625
    140.67659056
    141.18994990
    141.18994990
    140.70426863
    141.25768956
    141.18696201
    141.15927468
    141.10830812
    139.64606029
    139.64606029
    140.20207448
    140.66718430
    139.85527470
    139.99870096
    139.11844183
    139.11844183
    138.41481356
    138.18546085
    138.18546085
    138.18546085
    140.14330992
    140.14330992
    140.14330992
    140.20128320
    140.34434751
    140.39149476
    140.36716122
    140.36716122
    139.40283503
    141.04526095
    140.92981182
    140.31911640
    140.55091925
    140.78126920
    140.85099924
    140.74153886
    140.74153886
    140.77136130
    141.16139130
    141.22278743
    141.22278743
    141.18184579
    141.18184579
    141.16140428
    141.14581192
    141.18805858
    140.08563709
    140.26414335
    140.26414335
    139.85597316
    140.06868104
    140.06868104
    140.89339938
    140.89339938
    140.89339938
    140.87799888
    140.87799888
    140.88015627
    140.88015627
    139.73211773
    140.11213521
    140.61226330
    140.61226330
    140.81509744
    140.81509744
    141.16945790
    140.69858615
    140.15085987
    140.02942690
    139.69109640
    140.88547656
    140.88100834
    140.89172360
    141.18426526
    141.18426526
    141.21138231
    141.21138231
    140.81005233
    140.07881985
    140.07881985
    140.83985379
    140.71812834
    141.17044534
    141.17044534
    141.18324712
    141.18324712
    141.25562133
    141.25562133
    140.74814642
    140.74814642
    140.74814642
    140.91173756
    140.01905414
    139.86067442
    139.61703263
    139.44434252
    137.91212317
    138.15412705
    138.15412705
    138.15412705
    137.55419275
    137.55419275
    137.02339101
    137.02339101
    139.44499672
    140.14624284
    140.50961305
    140.50961305
    140.78172634
    140.78172634
    140.78172634
    140.99304881
    141.02638546
    141.24284857
    139.86252963
    140.23545203
    140.23545203
    140.23545203
    140.72274294
    140.21714208
    140.24863988
    139.33739570
    139.33739570
    139.74878342
    139.74878342
    139.75911551
    140.45751545
    140.59309636
    139.47692096
    139.74064772
    139.97018636
    139.97018636
    140.31618691
    140.31618691
    140.51792882
    140.51792882
    141.03231946
    141.18958976
    140.86881284
    140.78662454
    141.08767880
    141.08767880
    141.08767880
    141.22257673
    141.21880304
    141.21880304
    140.26561809
    140.26561809
    140.12778571
    140.12778571
    139.48672794
    139.48672794
    139.48672794
    139.48672794
    139.12313867
    139.90092995
    139.90092995
    139.14237689
    139.14237689
    138.00287813
    138.00287813
    141.07925679
    141.10136725
    141.10136725
    140.96903359
    141.22448587
    141.05991413
    141.05991413
    140.96350626
    141.17233686
    141.25346890
    140.63894963
    140.92636434
    140.17147551
    140.14157636
    140.14157636
    140.14157636
    141.20349247
    140.56108280
    140.37289269
    140.76322914
    140.76322914
    140.86364638
    138.29965857
    138.29965857
    137.16570518
    137.16570518
    137.73413606
    137.73413606
    138.30964000
    140.16643848
    140.16643848
    139.18732301
    138.65818745
    138.65818745
    138.65818745
    138.65818745
    140.17700239
    141.07126034
    141.23887840
    141.25694742
    141.22594990
    140.83989962
    140.83989962
    140.82612911
    140.82612911
    140.82612911
    140.98013239
    141.03813329
    140.80050439
    140.80050439
    140.80050439
    140.80050439
    141.08068766
    141.08068766
    141.25109891
    141.25109891
    141.25109891
    141.22222821
    140.20153211
    141.14061953
    141.14061728
    141.14061728
    140.60762171
    140.76083889
    140.79332792
    140.96225129
    141.20856656
    140.50952511
    140.70288089
    140.41977004
    140.55750152
    140.58691993
    139.93786770
    140.08926847
    139.73469937
    137.51921714
    137.51921714
    137.51921714
    137.51921714
    139.89384461
    140.91841189
    140.91841189
    140.37035754
    140.37035754
    139.47975897
    139.88632594
    139.88632594
    139.88632594
    140.42064086
    139.91572018
    140.14383973
    139.99431365
    140.18336676
    140.18336676
    140.50939184
    141.00186495
    141.04472769
    141.24544737
    141.24544737
    141.22817673
    141.22925453
    141.22925453
    141.22916797
    141.23230465
    141.11266708
    141.15317539
    141.17191968
    141.17505983
    140.69557794
    140.36056157
    140.21175804
    140.21175804
    140.66010248
    140.66010248
    140.24895539
    139.90462235
    140.23102018
    141.05174533
    141.05174533
    140.78608153
    140.78608153
    140.64348921
    141.25359574
    141.18645222
    141.14270842
    141.14270842
    140.98201128
    140.60414523
    140.83096555
    140.87439609
    141.12635217
    140.98928838
    140.95577144
    140.95069754
    141.00367597
    141.14826257
    141.12885740
    141.13530996
    140.97884608
    141.19857088
    141.21250134
    140.90075741
    141.24073736
    141.24073736
    141.24073736
    141.24073736
    141.25187650
    141.25187650
    141.25538624
    141.04765400
    141.02393425
    141.00602569
    140.98094190
    140.98094190
    140.98094190
    140.98094190
    140.42341616
    139.31892547
    139.75748709
    139.86649045
    139.92380861
    139.92380861
    140.04646310
    140.19456285
    140.19456285
    140.63535960
    139.90247649
    140.93783110
    140.10622331
    139.37111362
    140.00415562
    140.00415562
    140.52791076
    139.98261134
    139.98371232
    140.01477907
    140.74207136
    140.74207136
    140.57016272
    140.52355746
    140.39879480
    140.39879480
    140.43383276
    140.43383276
    140.65923781
    140.23176998
    141.18621313
    141.18621313
    141.18621313
    140.97190540
    140.99090047
    140.99090047
    141.02259748
    141.02623323
    140.93892208
    140.93892208
    140.93892208
    140.93892208
    140.96237884
    140.96237884
    141.10574226
    140.52343309
    138.08035670
    138.08035670
    138.08035670
    138.08035670
    138.08035670
    138.08035670
    141.22005778
    141.08900847
    141.08739764
    141.11281974
    140.96758141
    140.96758141
    141.02481961
    140.89096766
    141.07479672
    140.79752745
    140.91245857
    140.68876953
    140.31742254
    140.49814589
    140.35408706
    140.13349108
    138.97204153
    138.97204153
    139.63594901
    139.63594901
    139.63237821
    139.00403422
    139.00403422
    138.59563440
    138.90367265
    138.90367265
    138.90367265
    140.24879795
    140.24879795
    140.24879795
    140.22379769
    140.22379769
    140.22379769
    141.02199795
    141.19173555
    140.67223955
    140.42532541
    140.51191011
    140.51191011
    140.50692243
    140.50692243
    140.79223704
    140.79223704
    140.73365352
    141.12777431
    141.13588493
    141.26605009
    141.27173569
    141.26685307
    141.26682330
    141.23637115
    140.67547701
    140.75492605
    140.75492605
    140.84578671
    140.84578671
    141.17068728
    141.08708972
    141.08708972
    140.42065252
    140.42065252
    140.47772375
    140.51759411
    140.98945420
    141.09685517
    140.69794151
    140.70376781
    140.74129084
    140.80553348
    140.98905047
    141.05510454
    141.02088399
    140.03882429
    140.03882429
    140.06794169
    139.95986603
    140.38522200
    140.77678971
    139.04435385
    138.49119306
    139.24113331
    139.24113331
    138.87230887
    138.87230887
    138.87230887
    138.87230887
    138.87230887
    138.87230887
    140.03926908
    140.98099489
    141.21366483
    141.21207570
    141.02113417
    140.91441674
    140.91441674
    140.68673580
    140.81364644
    140.62173175
    140.79379903
    140.79379903
    140.98567905
    141.11480378
    140.35692090
    140.03445865
    140.03445865
    140.67305932
    140.62678571
    140.62905078
    140.61610852
    140.75266117
    140.75266117
    140.74553120
    140.74553120
    140.44236849
    140.44236849
    140.48689812
    141.23275426
    141.23275426
    141.23275426
    141.22377704
    141.21174060
    141.20515050
    141.25324308
    141.24814699
    139.74810942
    139.74810942
    139.65352956
    140.41859636
    140.23237271
    140.23237271
    139.15961202
    139.68247754
    139.68247754
    139.88851638
    139.85017896
    138.43386886
    138.43386886
    138.43386886
    138.91275276
    140.52054254
    141.08642316
    140.97936985
    141.19523963
    141.19523963
    141.19813673
    141.24638271
    140.57198154
    141.18882548
    141.13663800
    141.26294556
    141.26294556
    141.26294556
    141.14238485
    141.17091096
    141.17091096
    141.08867122
    140.77684890
    140.84240410
    141.05126250
    141.26424367
    141.26424367
    141.22378690
    141.24267902
    141.24267902
    141.23579719
    141.03503642
    140.80152009
    140.80152009
    140.80152009
    141.02213463
    141.02213463
    141.02213463
    141.07895231
    141.12754901
    140.18321994
    139.93054344
    139.36553566
    140.55706556
    140.49664600
    140.43772929
    140.43772929
    140.44191085
    140.44191085
    140.99399428
    140.19892476
    140.18246182
    141.20858308
    141.14377583
    141.25169404
    141.25169404
    141.21402650
    141.23419566
    141.23419566
    140.63733805
    140.94748157
    140.46121225
    141.20274290
    141.18844351
    141.18844351
    141.18844351
    140.99047739
    141.01876958
    140.53472137
    140.53472137
    140.54684431
    140.54684431
    139.79718207
    140.62772971
    141.03910152
    138.51746875
    138.51746875
    138.57237037
    138.57237037
    138.42670685
    139.47751056
    139.48722093
    139.48722093
    139.48722093
    139.25978009
    139.25978009
    139.66523880
    139.66523880
    139.39447713
    140.88572101
    141.01786245
    139.88258927
    139.50328361
    139.50328361
    139.50328361
    139.50328361
    140.52434662
    139.83680160
    140.02971612
    140.25025363
    140.25025363
    140.13734921
    140.19432611
    140.19432611
    140.67080492
    140.73256164
    140.68429323
    140.52114240
    140.52114240
    140.52114240
    140.71292617
    140.26162586
    140.19410795
    140.19410795
    140.19410795
    140.52774315
    140.52774315
    140.96302296
    140.02570210
    139.36904945
    139.36904945
    139.36904945
    140.23117456
    140.23117456
    139.52358759
    140.29150778
    140.37612651
    140.48803335
    140.78082253
    141.01324047
    140.66131533
    140.59665755
    140.59665755
    140.95557365
    140.88293879
    140.88293879
    140.92414861
    140.98092133
    140.98092133
    140.84313044
    140.88763663
    140.32892337
    140.32892337
    140.49222838
    140.49222838
    140.49222838
    140.49222838
    140.58623852
    139.78277847
    140.11813520
    139.45802416
    141.27062332
    141.12137162
    141.17782892
    141.12743492
    140.78148666
    140.80319962
    140.73304382
    140.73864092
    140.73864092
    141.10690097
    141.10243675
    141.01639116
    141.01639116
    140.72821523
    140.74100494
    140.31172282
    140.31172282
    140.31172282
    140.31172282
    140.23483309
    140.90785237
    140.90739868
    140.56174252
    140.97001785
    141.00848927
    140.95480963
    140.96379703
    140.96379703
    140.79929475
    140.92779950
    140.84087029
    140.84087029
    140.84076795
    140.71187648
    140.21454146
    140.21454146
    140.87990470
    140.87990470
    139.97013598
    140.71184587
    140.65350445
    140.52699709
    140.52699709
    140.96348307
    140.97865149
    140.92139463
    140.92139463
    139.04338494
    139.04338494
    139.04338494
    139.04338494
    139.18339128
    139.18339128
    139.28514620
    139.24050532
    139.24050532
    140.35448224
    140.45421859
    140.45421859
    140.40870822
    141.04557612
    141.05134029
    141.20957333
    141.23621697
    141.23621697
    141.02340879
    140.60022058
    140.60022058
    140.69269860
    140.51573319
    140.58140779
    140.59446797
    140.59446797
    140.59446797
    136.26041324
    136.26041324
    136.29896529
    136.80356449
    136.80356449
    136.80356449
    138.89917084
    139.43777998
    139.57883815
    140.17400521
    140.16814755
    140.39384215
    140.85429069
    140.85429069
    140.85429069
    140.10673367
    140.10673367
    140.82707468
    140.65124790
    138.29162774
    138.37078185
    140.16663037
    140.18303224
    140.27811197
    140.85366795
    141.19501168
    140.50722354
    140.50722354
    140.50722354
    140.57004429
    140.57423252
    139.70107917
    138.29728767
    137.40832537
    137.40832537
    137.63265587
    139.20004183
    139.90566061
    138.94773645
    139.50885588
    139.50885588
    139.49786331
    139.49786331
    139.49786331
    139.99108786
    139.99108786
    139.99108786
    139.99108786
    139.90748414
    139.90748414
    141.13459699
    141.08241800
    141.08241800
    140.99869287
    140.99869287
    140.99869287
    141.01057612
    141.11665377
    140.95237491
    140.95237491
    139.81597960
    138.98140740
    138.98140740
    136.54111737
    136.54111737
    136.54111737
    137.23991770
    139.82202636
    139.82202636
    140.70629370
    140.43173357
    140.92562963
    140.92562963
    140.87894815
    140.87346409
    141.06407949
    139.86635274
    139.86635274
    139.86635274
    139.95659619
    139.95659619
    139.95659619
    139.79794371
    140.45910758
    140.45910758
    140.38477752
    139.58760265
    139.99331229
    140.20146179
    140.18772313
    140.18772313
    140.35323008
    139.43419608
    140.77156183
    140.88974951
    141.24531176
    141.24531176
    141.23926570
    141.25901271
    141.11609702
    141.00361557
    140.97245712
    139.83277891
    139.83277891
    141.21723457
    141.19053778
    141.19053778
    141.19053778
    141.22722824
    141.20384929
    141.23993771
    141.23275137
    141.23275137
    141.19782063
    141.19884783
    141.19884783
    141.19884783
    141.12730009
    141.23063941
    141.18712968
    141.19155250
    141.18651031
    140.59847606
    140.35167267
    140.50482159
    140.50482159
    139.08135490
    139.66486298
    138.51459685
    139.99435036
    140.81036333
    141.01839294
    140.80419037
    140.52336825
    136.45441180
    136.45441180
    139.90987404
    140.46719002
    139.95072779
    139.95072779
    139.95072779
    140.20659494
    140.20659494
    140.30228250
    140.30228250
    139.91594832
    140.94101430
    140.94101430
    140.91384630
    140.91384630
    141.13847069
    139.77638240
    139.77638240
    139.77638240
    139.91243529
    140.46463558
    140.46463558
    140.56687057
    140.30843104
    140.74358948
    140.43745991
    140.59107212
    140.59107212
    140.97459552
    140.97459552
    140.75262108
    140.50971561
    140.41828327
    140.41828327
    140.86204146
    141.15378656
    141.15378656
    141.24623186
    141.13149831
    140.87262036
    140.87956512
    140.13723663
    139.68091138
    139.70038531
    139.70038531
    139.70038531
    140.09429931
    140.09429931
    140.09429931
    140.09429931
    140.09429931
    139.16564239
    139.81353407
    139.81353407
    139.81353407
    139.81353407
    139.81353407
    140.16037768
    140.79281222
    140.48770481
    140.48879546
    140.93703794
    141.10804912
    140.75931255
    140.75931255
    140.08835524
    140.84809499
    140.96931592
    140.97085207
    140.97085207
    140.97085207
    139.17264434
    139.17264434
    140.47716956
    139.89895788
    138.72332708
    140.75210607
    140.75210607
    141.27370756
    140.25008057
    140.59516117
    140.59516117
    140.83911018
    140.83911018
    141.04966241
    141.06610888
    140.96720080
    140.96720080
    140.96720080
    140.59511889
    140.78680714
    140.78680714
    140.78680714
    141.14379802
    141.14868152
    141.14868152
    141.07956347
    141.00140806
    141.07658154
    141.05382463
    140.88671998
    140.57358786
    140.47040603
    140.06319608
    140.06319608
    140.06319608
    139.96497777
    139.96497777
    139.96497777
    140.20610892
    140.63834190
    140.63859124
    140.80557814
    140.79524974
    140.79524974
    139.15563834
    139.75536801
    140.28907382
    140.87733324
    140.95742001
    140.14402850
    140.49484199
    140.23951710
    139.62690626
    140.04332201
    140.04332201
    140.77136313
    139.78581525
    139.78581525
    139.78581525
    139.78581525
    138.90565972
    140.70510077
    140.68305490
    139.53142843
    139.97203876
    140.68373107
    141.23071178
    141.23553785
    141.18117048
    141.23490797
    141.21968080
    141.07626336
    141.07401383
    141.16628877
    141.11045993
    140.53442490
    140.53442490
    140.18836301
    139.98472656
    140.07703020
    140.89215932
    140.89215932
    141.12292422
    140.82658107
    140.82658107
    140.09678197
    140.88697335
    140.88697335
    140.88697335
    140.88697335
    140.88697335
    140.33952126
    140.14195674
    140.14195674
    139.45670000
    138.84768899
    138.84768899
    139.83699683
    139.83699683
    141.02589776
    141.02589776
    140.46417881
    138.98851162
    138.98851162
    138.98851162
    139.56282209
    140.29819812
    140.29819812
    140.86868523
    140.89208349
    141.16644431
    140.90051106
    140.91666404
    141.04762198
    140.83887764
    140.16498836
    140.16498836
    140.16498836
    140.16498836
    140.16498836
    139.10933916
    139.69822844
    140.95376069
    141.00427311
    140.99702250
    140.99702250
    141.06973596
    141.06937321
    140.97392500
    140.92619934
    140.92619934
    141.12818187
    141.12818187
    141.11627445
    141.11627445
    141.07415792
    141.16463552
    140.18186567
    140.27591312
    140.73388140
    140.73388140
    141.15868956
    141.11467465
    141.05505817
    139.80041738
    139.87975028
    137.53754544
    137.53754544
    139.18902229
    140.01739556
    139.11878270
    139.11878270
    139.42558462
    138.93402303
    138.93402303
    138.93402303
    141.03046798
    141.03046798
    141.02885997
    140.97667214
    139.88861477
    141.04331714
    140.64121221
    140.71213223
    140.71213223
    140.71213223
    140.66157216
    139.90151074
    140.52229141
    140.62137578
    138.82950629
    138.82950629
    137.16761846
    136.93984706
    136.93984706
    138.11444117
    139.14381491
    140.32958713
    139.85161915
    140.19267430
    140.19267430
    138.87453618
    138.87453618
    138.75952159
    138.75952159
    138.75952159
    138.75952159
    138.75952159
    140.09245563
    139.62457128
    140.72890781
    140.68823774
    140.36080584
    140.10513509
    141.00186421
    141.00186421
    141.09592980
    141.09592980
    141.13533374
    140.93841707
    140.52037325
    140.96128112
    140.96128112
    140.96128112
    140.24639071
    140.55652534
    140.55652534
    140.55652534
    140.22245322
    141.23139839
    141.22835996
    141.25641866
    141.25641866
    141.25772947
    141.25772947
    141.25772947
    141.25772947
    141.25772947
    141.25926209
    140.91469134
    140.91899093
    141.11333165
    139.69914350
    140.07016325
    140.92371727
    141.08679535
    141.21471627
    141.21471627
    141.21471627
    141.19914660
    141.21523348
    141.26744319
    141.03043162
    141.03043162
    141.01190216
    140.89318503
    139.57504521
    139.49145700
    139.49145700
    139.49145700
    140.04478650
    139.75115603
    139.75115603
    139.74394625
    141.25266714
    141.16869315
    141.16869315
    141.19217821
    141.08011154
    140.96446237
    140.97967055
    141.12982019
    140.93005166
    140.94963451
    140.42003032
    140.28304982
    140.28304982
    140.28304982
    140.70466599
    140.70466599
    140.88304778
    140.12195792
    140.34272129
    140.08145028
    140.95919743
    140.95919743
    141.09086706
    141.05814798
    140.72983432
    140.72983432
    140.93084666
    140.93084666
    141.03159863
    140.97561989
    140.91700446
    140.01111888
    140.01583803
    140.01583803
    140.87684239
    140.79644351
    141.16330500
    141.16150140
    141.17085739
    140.35070262
    140.35070262
    140.55921011
    139.80989152
    139.80989152
    139.80989152
    139.80989152
    139.80989152
    139.70400632
    140.54653291
    140.69895567
    139.28616592
    138.44990273
    138.92811138
    138.85355130
    138.85355130
    140.26726117
    139.73773097
    139.73773097
    139.06165785
    141.10684101
    141.12449319
    141.10364822
    141.05554528
    140.96763628
    140.81743864
    140.81743864
    140.74092123
    140.33383166
    140.23012457
    141.12171167
    141.15139785
    141.20177743
    141.20177743
    141.20177743
    140.72688329
    140.01826326
    140.93623358
    140.93623358
    140.40950186
    139.80792036
    139.80792036
    139.80792036
    139.80792036
    140.81892663
    140.85611551
    140.48433510
    140.48433510
    140.99452595
    140.48715288
    140.84036299
    141.19471403
    141.05336254
    141.06221522
    141.01769430
    141.19537913
    141.19537913
    140.87594020
    140.87594020
    140.87594020
    140.94448045
    141.07554655
    141.05414748
    141.22185131
    141.06188898
    141.07307384
    141.18521322
    141.05475389
    141.15776107
    141.04815784
    140.94911162
    140.42672901
    140.42672901
    140.41276853
    140.38228203
    140.36232477
    140.39993097
    140.80721767
    140.31406776
    140.34332196
    140.67701667
    140.67701667
    140.69369370
    140.92703328
    141.07294330
    140.72243783
    140.73879565
    140.73879565
    140.73879565
    140.81723983
    139.90488947
    139.90488947
    139.78603966
    136.86324922
    136.86324922
    136.86324922
    136.86324922
    137.66562591
    139.24716851
    138.53738985
    138.53738985
    140.10473087
    140.10473087
    138.33480819
    138.33480819
    138.33480819
    138.33480819
    138.15310299
    138.15310299
    138.15310299
    138.15310299
    140.98842164
    140.95380295
    140.84320328
    140.84320328
    140.79638208
    140.79642056
    140.81846196
    140.93941995
    140.97583789
    140.97322252
    140.93817496
    140.91938424
    141.12034469
    141.10713921
    141.11560646
    141.11560646
    141.10972973
    140.91615347
    140.79037423
    140.79037423
    141.18758768
    140.86530920
    140.72617048
    140.11119853
    140.11119853
    140.11119853
    140.11119853
    139.73700630
    139.73700630
    138.92544259
    139.22118793
    139.18238795
    139.78677110
    140.31410982
    140.24447839
    140.24447839
    140.53069744
    140.57869698
    140.20548157
    140.20548157
    140.20548157
    140.61445402
    140.42464751
    140.13064565
    140.12498995
    140.12498995
    140.12498995
    140.12498995
    140.12498995
    140.53190590
    139.50546187
    140.18589846
    139.51522141
    139.57126581
    139.57126581
    139.57126581
    139.82162394
    139.41600294
    140.38697299
    140.38697299
    140.45081646
    140.37941824
    141.04802001
    141.04802001
    141.05630949
    140.69119012
    140.53488116
    139.26712549
    139.09479910
    139.33649162
    137.67441702
    137.67441702
    137.46269149
    139.79195019
    139.79195019
    139.79215167
    140.87107980
    140.54046938
    140.93244179
    140.93244179
    141.01013487
    141.01013487
    141.15714951
    140.49126680
    139.96377489
    140.09233347
    140.09233347
    140.15361246
    140.02023973
    140.02023973
    139.75655994
    138.71816106
    140.04083132
    140.31743257
    140.31190657
    140.31190657
    139.39778132
    139.39778132
    139.39778132
    139.39778132
    138.14253974
    138.14253974
    140.36306720
    140.27160051
    139.38826302
    139.40973001
    140.08109280
    140.50108198
    141.00250587
    141.00211956
    140.92759888
    140.95292483
    140.43080657
    140.53401804
    140.53401804
    140.83130644
    140.38529647
    140.38529647
    140.59346938
    140.59346938
    140.78023066
    141.26126882
    141.26061620
    141.26061620
    140.83173317
    141.01864027
    141.01864027
    141.01864027
    140.06196826
    140.80418414
    141.14267732
    141.04212456
    140.86462969
    140.80126485
    139.58068396
    139.63657681
    139.63657681
    139.31003845
    139.31003845
    137.58893478
    140.38577451
    140.51984475
    141.19383194
    140.65626580
    140.81032531
    140.88798495
    140.68687560
    140.68687560
    140.86043260
    140.86043260
    140.11607211
    140.03603405
    141.09249113
    140.78945524
    140.78945524
    140.78945524
    140.87619515
    140.56452254
    140.56452254
    140.42315485
    140.35067237
    139.60824979
    139.42714510
    138.99899596
    138.99899596
    138.64440869
    138.64440869
    138.64440869
    138.64440869
    138.68411348
    139.68328561
    139.68328561
    140.27266940
    140.27266940
    140.27266940
    140.35618455
    140.73827890
    140.73827890
    138.48323931
    137.66987683
    140.34927013
    139.60441920
    139.60441920
    139.14562369
    139.14562369
    139.14562369
    139.14562369
    139.14562369
    139.14562369
    138.67650995
    140.53933420
    140.53933420
    140.76445868
    140.47680270
    140.82514083
    140.79540312
    140.79540312
    141.16073475
    140.99283336
    140.84482664
    141.11919410
    141.11002673
    141.11209710
    140.67027536
    140.12991119
    140.67603367
    140.67603367
    140.67603367
    140.67490910
    140.72847959
    140.58280968
    140.49963343
    139.85887735
    139.85887735
    138.23379463
    138.23379463
    138.71151283
    138.41281635
    138.97927729
    139.38297900
    139.38297900
    137.36264026
    138.51408828
    136.46754076
    136.46754076
    135.54940180
    137.50377793
    137.50377793
    137.50377793
    140.13342896
    140.13342896
    140.29337077
    140.29337077
    138.60543123
    139.00617371
    137.61810496
    137.14160181
    137.93378795
    137.61940178
    137.61940178
    139.62789252
    140.91049808
    140.88919556
    140.89554680
    140.86551825
    140.41067038
    141.00442125
    140.99713105
    140.49008916
    140.96239557
    140.23689542
    140.03561911
    140.03561911
    140.73058797
    140.60817707
    140.60817707
    140.56454168
    140.56454168
    140.41636843
    140.65271225
    140.71819078
    140.26604883
    140.26604883
    140.38629431
    139.41848566
    138.18003219
    138.18003219
    138.18003219
    139.10658092
    138.86762458
    138.86762458
    138.42666566
    138.42666566
    138.20216178
    138.82660525
    139.19362871
    139.20901667
    139.20901667
    139.20901667
    140.07069101
    140.07069101
    140.07214318
    140.78324525
    140.78333154
    140.73405372
    140.73405372
    140.60702641
    140.11093453
    140.15420025
    140.35254054
    140.63367942
    140.48289883
    140.48289883
    140.25896939
    140.79414579
    140.56347499
    140.66385127
    140.35290417
    140.69949116
    140.97423776
    139.69848463
    137.40730927
    139.63895768
    138.18170114
    138.18170114
    137.87283483
    137.87283483
    136.81624710
    137.17442053
    137.64157810
    137.64157810
    139.73717773
    140.14417545
    138.09380073
    138.09380073
    138.47868692
    137.98806373
    137.98806373
    138.76572463
    139.86278904
    139.86278904
    140.22133585
    140.22133585
    140.97591627
    140.30118362
    140.29338101
    140.79220508
    140.79220508
    140.82338769
    140.82338769
    137.64364706
    135.16607095
    140.68044467
    140.65684842
    140.65684842
    140.65684842
    140.65684842
    140.65684842
    141.05217561
    141.05217561
    141.05217561
    141.15081750
    141.10960092
    141.09223406
    141.09223406
    141.14539500
    141.16411800
    141.16411800
    141.02187513
    140.97980146
    141.14198042
    141.25975697
    141.25975697
    141.18949568
    141.24854111
    141.24854111
    141.24491087
    141.04176386
    140.71719786
    141.25104230
    141.25104230
    141.25104230
    141.09146989
    141.14702299
    141.09597576
    141.17372836
    141.25008666
    141.20719406
    141.19291641
    140.74529270
    140.27906098
    140.37290965
    140.37290965
    140.37290965
    140.37290965
    140.37290965
    140.86059917
    140.85747449
    140.60609728
    140.60609728
    140.60609728
    140.60609728
    140.60609728
    140.50664963
    140.89698029
    141.09334281
    140.47332995
    140.38877957
    139.40751964
    140.63210706
    140.29155805
    140.29155805
    140.29302963
    140.83844995
    141.07012765
    141.07012765
    140.89834186
    140.92098426
    140.92098426
    140.75342247
    139.20803775
    141.06606948
    141.20163678
    141.20163678
    141.19069154
    141.26035900
    141.25988849
    141.25057142
    141.21666715
    141.17861194
    141.07202661
    141.08292670
    141.10842303
    141.15919998
    141.14742907
    141.15280805
    141.20056766
    141.24260214
    141.24260214
    141.22190955
    140.87085060
    141.10716052
    141.09589306
    140.88534155
    140.68487079
    140.37255112
    139.97811441
    140.30704270
    140.49854319
    140.49854319
    140.46173096
    140.46173096
    140.30937466
    140.53865091
    141.01492799
    141.15732265
    141.15732265
    141.11525119
    140.92391309
    140.92391309
    140.92391309
    140.86650291
    140.29719205
    140.29719205
    140.29719205
    140.29719205
    139.23570015
    139.55320997
    139.55320997
    139.55320997
    141.09296940
    141.11843899
    141.24529198
    141.24529198
    141.20104393
    141.20104393
    141.14158570
    141.09802364
    141.12126864
    141.12126864
    140.96879043
    140.90524224
    141.26789722
    140.19217797
    139.10526227
    139.10526227
    139.10526227
    139.10526227
    139.67905646
    139.94615352
    140.61685410
    139.41005412
    139.45082480
    139.33672821
    139.71479041
    140.98348727
    140.75027695
    140.92589752
    140.70580699
    139.67764620
    139.67764620
    139.67764620
    139.67764620
    139.67764620
    140.37641776
    140.37641776
    140.37641776
    140.01657734
    140.01657734
    140.17775165
    140.22839783
    140.22839783
    140.18144708
    139.50103712
    140.02776000
    140.21845388
    140.21845388
    140.19976057
    140.69817899
    140.69817899
    138.67699270
    137.85639527
    138.28991070
    138.38575403
    138.88245388
    138.88245388
    138.88245388
    140.50010595
    140.49283603
    140.47735303
    140.61430176
    140.85494210
    141.13454789
    141.16527268
    141.16527268
    141.17136836
    141.17136836
    141.07659892
    141.01108562
    139.87513878
    139.87513878
    139.87513878
    138.90681681
    138.90681681
    140.86504513
    140.89648055
    140.89648055
    140.97023637
    140.96594409
    141.21173171
    141.15577360
    141.20582374
    141.09570948
    140.40228317
    140.15704620
    140.26595659
    139.09190655
    139.50120132
    139.50120132
    138.93193706
    138.93193706
    140.27132651
    139.22690713
    139.22690713
    141.02697003
    141.02697003
    140.74632258
    140.40846415
    140.48285923
    140.48285923
    141.02199174
    141.02199174
    139.22928592
    139.22928592
    139.22928592
    139.22928592
    138.97788514
    138.00648455
    140.09788671
    141.15104574
    141.15104574
    141.24735518
    141.24735518
    141.26052663
    141.26052663
    141.25090268
    141.27158040
    140.99150702
    141.21833779
    141.21833779
    141.13476743
    141.13476743
    140.92856702
    140.92856702
    141.13625698
    141.13625698
    141.24066882
    141.24577678
    140.85575628
    141.09961891
    141.21011639
    141.21011639
    140.48959350
    140.53874983
    140.73192044
    141.02154536
    141.26014933
    140.65040905
    140.71074895
    140.58060006
    140.87671918
    140.83173459
    140.92788939
    140.92788939
    140.70011804
    140.54940157
    140.66451256
    140.66451256
    140.61087070
    140.15967697
    141.10433807
    141.15715127
    141.21166479
    141.20446156
    141.21611334
    141.20183577
    141.25664926
    141.26031342
    141.27047727
    141.27047727
    141.26553462
    141.23035884
    140.71396116
    140.71396116
    140.71396116
    139.62177178
    140.60796955
    141.01740644
    140.61381722
    140.56250857
    140.60530046
    140.60530046
    140.60530046
    140.60530046
    140.60530046
    140.60530046
    140.60530046
    140.60096158
    140.72004581
    140.72004581
    140.72004581
    139.31974773
    139.18325571
    139.41475819
    139.82716661
    139.82716661
    139.78905597
    139.69848181
    139.69848181
    138.48992085
    139.93431970
    140.40120525
    140.90408846
    140.89648495
    140.89648495
    141.19108554
    141.19742275
    141.23238361
    140.30019815
    139.36021693
    139.88615877
    139.47772481
    139.52428333
    139.52428333
    137.55759568
    137.55759568
    137.55759568
    137.55759568
    139.94919149
    138.56236381
    139.21839013
    139.21839013
    140.92640515
    141.05955977
    141.04813933
    141.04813933
    140.85174307
    140.85174307
    140.91661536
    140.07291613
    140.07291613
    140.31657946
    140.31657946
    140.31657946
    140.31657946
    140.28678990
    140.49951520
    141.12305568
    140.88598390
    141.25024656
    141.26453733
    141.18120479
    141.14335898
    141.11792887
    141.06774194
    141.26525129
    141.26525129
    140.90123333
    141.22441301
    141.22828157
    141.24670939
    141.26457212
    141.14581604
    141.10650538
    141.13495502
    141.23416549
    140.15345950
    140.33995369
    140.33995369
    140.33995369
    138.87916727
    139.26291566
    140.68400442
    140.47375424
    140.03698833
    140.37922713
    140.37922713
    140.39131837
    140.17603593
    140.17603593
    140.72213254
    140.20693656
    140.13370793
    140.16640022
    140.16640022
    140.16640022
    139.99429975
    139.99429975
    138.41234753
    138.41234753
    138.75715596
    140.30384354
    140.13703191
    140.44775739
    140.44687837
    139.83838689
    140.57344097
    140.62983903
    140.15864915
    140.65513246
    140.30544356
    139.80196450
    139.80196450
    140.57023289
    140.57023289
    140.78455587
    140.78455587
    141.01835283
    141.10320937
    141.09573322
    140.94352987
    140.94352987
    141.24059385
    141.23419441
    141.03282514
    141.26201977
    141.16487958
    140.58503883
    140.98336821
    141.04476809
    141.10191667
    139.32568423
    140.40474316
    141.19552807
    141.10554468
    140.16491723
    140.06712680
    140.06712680
    140.00624230
    140.00624230
    139.78419019
    140.76882658
    140.76390758
    140.57532646
    140.22512438
    140.56168045
    140.56168045
    138.31371015
    138.31371015
    138.31371015
    139.39017216
    139.39017216
    139.50360953
    139.81193945
    139.44035371
    139.93780847
    139.63358819
    140.27799103
    140.27799103
    140.38257806
    140.38257806
    140.35742661
    140.35742661
    140.35742661
    140.41901847
    139.76317343
    139.23555076
    141.01160185
    141.12736597
    140.31614953
    140.29238616
    140.05486347
    140.05486347
    140.23954926
    140.23954926
    139.15898870
    139.15898870
    139.15898870
    140.51447912
    140.63909574
    141.16658305
    141.25044884
    141.25044884
    141.25044884
    141.15049278
    141.22520009
    141.18051927
    141.18051927
    141.17725980
    141.17725980
    141.22990334
    141.23957258
    141.23957258
    141.16252540
    140.99757594
    140.99757594
    140.99757594
    141.20603075
    141.20551119
    141.08752717
    141.08752717
    141.08752717
    141.08752717
    141.11680465
    141.12449047
    141.26817128
    141.20681914
    141.13422982
    141.19136242
    141.19136242
    141.27093423
    141.24732556
    141.16786502
    141.16786502
    140.74632760
    140.77095796
    140.77095796
    140.70589754
    140.72075805
    140.34381874
    139.09531869
    139.43330085
    139.34314068
    139.79318321
    139.83088475
    140.73870554
    140.99334303
    140.21156486
    139.05093359
    140.49254580
    140.53856933
    140.61873236
    140.92089958
    140.82951962
    140.75873163
    140.01416493
    140.10559350
    139.83972902
    139.88768404
    140.06693162
    138.58651403
    136.11961534
    138.50858256
    140.16890451
    138.11141712
    138.62335836
    138.62335836
    138.74969086
    138.74969086
    140.39418620
    140.39418620
    140.28685854
    140.13761183
    140.62529268
    139.88451827
    140.53988448
    140.64422910
    140.48940312
    141.15320594
    141.05710068
    141.05710068
    140.92120837
    140.92120837
    140.84814285
    140.76335119
    140.72165632
    140.70779854
    140.70779854
    140.50154291
    140.87527286
    140.83654055
    140.83654055
    140.83654055
    140.83654055
    139.28020270
    139.28020270
    139.28020270
    139.27892111
    141.07820253
    141.14040921
    140.68468550
    140.25094703
    140.68706718
    140.46763851
    138.95547465
    139.61134288
    140.38908483
    140.48698641
    140.75040358
    140.30605993
    139.92378714
    139.41474869
    139.41474869
    139.41474869
    140.88386901
    140.63678359
    141.18160986
    141.18160986
    141.22766425
    141.14250502
    141.14250502
    141.16433625
    141.16433625
    141.16433625
    141.14040417
    140.63190767
    140.63190767
    140.69458454
    141.10685221
    140.85562959
    141.18439597
    140.58699824
    140.64931608
    140.64931608
    140.36890104
    140.19344340
    140.19344340
    139.93629850
    140.14497624
    140.65133844
    140.42090172
    140.18268101
    139.38906821
    139.38906821
    139.32218825
    139.32218825
    139.61592445
    139.61592445
    139.71749683
    139.71749683
    140.82163129
    140.82163129
    140.83221398
    140.88355337
    141.11944947
    140.96772699
    140.74511912
    140.72313731
    139.96168534
    139.72527803
    139.11239602
    139.11239602
    139.11239602
    139.35312943
    140.30365439
    138.64138316
    139.23977753
    138.83546848
    138.83546848
    138.51141884
    138.67777403
    139.07964740
    140.53553987
    139.27257941
    139.57129355
    140.06784632
    140.07664483
    139.65039284
    139.78386218
    139.78386218
    139.78386218
    140.23352815
    140.23352815
    140.23352815
    140.23352815
    140.23352815
    140.16363160
    140.21490380
    140.17657907
    140.17657907
    140.17657907
    138.94082089
    138.94082089
    138.65131900
    138.65131900
    138.66739481
    140.59607549
    140.53804240
    140.01546387
    140.26934291
    135.73810650
    135.73810650
    136.02417827
    138.77834022
    138.69983742
    139.46083229
    140.61297385
    140.61297385
    140.72986025
    139.68795190
    141.18494851
    139.63684767
    139.63684767
    139.63684767
    139.63684767
    139.63684767
    139.63684767
    139.43192543
    139.45750145
    139.45750145
    139.45750145
    140.15500182
    140.15500182
    140.51090236
    140.30465880
    140.43449734
    140.62365507
    139.65815893
    139.65815893
    139.65815893
    139.75091407
    139.83112808
    139.83112808
    139.73349636
    140.61701467
    139.56398014
    139.36472882
    140.35310351
    139.90736043
    139.82825509
    139.82825509
    140.05416529
    140.23891229
    140.23312469
    141.12534091
    141.12534091
    141.13955489
    141.16649842
    141.16649842
    141.16649842
    138.54274667
    138.54274667
    138.86634868
    138.86634868
    139.64647203
    139.64647203
    139.64647203
    139.64647203
    139.61408413
    139.97787410
    140.73226087
    140.73226087
    140.82074481
    141.00386040
    140.45276252
    140.75872648
    140.71370256
    140.71370256
    140.74799850
    140.71478019
    140.65207022
    140.66065134
    140.59196484
    140.43869109
    140.56589361
    141.07973470
    140.74583057
    140.84284767
    140.86078756
    140.87875443
    140.67561805
    140.67561805
    140.74566500
    140.94451759
    140.69632340
    140.89620642
    140.56364010
    140.24629535
    140.35453852
    140.35453852
    140.35453852
    140.63524833
    141.15941726
    141.15396092
    141.20967130
    141.12610828
    141.12610828
    141.09801101
    141.11732000
    141.14768294
    140.71385950
    140.66422384
    140.66422384
    140.60254067
    140.60254067
    139.41201789
    139.21018636
    139.54412285
    138.93052576
    138.93052576
    138.93052576
    138.84297325
    138.92924753
    139.49259428
    139.49259428
    139.49259428
    139.70393220
    139.69884926
    139.66715364
    139.53697560
    139.53697560
    140.92165190
    140.77697483
    140.90113085
    141.00115164
    141.23847475
    141.23847475
    141.14109341
    141.14109341
    141.12707381
    141.11314848
    141.05302396
    140.07317404
    140.27414329
    140.77004084
    140.67873587
    140.67873587
    140.67873587
    140.18162736
    139.50453513
    139.50453513
    139.50453513
    139.50453513
    139.83407108
    139.83407108
    140.15349863
    139.29894510
    139.29894510
    139.29894510
    139.33166579
    140.67513355
    140.50395035
    140.50395035
    140.52519715
    141.19148723
    141.02579217
    140.73393036
    140.08514989
    139.86670416
    140.33147901
    140.72107635
    139.83750167
    140.63337074
    140.84298344
    140.99625439
    141.00968691
    141.13079625
    141.22863661
    141.10898511
    141.10898511
    140.58533645
    140.69031253
    139.66197408
    139.69356917
    139.56314682
    139.56314682
    139.56314682
    139.83425333
    139.00586311
    139.00586311
    140.17710767
    139.77962589
    139.77536742
    139.88550594
    139.88550594
    139.88550594
    140.38188380
    140.57402765
    139.98437998
    139.98437998
    140.42942866
    140.29572990
    140.38155752
    140.41598681
    140.41598681
    140.44564350
    140.44564350
    140.44564350
    140.33651228
    140.33651228
    140.55532151
    140.55532151
    140.90868247
    140.90868247
    140.99992599
    140.52108173
    140.52108173
    139.47524193
    138.75529116
    138.69308395
    138.69308395
    139.63836304
    139.63836304
    139.63582880
    139.63582880
    138.20827941
    138.20827941
    138.20827941
    139.83364592
    140.87087884
    141.02850564
    140.93384447
    140.53167220
    140.59599440
    139.31326530
    139.31326530
    139.31326530
    139.31326530
    139.31326530
    139.31326530
    139.31326530
    139.41256441
    139.52913093
    139.53059857
    139.34934187
    139.42595587
    139.42595587
    138.02983288
    137.97414849
    137.97414849
    137.97414849
    139.59550969
    139.59550969
    139.22428285
    139.22428285
    139.22428285
    138.08579905
    138.02477348
    138.02477348
    138.40566532
    140.91691453
    140.51745685
    141.07059392
    141.07059392
    140.98088535
    141.26784219
    141.26612640
    141.26612640
    141.26612640
    141.26009704
    141.26223811
    141.26223811
    141.21883353
    140.98343446
    141.08360987
    140.72487925
    140.41352573
    139.70516628
    139.70516628
    139.84454276
    140.62840832
    140.29068593
    140.29068593
    140.46926260
    140.46926260
    141.02061353
    141.12742485
    141.08051025
    141.08668808
    141.00436459
    141.00436459
    140.43926293
    139.32459678
    139.63908940
    139.84466399
    139.84466399
    139.83365439
    139.68734543
    139.30587076
    139.30587076
    139.17119521
    140.09331916
    140.15726995
    140.28099198
    140.27127899
    140.28238768
    140.84650424
    141.09991140
    141.21766959
    141.21766959
    140.99513955
    140.93823511
    140.45499526
    140.29381431
    140.47204922
    140.06192643
    140.03687961
    140.27347680
    139.72373724
    139.84229388
    140.70387249
    140.55042960
    140.77843162
    140.77843162
    140.77843162
    140.97546454
    140.98985136
    140.99139538
    140.70765259
    140.66375747
    141.18168370
    141.18461802
    141.19158230
    141.19734648
    141.19734648
    141.15677147
    141.02588411
    141.03051481
    141.03051481
    141.03051481
    141.03117972
    141.03117972
    140.47125703
    141.03046269
    140.91530029
    140.78612251
    140.97014332
    140.77794977
    140.81701339
    140.78623819
    140.52177104
    140.52177104
    140.52177104
    139.58010282
    140.40614800
    140.83686677
    140.60927568
    139.34390545
    138.05862794
    138.05862794
    139.74389258
    140.49930909
    140.49930909
    140.49930909
    139.54453656
    139.54453656
    139.54453656
    139.87920223
    139.88523889
    140.11446149
    140.87256366
    140.38431180
    140.05646435
    140.56945190
    140.56945190
    139.13996789
    139.13996789
    139.13996789
    140.12310420
    140.15219066
    140.15219066
    140.31178216
    139.82283590
    139.80591058
    140.39099046
    140.39099046
    140.39457555
    140.44462777
    141.00878860
    141.14668963
    140.93485250
    140.84028559
    139.64650178
    140.76524383
    140.38085059
    140.27248158
    140.66044448
    140.38965035
    140.38965035
    140.53590712
    140.53590712
    140.48130107
    140.58174498
    140.31527469
    140.76961277
    140.41025698
    140.14642690
    140.65305406
    140.65305406
    140.65032666
    139.64087304
    139.32263972
    139.32263972
    139.32263972
    138.16548729
    140.02620317
    139.92423872
    140.17507888
    140.36788653
    139.73084113
    139.73084113
    138.62322728
    138.62322728
    135.63683249
    138.73218230
    138.73218230
    138.73218230
    138.73218230
    139.31157305
    139.31157305
    138.10650646
    138.10650646
    138.10650646
    139.50143797
    139.50143797
    139.89134878
    140.33717169
    140.26339977
    140.25007108
    140.25007108
    140.36436917
    140.38344539
    140.38344539
    140.83977497
    140.98926908
    140.91036152
    140.96463874
    140.96463874
    140.95083139
    140.97426686
    140.97426686
    140.97404539
    141.05304258
    140.52476812
    139.47493528
    139.17291151
    139.17291151
    140.08999071
    140.57206767
    140.67487045
    141.11090469
    140.86640185
    140.86640185
    140.86640185
    141.21237410
    141.26615004
    141.05958316
    141.07626069
    140.42320143
    141.03522267
    141.05791330
    140.71914744
    140.71914744
    140.71914744
    140.21169396
    140.97741819
    140.97600627
    140.80524182
    141.19614028
    141.25128648
    141.24826026
    140.75944934
    140.75944934
    141.09459164
    141.08336831
    141.08336831
    141.08336831
    140.97882741
    141.06143573
    141.10511554
    141.11443455
    141.21603651
    141.25538990
    141.27297065
    141.13240341
    141.13461791
    141.13461791
    141.00635115
    141.07957361
    140.61720451
    140.34407161
    139.85600098
    139.85600098
    140.62558676
    140.62558676
    140.62558676
    140.56693860
    140.85252591
    140.85252591
    140.84659021
    140.26425246
    140.11591145
    140.30253054
    140.59973656
    140.59973656
    140.59973656
    140.49819241
    140.75084964
    140.80922562
    140.44432834
    138.87386787
    138.03750020
    140.17485826
    139.45891127
    140.90617319
    140.94723393
    140.94723393
    140.11064895
    139.69881941
    139.28511559
    139.82801368
    138.98095064
    138.98095064
    138.98095064
    138.95164312
    139.85860711
    139.91552796
    140.07393975
    140.07393975
    140.04112698
    140.04112698
    140.04349674
    139.85701138
    140.07884074
    140.12422930
    140.12422930
    139.55711425
    139.55711425
    140.04200500
    138.52308597
    139.62970547
    139.62970547
    139.62970547
    139.93048795
    140.43115914
    139.85957299
    140.75157002
    140.72227032
    140.72227032
    140.95449646
    140.22569485
    140.37366562
    140.47766487
    140.53600551
    140.59316651
    140.45823096
    140.33614350
    140.33614350
    141.10706239
    141.24379821
    141.14460538
    140.73459530
    140.14406439
    140.41231792
    141.08513677
    141.06713155
    140.69672280
    140.18663405
    140.18663405
    140.18663405
    140.58776457
    140.21235275
    140.27832987
    139.03733266
    139.63603952
    140.82851889
    140.55605823
    140.48753537
    140.48753537
    140.80049589
    139.90735986
    140.03505724
    139.75526757
    140.86467213
    141.23437517
    141.23082450
    141.23082450
    141.24627380
    141.24551760
    141.20163813
    141.20163813
    141.21642886
    141.21642886
    141.12349092
    141.12349092
    141.13945632
    141.04013868
    140.69468374
    140.47376756
    140.21679417
    139.84364322
    141.19068819
    140.99324485
    140.99324485
    140.58032280
    140.58032280
    140.33419755
    140.41920264
    140.41920264
    140.56204601
    140.56204601
    140.72238103
    140.72238103
    140.64136607
    139.35323775
    139.35323775
    140.51889827
    140.51889827
    140.64466985
    140.62465262
    140.55018782
    140.62678088
    140.48298901
    140.26142678
    139.42230949
    140.50328763
    140.85764992
    140.94050610
    140.94050610
    140.94050610
    140.94050610
    140.94050610
    140.99342202
    140.90802719
    140.87969350
    140.95894800
    140.63509142
    140.76783388
    140.76783388
    140.76783388
    140.76783388
    140.79279771
    140.79279771
    140.79279771
    140.68242274
    140.15847695
    140.53416493
    139.24972272
    139.24972272
    139.24972272
    140.15527309
    140.43747662
    139.91515473
    140.43880089
    140.43880089
    139.98187945
    139.29201920
    141.20826826
    141.20826826
    141.20774818
    141.06480129
    141.24942333
    141.24942333
    141.22830337
    141.22830337
    140.61112232
    140.46654549
    140.75815736
    140.75815736
    140.70358456
    140.97202006
    141.16244851
    141.08973798
    141.14892488
    141.14892488
    141.21922689
    140.74560473
    139.97404870
    139.55130106
    139.55130106
    138.93802030
    138.91004302
    138.47260424
    138.47260424
    139.00528676
    140.01480684
    139.95483325
    140.12720431
    139.10925651
    139.10925651
    140.23561010
    140.38547730
    141.02263065
    140.58717340
    140.70362969
    140.54655580
    139.68942562
    138.05716244
    137.67975076
    136.24695328
    140.76736367
    140.04253668
    140.13097989
    140.33453033
    140.33453033
    140.88615383
    140.94850542
    140.80453716
    140.76099937
    140.76099937
    140.82017243
    140.82017243
    141.18288157
    141.08572672
    141.22334028
    141.22406189
    141.11285001
    141.09383640
    141.00084975
    141.04401283
    141.03624531
    141.09314186
    141.09314186
    140.81900977
    141.23871806
    141.22175606
    141.07798117
    140.64850289
    140.69800822
    140.69800822
    140.69800822
    140.44070548
    140.44070548
    140.44070548
    140.55552907
    140.55552907
    140.55552907
    140.48977810
    140.48977810
    141.13810364
    141.17714284
    140.80083704
    140.80150282
    141.05617541
    141.05488934
    141.09567039
    141.16111646
    140.93437065
    141.08613908
    141.08613908
    141.03018277
    141.03018277
    141.03018277
    141.03018277
    141.19820350
    141.19820350
    141.12261367
    141.12261367
    141.13940546
    141.18659277
    141.10693087
    141.16244130
    141.16244130
    141.21103708
    140.29589853
    140.29589853
    139.43214857
    140.08592935
    140.56278888
    140.56278888
    140.56278888
    140.89203250
    140.14415307
    140.61604102
    140.61604102
    136.81645295
    139.49275997
    139.49275997
    140.43542089
    139.78080988
    139.99369439
    140.99337650
    140.87971018
    140.87971018
    140.27856326
    140.27856326
    140.41009379
    140.41009379
    140.41009379
    140.41009379
    140.43816171
    140.64251922
    140.64251922
    140.64251922
    140.64251922
    140.52608401
    140.81309345
    141.15465172
    141.13633331
    141.13633331
    140.65981794
    140.65014171
    140.75180529
    141.12283998
    139.35135862
    136.45512289
    138.81094003
    139.22492453
    139.22492453
    140.45413244
    140.65456671
    140.54999019
    139.30033356
    138.82086739
    138.82086739
    138.77867550
    139.03398741
    139.12639212
    140.10105135
    140.10105135
    140.30118162
    140.35665736
    139.76781169
    139.76781169
    138.10243246
    138.10243246
    138.10243246
    138.10243246
    137.66442271
    137.66442271
    138.95520524
    139.30044846
    140.14432744
    140.17143982
    139.75683643
    139.75683643
    140.12909020
    140.12909020
    140.12909020
    141.07593035
    141.07593035
    141.07593035
    141.07593035
    139.86127701
    139.37607680
    139.37607680
    140.18588390
    140.18588390
    140.88297743
    140.88297743
    138.91140858
    138.91140858
    138.67729084
    138.67729084
    140.03745508
    139.70883362
    139.58422958
    139.58422958
    140.28788285
    140.28788285
    138.41564029
    138.41564029
    138.87762633
    138.87762633
    139.41811613
    139.41811613
    140.86263302
    139.72797732
    140.48758267
    140.62881412
    140.67143611
    140.68285584
    139.87821653
    139.87821653
    139.60649785
    139.60649785
    139.54647723
    139.54647723
    139.54647723
    139.17331796
    139.17331796
    139.17331796
    139.17331796
    139.17331796
    140.20827822
    139.99845035
    140.24198813
    140.69584112
    139.99470399
    139.82388903
    139.82599691
    139.25979871
    139.01321279
    139.01321279
    139.01321279
    139.01321279
    139.01321279
    139.01321279
    139.37129325
    139.01407122
    140.86523197
    141.07598792
    140.76920698
    140.76920698
    140.76920698
    140.60388501
    140.42323360
    139.97566252
    140.07399846
    140.16280792
    139.98397799
    139.98397799
    139.97962293
    140.44489437
    140.94796579
    140.32219851
    140.21832897
    139.38215569
    140.48410541
    140.13258052
    138.14655313
    139.16420247
    139.87534806
    139.49593104
    139.49593104
    140.52089116
    139.54593734
    140.62554113
    140.60579425
    140.38424051
    140.31665902
    140.76809622
    140.76809622
    140.76809622
    140.79001177
    140.66413405
    140.01927269
    141.15307174
    141.06671949
    141.07612614
    141.18062768
    141.18062768
    141.17770585
    140.71771429
    140.94682661
    141.15473977
    141.15473977
    141.15752744
    141.04024309
    141.24287922
    139.94549250
    140.67350801
    140.65265944
    140.60189253
    140.48866155
    139.75553276
    138.63067921
    138.63067921
    138.63067921
    137.85350089
    137.56388630
    137.56388630
    139.24377553
    139.24377553
    140.70761816
    140.70761816
    140.56113829
    140.34736753
    139.83048324
    139.83048324
    139.83048324
    139.27888113
    139.27340168
    139.09612156
    139.09612156
    138.45423060
    140.70680793
    140.75112747
    140.75112747
    140.59899399
    140.59899399
    140.12705578
    140.45248030
    140.60326645
    140.29400465
    140.62883666
    140.93972401
    140.98774210
    141.18217663
    140.94132253
    140.58589860
    140.49495829
    140.61795419
    140.61795419
    140.45657602
    140.45657602
    141.27027622
    141.15491581
    141.22938907
    141.20576641
    140.95101324
    141.14468016
    141.25789146
    140.76051431
    141.01040911
    141.21039358
    140.90518709
    140.61513924
    140.42891451
    140.42891451
    138.74092972
    140.49826404
    140.52366360
    140.20875534
    140.11287726
    139.91611439
    139.19395076
    139.19395076
    139.19395076
    139.80520718
    139.80520718
    140.74473196
    140.74473196
    140.49388523
    139.73636288
    139.73636288
    139.81025196
    140.26323390
    140.26323390
    140.14613342
    140.14613342
    140.73774604
    140.74159870
    139.98979188
    140.47165441
    140.83505327
    140.07016005
    138.89689375
    140.72364382
    140.93836015
    140.86099231
    141.14738196
    141.16762171
    141.21461378
    140.74074572
    140.74074572
    140.74074572
    140.56324236
    140.55644506
    140.28302882
    139.86863316
    139.19638175
    139.19638175
    140.14271449
    139.84509144
    139.96658292
    139.96658292
    140.52979281
    140.32796878
    140.29009067
    141.11234947
    141.12360766
    140.56951434
    140.51362284
    140.51362284
    140.65166420
    140.61243962
    141.09710587
    141.17268338
    141.08895804
    140.66947027
    140.79600413
    141.16921438
    140.87951880
    141.00869332
    140.83635874
    140.64857357
    140.79741758
    140.77317699
    141.17611881
    141.17908864
    141.01802919
    140.78586141
    140.20764763
    140.20764763
    140.20764763
    140.61036574
    140.35369308
    140.35369308
    140.64629874
    140.84126941
    140.84126941
    141.06694245
    140.78197024
    140.78221154
    140.71251379
    140.71251379
    140.82377471
    141.07782780
    140.81288335
    139.64264307
    140.32890759
    140.52646417
    140.92433606
    140.33723026
    140.33723026
    140.35496259
    140.08824093
    140.08824093
    139.90998785
    140.30956332
    140.87708615
    140.87708615
    140.87708615
    140.16547487
    140.23114411
    139.95284359
    139.95284359
    139.58163482
    140.17719024
    140.21035642
    138.39204842
    137.05661658
    139.59267187
    139.78196920
    140.30050427
    140.04935570
    140.27229498
    140.27229498
    140.27229498
    139.99359979
    140.35241271
    139.90550109
    139.90550109
    140.43196790
    139.60302050
    139.30150157
    139.30150157
    140.17385053
    140.17385053
    135.63258194
    139.40904915
    138.13250107
    139.48125970
    139.48125970
    138.90677504
    139.43346974
    140.37284293
    140.37284293
    140.20307313
    138.42403402
    138.42403402
    139.72236475
    139.72236475
    140.14440791
    140.14440791
    139.58004015
    140.22427550
    140.65229868
    140.71605521
    140.61774928
    140.42314389
    140.42314389
    140.41277170
    140.43305154
    140.54948707
    141.21481445
    141.21481445
    141.26377253
    141.26543181
    141.23155955
    141.09698456
    141.20002883
    141.17036951
    141.21868518
    141.22303524
    140.09411525
    140.09411525
    140.09411525
    140.09411525
    140.09411525
    140.09411525
    140.09411525
    138.69502421
    140.87242556
    138.97489417
    140.17077322
    140.17077322
    140.17077322
    140.24578383
    140.24578383
    140.24578383
    138.71113309
    140.34933572
    139.75098012
    140.02184922
    140.99568051
    141.02369361
    140.74195778
    139.94348597
    138.26286344
    138.84232304
    139.07366319
    139.34246518
    140.53919443
    140.81635928
    140.51557079
    140.29174819
    140.79512025
    140.78511694
    140.50585526
    139.32712382
    139.32712382
    139.32712382
    139.33340884
    139.33340884
    139.33340884
    140.19923506
    140.19923506
    140.19923506
    140.19923506
    140.21302648
    139.64638218
    141.21617530
    141.17668007
    141.16088227
    141.25244876
    141.04344504
    140.72590954
    140.71818616
    140.91144339
    140.91144339
    140.92660619
    141.04627417
    140.97080232
    140.95141062
    140.83330574
    141.00376802
    141.15964746
    141.14523587
    140.75214097
    140.48999391
    140.75231409
    139.63942653
    140.10627154
    139.10869597
    139.59732805
    140.42275756
    140.42275756
    140.96125767
    140.83681625
    140.83681625
    140.89909146
    140.92328536
    141.10146432
    140.87315408
    140.80097540
    140.86968758
    140.03508156
    140.39829993
    140.39829993
    138.49610035
    140.20686921
    140.19929471
    140.86364343
    140.87854803
    140.87854803
    140.24799069
    140.24799069
    140.11384263
    141.20760334
    141.19222486
    140.93523231
    141.09353105
    141.15018700
    140.98587095
    141.11698922
    141.19717712
    140.82247075
    140.82247075
    140.95545509
    140.54090289
    140.54090289
    140.78190854
    141.26907217
    141.20460284
    141.20460284
    141.20460284
    141.17069575
    141.14920423
    141.14920423
    141.16348923
    141.13563445
    141.11730994
    141.11730994
    140.86886049
    140.17429056
    140.17429056
    140.17429056
    140.27292242
    140.33264293
    138.71208458
    140.62972398
    140.56838729
    140.92463513
    140.99076717
    140.99076717
    141.00788940
    140.99492089
    140.99492089
    140.99492089
    140.92219036
    140.92219036
    141.03542869
    141.03542869
    140.82818369
    140.82818369
    140.82818369
    140.76049483
    140.76049483
    140.94012633
    141.05821678
    141.01576251
    140.87038881
    140.21556812
    140.39306582
    141.06747723
    141.03015241
    141.06101231
    141.09146439
    141.09146439
    141.03398127
    141.18396066
    140.74278853
    140.74278853
    140.88257829
    140.95215290
    141.21927633
    141.24384127
    141.20796754
    140.82414238
    140.72759539
    140.74392318
    140.74406039
    139.59177129
    139.59177129
    139.59177129
    139.59177129
    139.76388569
    139.76388569
    140.49531404
    140.49531404
    140.49531404
    140.70192583
    140.70192583
    141.17426765
    141.17426765
    141.16163324
    141.16163324
    141.23344110
    141.24610182
    139.59523961
    139.59523961
    140.37324453
    140.37324453
    140.45430381
    140.45430381
    140.86504536
    140.48499514
    141.10548124
    141.16829308
    141.01503086
    141.01503086
    140.97299600
    140.97299600
    140.82339143
    140.50805414
    140.50805414
    140.71813078
    140.29907494
    139.64303212
    139.42018134
    139.49482777
    141.18265952
    141.20827101
    141.20677435
    141.13868453
    140.98202493
    140.98202493
    140.74966965
    141.25784457
    141.22228275
    140.84425415
    140.84425415
    140.91103896
    140.91103896
    140.91103896
    140.96930862
    140.96930862
    141.12408609
    138.51485060
    140.45198442
    140.45198442
    139.80839204
    139.26297235
    139.26297235
    139.26297235
    137.81776667
    137.81776667
    137.87957525
    139.79461253
    139.09772632
    139.09858877
    139.66587876
    139.66587876
    139.88918157
    139.35472105
    140.66276062
    140.65929592
    140.30667557
    139.53014633
    139.66904784
    139.85887857
    140.79425199
    140.79269680
    140.47933443
    140.53244805
    140.53244805
    140.57999068
    140.99600091
    140.80617427
    140.89822586
    141.07387738
    141.05552831
    140.94283014
    141.17654674
    141.21833650
    141.21833650
    141.21833650
    141.26210295
    141.08171339
    140.81865729
    140.81865729
    140.81865729
    141.25832212
    141.04114185
    140.84784055
    139.65561264
    139.76098817
    138.27806756
    141.25962297
    141.25962297
    141.20632933
    141.17591681
    141.22645763
    140.97099220
    141.20758728
    141.09660251
    141.15802388
    141.22085251
    141.03589679
    141.03589679
    140.59895713
    140.25367200
    140.35504380
    140.35504380
    140.81883624
    140.81883624
    140.84195781
    140.12930186
    140.78774804
    140.81159915
    140.78899759
    140.63821975
    140.56719231
    140.56719231
    139.94417586
    139.94417586
    140.08772475
    139.91231996
    139.24366779
    139.33317204
    139.59709014
    138.11351080
    138.86244175
    139.19066711
    139.19066711
    139.23659963
    139.92672326
    139.77448368
    139.51993432
    139.60737558
    139.93633411
    140.85731642
    140.88378307
    140.74774909
    141.03305172
    140.70319473
    139.19719347
    137.43174941
    139.66826275
    139.66826275
    139.66826275
    141.23563034
    141.23563034
    141.10389703
    141.10389703
    141.10389703
    140.96603855
    140.96603855
    140.52048060
    140.98268969
    141.06471226
    141.06854619
    141.12674516
    140.97779897
    140.71472433
    140.71472433
    141.09009833
    141.09009833
    141.09009833
    141.04561576
    141.04561576
    140.23739206
    140.23154833
    140.12470197
    139.16865466
    139.30998709
    139.30998709
    139.30998709
    139.30998709
    139.30998709
    139.82121868
    139.82121868
    140.32030487
    140.82895608
    140.82895608
    140.75693694
    140.49377545
    141.06577609
    141.23115688
    140.82528826
    141.05232922
    139.84084412
    139.84084412
    139.84084412
    139.84084412
    139.52629448
    139.56517978
    140.33044405
    139.76433748
    139.51983209
    138.59560601
    138.59560601
    137.44360427
    137.72258031
    137.72258031
    137.19376976
    137.19376976
    137.19376976
    137.65299458
    136.01367806
    134.88483001
    134.88483001
    133.44389082
    133.96262079
    133.96262079
    133.96262079
    136.68670527
    137.25044871
    137.25044871
    137.25044871
    138.37337442
    138.37337442
    138.37337442
    138.37337442
    138.37337442
    137.12022463
    137.12022463
    137.12022463
    137.12022463
    139.15841500
    140.72941539
    140.71313429
    140.71313429
    140.78277891
    140.71966794
    140.40977926
    140.03283850
    140.64404873
    140.59925316
    140.59925316
    140.55397017
    140.55397017
    140.55397017
    140.55004988
    140.55004988
    139.41973066
    139.40792247
    140.32928537
    139.05630406
    139.78297247
    139.52553696
    140.20545317
    140.24960929
    138.35811717
    137.43428375
    137.43428375
    137.43428375
    137.43428375
    140.15131857
    140.41412971
    140.34768142
    140.34220914
    140.84610385
    141.04139503
    141.17675871
    141.18538074
    141.13745486
    141.25915261
    141.26665713
    141.26217004
    139.92145884
    139.02528859
    140.50991484
    140.85268303
    140.31501738
    139.53271339
    140.01299813
    140.21695714
    139.57321617
    139.45016978
    139.84726978
    139.84726978
    140.05485360
    140.05485360
    139.66692873
    138.77239716
    138.23557415
    138.23557415
    138.23557415
    137.21992346
    137.00953848
    137.00953848
    137.60274072
    137.60274072
    139.39678244
    137.57020414
    138.09640220
    138.73219887
    140.85355271
    140.85355271
    140.85355271
    140.90423410
    140.81852924
    140.43013302
    139.79845435
    140.03446947
    139.63965637
    140.00158586
    140.00158586
    140.31934560
    139.98447421
    141.09754918
    141.09413103
    141.02995690
    141.02564667
    140.87298585
    140.87298585
    139.99748432
    139.83437195
    139.32749755
    139.01356551
    140.06624564
    140.06624564
    140.06624564
    139.60294890
    139.60294890
    139.60294890
    139.60294890
    139.63139421
    140.13378490
    140.13378490
    139.45818928
    140.16567620
    140.05527905
    139.55407757
    139.33543650
    139.33543650
    139.08198531
    139.08198531
    139.63093350
    140.27527509
    140.27527509
    140.80567811
    140.88691139
    140.77839285
    140.39974112
    140.45634064
    141.06030287
    140.75998976
    139.96695021
    139.96695021
    140.39864225
    140.39864225
    140.39864225
    140.43888685
    140.43888685
    140.43888685
    139.98193805
    140.21890787
    140.69626049
    139.61924067
    140.23362963
    140.50863452
    140.77585729
    140.89814469
    140.99675849
    140.76386277
    141.01778251
    140.83692880
    140.95482491
    140.95482491
    140.98990636
    141.12897363
    141.06468328
    141.09087855
    141.09087855
    141.09087855
    141.03163391
    140.69971490
    140.71697910
    140.76420569
    140.05586231
    140.05586231
    139.83757502
    139.83757502
    139.83757502
    139.83757502
    140.42991957
    141.00797202
    140.26466799
    140.26466799
    140.26466799
    141.23423961
    140.82902264
    140.82902264
    140.58365566
    140.54114582
    140.54114582
    140.59699876
    140.59699876
    140.26141901
    140.25492479
    140.25492479
    140.39407826
    139.76980873
    139.76980873
    139.81197487
    139.81197487
    139.82923009
    139.28322934
    137.85001499
    137.85001499
    140.24528266
    140.24528266
    140.24528266
    140.53236841
    140.53236841
    140.53236841
    139.86702682
    139.86702682
    140.24302149
    139.72418285
    140.88366999
    140.88366999
    140.38989566
    140.38989566
    140.87902714
    140.73536259
    140.73536259
    141.07566826
    141.06597766
    141.05793486
    141.05793486
    141.06833876
    141.07186343
    139.86988021
    140.76985700
    139.78819711
    139.78819711
    138.80606009
    138.80606009
    139.14552031
    139.70226305
    139.10548667
    139.72157503
    138.79630376
    135.99521056
    135.99521056
    140.69215185
    139.05295117
    139.05295117
    139.05295117
    139.05295117
    139.43347275
    139.13677776
    138.91196502
    138.91196502
    138.91196502
    140.33607954
    140.33607954
    140.32211817
    140.32211817
    138.97002206
    139.01231434
    139.01231434
    138.28712359
    138.28712359
    138.28712359
    139.81942912
    140.00983329
    140.00983329
    140.14166541
    139.23595327
    139.23595327
    139.23595327
    139.51151190
    140.25935369
    140.13548334
    140.21572119
    140.26420710
    140.26846671
    140.26846671
    139.32952730
    139.32952730
    137.81890263
    139.14816287
    139.34435671
    139.34435671
    137.92799022
    138.44861338
    139.10944215
    139.44555184
    137.29321779
    139.20427754
    140.15305004
    138.19149542
    138.94880347
    137.98309141
    139.24612190
    139.24612190
    139.94504520
    140.15837329
    140.55158084
    141.10991169
    140.77395056
    140.78740768
    141.04636986
    140.78572913
    140.89361338
    141.05984244
    141.12228144
    141.11833967
    141.16154841
    140.98728845
    140.83110281
    140.83110281
    141.13689767
    141.13905156
    141.13905156
    141.14906976
    141.16650537
    141.15931412
    141.26882164
    141.26882164
    141.26882164
    141.23268913
    141.20089982
    140.39225307
    140.42143061
    139.80391861
    140.60581607
    140.60581607
    140.51695057
    140.51695057
    140.51695057
    139.90799402
    139.90799402
    139.84374931
    139.84374931
    140.02355258
    140.02355258
    140.02355258
    140.02769071
    140.02769071
    140.02769071
    140.04083595
    140.11681675
    140.11681675
    139.85580860
    140.09636196
    139.67614655
    139.67614655
    140.70479920
    140.03917915
    141.21751362
    141.21751362
    141.21751362
    141.05347103
    141.15194421
    141.16719010
    140.87854194
    140.87958133
    140.68741533
    140.68741533
    140.97829211
    140.52421360
    140.34344327
    140.35257397
    139.17171357
    139.17171357
    140.10617761
    140.10629731
    140.10629731
    140.16194388
    139.02353526
    139.02353526
    139.02353526
    139.02353526
    139.02353526
    139.02353526
    139.05692940
    137.47450325
    137.47450325
    139.16571846
    139.64413157
    139.50586940
    139.47726701
    140.11761830
    139.76577565
    140.07010310
    137.84026460
    140.68889117
    139.23385267
    140.06529818
    140.06529818
    140.03342456
    140.03342456
    140.20077823
    140.63889477
    140.63889477
    140.60760441
    141.07145665
    140.85576057
    140.89381966
    140.74017139
    140.74017139
    141.11903538
    141.19494759
    140.99144861
    141.25156982
    141.22553519
    141.16059101
    141.16601620
    141.17433349
    141.04854548
    141.04854548
    141.04854548
    141.04687281
    141.04687281
    140.64946172
    140.59407977
    141.13040778
    140.04062816
    140.04062816
    140.19148287
    140.19148287
    140.98695560
    140.98695560
    140.98695560
    140.83443357
    140.83443357
    140.83443357
    140.77503601
    140.77503601
    140.98203582
    140.31127101
    138.72794840
    138.72794840
    141.09669926
    141.06188349
    140.80726272
    140.95096265
    141.20773536
    141.20773536
    141.24206598
    141.24313969
    141.26424103
    140.64410927
    141.23329836
    141.24561336
    141.24520301
    140.70199208
    140.81112249
    140.81112249
    140.97775565
    141.20486655
    141.20486655
    141.25377592
    141.27336454
    141.25027044
    140.97783760
    140.97783760
    141.25310009
    141.25310009
    141.26168635
    141.25120310
    140.58039479
    140.28250050
    140.07011856
    140.07011856
    140.07011856
    139.95614192
    139.95614192
    139.95614192
    139.94806694
    139.59643481
    140.57253345
    140.57253345
    139.87921519
    138.93506741
    139.79726739
    140.12133719
    140.89197051
    140.84200693
    140.84200693
    141.04496219
    141.10336377
    141.25811827
    138.40114399
    139.59316223
    140.38097816
    140.38097816
    140.42004058
    141.21408244
    141.24900217
    141.23111674
    141.23111674
    141.19942517
    140.58931341
    140.32555272
    141.16104087
    141.13598418
    141.21910506
    141.21910506
    141.25099748
    141.25099748
    141.24381407
    140.32043394
    140.10140797
    140.15815339
    140.08571361
    140.08571361
    140.39498451
    140.80982807
    140.84533095
    140.52409650
    140.52409650
    140.52409650
    140.52409650
    140.52409650
    140.52409650
    140.29246164
    139.79556739
    140.69538796
    140.70229447
    140.55032256
    140.16795375
    140.47320856
    140.47320856
    140.97650984
    141.13749885
    141.20831078
    141.20831078
    141.21179780
    141.17976040
    140.86796357
    140.86796357
    140.78045397
    140.29047150
    140.29047150
    140.48603607
    140.81467237
    141.26429315
    141.26429315
    140.59308066
    141.23211451
    140.73139422
    140.54193316
    140.31312652
    140.30607292
    140.49150210
    140.60145478
    140.64834277
    140.66008486
    140.39149651
    140.54948540
    140.42748690
    140.48020331
    139.96632679
    140.75215369
    140.75215369
    140.81939980
    140.81939980
    140.92937654
    140.65566716
    140.64788965
    140.64788965
    140.64788965
    140.34334247
    140.16113128
    139.63262096
    139.63262096
    139.63262096
    139.90281305
    140.42212860
    140.85979085
    140.85979085
    140.49322185
    138.12450394
    139.90543770
    139.27499700
    139.75486434
    139.75039967
    139.75039967
    139.74182796
    139.87241513
    139.87241513
    139.87241513
    138.75834466
    140.30596295
    140.70983804
    139.44507975
    139.44507975
    138.42930477
    138.42930477
    138.42930477
    138.42930477
    138.79422798
    139.38575721
    139.38575721
    139.04290148
    138.49355788
    138.49355788
    137.63896079
    138.80199794
    138.43104963
    138.43104963
    137.66424134
    138.71221732
    138.71221732
    138.71221732
    138.71221732
    139.25253080
    137.98172347
    139.22634457
    139.68928570
    139.68928570
    139.10546715
    138.99390240
    138.99390240
    138.99390240
    138.99390240
    138.99390240
    139.37531788
    137.61589459
    137.61589459
    138.48128006
    137.55864269
    137.55864269
    137.55864269
    137.55864269
    137.93345248
    138.37631017
    137.31100449
    139.74982409
    139.79108220
    139.93116436
    139.78353232
    140.96671291
    140.77422419
    140.77422419
    140.95414140
    140.95414140
    140.95414140
    141.03567246
    141.06944115
    140.24622850
    140.30010069
    140.41666840
    140.79240742
    140.79240742
    140.75877630
    140.81988167
    140.78197344
    140.94010620
    140.84676829
    140.84676829
    140.87945526
    140.94909312
    141.17864433
    141.17448219
    141.20784212
    140.18160727
    140.18160727
    137.99524747
    137.99524747
    138.65055584
    139.08316906
    139.08316906
    139.08316906
    139.08316906
    139.08316906
    139.33096029
    138.85077736
    138.43828994
    138.79030771
    140.33138439
    140.81890079
    140.92220762
    139.62905323
    139.62905323
    139.62905323
    140.56266800
    140.07449859
    140.88706805
    140.31423845
    139.14720868
    139.14720868
    139.36281017
    139.20311315
    139.20311315
    139.50199822
    139.50199822
    139.50199822
    139.94995486
    139.55025051
    140.03132709
    139.62803871
    140.74861741
    140.74469715
    140.47416950
    140.47416950
    140.47416950
    140.13018769
    140.72297502
    140.55178084
    140.55178084
    140.58267862
    141.07822667
    141.07822667
    140.64218955
    140.56724248
    140.40661426
    140.49513254
    140.59781373
    140.64265334
    140.64265334
    140.84956352
    139.22231417
    139.22231417
    140.67296116
    140.67296116
    140.67296116
    139.94294829
    139.94294829
    139.94294829
    139.94294829
    140.30305495
    140.36854659
    140.56550305
    140.85791235
    140.75143421
    140.75143421
    140.75143421
    140.35661641
    140.66754548
    140.66754548
    140.66754548
    141.09782548
    140.59657520
    140.85482353
    140.85482353
    140.85876387
    140.12001904
    140.99472199
    140.99472199
    140.99472199
    140.16195813
    139.48030695
    140.96087082
    141.07875501
    141.07875501
    141.09964204
    141.07887194
    141.18589942
    141.17859468
    141.23900493
    140.21362944
    139.14868424
    140.77949075
    140.60334350
    140.60334350
    139.92786643
    140.23957072
    140.23957072
    141.13866675
    141.16170505
    140.72798222
    141.25963579
    141.22544109
    141.13436938
    137.84057108
    137.84057108
    137.84057108
    139.40914714
    139.40914714
    138.51322262
    140.36289710
    140.07378472
    140.55748479
    140.62460756
    140.91214322
    140.91214322
    140.72129556
    140.80764522
    140.14887206
    140.97143515
    140.98265106
    140.98265106
    140.39687733
    140.39687733
    139.67279068
    139.67279068
    139.67279068
    139.88495591
    139.22312234
    138.62510525
    138.62510525
