    907.08437381
    907.08437381
    907.08437381
    907.08437381
    907.10307184
    907.10307184
    907.10307184
    907.14203467
    906.74710740
    906.74710740
    907.02329243
    907.46732719
    907.46732719
    907.53532008
    907.58953515
    907.58953515
    907.38289382
    907.29612208
    907.49745512
    906.66866164
    907.21178742
    907.21178742
    906.91520304
    906.91520304
    907.01111707
    907.58394707
    907.39726221
    906.70557802
    907.00385022
    907.04237979
    906.83184979
    907.50709598
    907.44453249
    907.52041274
    907.53476050
    907.56195786
    906.97135723
    906.71933394
    903.37907521
    903.37907521
    905.86761051
    905.86761051
    906.62442674
    906.88756839
    907.04314330
    906.35718281
    906.35718281
    906.54292847
    906.67540541
    906.67540541
    907.51642447
    907.53410752
    907.53410752
    906.16128789
    906.13405565
    906.13405565
    907.39901904
    907.45620887
    907.45620887
    907.49433282
    907.09937803
    907.03562809
    907.03562809
    907.03519889
    907.03519889
    906.88714394
    906.00469397
    906.43889899
    906.43889899
    906.95575118
    906.84537032
    906.30173297
    905.66592498
    905.66592498
    905.66592498
    906.20684005
    906.33385778
    906.71217799
    905.40718529
    905.40718529
    905.71856325
    905.71856325
    905.71856325
    905.71856325
    907.11992896
    906.97646224
    907.07843559
    907.13543707
    906.97040806
    906.33486842
    906.91942092
    906.77183809
    907.39675529
    907.39675529
    907.39675529
    907.36574004
    907.36574004
    907.07307775
    907.07307775
    907.09564846
    905.29246792
    904.97830052
    903.95413664
    905.02174532
    904.50837266
    904.50837266
    904.50837266
    905.09730329
    905.09730329
    903.91640638
    905.49262908
    906.43150599
    906.48945154
    906.77710512
    906.77710512
    906.18016688
    906.18016688
    905.79150002
    905.07662466
    905.07662466
    905.49841498
    905.65659665
    905.65659665
    905.65659665
    906.84773987
    906.84773987
    905.87945388
    905.97153646
    905.74903984
    906.93072876
    906.64141244
    905.80308297
    905.04311133
    905.57308976
    903.62821349
    904.40707072
    906.21234444
    906.21234444
    906.21234444
    905.62747977
    905.62747977
    903.75902427
    903.99079313
    903.99079313
    903.78260322
    903.78260322
    903.78260322
    903.49378496
    903.72235867
    901.41410413
    907.06436198
    905.94172293
    905.47067934
    905.47067934
    905.47067934
    905.64243051
    905.39675033
    906.12437601
    907.12283377
    907.13798723
    907.08040705
    907.08040705
    907.39947225
    907.41360138
    907.41360138
    907.50028063
    907.41313762
    907.31138775
    907.31138775
    907.30923307
    907.19675626
    907.08189652
    906.43580599
    906.43580599
    906.49852237
    906.49852237
    906.49852237
    906.49852237
    906.49852237
    905.84860005
    907.01267782
    906.93690532
    907.12981313
    907.07754436
    905.67830451
    905.71892819
    905.84524745
    905.84524745
    906.98966304
    906.99985249
    906.99985249
    906.82438670
    906.82438670
    906.82438670
    906.19449824
    907.00826653
    906.31550534
    907.02156890
    907.55793312
    906.50651177
    905.20454986
    905.54425529
    906.96742903
    903.88331999
    901.85124896
    901.85124896
    902.57227470
    904.72797751
    904.42910330
    904.42910330
    904.42910330
    906.24726681
    905.38960005
    905.70109596
    905.70109596
    905.70109596
    906.04088875
    906.37275207
    906.63116850
    906.63116850
    906.60323320
    907.45237899
    907.47378566
    907.50190331
    907.43840754
    907.43840754
    906.78281767
    906.78281767
    906.79966565
    906.59161464
    906.24497606
    905.50853930
    905.50853930
    905.50853930
    905.42528767
    906.41821114
    906.91380861
    907.15121359
    907.29313456
    907.08576558
    906.81368754
    907.03102918
    907.26976075
    907.37477731
    907.37477731
    907.37477731
    907.37477731
    907.37358973
    906.93172314
    907.27280667
    902.56037701
    902.51640929
    903.47805440
    903.65456266
    903.65456266
    906.10370655
    906.10370655
    906.38594529
    904.81108171
    904.81108171
    904.81108171
    905.65218633
    906.13093956
    905.78693075
    905.54145551
    905.54145551
    906.03761004
    906.03761004
    905.86460602
    906.00229017
    905.48518481
    905.87639725
    906.22680640
    906.72573575
    907.24470449
    907.31480660
    907.45070688
    906.79530279
    905.69248888
    905.79855315
    906.12472932
    907.16672306
    907.08990265
    907.58641005
    907.54251697
    907.47942756
    907.48152885
    907.48152885
    907.57608070
    907.43689193
    907.44733824
    907.13713300
    907.54993298
    907.46666363
    907.39750929
    907.42208896
    907.41566401
    907.41566401
    906.65730159
    907.24679948
    906.52799586
    907.06601155
    907.18485327
    907.35626115
    906.86330685
    906.37534566
    906.56889904
    905.90321120
    905.90321120
    905.90321120
    907.50445223
    907.50445223
    907.57877092
    907.57877092
    907.58925042
    907.58611991
    907.26650628
    907.31010241
    907.54568376
    907.40824589
    907.40824589
    907.40824589
    907.37977611
    907.37977611
    907.28532571
    907.28532571
    907.56883095
    907.59572742
    906.68828993
    907.31471899
    907.55214581
    907.57467964
    907.55673255
    907.55275043
    905.75027850
    905.75027850
    905.75027850
    905.75027850
    905.18017189
    905.18017189
    905.15588536
    905.15588536
    905.15588536
    905.15588536
    905.15588536
    905.15588536
    905.15588536
    906.62469247
    907.14834466
    907.14834466
    907.32840591
    907.36824742
    907.36824742
    906.87589600
    906.00990334
    902.77481141
    902.77481141
    902.77481141
    902.77481141
    907.09606259
    907.32901649
    907.32901649
    907.24741799
    904.91951404
    906.85111545
    906.85111545
    907.03604335
    906.18719794
    906.18719794
    906.52485013
    906.10242979
    907.39052862
    907.39052862
    907.26623111
    907.58933860
    907.58162113
    907.54566852
    907.48317972
    907.42410288
    907.34018648
    907.57890194
    907.17977860
    907.40804555
    907.40804555
    907.40804555
    907.34071460
    907.53287323
    907.53428910
    907.30594774
    906.51233090
    906.51233090
    906.51233090
    905.32633604
    905.32633604
    905.67500588
    905.67500588
    904.77558037
    904.77558037
    905.03817374
    904.40817188
    906.15154915
    906.03648519
    906.03648519
    906.03648519
    906.22996452
    906.14083927
    906.96056095
    905.70751589
    905.78794223
    905.78794223
    907.03529748
    905.67649705
    905.67649705
    905.67649705
    905.67649705
    905.46093707
    904.95217821
    904.93541433
    905.33541198
    905.33030679
    903.51664444
    905.54462937
    905.54462937
    906.01166757
    905.36456258
    905.36456258
    905.25247137
    904.19214279
    904.19214279
    903.85841410
    905.77028306
    905.77028306
    906.31574017
    906.56032653
    906.87826345
    906.92065877
    906.92065877
    905.01079721
    905.01079721
    904.16286361
    904.16286361
    904.16286361
    905.77084083
    905.77084083
    906.93605693
    906.54022297
    906.44721392
    905.80976349
    905.80976349
    907.36628563
    899.86805899
    899.86805899
    899.86805899
    899.86805899
    903.65083807
    903.65083807
    903.65083807
    904.46360901
    904.46360901
    904.46360901
    903.29294761
    906.11515476
    906.88244358
    907.52959252
    907.50393695
    905.95791332
    905.95791332
    906.23641994
    906.23641994
    906.23521076
    906.23521076
    906.44139774
    906.29352296
    906.29352296
    906.10496352
    905.34305808
    905.34305808
    905.63978720
    905.19348288
    907.39074103
    907.34044577
    907.33966156
    907.52269750
    907.54527877
    907.57540158
    907.43415918
    907.48851525
    907.55845820
    907.55845820
    906.97869935
    907.02354347
    907.02354347
    907.44984874
    907.46840313
    907.33842210
    905.88265364
    905.88265364
    906.55353422
    906.33680096
    906.12368500
    907.53546609
    907.57160135
    907.57483536
    907.51163758
    907.54895903
    907.50669709
    907.54423135
    907.54428569
    907.54428569
    906.80211057
    906.79442288
    906.79442288
    906.10102146
    906.11549297
    906.11549297
    906.59665344
    906.59990487
    906.59990487
    906.59990487
    906.92767031
    906.92069365
    904.72470470
    905.49320969
    906.90155614
    906.76846152
    906.76846152
    906.67386707
    906.20644968
    906.20644968
    906.20644968
    906.53604028
    905.91155601
    905.91155601
    905.61457709
    905.61457709
    905.87471673
    906.52947823
    906.58692208
    906.58692208
    907.30719173
    906.24966112
    906.17615228
    907.36525881
    906.08793805
    906.56527139
    906.56527139
    906.11692488
    905.83324797
    907.01264753
    906.34177613
    906.85928712
    906.85928712
    907.49863082
    907.55401076
    907.56774048
    907.56774048
    907.58244993
    907.58244993
    907.58244993
    907.58244993
    907.52937141
    907.51386729
    907.16368513
    907.16368513
    907.12753890
    907.12949600
    905.29774915
    906.14831688
    905.60947199
    905.37070122
    905.37070122
    906.18242146
    906.95372848
    907.19913093
    907.01237329
    905.46289615
    907.18290456
    907.18290456
    906.94202896
    906.98604146
    907.13430673
    907.57447292
    907.59767867
    907.59519615
    906.98799651
    906.95369451
    906.14995467
    906.14995467
    906.14995467
    906.23279638
    906.23279638
    906.34819463
    907.08104894
    907.08104894
    906.95530509
    906.99952779
    906.70094687
    906.70094687
    906.57632027
    907.19337249
    904.55951003
    903.65411837
    902.68644726
    903.40009318
    903.33631613
    903.33631613
    903.37907743
    905.89393111
    907.13191309
    906.25946557
    907.23387270
    907.26990341
    907.26030980
    907.16106504
    907.02756643
    907.47773796
    907.42244057
    907.42244057
    907.47661828
    907.23612998
    907.36942162
    907.38423247
    907.40299405
    907.47355112
    907.11685574
    907.03977255
    905.04847001
    905.04847001
    904.91879784
    906.43683726
    906.42228719
    906.02500483
    906.04253223
    906.04253223
    905.99699569
    907.12505750
    907.08080196
    907.20294725
    907.20324776
    907.20324776
    907.20324776
    906.92882669
    907.29890829
    907.31616135
    907.28075709
    907.28075709
    906.68518486
    906.68518486
    906.68518486
    906.97192276
    906.17304600
    904.72808894
    907.21326029
    907.07021343
    907.11615296
    907.11062705
    907.17360504
    907.22984531
    907.47096324
    907.29329975
    907.15116816
    906.34073352
    906.34073352
    906.34073352
    907.37545560
    907.51830047
    907.46645773
    907.46645773
    907.31869987
    907.31869987
    907.03596646
    907.03596646
    907.37226131
    907.48234576
    907.54434181
    907.56053616
    907.50198915
    907.44891367
    906.87874673
    907.45584482
    907.07520559
    907.10743906
    907.37601242
    907.37601242
    907.37760079
    907.37760079
    906.92871787
    907.00330365
    907.00330365
    907.29954990
    907.30271972
    907.41714668
    907.35627797
    907.18900988
    907.18726322
    906.25326026
    905.64002405
    904.28797393
    904.85039713
    905.15982645
    900.25722636
    900.25722636
    904.09798987
    905.63071891
    905.63071891
    905.86756029
    905.86756029
    905.86756029
    905.86111949
    905.86111949
    905.86111949
    906.19774617
    905.77465380
    905.65263388
    905.46577472
    906.08116248
    905.77648986
    905.91085363
    905.51245191
    905.63556339
    905.63556339
    905.91109214
    905.91109214
    905.91109214
    905.91109214
    905.91109214
    905.70588210
    906.06419483
    906.06419483
    905.85815236
    906.30953117
    906.30953117
    906.43518648
    906.59808803
    907.57748807
    907.51448207
    907.51448207
    907.46900658
    907.16564465
    906.47581041
    906.47581041
    906.86875294
    907.31627252
    907.55072685
    907.48991924
    907.57528133
    907.57528133
    907.57528133
    907.10858404
    907.03294175
    907.53975564
    907.54367697
    907.56980663
    907.58315667
    907.41383769
    906.87897718
    906.87897718
    906.26573833
    907.43493145
    907.54738965
    907.59463203
    907.47278786
    907.35113261
    907.35113261
    907.40524736
    907.40524736
    907.22604232
    907.19853699
    906.71847358
    904.57054678
    903.87394004
    905.71263020
    904.35821451
    905.37358939
    906.81379370
    906.71942022
    907.04521239
    907.35797243
    906.38609574
    906.38609574
    906.38609574
    906.80155322
    906.84792535
    906.62407023
    906.62407023
    906.90434076
    905.31792163
    905.45078989
    905.34787430
    904.56167066
    904.53777181
    904.53777181
    904.53777181
    906.26829965
    905.00169895
    905.00169895
    905.08936287
    904.29273060
    906.05648881
    906.05648881
    902.03727434
    902.03727434
    902.86376133
    902.86376133
    902.86376133
    904.04579509
    904.04579509
    904.24429093
    904.06128096
    902.41675846
    902.41675846
    902.41675846
    903.29341596
    903.29341596
    903.29341596
    903.29341596
    903.07066665
    903.73140547
    902.19038093
    905.77836388
    905.77836388
    905.91153939
    906.15890155
    906.57572884
    906.57572884
    906.89777309
    904.86115495
    904.68165033
    904.30471972
    905.43335443
    906.62148083
    906.70816866
    907.10425460
    907.10425460
    907.11319098
    906.73841327
    906.78488654
    906.87070853
    907.26929732
    907.12302373
    907.35359115
    907.36061767
    906.93291878
    907.34284456
    907.49702288
    907.51261201
    907.46391111
    907.44065729
    907.28920060
    907.30120769
    906.90588750
    906.77021275
    906.77021275
    906.77021275
    906.77021275
    907.48006495
    907.38154385
    907.37153790
    907.37153790
    905.90956717
    905.90956717
    905.90956717
    905.93697082
    906.17196631
    906.20592356
    906.65808406
    906.04024820
    906.04024820
    905.95282616
    905.95282616
    904.69483841
    906.23213622
    906.71450338
    906.71450338
    904.67939092
    904.33357188
    906.63332601
    906.28056490
    906.28056490
    906.80975882
    906.82352278
    906.82352278
    907.18095860
    907.18095860
    906.91115205
    906.79543795
    906.79543795
    906.77231679
    906.96983462
    906.96983462
    906.96983462
    907.25982775
    907.25982775
    907.23724970
    906.07568984
    906.38362572
    906.14850596
    905.23075655
    905.66917982
    905.66917982
    907.12087683
    907.12087683
    907.55056508
    907.55056508
    907.33880073
    907.59792428
    907.59627786
    907.58574676
    906.08615526
    905.74008616
    905.74008616
    905.74008616
    905.74008616
    905.74008616
    905.74008616
    905.92093565
    907.49596947
    907.23264595
    906.81081742
    907.39707206
    907.39999653
    907.43202054
    907.57891338
    907.35763254
    907.30800688
    907.30800688
    907.30800688
    907.19880870
    907.19880870
    907.00347379
    907.00347379
    907.39103471
    907.24240358
    906.92505349
    906.99797848
    906.99797848
    907.44308477
    907.55315835
    907.39062452
    907.39062452
    907.33896654
    907.40728403
    906.94464152
    904.59105009
    902.60458462
    904.25537200
    904.63130919
    904.63130919
    904.63130919
    904.63130919
    907.13555758
    907.11532128
    907.12190542
    907.12190542
    906.70925756
    907.12326034
    905.72219581
    905.72219581
    905.72219581
    905.48953935
    905.48953935
    904.56179151
    904.56179151
    904.56179151
    905.84620076
    905.50250077
    905.50250077
    905.50250077
    905.31177385
    905.20723769
    906.99169247
    905.93707566
    906.90818628
    905.96625136
    905.96625136
    905.26570817
    905.19295810
    903.04730011
    905.71609238
    905.71609238
    905.71609238
    905.71609238
    906.05013753
    906.28359654
    906.24728612
    906.26601132
    905.79519790
    905.79519790
    905.79519790
    906.63784719
    906.60660647
    906.58674761
    906.58674761
    906.58674761
    906.97419725
    906.97419725
    907.59168783
    907.52503234
    907.56729806
    907.59699545
    905.02199853
    905.02199853
    906.48380875
    906.99176094
    907.24575942
    907.23574475
    907.23574475
    907.23574475
    907.23574475
    906.77469428
    906.77469428
    907.04561256
    907.14375159
    907.14375159
    907.11210128
    907.11210128
    906.62443949
    906.23507179
    906.20595918
    905.90894365
    906.21683545
    907.27501847
    907.44487549
    907.44487406
    907.34907498
    906.43976699
    906.43976699
    905.59580739
    905.79944028
    905.79944028
    905.79944028
    906.24981890
    906.24981890
    905.80392351
    904.87669956
    902.69513334
    903.70495101
    903.70495101
    906.52369036
    906.53413065
    906.35303705
    906.35303705
    906.35303705
    906.35303705
    906.35303705
    906.18081979
    906.42328715
    906.42328715
    906.71214924
    906.71214924
    906.47171130
    906.67856981
    907.04562642
    907.04563315
    907.04563315
    906.65775100
    906.65775100
    906.51136999
    906.42335785
    906.42335785
    904.65074572
    906.24981068
    906.24981068
    906.94378129
    906.94378129
    904.27166444
    904.27166444
    905.62151381
    905.62151381
    905.62151381
    905.04633977
    905.04633977
    905.00264890
    905.00264890
    904.07121859
    904.07121859
    905.92633902
    906.78566218
    906.78566218
    906.78566218
    907.40812202
    907.00863538
    907.00863538
    907.44538753
    906.79779370
    906.23085722
    906.23085722
    906.23085722
    904.37862046
    907.11674318
    907.11674318
    906.99346536
    906.90629438
    906.93874925
    905.53485263
    905.60131818
    905.60131818
    905.60131818
    905.60131818
    906.95795874
    907.09860786
    906.93606250
    906.87919077
    906.54667871
    906.54667871
    906.97340205
    906.94469853
    906.97800778
    906.94221929
    906.94221929
    906.86181748
    906.86181748
    906.97831019
    906.97831019
    907.52276431
    907.51090677
    907.51090677
    907.14806695
    907.13866732
    907.30204293
    907.58684555
    907.58684555
    907.60138295
    907.54851417
    906.82881261
    906.26162444
    906.26162444
    906.05711906
    906.63972803
    906.96938044
    906.83172160
    906.83172160
    907.30111931
    907.24407450
    907.24407450
    907.24407450
    907.23596536
    907.23596536
    907.23596536
    907.39566988
    907.12617906
    907.12617906
    907.33622940
    907.48659986
    907.35828457
    907.45388542
    907.52025882
    907.42200374
    906.31933933
    906.12439510
    906.30586393
    906.22535036
    906.22535036
    906.22535036
    906.22535036
    904.89301457
    904.85253120
    904.59310189
    904.59310189
    904.59310189
    904.46736470
    905.44313294
    905.44313294
    905.59109598
    905.59109598
    906.05580472
    906.05580472
    906.08519406
    906.59543576
    906.13867662
    905.91377985
    906.01879768
    906.01879768
    905.83679361
    906.85405797
    906.85405797
    907.26654022
    907.47108605
    907.42989461
    907.52222231
    907.51149552
    907.26948308
    907.25880263
    907.10253274
    907.19584503
    907.41565208
    907.36906786
    906.87542767
    906.81912419
    906.72266385
    906.72266385
    907.15019703
    907.33843132
    907.31466473
    907.31466473
    907.31466473
    906.07624305
    906.07624305
    905.57597517
    905.57597517
    904.80489524
    904.84937079
    905.28556550
    905.28556550
    905.28556550
    905.28556550
    906.05620202
    906.11837731
    906.48126279
    906.59224519
    906.86507104
    906.86507104
    907.03912738
    904.75851977
    905.28934021
    905.28934021
    905.53411563
    907.06452976
    906.48183695
    906.93363111
    906.93363111
    906.63156112
    906.63156112
    906.63156112
    907.24344928
    907.24344928
    907.36779988
    907.19213948
    907.21991072
    906.87908279
    907.13523163
    907.59593175
    907.53444984
    907.53444984
    907.10368515
    907.37805053
    907.15814111
    907.58809769
    907.57823986
    907.59904464
    907.59729330
    907.56704237
    907.47186599
    907.49867570
    907.49867570
    907.49867570
    907.48175754
    907.48175754
    907.27087878
    907.23761415
    907.33676688
    907.36827494
    906.83078359
    906.80366970
    906.88018658
    906.78859930
    907.00977744
    905.73456382
    906.77389392
    906.86178435
    906.82016017
    906.84885722
    907.10716449
    907.16924614
    907.16924614
    907.16992229
    907.16992229
    907.16992229
    907.25245240
    906.76834510
    906.57914327
    907.32359062
    907.53833926
    907.48556397
    907.43075114
    907.45706967
    907.39748804
    907.39748804
    907.43843543
    906.15399359
    906.15399359
    905.44823062
    904.77753313
    905.26868403
    906.40683685
    905.60521492
    905.60521492
    906.36187110
    906.58275037
    905.32348523
    905.32348523
    906.64618931
    906.64618931
    906.74703599
    906.68799743
    906.68799743
    906.88467855
    907.49267225
    907.49267225
    907.26659202
    904.20165079
    904.20165079
    904.20256530
    904.20256530
    903.89139510
    904.82993348
    903.63984818
    900.45859806
    901.31376620
    901.31376620
    902.72343043
    902.72343043
    903.23976153
    903.67084767
    903.96429900
    903.96429900
    905.59866160
    905.42996030
    904.98879427
    905.30813060
    906.59331011
    906.58867840
    906.39065844
    906.50277069
    906.49174395
    905.58528840
    906.22237891
    906.22237891
    907.46862989
    907.43847689
    907.39038558
    907.33091790
    907.51958737
    907.55880183
    907.55880183
    907.55130788
    907.55947375
    907.45192018
    907.28095853
    906.90580646
    907.35260953
    907.35260953
    906.93082987
    906.84672770
    906.85152481
    906.49458244
    906.98154530
    906.96946851
    906.96946851
    906.96070188
    907.40139298
    907.06812765
    907.28497189
    907.12638817
    907.12638817
    905.47718409
    905.50300030
    905.58225545
    905.58225545
    905.93220992
    905.60026457
    905.60026457
    905.60026457
    905.60026457
    905.60026457
    905.60026457
    905.93054221
    905.86173375
    904.98157927
    905.37229574
    907.18949059
    907.55782811
    907.58958692
    906.81412814
    906.81412814
    906.81412814
    906.81412814
    907.06896329
    906.66614329
    906.66614329
    906.59601594
    906.76543944
    905.98943765
    907.56125458
    907.24651929
    907.24651929
    907.01371925
    907.01371925
    906.99132417
    906.99132417
    906.58268081
    905.97625631
    905.97625631
    905.97625631
    905.97625631
    905.97625631
    905.97625631
    905.84230641
    906.12461446
    906.80193374
    906.25868092
    906.20148775
    906.23853390
    906.23853390
    903.59014595
    903.95657719
    904.57448897
    904.57448897
    904.57448897
    904.57448897
    904.57448897
    904.57448897
    902.98113118
    902.98113118
    902.98113118
    906.59908651
    906.02442958
    907.18179397
    907.35025233
    907.45835953
    907.45835953
    907.13182404
    907.13182404
    907.14900362
    907.08439439
    907.08439439
    907.08439439
    905.32754992
    905.32754992
    905.32754992
    905.32754992
    905.14628617
    905.14628617
    905.14628617
    906.90856947
    906.88876898
    906.88876898
    906.81033275
    907.24337370
    907.52521476
    906.31372558
    904.66594495
    905.90924230
    905.90924230
    905.90924230
    905.90924230
    905.90924230
    905.90924230
    905.90924230
    907.10333346
    907.24975246
    907.43970663
    907.28938123
    907.07431619
    907.07431619
    907.07431619
    906.87399278
    904.98057572
    906.72271874
    906.72271874
    906.56053290
    906.56053290
    906.56053290
    906.89136518
    906.92739871
    907.10202508
    906.89514756
    905.50902386
    905.67466153
    905.67466153
    905.67466153
    906.64331059
    905.78527870
    906.65142349
    906.08230218
    906.18570948
    907.16053776
    907.21992518
    907.21992518
    907.13132271
    907.05689778
    907.05210026
    907.47485825
    907.54174217
    906.81874454
    907.14162241
    907.12935517
    906.99284711
    906.99284711
    906.54614742
    903.52481869
    903.52481869
    903.52481869
    906.18387001
    905.37080560
    905.36366401
    904.49545808
    907.45100535
    906.99257849
    906.99257849
    906.17090710
    906.17090710
    906.17090710
    906.83695679
    906.83695679
    907.03138213
    907.15353169
    907.15353169
    907.57620840
    907.17990665
    907.17990665
    905.65110219
    905.65110219
    905.65110219
    906.46976895
    907.36540922
    907.36540922
    907.47558427
    907.47558427
    907.47558427
    907.43250513
    906.62990509
    905.18612854
    905.59458205
    905.10625163
    904.93940058
    905.84529665
    905.72589873
    905.72589873
    905.72589873
    904.80469687
    904.80469687
    904.80469687
    905.56959017
    905.56959017
    907.19234786
    907.19234786
    906.86039964
    906.50117322
    906.50117322
    906.16606243
    905.48940277
    905.48940277
    905.48940277
    902.02657543
    903.92914408
    905.34173001
    902.58973269
    903.62586898
    904.49817666
    907.36581379
    907.36581379
    907.36581379
    905.93150301
    905.93150301
    906.02828802
    906.02828802
    906.02828802
    906.59254263
    907.36379285
    906.79624153
    907.22266825
    906.54761719
    906.30435393
    906.91454122
    904.25276594
    904.25276594
    904.25276594
    904.25276594
    904.25276594
    905.75824040
    906.52624355
    906.52624355
    905.39215883
    905.44252589
    905.88011833
    906.23516646
    906.23516646
    907.37685476
    907.37685476
    907.47594940
    906.93245675
    906.93245675
    906.93245675
    906.79339901
    906.79339901
    906.76245888
    907.05602975
    906.84495355
    906.84495355
    907.52126021
    907.52126021
    907.46413253
    907.46413253
    907.11247975
    907.03865635
    907.46640014
    907.25332385
    907.25556489
    907.25556489
    906.37987859
    906.36536670
    904.69426929
    906.09976614
    906.32362824
    906.32362824
    906.87161646
    906.54824092
    905.86699935
    905.86699935
    904.47470915
    904.32191764
    904.32191764
    904.32191764
    905.85309115
    904.94458438
    904.94458438
    904.94458438
    905.59141986
    905.59141986
    905.59141986
    906.14921232
    906.71257123
    905.28831802
    906.73440162
    906.95586273
    906.95586273
    907.01339279
    907.46454753
    906.92752426
    906.89376968
    906.89376968
    906.38900173
    905.80408691
    905.62411170
    906.53806026
    906.53806026
    906.27127485
    906.47097922
    906.47097922
    906.37888443
    907.16366457
    907.14468470
    906.16327614
    906.16327614
    905.65475172
    905.35028731
    906.84449777
    906.89252276
    906.10223441
    905.58479499
    905.63328296
    905.63328296
    905.91272329
    905.76431195
    906.79772679
    906.86199082
    906.86199082
    906.66810150
    906.85514166
    907.32029323
    907.30466016
    907.24771693
    907.24771693
    907.24771693
    907.24771693
    907.24771693
    906.84764376
    906.69901716
    906.69901716
    905.91883330
    905.89800282
    906.10422504
    905.72536875
    905.72536875
    906.39686205
    905.51787190
    905.51787190
    905.68050960
    907.00508873
    906.37782747
    905.99038021
    907.19489977
    907.12354390
    907.23263164
    907.43595208
    907.10830248
    906.96313803
    904.93242069
    904.93242069
    907.06192470
    907.06192470
    907.10364513
    906.93402164
    906.93402164
    906.94636346
    906.94144198
    906.94144198
    906.94144198
    906.66214395
    905.40918182
    905.40918182
    907.02141766
    906.98219787
    907.10772901
    907.09757758
    906.57196164
    907.01055462
    907.15767013
    907.15767013
    907.18419750
    907.22071123
    907.22071123
    907.30546634
    907.30546634
    907.30546634
    907.33414997
    907.33414997
    907.05570556
    907.23117660
    907.24582307
    907.24582307
    907.49918105
    907.38415959
    907.44294626
    907.49076590
    907.44263682
    907.33673445
    907.20465655
    906.99766526
    906.99766526
    906.18544634
    906.02299328
    906.52920587
    906.52920587
    906.57640375
    906.57640375
    906.88471978
    906.88471978
    907.19220881
    907.00847146
    907.03069399
    907.03069399
    906.49832134
    907.19363580
    907.21901592
    906.71745965
    906.92771730
    906.94715869
    907.29203656
    905.71712140
    905.71712140
    906.45468352
    906.22354001
    905.79376808
    905.79376808
    905.79376808
    906.61078091
    906.99169804
    906.34719247
    906.72794974
    906.72794974
    906.98284943
    907.05940663
    906.90722586
    906.90722586
    906.73200372
    906.73200372
    907.03866108
    906.35833258
    907.22886497
    906.97331627
    906.97331627
    906.44636859
    906.44636859
    906.38553930
    906.39123736
    906.49288764
    905.75510104
    905.13714051
    905.13714051
    906.04587986
    904.97090295
    904.97090295
    904.97090295
    904.97090295
    904.97090295
    904.97090295
    906.13707680
    906.85032534
    906.72673952
    906.85603133
    907.57947896
    907.59534658
    907.38132978
    907.50089083
    907.40891412
    907.23292617
    907.23292617
    907.40168985
    906.04560058
    905.08826835
    906.22100586
    905.23519272
    905.23519272
    905.23519272
    905.76160040
    905.76160040
    906.83524754
    906.81714408
    906.97472078
    906.98309556
    906.05817087
    906.05817087
    906.82255499
    906.34749884
    904.10320639
    905.50700882
    905.76416611
    905.00340529
    905.00340529
    905.57861500
    905.57861500
    905.57861500
    905.93192856
    905.93192856
    906.51494205
    906.51494205
    906.51494205
    905.25121331
    905.25121331
    905.72245642
    907.30359236
    906.53797131
    907.14789096
    907.12595354
    907.12595354
    907.12595354
    906.89189207
    907.15337456
    906.97610985
    905.63466990
    906.80619970
    907.38414403
    907.26617794
    907.20980557
    907.20980557
    907.21546674
    907.22478652
    907.24487422
    907.10398704
    907.01663999
    906.62173225
    906.45785793
    907.09213402
    906.94337219
    907.34307211
    906.98321349
    907.01602588
    907.01602588
    907.28409010
    907.51386308
    906.37521487
    907.21234082
    907.35638783
    907.34885494
    907.34885494
    907.47344832
    907.47344832
    907.47344832
    907.48099459
    907.43334458
    907.41342619
    907.42751590
    907.56584329
    907.56584329
    907.20132431
    907.20132431
    907.22189789
    907.22393796
    907.22393796
    907.50482443
    907.50482443
    907.50561898
    907.56566054
    907.56566054
    907.44401573
    907.53145835
    907.51788288
    907.51788288
    907.51332308
    907.57835576
    907.57835576
    907.55755031
    907.53604570
    907.25276413
    906.59885486
    906.59885486
    906.59885486
    906.59885486
    907.49027489
    907.53870602
    907.41146827
    907.53124671
    907.35121172
    907.30456213
    907.30456213
    906.48352533
    906.84172686
    906.84172686
    907.29565580
    907.30152355
    907.40541835
    907.41300766
    907.41300766
    907.37234848
    907.36688263
    907.27262279
    907.27262279
    906.87234889
    906.87234889
    906.31852503
    905.74744935
    905.74744935
    906.98112160
    906.73981237
    906.73981237
    907.49027328
    907.51910757
    907.51910757
    907.42497530
    907.42044138
    907.49592013
    907.48471743
    907.48075601
    907.48075601
    907.35393412
    907.38266364
    907.37959296
    907.37959296
    907.27350923
    907.57578030
    907.49124478
    907.49124478
    906.90794969
    907.31403550
    907.28610227
    907.28526711
    907.37637030
    907.41117336
    906.88125882
    906.56466484
    906.33687884
    906.01137907
    905.87965933
    906.42824439
    906.45091402
    906.45091402
    906.45900960
    906.73956852
    907.04139714
    906.91277067
    906.34715814
    907.24054221
    907.46781908
    906.97003319
    906.92604053
    907.29160435
    907.21407604
    907.21407604
    907.21407604
    907.18049971
    907.56382187
    907.56352585
    907.27464583
    907.27464583
    907.27464583
    907.10517157
    907.10517157
    907.10517157
    906.55735649
    905.10082673
    906.17090977
    903.66545222
    905.26837919
    904.64968704
    904.68494853
    904.68494853
    905.21646365
    905.21646365
    905.95458750
    905.95458750
    907.24548344
    907.24548344
    906.40390042
    907.24391389
    907.24391389
    907.28296220
    907.56833343
    907.57232106
    906.54931521
    906.54931521
    906.54931521
    907.56662921
    907.06682622
    906.81895462
    906.78057001
    906.13294476
    906.86041410
    907.05569388
    907.05569388
    906.82441036
    906.81121836
    906.81121836
    907.26448165
    907.22932350
    906.75616136
    906.75616136
    906.75616136
    906.85839897
    907.47149577
    907.30502262
    907.26734525
    907.31354843
    907.17281988
    907.13210710
    907.39361676
    907.08791983
    906.68995848
    906.68995848
    905.16594540
    905.16594540
    905.46982037
    905.46982037
    905.46982037
    905.46982037
    906.15107160
    906.83998778
    906.87579671
    907.33619331
    907.33619331
    907.33619331
    907.55597644
    907.03084768
    907.03084768
    907.14578283
    907.14578283
    906.89131876
    906.89131876
    907.27113079
    907.57296267
    907.57296267
    906.84660677
    906.84660677
    906.84660677
    906.98304980
    905.98383440
    906.50147382
    906.50147382
    906.50147382
    906.50147382
    907.11884564
    907.11884564
    907.11884564
    907.11884564
    906.71103164
    906.71103164
    906.71103164
    907.01206763
    907.06059595
    907.04271813
    907.02499873
    905.25873137
    906.67288075
    907.06766599
    907.36633726
    907.48884366
    907.47966832
    907.47700195
    907.47140016
    907.12184278
    907.28350540
    907.54864569
    907.37441040
    907.37441040
    907.37441040
    906.92878381
    906.97331609
    906.76130347
    906.93548055
    907.14036551
    907.14036551
    907.14036551
    907.02089510
    907.09953835
    906.86303624
    906.69234598
    906.68719252
    905.36174495
    905.36174495
    907.45005045
    907.22765637
    906.66875541
    906.66875541
    904.62287832
    907.20739467
    907.32259973
    907.55454576
    907.48028131
    907.57583818
    907.35083283
    907.35083283
    907.42018652
    907.59677988
    907.52760606
    907.45965854
    907.51896499
    907.51896499
    906.60205623
    907.22772688
    905.79920077
    905.79920077
    907.12742007
    906.63155122
    907.35599566
    907.35599566
    907.29082485
    907.29082485
    907.22309320
    907.22309320
    907.19689671
    907.42854914
    907.37482140
    906.64654566
    906.31593856
    906.06842234
    906.06842234
    905.68021947
    905.37089949
    905.72981977
    906.45409623
    906.45409623
    906.01769595
    906.01769595
    906.05952479
    906.64891049
    906.79967620
    906.83571894
    905.80864118
    906.11346084
    906.98696497
    907.02892576
    907.13112393
    907.22314026
    906.85937280
    906.85937280
    906.98135740
    907.08211795
    907.07417155
    907.18528471
    906.74700670
    906.74700670
    906.74700670
    906.74700670
    907.25776760
    906.93948532
    906.96875913
    907.38391739
    907.48523251
    907.48323493
    907.46488683
    907.00918493
    907.00918493
    907.04036385
    906.57303159
    906.72194308
    906.72194308
    906.72194308
    907.20844000
    907.38763722
    906.98920671
    906.38482466
    906.72420525
    907.38325539
    907.38325539
    907.38415710
    906.73477960
    906.73477960
    906.73477960
    905.98738332
    906.93468043
    907.06818400
    906.91458814
    906.91458814
    907.25860589
    907.15113729
    907.20191104
    907.19761438
    907.19761438
    907.19761438
    907.06341288
    907.06341288
    907.28727614
    907.27734278
    907.27734278
    907.30671571
    907.17159265
    907.21378033
    907.54364734
    907.26936839
    907.26936839
    907.43352337
    905.99167643
    906.28528899
    907.22500917
    907.22500917
    907.44550890
    906.81378761
    906.81378761
    906.81378761
    906.81378761
    906.81378761
    906.81378761
    906.87070144
    904.04534993
    904.04534993
    907.47878635
    907.57739717
    907.53712941
    907.48098184
    907.03667188
    906.65686956
    906.60119153
    907.02680495
    907.57068659
    907.55317559
    907.44793848
    907.52082664
    907.26293890
    907.26836042
    907.25311015
    907.45393364
    907.51920984
    906.54950211
    906.86848067
    906.67388640
    907.09996976
    907.11059975
    906.55016616
    906.80948605
    906.98750836
    906.33603299
    906.19031910
    906.77353743
    906.77353743
    904.97771561
    904.97771561
    904.97771561
    904.97771561
    904.97771561
    907.11048856
    907.34981788
    906.20354300
    906.20354300
    906.04253286
    906.04253286
    905.96362037
    906.30791824
    907.47283348
    907.47283348
    907.47647865
    907.48295538
    907.49385361
    906.65551552
    906.96820771
    906.90427409
    907.22662189
    907.22662189
    907.32427005
    907.32439134
    907.60138802
    907.60138802
    907.60106955
    905.82015376
    905.95302021
    906.17645112
    906.17645112
    906.17645112
    906.17645112
    906.17645112
    906.17645112
    907.33558462
    906.84310188
    907.48543218
    907.37899363
    907.21753303
    906.87374634
    906.87374634
    904.78409142
    905.85060136
    905.92834892
    905.87319933
    907.24256751
    907.09631790
    907.09631790
    907.38667050
    907.38667050
    907.38353887
    906.82797611
    906.82797611
    906.50937635
    906.50937635
    906.50937635
    907.36093891
    905.77884531
    905.77884531
    907.47499395
    907.53860411
    907.46939537
    907.46939537
    907.32357840
    906.96233020
    907.25715294
    906.61048573
    905.08493736
    906.12122259
    906.18300194
    906.82836601
    906.82836601
    906.83148479
    906.83148479
    906.83148479
    906.82615826
    906.98415644
    906.04201587
    906.04201587
    906.81122456
    905.57799187
    905.57799187
    906.08096037
    905.84090573
    906.99901967
    906.99901967
    906.99901967
    906.99901967
    906.90559309
    906.78030460
    906.90451195
    906.52747949
    906.56689630
    906.97511519
    906.89972876
    907.01016932
    906.57987032
    906.57987032
    906.57987032
    906.11775977
    906.11775977
    906.10880031
    906.16628539
    906.16628539
    906.16628539
    906.16628539
    905.19386502
    905.19386502
    905.74381250
    905.71564265
    906.32885405
    906.32885405
    906.43333070
    906.40179119
    906.40179119
    906.40179119
    906.51879349
    906.51879349
    906.53373182
    906.52819523
    906.52819523
    906.52819523
    907.10800613
    907.32125735
    906.85894658
    907.45217856
    906.99973140
    906.99973140
    907.42959291
    907.54647414
    906.74849308
    906.73940991
    906.77796258
    906.44422775
    906.76544965
    905.81459905
    906.55821862
    906.92456119
    906.92456119
    906.92456119
    906.92456119
    907.31959631
    907.31959631
    907.41776554
    907.48487874
    907.48048196
    907.28401139
    907.28401139
    907.28401139
    907.32828986
    906.92553686
    907.17920051
    907.35235458
    907.44381730
    907.22087961
    906.91097559
    907.59318154
    907.13738237
    907.24897105
    907.24897105
    906.63530899
    906.26087103
    906.26087103
    905.04940952
    906.17272372
    906.17272372
    907.16806662
    907.50911207
    907.50911207
    907.50911207
    907.57644422
    907.42504908
    907.42501905
    907.51978015
    907.51978015
    907.50696566
    907.50696566
    907.52645542
    907.51518870
    907.52033175
    907.22433194
    906.54387062
    906.54387062
    906.50813581
    906.47474062
    906.72822438
    906.99023886
    907.30570810
    907.30570810
    907.30570810
    907.57840240
    907.55718489
    907.24786631
    901.19617612
    903.73867293
    904.10020999
    904.10020999
    904.58674094
    902.49808956
    901.94726454
    901.94726454
    901.70324434
    902.87676790
    902.96855722
    899.17146711
    899.17146711
    899.17146711
    899.17146711
    899.17146711
    903.49147236
    905.55887358
    906.86735492
    906.83635849
    906.83635849
    906.96576695
    906.72921553
    907.33062802
    907.40961133
    907.40961133
    907.41918210
    907.10650794
    907.20684765
    907.12574230
    906.75413427
    906.62850141
    906.85313740
    906.59823838
    906.59823838
    907.55109656
    906.24764195
    906.24764195
    906.45092587
    906.45092587
    905.37451478
    907.18864339
    906.79872902
    907.54495224
    907.40569680
    907.44671439
    907.00739119
    906.91888027
    906.05598522
    906.01323857
    903.90449720
    904.00634121
    905.07154834
    905.07154834
    905.50420472
    905.50420472
    906.50236798
    906.50236798
    906.76218093
    907.04192455
    907.04192455
    907.20056881
    907.22825755
    907.13382904
    907.22963184
    907.17331294
    907.13618514
    906.53698193
    906.59567693
    906.59567693
    906.56096813
    906.47734949
    906.60848525
    906.92134753
    906.61779767
    906.83951356
    907.02775648
    907.02775648
    907.02775648
    907.01164246
    906.00121195
    906.00121195
    905.68131970
    904.48113689
    904.16740660
    903.77310417
    904.23293894
    904.23293894
    904.04526860
    904.04526860
    906.14643982
    905.69125667
    906.46143210
    906.46143210
    906.47433706
    906.47433706
    906.47433706
    906.75941903
    906.75701167
    906.98907047
    905.57879550
    905.57879550
    907.17379014
    907.60091431
    906.93780041
    905.47815978
    905.41285922
    905.30203379
    905.30203379
    905.30203379
    906.01103182
    906.06969027
    906.06969027
    906.06969027
    906.06969027
    905.17031581
    905.17031581
    905.17031581
    906.78079960
    906.31333441
    906.05712470
    904.99197367
    904.99197367
    904.99197367
    904.99197367
    904.99197367
    905.70165935
    905.70165935
    902.83510205
    902.83510205
    902.83510205
    902.83510205
    904.82991591
    906.24080722
    905.71340667
    905.73570912
    905.84850900
    905.84850900
    906.57740653
    906.10517377
    905.95044207
    906.21981481
    906.59839084
    907.07684442
    906.75650874
    907.25051339
    907.39275465
    907.39275465
    907.39275465
    905.86126450
    904.08518112
    905.43833462
    905.73969520
    905.54355316
    905.78267607
    903.79636628
    903.99144010
    904.04589641
    904.04589641
    904.04589641
    902.45021367
    904.56564547
    904.56564547
    905.07576691
    905.07576691
    904.79706389
    904.79706389
    904.48750539
    904.48750539
    904.48750539
    902.75942572
    902.75942572
    902.75942572
    904.49385361
    904.49385361
    904.49385361
    904.79248655
    904.79248655
    904.79248655
    905.26277647
    905.71650581
    905.71650581
    905.71650581
    905.09416817
    905.82883900
    905.83670135
    906.66317359
    907.08957818
    907.38914272
    907.40679918
    906.70250313
    905.92077398
    906.68404083
    907.41623152
    907.06139846
    907.06139846
    907.37351819
    905.50888457
    905.10174376
    905.10174376
    905.27682593
    905.33586052
    905.32979238
    905.35144435
    905.61202787
    905.58735749
    906.38697928
    906.38697928
    906.48998814
    906.71573338
    907.41143032
    907.24308062
    907.56216089
    907.55460111
    906.72879700
    906.72879700
    906.40258276
    906.42226164
    906.37351130
    906.90104860
    906.90104860
    906.95708636
    906.59765096
    906.93180571
    906.93032523
    906.93032523
    907.04635125
    906.62188905
    907.14866543
    906.92094346
    906.42300355
    907.20928224
    906.95844704
    907.26318071
    906.81347769
    906.90903013
    906.95125580
    907.01146312
    907.01146312
    907.01146312
    906.32352122
    906.30231434
    906.30231434
    906.30231434
    906.36890566
    906.13939502
    904.90621157
    904.90621157
    904.90621157
    904.90621157
    906.14254094
    906.14254094
    906.57495433
    906.49047609
    906.51593479
    906.68375714
    906.68375714
    906.68375714
    906.68375714
    904.42415736
    905.22374312
    907.14898412
    907.15172866
    907.15172866
    907.11917072
    906.52524705
    906.46583787
    906.65462443
    906.65462443
    906.64827920
    907.27078499
    907.28339458
    904.56859579
    907.28184380
    907.28184380
    907.28184380
    906.65455221
    906.65455221
    906.31249751
    906.31249751
    907.47916121
    907.40120546
    907.53068916
    907.53068916
    907.56116999
    907.56116999
    907.55676701
    907.59284978
    907.59284978
    907.43628707
    907.43628707
    907.43628707
    907.58467028
    907.58991838
    907.50756284
    907.50756284
    907.50756284
    906.99687494
    906.14329156
    906.43402783
    905.74177654
    905.46630528
    905.31274905
    904.35996513
    904.35996513
    904.17089687
    903.15561908
    902.92297120
    904.53365081
    905.64560034
    906.25296856
    906.25296856
    906.25296856
    906.25296856
    906.30581211
    905.78020884
    905.47881976
    905.40927880
    905.80991974
    905.80991974
    905.80991974
    906.47680806
    906.50055830
    906.50055830
    906.50055830
    906.88600014
    906.87844278
    907.16123484
    907.10232701
    906.48449182
    906.76141347
    907.05392616
    906.61607048
    906.61607048
    906.61607048
    906.61607048
    906.61607048
    906.61607048
    906.61082534
    907.26149595
    907.33187395
    906.94951005
    906.94951005
    906.94951005
    906.82753195
    906.42597981
    905.65400473
    905.65400473
    905.65400473
    905.65400473
    904.16643141
    903.66592477
    903.66592477
    903.66592477
    903.66592477
    902.20665962
    901.63369767
    901.63369767
    898.44885363
    900.45062652
    900.45062652
    904.60111459
    905.57546161
    906.38800162
    906.38800162
    906.22905349
    906.84967797
    906.71043945
    906.71043945
    905.92431649
    906.70069853
    905.46655747
    905.46655747
    905.64906739
    905.64906739
    905.86865310
    905.84992982
    905.84992982
    905.84992982
    905.84992982
    906.27214975
    905.51771379
    905.66451419
    905.60689259
    906.08083454
    906.08083454
    906.08083454
    904.57737040
    905.37724028
    905.47674336
    906.92459704
    906.92459704
    906.92459704
    906.87899857
    906.81042878
    906.70017867
    906.70017867
    906.66910934
    907.44624360
    907.44624360
    904.21146934
    903.33078736
    902.37674323
    902.37674323
    902.37674323
    902.37674323
    902.37674323
    902.37674323
    902.64459619
    904.55315127
    905.69491509
    905.72009503
    905.81720936
    905.81720936
    905.81720936
    905.47782027
    905.55148548
    904.83636696
    906.14635753
    906.21268047
    906.22056879
    906.22056879
    906.22056879
    906.42351278
    906.42351278
    906.42351278
    906.42351278
    906.47790587
    906.71261305
    906.71261305
    906.47502319
    906.47502319
    905.71665409
    904.93795845
    904.93795845
    904.93795845
    905.02755586
    905.32301648
    905.32301648
    906.50895547
    906.50895547
    906.62681163
    906.62681163
    906.87118863
    907.21879295
    907.04399530
    907.12435641
    907.07004559
    907.07004559
    906.96723134
    907.50329272
    907.50329272
    906.71367607
    906.71367607
    906.71367607
    906.71367607
    906.61854717
    906.47461277
    906.47461277
    907.34888356
    907.34888356
    906.88264140
    906.88702114
    907.44930361
    907.46562000
    907.46562000
    907.46562000
    906.62829907
    907.52269338
    907.57231007
    907.58834737
    907.58834737
    907.58834737
    907.54271421
    907.57663735
    907.57663735
    907.58653392
    907.39727110
    907.50458354
    906.94415348
    907.11802829
    907.15763095
    907.13837512
    906.87709414
    906.87709414
    906.46676076
    906.46676076
    906.00062339
    906.00062339
    905.69705025
    905.69705025
    905.69705025
    905.69705025
    905.69705025
    904.66830767
    904.66830767
    905.90794516
    906.24301208
    906.24025940
    906.27287385
    905.85639462
    905.61948326
    905.61948326
    907.35307656
    907.35307656
    907.29581770
    907.18296778
    907.18296778
    907.34738104
    907.41629735
    907.28791764
    907.28791764
    907.43337728
    907.41843272
    907.37572457
    907.37572457
    907.44370851
    907.18354433
    907.18354433
    905.85405155
    905.32267894
    905.80225950
    903.75591253
    903.75591253
    906.02774642
    906.02774642
    906.02774642
    905.38565994
    905.38565994
    905.38565994
    905.31598030
    907.48001465
    907.43300540
    907.43300540
    907.43055008
    907.50581386
    906.84013694
    906.84013694
    907.04212013
    906.82317564
    904.10360890
    905.01780407
    905.00167915
    904.64623158
    905.28519636
    905.28519636
    903.79836178
    903.79836178
    903.79836178
    903.60494118
    907.44176091
    907.41377762
    907.45220366
    907.55656574
    907.55656574
    907.15673197
    905.62315521
    906.06222608
    907.33189859
    906.33145710
    906.33145710
    906.33145710
    906.33145710
    907.17992449
    907.25393837
    907.17858575
    907.17858575
    907.17858575
    907.17858575
    907.17074784
    906.76176558
    906.73153178
    906.61193770
    905.57813054
    905.57813054
    905.57813054
    905.39588402
    904.56195563
    904.56195563
    905.75898333
    904.84679271
    904.84679271
    904.84679271
    903.74115843
    903.74115843
    906.23507240
    906.23507240
    906.23507240
    906.23507240
    905.70904108
    905.41345515
    905.44178301
    905.44178301
    905.59421062
    904.92672556
    904.92672556
    904.92672556
    907.08530004
    906.93595210
    907.07126841
    903.55323915
    905.77814220
    905.77814220
    905.77814220
    905.66025236
    907.47798841
    906.79058263
    907.54669522
    907.36883827
    907.21228241
    907.21228241
    907.17877836
    907.07528939
    907.10419978
    906.81525205
    906.50529270
    906.82033455
    906.99777221
    906.75327874
    907.19288411
    907.34847452
    907.20626951
    907.21979501
    907.03412765
    905.83239593
    905.34925169
    906.44534686
    906.94303928
    906.92827974
    906.41545767
    905.80274844
    906.32238685
    904.98108289
    904.98108289
    904.98108289
    904.98108289
    905.78912433
    905.66733847
    906.20964893
    905.91026983
    905.91026983
    906.97348550
    906.97771116
    906.79383358
    906.79383358
    907.02000333
    906.99840550
    907.02957389
    907.02957389
    907.04162435
    905.38264321
    906.29283345
    904.85981225
    905.81985094
    905.81985094
    905.36099170
    905.36099170
    906.42535114
    906.42535114
    906.42535114
    907.50798703
    907.00505576
    906.76111231
    906.07135110
    906.81693708
    906.81693708
    904.55614388
    904.55614388
    907.13311772
    906.59228528
    906.50174110
    907.29261081
    906.77063309
    906.77063309
    906.81349878
    906.81349878
    906.81349878
    906.81349878
    906.33336296
    906.34314546
    906.18638672
    906.18638672
    906.18638672
    906.18638672
    906.23713537
    906.48400399
    907.11943648
    907.05855478
    906.69360275
    904.93809695
    904.93809695
    904.93809695
    904.93809695
    907.21775223
    907.13269791
    905.94094495
    905.94094495
    905.85272253
    905.85272253
    905.48293191
    906.37281831
    906.50479935
    906.23041245
    906.23041245
    906.56283316
    907.36741136
    907.30432041
    907.56792151
    907.34411384
    907.36790950
    907.37860845
    906.75027180
    906.75027180
    907.01812357
    907.00671271
    907.01720877
    906.98679836
    905.69717333
    905.69717333
    905.61861203
    905.15953182
    904.73336821
    904.73336821
    904.87577429
    904.87577429
    905.14978549
    905.14978549
    905.93083584
    904.17328883
    904.13034937
    904.13034937
    904.21970619
    904.62962562
    904.02784027
    904.83164813
    904.83164813
    904.83164813
    905.78478977
    906.38291801
    903.95364489
    903.95364489
    905.97361351
    906.81905910
    905.73152924
    907.28342256
    907.26052526
    907.17417797
    907.05100966
    906.77335837
    906.77335837
    907.33185030
    907.33185030
    907.33185030
    907.58784599
    907.58784599
    907.49791498
    907.49791498
    907.49791498
    907.53718946
    906.19132687
    906.07730132
    906.07730132
    906.00123479
    906.00123479
    906.91607511
    906.21714999
    906.20285337
    906.16328843
    906.16328843
    906.16328843
    906.30991328
    906.69555117
    906.69555117
    907.31580699
    907.01957344
    906.87291505
    907.06620749
    906.97706004
    906.97706004
    907.50022198
    907.56307676
    907.56307676
    907.43980709
    907.42970545
    907.42970545
    907.35381745
    907.30917712
    907.30917712
    907.33636987
    907.23138700
    907.12214923
    907.19025361
    907.19025361
    907.37933052
    907.46231631
    907.45508464
    907.45508464
    907.45398696
    906.74620089
    907.09222063
    906.70325801
    906.70325801
    906.70325801
    907.09514054
    906.88372227
    907.40224856
    907.40346610
    906.59895074
    904.59896835
    904.59896835
    907.35588044
    907.35588044
    907.38108952
    907.01709011
    907.49517342
    907.49517342
    907.49517342
    907.49517342
    907.49761289
    907.22087488
    907.22087488
    907.39705031
    907.39253037
    907.43270470
    907.43270470
    907.43241701
    907.20952487
    906.92196400
    907.22432299
    907.11058340
    907.01269332
    907.14117615
    907.51421864
    907.53372175
    907.51226335
    907.24810434
    907.22773833
    907.38766879
    906.54174296
    906.84338254
    905.68301374
    905.68301374
    905.68301374
    905.68301374
    904.99169705
    904.99169705
    904.73654673
    903.23527131
    903.23527131
    905.34227365
    906.88483199
    907.05758073
    906.09514176
    906.20428056
    906.20428056
    905.96094059
    905.96094059
    906.87067926
    906.93022299
    907.17089732
    906.53615224
    907.03508262
    907.49763804
    907.50378889
    907.49672137
    907.24010866
    907.11411251
    907.11411251
    907.13799767
    907.13799767
    907.06474130
    907.06474130
    907.52302220
    907.55364743
    907.59358895
    907.59225281
    907.59985341
    906.96272422
    906.57223184
    907.04516225
    907.05877144
    905.44111568
    905.44111568
    906.43298724
    904.19997070
    903.38365818
    903.38365818
    904.87721239
    904.37363098
    904.44282344
    906.94221006
    906.99563393
    907.12558895
    907.12397097
    907.43545599
    907.42670496
    907.37509189
    907.03665825
    906.99503604
    906.99503604
    905.78697763
    905.90042342
    906.21085666
    906.25395552
    906.25395552
    906.26889852
    906.45120866
    906.48401297
    906.48401297
    906.37499821
    906.37499821
    907.36388056
    907.34558981
    907.53630659
    907.53124453
    907.53124453
    907.23005057
    907.57372875
    907.57372875
    907.57372875
    907.00516276
    907.05913363
    907.05913363
    907.09229073
    906.57317060
    906.57317060
    906.57317060
    906.57317060
    907.44757920
    907.44757920
    907.44757920
    907.41540716
    907.41540716
    907.53802180
    907.53802180
    907.51976300
    907.13176589
    907.13176589
    907.13176589
    906.82029450
    906.63792135
    907.15047685
    907.07589771
    907.07589771
    906.97780850
    906.64037847
    905.30604559
    906.06141452
    906.34645947
    907.15890884
    903.62728982
    905.65647693
    905.88579396
    905.88579396
    905.49309858
    905.49309858
    905.62451889
    905.68924799
    904.93494828
    904.93494828
    904.93494828
    904.93494828
    903.44162949
    906.66767458
    907.02587457
    907.10239925
    906.43180218
    906.43180218
    906.43180218
    906.54764211
    906.80674662
    906.63274988
    906.88686881
    906.88686881
    906.31393193
    906.31393193
    906.14914601
    906.14914601
    907.45758076
    907.55240927
    907.57469970
    907.58283989
    907.59525113
    907.48624204
    907.48624204
    907.45766240
    907.53726434
    907.53726434
    907.57817721
    907.58343172
    907.58366196
    907.60006141
    907.60009231
    907.24209961
    906.53310515
    906.23247887
    906.23247887
    906.42413801
    906.42413801
    906.96915523
    907.43642491
    907.20075413
    907.20075413
    907.20075413
    907.21739749
    907.04132303
    907.04132303
    907.04132303
    907.52628719
    907.38172910
    907.36171844
    907.36171844
    907.36722207
    907.47448281
    907.45248721
    907.43675751
    907.38059707
    906.61617017
    906.61617017
    906.61617017
    906.61617017
    907.16604027
    907.46300769
    907.31136539
    907.31136539
    907.31136539
    906.95016543
    907.45112940
    907.45112940
    907.59115281
    907.59115281
    907.48130500
    907.48130500
    907.24673218
    907.42535783
    906.44319325
    906.44319325
    906.37053727
    906.76061652
    906.76061652
    906.76061652
    905.96194814
    905.96194814
    905.96194814
    906.62255873
    906.65837498
    906.65837498
    906.65837498
    906.65837498
    907.22562315
    907.42563105
    907.34150664
    907.21536561
    907.34937809
    907.34937809
    907.28115488
    907.28115488
    907.43641694
    907.10938833
    907.21097181
    907.21097181
    907.43710258
    907.43710258
    907.46891756
    906.67373352
    906.40128467
    906.50421239
    906.50421239
    906.81077504
    906.81077504
    906.81077504
    906.99988796
    906.99988796
    906.78001750
    906.33696476
    906.33696476
    906.17136134
    907.33984326
    906.47539766
    906.22664681
    906.22664681
    906.11187223
    906.17928283
    906.83904844
    906.83904844
    906.83904844
    905.55519330
    906.32896392
    906.22966959
    905.93994926
    906.08012093
    906.36843069
    906.25217573
    906.84830603
    906.84830603
    907.06077560
    907.21011539
    907.13848560
    907.13848560
    907.05144492
    906.01224569
    906.92033657
    906.92033657
    906.92316304
    906.43122912
    906.43122912
    905.62242201
    905.62242201
    906.68905017
    906.12768345
    905.41115363
    905.41115363
    906.97079437
    907.12636188
    907.12636188
    907.12636188
    907.12233911
    907.48212892
    907.48340745
    907.48340745
    907.51106505
    907.51106505
    907.46048846
    907.40242487
    907.13056630
    907.27341564
    907.27341564
    907.19254316
    907.10278911
    907.04522718
    907.22950395
    907.22950395
    907.04133360
    906.63415297
    906.42706270
    906.21353817
    906.64604815
    906.50076492
    907.01802201
    907.01802201
    907.03847189
    906.26985439
    905.80692286
    905.19943480
    905.19943480
    905.97019893
    906.65613449
    907.27579393
    907.29914082
    907.30651068
    906.92385040
    907.06945110
    907.33289081
    907.49381515
    907.47914025
    907.05081112
    907.55906344
    907.44186327
    906.90803691
    907.21866082
    907.47499949
    907.47499949
    907.45719020
    907.45719020
    907.41723693
    906.17187414
    906.17187414
    906.67109660
    906.67109660
    907.18197764
    907.10381017
    907.54398242
    906.98789986
    906.94958775
    906.94958775
    907.04634579
    907.48016816
    906.85705929
    907.16901866
    907.11114283
    907.01615432
    907.01615432
    906.88895140
    906.65825046
    906.86540159
    905.83273593
    906.69535497
    906.69535497
    906.70367400
    906.70126180
    907.06843212
    907.14036661
    907.14036661
    907.53572444
    906.93211373
    907.52804902
    907.49544875
    907.45175686
    907.45175686
    907.45457696
    900.69280462
    900.69280462
    900.69280462
    900.69280462
    900.69280462
    901.15593849
    904.60929213
    906.63113453
    906.63113453
    906.63113453
    906.25230797
    907.27134870
    907.27134870
    907.42470022
    906.79172557
    907.02085279
    907.16869067
    906.22871659
    906.36412102
    906.72695018
    906.61568257
    907.01804767
    907.01804767
    906.53702263
    906.53702263
    906.40376666
    906.40376666
    906.13331264
    906.53981867
    907.00170740
    906.73418474
    906.73418474
    906.73418474
    906.73418474
    905.42135985
    905.42135985
    905.42135985
    905.66696433
    906.16313309
    906.16313309
    906.16313309
    906.28500783
    906.71547976
    906.75853735
    903.28872169
    905.33487213
    906.67844271
    906.67844271
    906.67844271
    906.51225737
    905.48868262
    905.18675661
    905.18675661
    905.18675661
    905.18675661
    906.55602932
    905.48348011
    905.48348011
    906.04714301
    906.04714301
    906.47679345
    905.80364171
    903.03149646
    903.03149646
    904.58764795
    904.58764795
    906.18642811
    906.18642811
    906.18642811
    907.33250637
    907.22643936
    905.84598590
    907.38015088
    907.41048132
    907.59613380
    907.49537358
    907.49537358
    905.54744898
    905.54744898
    905.54744898
    907.38206751
    905.88572636
    905.88572636
    905.88572636
    906.74361636
    906.78926215
    906.60711379
    906.90941146
    907.00491479
    907.11701172
    906.88515583
    906.88515583
    906.86889283
    905.57444274
    906.19994425
    906.19994425
    906.19994425
    905.33584609
    905.33584609
    905.33584609
    904.59992504
    906.30919472
    906.79300234
    906.70422458
    906.70422458
    907.58394485
    907.52544053
    907.48773149
    907.48773149
    907.48773149
    907.34812397
    907.34812397
    907.34812397
    907.34812397
    907.41542749
    906.81529351
    907.00934673
    906.35425419
    906.35425419
    907.11350434
    907.11350434
    907.11350434
    907.15876655
    906.85770877
    906.27068892
    906.52786008
    906.44483972
    906.44483972
    906.29027302
    906.18785037
    906.18785037
    906.10241462
    906.10241462
    906.80725247
    906.80725247
    906.11506334
    906.11506334
    905.50992028
    903.98367153
    905.64407984
    906.15630998
    906.15630998
    906.13161428
    905.90617874
    905.90617874
    906.01787962
    906.54311863
    906.49180306
    906.44244717
    906.66849705
    906.24999724
    907.57300260
    907.57300260
    907.25475045
    907.43632214
    907.41131106
    907.41131106
    907.41131106
    907.17158182
    907.17158182
    906.93482598
    907.39744082
    907.35067092
    907.55272840
    907.55272840
    907.57011968
    906.95790622
    907.00251339
    907.03664873
    907.03664873
    907.30770436
    907.42514783
    907.56196348
    907.58479656
    907.57952703
    907.20874076
    907.20874076
    907.30614404
    907.29253889
    906.95169562
    907.53282285
    907.57531184
    907.57531184
    907.46475805
    907.59484296
    907.58072690
    907.59565487
    907.59291473
    907.59146559
    907.56734156
    907.59854669
    907.56777580
    907.56777580
    907.56777580
    907.50529776
    907.48746225
    907.48441574
    907.48441574
    907.46985270
    906.59721924
    907.57455265
    907.46877581
    907.49926237
    907.49926237
    907.49253550
    907.44648163
    907.43859778
    907.43859778
    907.43859778
    907.43859778
    907.45975425
    907.46358196
    907.57909529
    907.59594596
    906.99849817
    906.71453637
    906.71453637
    907.30364737
    907.51641277
    907.51641277
    907.51641277
    907.51641277
    907.49516808
    907.49341114
    907.49341114
    907.49341114
    907.47517312
    907.41093497
    907.41093497
    907.40128228
    907.40128228
    907.12668259
    907.37141111
    907.24290709
    906.63032302
    907.06804562
    907.00705048
    907.14537393
    907.58259146
    907.38437682
    907.06987670
    907.40154425
    907.40154425
    907.46166516
    907.20963683
    907.55922151
    907.56554334
    906.95122594
    906.85879018
    906.85879018
    905.77233108
    906.15822017
    906.49213735
    907.21464547
    907.04874175
    907.49057291
    907.17923796
    907.21253879
    907.21253879
    907.35168472
    907.37430382
    907.37357600
    906.84991080
    907.11107801
    907.41599860
    907.48139538
    906.75575974
    906.90699139
    905.82548162
    907.15619970
    905.42657058
    905.42657058
    905.19909981
    904.91405657
    904.91405657
    904.91405657
    905.73777727
    905.80950553
    905.74272014
    905.74272014
    907.45716408
    906.96172243
    905.20449731
    905.18879883
    905.04120036
    905.04120036
    905.04120036
    905.36544340
    905.33325194
    905.33325194
    905.33325194
    905.33325194
    905.33325194
    905.12163303
    907.13981756
    907.46502600
    907.53392923
    907.50264091
    907.48000866
    907.48000866
    907.28806788
    907.54074338
    907.49173151
    907.52947064
    906.80323168
    906.98267703
    906.85194400
    906.85194400
    906.85194400
    907.05085863
    906.85464966
    907.03765900
    907.30084346
    907.30084346
    907.32887476
    907.32596808
    907.39005868
    907.07982947
    907.56637638
    907.56637638
    907.47975498
    906.76977620
    907.23447308
    907.23447308
    906.74926242
    907.04783657
    907.04783657
    907.04783657
    907.36144800
    907.22524689
    905.42514372
    906.38131334
    906.57306386
    906.57306386
    906.83374640
    907.11057663
    906.89634903
    906.95121785
    907.20069006
    907.20069006
    907.20069006
    907.14604674
    906.84208085
    906.84208085
    906.02912198
    903.90537609
    906.29210008
    906.65454044
    907.16027659
    907.14894013
    906.15681254
    906.15681254
    906.61303358
    905.87736326
    904.44106711
    904.44106711
    904.47257231
    901.06301792
    904.68505767
    904.68505767
    904.46676378
    905.58014730
    905.87646348
    906.84509359
    906.84509359
    907.33568880
    907.38476578
    907.40881511
    907.33275886
    906.96019072
    903.62610444
    903.62610444
    903.62610444
    904.42223239
    904.42223239
    904.42223239
    904.59922089
    904.59922089
    906.49558754
    906.49558754
    907.33040155
    907.49767570
    907.49767570
    904.54583074
    906.96543048
    906.96543048
    906.80672059
    906.48566546
    906.14909241
    906.27681260
    906.27681260
    906.27681260
    906.62594211
    906.29325562
    907.40798911
    907.28969397
    907.28969397
    907.46685622
    906.60075952
    906.60075952
    906.59269202
    906.59269202
    906.59269202
    906.59269202
    906.04533178
    905.56698086
    906.01088753
    906.01088753
    906.93957831
    904.75903396
    904.75903396
    904.39262902
    904.39262902
    903.35051030
    903.35051030
    903.35051030
    903.35051030
    903.35051030
    903.35051030
    903.35051030
    903.65645980
    905.71674627
    905.71674627
    905.71674627
    905.71674627
    906.86453790
    906.31643764
    906.31643764
    906.08418086
    906.08418086
    905.40209864
    905.40209864
    906.21408488
    907.44735497
    907.57931758
    907.56901654
    907.56901654
    907.56901654
    907.54483193
    907.35716802
    907.16535600
    907.16535600
    907.03506904
    907.03506904
    906.99735595
    906.99579517
    906.99579517
    906.81415242
    906.82404820
    906.36876333
    907.10061187
    906.99774273
    906.58167547
    906.58167547
    906.59846017
    906.23654208
    906.23654208
    906.21633704
    906.21633704
    906.62889808
    906.61708103
    906.61708103
    905.61962090
    905.61962090
    906.06264383
    902.48561721
    902.48561721
    903.37992676
    903.37992676
    904.83496760
    904.83496760
    905.29240833
    905.29240833
    905.29240833
    904.84597038
    903.95867024
    906.63333565
    906.63333565
    906.30613014
    906.30557141
    906.07946037
    906.07946037
    906.32364166
    905.81274180
    905.81274180
    906.70313376
    906.63130875
    906.99761259
    907.29456161
    907.24736178
    907.37259980
    907.46248282
    907.46248282
    907.46248282
    907.23415736
    907.23415736
    906.58264210
    907.01891580
    905.80102606
    905.78785165
    907.51368895
    907.37281014
    907.37281014
    907.30963350
    907.43547163
    907.44047818
    907.51758095
    907.02692698
    907.02692698
    907.02685541
    907.02685541
    904.28477758
    904.28477758
    904.28477758
    904.28477758
    904.37223413
    904.37223413
    905.34663554
    905.34663554
    905.92393730
    905.92393730
    905.92393730
    905.92393730
    905.92393730
    905.92393730
    906.90745021
    906.92554479
    905.50163906
    905.50163906
    905.50163906
    905.83513076
    905.83513076
    905.83513076
    904.78670902
    906.03481560
    906.56222107
    906.56222107
    906.27097191
    906.53725112
    906.78745740
    906.17790667
    906.17790667
    905.84326052
    907.29396399
    907.58202579
    907.55754276
    907.55754276
    907.55531876
    907.55531876
    907.54248231
    904.40314161
    907.14543771
    907.42513071
    907.42513071
    907.48266848
    907.48266848
    907.49224469
    907.23443922
    907.17365544
    907.56252756
    907.56252756
    907.52341620
    907.44385501
    907.38452443
    907.38452443
    907.37119900
    905.86088724
    906.53119832
    906.53119832
    906.53119832
    906.53119832
    906.53119832
    906.41002202
    906.41002202
    906.28929108
    907.24984723
    907.24984723
    907.24984723
    907.47927239
    907.47927239
    907.58508983
    907.58464964
    907.55004141
    907.57847845
    907.53436911
    907.21009860
    907.32039042
    907.32039042
    907.58421120
    907.44490897
    907.52692276
    907.34030821
    907.34030821
    906.70654951
    906.53423112
    906.53423112
    906.26862930
    906.58082426
    907.34316268
    907.23372862
    906.07145446
    905.57980503
    904.93048392
    901.57730476
    902.56326342
    903.91167175
    904.14952586
    906.60184958
    906.55628553
    906.29354841
    906.53584403
    906.63635871
    906.71371607
    906.71371607
    906.80261097
    906.78630011
    907.15696369
    907.15696369
    907.00938587
    906.96129707
    906.82041429
    906.75652379
    906.66684094
    906.79233951
    907.30902313
    905.99992287
    905.99992287
    906.90225873
    906.88990300
    906.58136403
    906.84266617
    906.90262559
    907.31847396
    907.24286499
    906.92005397
    906.92005397
    906.92005397
    906.38218913
    906.38218913
    905.41623604
    903.03128462
    903.03128462
    903.03128462
    903.82254023
    903.82254023
    903.82254023
    903.82254023
    903.82254023
    905.74913162
    906.05818047
    907.04292705
    906.74845146
    906.74845146
    906.72403831
    906.72403831
    906.72351332
    907.48136959
    906.95681769
    906.43360902
    905.02576363
    903.98132095
    905.59372973
    905.39480835
    906.58738900
    906.52082241
    906.08444417
    906.08444417
    906.34729623
    907.42689720
    907.45440697
    907.45440697
    907.40986511
    906.76562977
    907.29828120
    907.44705966
    907.40621161
    907.33454067
    907.16409310
    907.45391971
    907.51648999
    907.40812517
    907.52631875
    907.54108940
    907.54108940
    907.51283639
    907.25013761
    907.02851425
    907.12323119
    906.95512412
    906.94204099
    906.92906671
    906.92735750
    906.50083842
    906.31483450
    904.84626485
    905.51098246
    906.01010004
    905.87098531
    905.81400230
    905.81400230
    906.91952320
    906.91952320
    906.76972279
    906.76972279
    904.89746270
    905.72971138
    905.72971138
    905.72971138
    905.98540959
    906.30959167
    906.30959167
    906.30959167
    905.99332879
    905.99332879
    905.99332879
    905.99332879
    906.87616452
    906.87616452
    906.74008748
    906.74008748
    906.63712571
    906.97911034
    906.92004280
    906.92103001
    905.92455900
    905.72742854
    905.72742854
    905.94743464
    906.74209978
    906.82997276
    907.23929684
    907.23929684
    907.23929684
    907.23929684
    907.01634727
    907.01634727
    907.01634727
    907.01634727
    906.84781125
    906.77811538
    907.20553176
    906.92053558
    907.17586400
    907.30341398
    907.30437905
    907.23338684
    906.88313844
    907.11096838
    907.11026131
    906.82985561
    906.88077628
    906.42704267
    905.80576084
    905.71323547
    904.50794526
    904.03274560
    903.56899506
    904.83786324
    904.75526733
    904.75526733
    904.75526733
    904.91479330
    904.76624231
    904.76624231
    904.99484133
    903.06029741
    905.67396295
    905.67396295
    905.67396295
    905.67396295
    906.07122975
    906.07122975
    905.80594171
    905.75672253
    905.41522997
    906.79592581
    906.87628018
    906.81593526
    906.87487298
    906.51604381
    906.51604381
    907.13542412
    907.09428846
    907.22373838
    904.11619897
    904.11619897
    904.11619897
    906.28254905
    906.28254905
    906.28254905
    906.28254905
    906.11143010
    906.65763151
    906.85202080
    906.98359529
    906.58931052
    906.58931052
    906.58931052
    907.36962456
    907.36962456
    904.18931184
    904.18931184
    904.02838293
    903.69804771
    905.90206167
    906.92762093
    907.10402036
    906.76738814
    906.76738814
    906.76738814
    906.76738814
    906.89892417
    906.89892417
    907.54115346
    907.54115346
    907.22047361
    907.18146404
    907.18146404
    907.13747027
    907.13747027
    907.42026630
    907.41678906
    907.41678906
    907.41678906
    907.41678906
    907.41898804
    907.41898804
    906.96748161
    907.06883759
    907.30656225
    907.27100274
    906.86927619
    906.86927619
    906.99370109
    907.24400410
    906.86256815
    906.86256815
    906.85823267
    906.85823267
    906.85823267
    906.97629703
    907.04311622
    906.59364360
    906.59364360
    906.59364360
    906.59364360
    905.47176560
    905.46959593
    905.46959593
    904.54501983
    907.47956241
    907.50146644
    907.20652672
    907.38362213
    906.34443797
    906.47415730
    906.90026959
    906.80043970
    906.80043970
    906.90588788
    906.33315749
    907.57380930
    907.55964728
    907.55964728
    906.49152170
    907.04255982
    905.67070690
    905.67070690
    904.71917050
    904.71917050
    904.71917050
    906.14692893
    906.14692893
    906.14692893
    903.37773931
    903.37773931
    903.37773931
    906.48063729
    906.75529193
    907.01061507
    906.78603178
    907.58731124
    907.58731124
    907.52171528
    907.36848720
    907.35204968
    906.90594738
    907.15917686
    907.15917686
    907.15917686
    907.16557605
    906.60574974
    906.60574974
    906.60574974
    905.98331511
    906.72491695
    906.72491695
    907.19781227
    906.30192975
    906.30192975
    906.79633035
    906.47144379
    906.47144379
    906.47144379
    906.42366672
    907.31235948
    907.31235948
    907.32222023
    906.90466783
    907.12873682
    907.49807091
    907.41301386
    907.45566992
    907.48953599
    907.03357355
    906.32190184
    906.35720641
    906.61970878
    906.50405293
    904.79299388
    904.79299388
    904.53788156
    904.53788156
    905.32267744
    905.63858583
    903.67520724
    903.67520724
    903.67520724
    901.90599353
    906.15709920
    903.99359040
    902.52606056
    902.52606056
    902.52606056
    905.08076049
    904.88239891
    904.88239891
    904.88239891
    904.88239891
    904.88239891
    906.50655598
    905.71863605
    905.43052511
    905.43052511
    905.43052511
    907.08982049
    907.23485953
    907.23485953
    906.73139384
    906.47646603
    905.72755957
    905.72755957
    906.08989558
    906.08989558
    906.08989558
    905.74485605
    905.74485605
    905.69294813
    903.66602473
    905.18802959
    905.18802959
    905.18802959
    905.18802959
    906.04678855
    905.77381714
    905.79870783
    905.52007782
    905.98323181
    905.98323181
    906.45983682
    906.45830691
    907.35117772
    906.75305853
    906.65364473
    905.29185637
    905.13244298
    905.13244298
    904.87555398
    905.36544896
    905.36544896
    902.47864758
    902.47864758
    902.47864758
    903.17730864
    903.39192844
    903.39192844
    903.87049381
    903.87049381
    905.53929301
    905.60724083
    906.10356163
    907.03985051
    907.03985051
    907.03985051
    907.03985051
    907.03985051
    907.03985051
    906.55924358
    907.01768497
    907.50491558
    902.98938740
    904.44327920
    904.70266554
    904.32784587
    905.39539995
    905.20932162
    905.00134424
    904.97716496
    906.47172367
    906.47172367
    906.50527196
    906.50527196
    905.34743147
    905.34743147
    905.89190276
    905.79359685
    905.93916021
    906.18914599
    907.10523781
    907.10523781
    907.01153421
    907.13829276
    907.11098144
    907.39810903
    907.40470536
    907.16451372
    906.93326295
    906.93326295
    907.41714755
    907.41399449
    907.13006182
    907.13006182
    907.23050068
    907.46453990
    907.46453990
    907.46453990
    907.39326114
    907.43209917
    907.57427749
    907.57427749
    907.26798676
    906.63571177
    905.44618430
    907.25590944
    907.25590944
    907.25590944
    907.25590944
    907.18213097
    906.86285927
    906.86285927
    907.27181436
    907.13934502
    907.13934502
    906.67973974
    906.67973974
    906.87864486
    906.87864486
    906.87864486
    906.90946770
    906.89915611
    906.89915611
    906.89915611
    906.94978966
    907.02535953
    906.95347256
    906.99656163
    906.99656163
    907.03915251
    907.09512682
    905.90989435
    905.90989435
    906.99466601
    906.99466601
    906.98827719
    907.36501424
    907.07359736
    907.07359736
    907.56656313
    907.43854254
    907.42181549
    907.36135363
    907.34704400
    907.58898306
    907.58898306
    907.58898306
    907.54342201
    907.53708000
    907.48927300
    907.18407727
    906.08849088
    906.08849088
    906.08849088
    906.33903620
    905.07857341
    906.86410897
    906.94072285
    906.94072285
    906.78377538
    906.78377538
    906.78377538
    906.15322670
    906.13503073
    906.13503073
    906.41026830
    906.55043069
    906.43025523
    906.24612798
    906.93459650
    907.15675762
    907.13562260
    907.33106963
    907.22343878
    907.22343878
    907.37176309
    907.34012415
    907.15690947
    907.38264939
    907.33112190
    907.32040350
    907.31430205
    907.18753311
    907.48997635
    906.93126053
    906.93126053
    907.18634866
    907.27207816
    907.27207816
    905.49747797
    907.05087729
    906.36805199
    906.36805199
    906.36805199
    906.15759873
    906.91763575
    907.06440005
    907.04640560
    907.04640560
    907.04640560
    907.04640560
    907.04640560
    907.09438622
    907.09438622
    907.25225807
    906.70892815
    906.70892815
    906.79878261
    906.79878261
    907.41037846
    907.07493463
    907.21729068
    906.10520020
    906.55143614
    906.26277093
    905.79798009
    905.79798009
    905.16782792
    903.85093181
    903.85093181
    903.85093181
    902.77681865
    905.11919470
    904.58223073
    904.58223073
    904.58223073
    904.69345568
    904.69345568
    904.31123425
    905.88151382
    905.88151382
    905.88151382
    906.67366000
    905.63243078
    905.63243078
    905.56125109
    903.90559579
    903.90559579
    907.00981823
    905.17766113
    906.87425589
    906.76707242
    906.77836562
    906.77836562
    904.75864234
    904.75864234
    904.75864234
    904.79235132
    904.79235132
    905.77622268
    906.09242072
    906.86411806
    906.26925234
    906.05466066
    906.05466066
    906.60657728
    907.02703771
    907.30537123
    906.15817691
    906.15817691
    906.15817691
    906.55224654
    906.64484060
    906.64484060
    906.64484060
    907.27880173
    907.27880173
    907.08482413
    907.02397232
    907.02397232
    907.14048653
    907.23694882
    907.23694882
    907.23694882
    907.07147649
    907.07147649
    906.61385896
    906.84592525
    906.68189715
    906.68189715
    906.44094876
    905.78131039
    905.05975227
    906.22290089
    905.28663269
    905.28663269
    905.57311110
    905.39418562
    905.39418562
    905.39418562
    905.49133898
    905.49133898
    905.49133898
    905.71608912
    906.38876652
    906.38295292
    906.17389630
    906.39071503
    906.39071503
    906.77572775
    906.77572775
    906.77572775
    902.89362272
    903.25593001
    905.59591194
    905.59591194
    906.62095190
    906.94540811
    906.95411312
    907.00171661
    907.00171661
    907.00171661
    907.51989409
    907.58441145
    907.58441145
    907.51463447
    907.42258319
    907.39171495
    907.39171495
    907.41638762
    907.41638762
    907.52156352
    907.57560392
    907.49234272
    907.46810392
    907.45571159
    907.49657690
    906.45180001
    906.45180001
    907.60040843
    907.58886962
    907.21736969
    907.30679065
    907.30679065
    907.45385241
    907.45385241
    907.45385241
    907.45385241
    907.45385241
    907.27184967
    907.56226367
    907.32792500
    907.54629738
    906.89850662
    906.84937799
    906.84937799
    906.84937799
    906.72028093
    907.37817347
    907.37817347
    907.59229154
    907.59388364
    907.58682433
    907.13265706
    907.37513694
    907.37513694
    907.01083748
    905.06090963
    905.89172511
    906.21983053
    907.30642306
    907.12005694
    906.13945132
    906.13945132
    906.53436338
    906.52595926
    906.59485601
    906.59485601
    906.59485601
    906.59485601
    906.59485601
    906.36756535
    906.63770333
    904.66925789
    904.66925789
    905.93525201
    905.82674575
    905.82674575
    907.20992799
    907.13294534
    907.13294534
    907.13294534
    907.12055256
    907.12055256
    907.48315263
    906.56554127
    906.51817189
    906.51817189
    906.14448951
    906.14448951
    906.14448951
    906.09964036
    906.09964036
    906.09964036
    906.09964036
    906.56135539
    906.18690896
    906.18690896
    906.91077519
    906.31148227
    906.66376946
    906.83992474
    906.83992474
    906.88785316
    907.02544079
    907.01624130
    907.21671166
    907.21671166
    907.19167511
    907.19167511
    907.43645766
    906.16725946
