    137.93601359
    137.93601359
    138.23569252
    138.23569252
    138.23569252
    138.55689682
    138.38111174
    138.45507039
    138.67060412
    138.04283175
    138.59780761
    138.62287045
    138.09675223
    138.04616639
    138.59650950
    138.59650950
    138.14089292
    138.14089292
    138.37252857
    138.37252857
    138.37252857
    138.37252857
    138.35439113
    138.02525173
    138.02525173
    138.12778934
    137.92930056
    137.92930056
    138.68555194
    138.36864979
    137.84661727
    137.85070431
    137.25215221
    138.01231381
    137.97001447
    138.04905851
    137.54781020
    137.89922383
    137.72686800
    136.66557129
    137.41123734
    137.60798120
    136.61088927
    137.42828474
    137.03700987
    137.65697648
    138.53971609
    138.62949133
    138.23364887
    138.17770343
    137.61914442
    137.88284231
    137.88284231
    136.90311441
    137.88103432
    137.96957336
    137.96957336
    137.98115691
    137.74042011
    137.07465019
    137.07465019
    137.07465019
    137.07465019
    137.43595836
    137.63061852
    137.05665688
    137.95444515
    138.32652477
    138.32652477
    138.32652477
    138.48643707
    138.48643707
    138.49587620
    138.39905943
    138.39905943
    138.06529410
    137.85693939
    135.98067082
    136.00693023
    136.00693023
    136.21039338
    137.37676911
    135.35216068
    135.35216068
    135.31991010
    134.53599524
    133.47301663
    136.00031910
    136.00031910
    136.00031910
    137.01760680
    137.34461084
    133.94115411
    135.89624912
    135.73144384
    136.93022347
    137.60447021
    137.60447021
    137.27528382
    137.27528382
    138.37565586
    138.61994799
    138.60904105
    138.60904105
    138.68058419
    138.68970215
    138.66793604
    138.68143267
    137.53266913
    137.55460957
    137.62589429
    137.62589429
    136.72895625
    137.57133527
    138.46362511
    138.46362511
    138.64573695
    138.64573695
    138.68865050
    138.54868327
    138.54868327
    138.55249382
    138.20882695
    138.20882695
    138.20882695
    138.42078968
    138.42078968
    138.64002078
    138.67397675
    138.52197668
    138.69594802
    138.53445610
    138.52993309
    138.67146649
    138.48388056
    138.48388056
    138.48388056
    138.48861489
    138.48861489
    138.48861489
    138.14522314
    138.62545524
    138.13591147
    138.13591147
    138.37709955
    138.44968417
    138.27659017
    137.64194975
    137.96878063
    138.09266215
    138.55969971
    138.54583707
    138.29693527
    138.11004814
    138.15454869
    138.26919443
    138.26919443
    138.26919443
    138.23683935
    138.16565344
    138.15723743
    138.15723743
    138.22366921
    137.98391594
    138.26164835
    138.32179568
    138.32179568
    138.13014557
    138.04173949
    137.62445204
    137.02812304
    137.02812304
    137.50049158
    137.59259952
    137.40018925
    137.51786430
    137.35178462
    136.83132900
    136.83132900
    136.83132900
    136.83132900
    137.77289789
    137.98406229
    137.98406229
    138.16844042
    138.16844042
    138.30117622
    138.06421353
    137.89747445
    137.72751916
    137.72685418
    137.72685418
    136.71468776
    136.71468776
    137.30027348
    138.05663111
    138.03013644
    137.17689801
    136.75487545
    137.99701085
    137.13647602
    137.44726142
    137.44726142
    136.87575892
    135.96148827
    135.96148827
    136.17724690
    135.88954305
    135.88954305
    135.88954305
    135.88954305
    135.88954305
    135.88954305
    135.88954305
    135.88954305
    136.04842867
    135.22274789
    136.86784997
    136.86784997
    136.56436157
    137.95994936
    138.27766706
    138.30869075
    138.34797506
    138.38601387
    138.20229497
    137.51325588
    137.81350995
    137.81350995
    137.81350995
    138.21947471
    138.03473113
    138.27650484
    138.61215900
    138.61574321
    138.61574321
    138.19247449
    137.89977033
    137.89977033
    137.89977033
    137.89977033
    137.89977033
    138.02940633
    137.94489082
    137.94489082
    137.93887474
    138.61310013
    138.61310013
    138.42926968
    138.42926968
    137.87438333
    137.85658733
    138.00806198
    138.35797086
    138.30142200
    137.79905653
    137.68198539
    137.86910821
    137.86910821
    137.86910821
    137.81210237
    137.99082743
    137.52227773
    136.95889983
    136.62903425
    137.94550366
    137.92831626
    137.72373720
    137.62139801
    138.01369931
    138.01369931
    138.01369931
    138.44368109
    138.42374259
    137.89069274
    137.95244165
    137.77055170
    137.77055170
    135.57529978
    135.57529978
    135.57529978
    135.57529978
    135.57529978
    135.53762617
    136.86726411
    136.86726411
    136.94427884
    137.71765709
    137.49118130
    137.76429676
    137.65709110
    137.66521491
    137.64425311
    137.64425311
    137.64425311
    137.64425311
    137.22922976
    137.98185444
    138.60030305
    138.56118068
    136.16948745
    136.16948745
    136.16948745
    136.11684813
    136.72762098
    136.72762098
    137.05324082
    137.05324082
    137.40622700
    137.16941947
    137.16941947
    137.14038368
    136.63152854
    137.83709130
    138.02831679
    138.13595296
    137.98481519
    137.79744610
    137.80765724
    137.86573454
    137.86573454
    137.86573454
    138.55008052
    138.52170353
    138.52170353
    138.56870018
    138.31457344
    138.03529000
    138.01448006
    138.55943952
    138.55943952
    138.59025434
    138.55786216
    138.25324753
    138.25324753
    138.19868863
    138.36644297
    138.41976998
    138.27309031
    138.36473083
    138.36473083
    138.26582478
    136.47084239
    136.47084239
    136.47084239
    137.51409263
    136.88187744
    136.88187744
    136.88187744
    136.88187744
    137.79570567
    138.67792506
    138.57046893
    138.57046893
    138.59346707
    137.88551525
    138.26755310
    138.26755310
    138.26755310
    138.26755310
    138.44230816
    138.44230816
    138.44230816
    138.41289629
    138.50262200
    138.47683352
    138.09771894
    138.09771894
    137.73820147
    138.17430373
    138.43099610
    138.43099610
    138.46189052
    138.46189052
    138.52717143
    138.69319062
    137.90787149
    137.90787149
    138.25260967
    138.61553016
    138.64527421
    138.48644596
    138.48644596
    137.93597969
    137.93597969
    137.25102735
    136.64812376
    136.64812376
    136.01521690
    134.46534618
    137.41682092
    138.47024524
    138.47024524
    138.47024524
    138.47024524
    138.40505893
    138.09077185
    138.09077185
    138.05406521
    138.05406521
    137.69672031
    138.07036584
    138.07036584
    138.31934315
    137.66885451
    136.52057235
    136.68282796
    138.02343086
    138.02343086
    138.06556081
    138.13731897
    138.14254180
    138.00482261
    138.00122191
    137.83651196
    138.17575643
    138.15824210
    137.82407777
    137.82407777
    137.96733909
    137.54634869
    135.44043329
    135.44043329
    135.44043329
    137.05381375
    137.05381375
    137.68318382
    137.86834386
    137.90292980
    137.90292980
    137.89965115
    137.51354846
    137.31209442
    138.52772940
    138.52772940
    138.57039388
    138.43297565
    137.93687360
    136.83363936
    136.83363936
    137.71056810
    137.98477768
    138.21471878
    138.23260795
    138.30180113
    138.37837257
    138.37837257
    138.02817279
    138.35754693
    138.65985904
    137.41578627
    137.19801859
    137.52382446
    137.35451928
    137.63404117
    137.63404117
    137.70728430
    138.17276710
    138.16713370
    137.95882686
    138.04233621
    138.04233621
    137.87611048
    137.87611048
    137.87611048
    137.77914460
    137.01571240
    137.98035109
    138.03935863
    137.53447347
    137.69143927
    137.59855033
    137.59855033
    136.80716774
    136.76929918
    137.62418635
    136.85390002
    136.92318559
    137.64408852
    138.06461818
    138.46185131
    138.50971990
    138.47907071
    138.08618355
    138.20985267
    138.40154675
    137.94194382
    137.94194382
    137.94194382
    137.63572730
    137.63572730
    137.65937772
    137.65937772
    137.64647537
    137.64647537
    137.64647537
    137.94915424
    138.21192777
    138.35629547
    138.35629547
    138.13079920
    137.51076819
    137.39163696
    137.39163696
    137.53947762
    137.53947762
    136.14723820
    137.15826080
    137.42403007
    137.42403007
    138.12094485
    138.12094485
    138.12094485
    137.76338754
    137.59138216
    138.27827472
    138.36038472
    138.19390909
    138.20023626
    138.20833974
    138.21208001
    138.32546226
    138.32546226
    138.30368859
    137.28040832
    136.70532839
    136.23776191
    136.47242910
    135.07695513
    135.07695513
    133.59427919
    133.15060627
    137.03798159
    137.40129351
    137.97990075
    138.55626469
    138.11469794
    138.03832780
    138.40177053
    138.67167250
    138.34271192
    137.53121142
    134.43616680
    134.84348588
    134.84348588
    137.23165221
    137.23165221
    137.23165221
    137.23165221
    137.93548083
    138.40417326
    138.40879431
    138.42649841
    138.43521017
    138.40997391
    138.29297228
    138.29321898
    138.29321898
    138.29321898
    138.54473008
    138.57143676
    138.25598808
    138.25598808
    138.15956205
    137.52284484
    137.78435252
    137.78574858
    137.33331868
    137.37743698
    137.47126621
    137.62983950
    135.79802082
    135.79802082
    135.79802082
    135.79802082
    135.79802082
    135.79802082
    135.75278188
    137.08162836
    137.08162836
    137.08162836
    137.19917783
    137.19917783
    136.21749022
    136.21749022
    137.56917279
    137.56917279
    137.56917279
    137.56917279
    138.25986500
    138.21332075
    138.21332075
    137.96695402
    137.96695402
    137.96695402
    137.96695402
    137.96695402
    137.96695402
    137.92987137
    137.92987137
    138.59895667
    138.59827160
    138.57477925
    138.39518177
    138.36182841
    138.36048505
    138.36048505
    138.49227181
    138.26307845
    138.63498428
    138.63498428
    138.43789980
    137.96240551
    137.77193954
    138.13496281
    137.85769463
    137.85769463
    137.85769463
    138.42116116
    138.22178423
    138.20778427
    138.20778427
    138.63304516
    138.34299173
    138.37461717
    138.37461717
    138.37461717
    137.93950096
    138.18860481
    137.55316030
    137.55316030
    137.55316030
    137.55751589
    136.65880825
    136.65880825
    138.17065520
    137.61068326
    137.61068326
    138.27907206
    138.52185172
    138.53201053
    138.25384280
    138.24873403
    136.80084984
    136.80084984
    136.95624149
    135.05175476
    135.68652382
    137.11369474
    137.11369474
    136.74187748
    136.74187748
    136.74187748
    136.44679938
    136.40560324
    136.40560324
    136.40560324
    136.40560324
    135.74037194
    137.33364567
    136.40975268
    136.70091365
    136.97328556
    137.10953158
    137.10953158
    137.10953158
    136.74965353
    136.79642419
    136.79642419
    136.79642419
    136.61392647
    136.61392647
    135.22696379
    135.17415451
    136.49088388
    136.79943239
    136.79943239
    135.02536958
    136.03761117
    135.87922726
    137.54976029
    136.28296625
    136.28296625
    136.28296625
    136.28296625
    137.58269065
    137.80460001
    137.80460001
    137.80460001
    137.09955375
    137.62889195
    137.62889195
    138.28797538
    138.28797538
    138.26074659
    138.21459550
    138.21459550
    138.21459550
    137.28856835
    137.28856835
    138.36086705
    138.27988515
    138.69138552
    138.69138552
    138.69289951
    137.10228465
    137.38361075
    137.38361075
    137.36143686
    137.02592309
    138.42139628
    138.49448641
    138.50836718
    137.11397938
    137.08256436
    137.08256436
    137.91654420
    138.61182057
    138.62482973
    137.25051553
    137.25051553
    136.97156046
    136.97156046
    136.97156046
    137.06124771
    137.41697844
    137.86582744
    137.18288514
    138.20499644
    137.83580534
    135.18893052
    137.56556086
    137.80252298
    137.12548765
    137.12548765
    137.12548765
    136.70656001
    137.24710702
    137.24710702
    137.24710702
    137.24710702
    136.64904331
    136.02964238
    136.02964238
    138.26736960
    138.64984526
    138.26963821
    138.64982432
    138.65024928
    138.46676023
    137.30484667
    137.45962855
    136.92396651
    136.92396651
    136.92396651
    136.83448624
    137.49848652
    137.14051786
    137.14051786
    137.62681765
    137.07171119
    137.56842661
    137.56842661
    137.19935660
    137.11818690
    137.24731807
    137.42670684
    137.42670684
    138.27311973
    138.19433259
    138.17377540
    138.44413612
    137.58300952
    137.58300952
    138.17219516
    138.07717890
    135.91734233
    135.91734233
    135.91734233
    135.91734233
    135.91734233
    135.91734233
    135.91216805
    138.22658621
    138.27236177
    138.47581267
    138.47581267
    137.75609408
    138.65830918
    138.64099601
    138.64556274
    138.69162773
    138.49711407
    138.56160343
    138.34290672
    138.47022515
    138.54604960
    138.59682824
    138.52648528
    138.69395087
    135.33437107
    134.84445941
    133.79324081
    135.76171956
    137.49579867
    137.51227840
    137.63398360
    138.51716588
    138.42720172
    137.27085294
    137.27085294
    137.27085294
    137.40498570
    137.40498570
    138.35177971
    138.11521337
    138.30184113
    138.30184113
    138.49912729
    138.65458261
    138.48406546
    138.48406546
    138.63206327
    138.63206327
    138.65463921
    138.67041242
    138.63857809
    138.63595826
    138.58450811
    138.16411057
    138.23043756
    138.19447505
    138.16850798
    137.76480652
    137.88563593
    137.88563593
    138.17820213
    138.21535231
    138.56660202
    138.57870453
    138.51853607
    138.43743037
    138.53085610
    138.53085610
    138.52686264
    138.69525444
    138.69625874
    138.56613486
    137.95944053
    136.64021046
    137.28307242
    137.28307242
    136.51018362
    136.32321609
    137.25916646
    138.00808955
    137.99807775
    137.98215021
    136.72154267
    137.27306569
    137.27306569
    137.27306569
    137.75375585
    137.51718054
    138.39741000
    138.39741000
    138.48858890
    138.52661048
    138.28933267
    138.12786158
    138.05399982
    138.24141983
    138.42128348
    138.45119502
    138.02364934
    138.02364934
    136.00822229
    136.00822229
    136.00822229
    136.00822229
    136.00822229
    136.00822229
    136.00822229
    136.00822229
    136.00822229
    138.00302097
    138.27644896
    138.01113611
    138.52975681
    138.07544502
    138.09585115
    138.09585115
    137.67177105
    138.58591030
    138.58675503
    138.57767786
    138.60496050
    138.60496050
    138.60496050
    138.68422537
    137.18241272
    137.18241272
    137.08105167
    134.23063784
    134.23063784
    134.23063784
    138.07936108
    137.62618645
    137.71561901
    137.78197956
    137.91126068
    137.53353983
    136.68656896
    133.99294875
    133.99294875
    133.93253302
    133.93253302
    134.22509428
    134.22509428
    134.22509428
    134.22509428
    134.22509428
    135.73888822
    135.73888822
    135.73888822
    135.73888822
    137.82908025
    137.85700752
    137.05145021
    137.05145021
    135.63087386
    135.63087386
    133.54787091
    133.54787091
    133.71146805
    136.80610883
    136.80610883
    135.39798620
    135.16569446
    135.16569446
    135.93517000
    135.93517000
    135.93517000
    135.93517000
    137.93062961
    137.74352123
    135.85039616
    135.85039616
    135.85039616
    135.85039616
    136.64881909
    136.73720789
    136.73720789
    137.07548133
    136.83064776
    135.30680560
    135.30680560
    135.10951190
    135.10951190
    137.06299086
    136.02476109
    136.02476109
    137.16970437
    137.51842403
    135.70259645
    135.70259645
    135.19207597
    135.19207597
    135.19207597
    135.19207597
    135.19207597
    135.94503402
    136.58354064
    136.58354064
    137.24328015
    136.94798461
    136.94798461
    136.94798461
    136.94798461
    136.94798461
    135.79539363
    135.79539363
    136.42888303
    137.23047078
    137.41569275
    137.55469523
    137.59528764
    137.59528764
    137.48649615
    136.68425425
    137.06688652
    135.81022999
    136.48730502
    136.48730502
    136.48730502
    136.48730502
    137.23490666
    137.23490666
    137.17526277
    137.51258475
    137.82951595
    138.63711947
    138.63711947
    138.60727378
    138.45618829
    138.54856451
    136.62530771
    136.62530771
    137.07933762
    137.07933762
    137.07933762
    137.09821129
    137.09821129
    137.08952735
    137.08952735
    137.08806707
    137.74791334
    137.41342777
    138.01431441
    138.58524363
    138.58524363
    138.40635491
    138.40183552
    138.02530886
    137.93386265
    138.11395522
    138.00269764
    138.00269764
    137.87660050
    137.87660050
    137.87660050
    137.87660050
    138.62834245
    138.22507554
    138.22507554
    138.22507554
    138.22507554
    138.60265017
    138.12603243
    138.22495633
    136.35898989
    136.38754567
    136.38754567
    136.38754567
    136.38754567
    134.75147042
    134.75147042
    134.75147042
    132.50314518
    132.50314518
    138.47194434
    138.42339176
    138.42339176
    138.42339176
    138.44011724
    138.07266397
    138.55656126
    138.27893719
    138.28001520
    138.28001520
    138.68355632
    138.68222779
    138.39618960
    138.53809524
    138.09538701
    138.15688221
    138.50500735
    138.50500735
    138.44048844
    137.76213653
    137.84575574
    138.05949876
    137.22720363
    137.18237880
    138.12337125
    137.83953444
    137.83953444
    137.17923217
    138.66873605
    138.68469523
    138.66165997
    138.66165997
    138.11323558
    138.68882832
    138.69457729
    138.66038058
    138.63209610
    138.64857220
    138.42352215
    138.33911800
    138.25835025
    138.25835025
    138.25835025
    137.91004693
    136.07949009
    136.07949009
    136.07949009
    136.07949009
    137.13679447
    137.13679447
    137.47702554
    137.47702554
    137.85671433
    137.85671433
    137.09128097
    137.09128097
    137.09128097
    137.13072542
    137.97830451
    137.14780505
    136.37246165
    138.41806789
    138.41806789
    138.66792483
    138.66579059
    138.52485992
    138.43029602
    138.34568587
    138.20035071
    138.20035071
    138.24284289
    138.19905683
    138.28429582
    138.20423019
    138.35520178
    138.35520178
    138.35650677
    138.35650677
    138.46605247
    138.56692170
    138.50246729
    138.15463970
    138.15463970
    138.15463970
    138.50231522
    137.33213306
    137.27877879
    137.27877879
    137.27877879
    137.27877879
    137.27877879
    137.53593926
    138.26032436
    138.20642434
    138.17424566
    138.26138684
    138.55528897
    138.53485281
    138.13211752
    137.69102211
    137.94503947
    137.95499311
    137.95499311
    137.95499311
    138.41694840
    138.38064167
    138.38064167
    138.38064167
    137.41316529
    137.41316529
    137.41316529
    137.41316529
    137.88922960
    138.65517125
    138.61512065
    138.61512065
    138.49631902
    138.11583383
    136.95943647
    137.28580228
    136.72116774
    137.54772737
    137.63112733
    137.49949338
    137.54491076
    137.45958887
    137.47551306
    137.20866199
    137.20866199
    136.99260899
    136.97533990
    136.69523937
    136.69523937
    136.38563566
    136.73003477
    135.24588164
    134.76226273
    134.76226273
    134.32698883
    137.83209197
    137.76987360
    137.76987360
    138.40718425
    138.24639109
    138.37562908
    138.37562908
    138.45358170
    138.57349982
    138.51624914
    138.29948017
    138.44415595
    138.45201054
    138.45201054
    138.48221812
    138.58138870
    138.39447459
    138.36427665
    138.04318203
    137.02280316
    137.02280316
    136.86516997
    137.50030446
    137.08605498
    137.65432387
    137.87709666
    138.08347674
    138.12398586
    137.44076366
    137.44076366
    137.44076366
    137.44076366
    138.05543474
    138.12532915
    137.62474368
    138.48988248
    138.50966358
    138.14624841
    138.02114021
    138.02114021
    136.19815518
    138.50533170
    138.50533170
    138.60057476
    138.61514211
    138.57721647
    138.57962802
    138.57962802
    138.44314875
    138.48113253
    137.56954084
    137.56954084
    137.56954084
    137.48263736
    137.48263736
    137.48263736
    137.48263736
    137.48263736
    137.48263736
    137.48263736
    137.52170729
    136.72494317
    136.72494317
    137.45120095
    138.13236489
    137.79867001
    137.76842494
    138.04743275
    138.01159916
    137.88856996
    137.58199652
    137.58199652
    137.40273676
    137.40273676
    137.40273676
    137.40273676
    137.24009850
    137.86855316
    138.32663508
    138.66800039
    136.71666071
    136.71666071
    137.08853455
    136.05135201
    137.10565528
    137.10565528
    137.23331530
    137.23331530
    137.20945914
    137.20945914
    136.78936674
    136.89787058
    137.26927645
    137.26927645
    137.26927645
    138.49580835
    138.49553350
    138.51313026
    138.67389049
    138.36265236
    138.21885519
    138.14543215
    138.14543215
    138.12347942
    138.12347942
    138.31738914
    138.25784287
    137.77066567
    138.07039811
    138.34764661
    138.45773622
    138.50798347
    138.44647510
    138.44944590
    137.67092621
    137.67016591
    137.13687893
    137.13687893
    137.25710447
    137.61175517
    137.68542715
    138.48758130
    138.60395146
    138.61469124
    138.62709811
    138.62130972
    138.59095744
    138.65003332
    138.26096160
    138.26096160
    138.26096160
    138.26096160
    138.26096160
    138.46816672
    138.39296788
    138.57000906
    138.69744025
    138.67703657
    138.67314280
    138.18683254
    138.19733881
    137.35186378
    137.35186378
    137.35186378
    137.12578913
    137.12578913
    133.75410565
    133.75410565
    133.75410565
    133.75410565
    136.52373356
    137.37836772
    138.30832916
    138.49885148
    138.36549526
    138.36549526
    138.36549526
    138.35781635
    138.35781635
    138.25211276
    138.33437322
    136.98852321
    137.43517232
    137.43517232
    138.32876646
    137.47806742
    137.47806742
    138.25194450
    138.56816657
    138.40988634
    138.40988634
    138.40988634
    138.50010490
    137.92929144
    138.22895977
    138.22895977
    137.64970073
    138.05512377
    138.05512377
    138.38532580
    138.20785599
    138.19040679
    138.19040679
    138.35724786
    138.37041292
    137.87113304
    137.87113304
    137.87113304
    138.07634566
    138.07634566
    138.07634566
    138.07634566
    138.07634566
    138.07634566
    137.94638499
    137.22720997
    135.88596026
    135.88596026
    137.56675054
    137.95243206
    138.15384615
    138.15384615
    138.54252870
    138.28733664
    138.28733664
    138.38642877
    138.56203802
    138.53601070
    138.53601070
    138.45060961
    138.53351122
    138.66505060
    138.48767109
    138.14165280
    138.31879340
    138.31879340
    138.41919365
    138.26738198
    138.26738198
    138.22260182
    138.22260182
    138.22260182
    138.25807322
    138.25807322
    137.84844364
    137.18833773
    137.18833773
    137.21285693
    137.21285693
    137.21285693
    137.21285693
    136.32002360
    136.32002360
    137.48311006
    137.05624420
    137.14312264
    137.14312264
    137.14312264
    137.14312264
    137.11722308
    136.26202894
    137.98301715
    137.98301715
    137.67427837
    138.04310474
    137.32560572
    137.47163637
    138.43484685
    138.58491507
    138.59218979
    138.61154684
    138.63590713
    138.45322825
    138.45322825
    138.69850021
    138.66111035
    138.65728085
    138.60189432
    138.25398765
    137.96840140
    135.86717654
    135.26815393
    134.97984286
    134.97984286
    136.90830171
    138.14004148
    138.68650283
    138.68453091
    138.68453091
    138.68453091
    138.36739506
    138.33205960
    138.29859413
    138.29859413
    137.29780522
    138.07536909
    137.68237183
    137.70616098
    138.01752051
    137.27374900
    137.27374900
    135.83786795
    136.98442717
    137.72771161
    137.90786794
    138.08431478
    138.21052124
    138.21052124
    137.97929592
    138.39031014
    138.01450684
    138.01450684
    138.01450684
    137.44108187
    137.93518445
    137.93518445
    137.79895842
    137.55256409
    137.55256409
    138.07585119
    137.31921456
    137.27051266
    137.74873650
    138.28638114
    138.34292588
    138.12082444
    138.35039306
    138.43774472
    138.43774472
    138.54188127
    138.54188127
    137.95685457
    137.95685457
    137.95685457
    137.95685457
    137.28685894
    136.44253472
    136.44253472
    136.44253472
    136.14379714
    136.64630379
    138.17568726
    138.04516055
    138.04516055
    137.98375593
    137.90821827
    138.26579910
    137.77296184
    138.02467634
    138.02467634
    138.02467634
    138.52817909
    137.69080474
    138.32090262
    138.24112434
    138.24112434
    138.31032275
    138.33211459
    138.33211459
    137.95185328
    138.51871417
    138.51871417
    138.37490186
    138.37645761
    138.12548603
    138.12548603
    138.54398550
    138.07938969
    138.28859691
    138.28859691
    138.43749186
    138.43749186
    138.43749186
    138.43749186
    138.37255858
    137.55513226
    137.42408416
    137.04863486
    134.79695643
    135.21695826
    138.07149507
    138.66213861
    138.66213861
    138.61033135
    138.61033135
    137.66996713
    138.04120307
    137.68340096
    137.36245954
    137.04895786
    137.39638427
    137.48674119
    137.98757071
    137.80036916
    137.80036916
    137.67658505
    136.92471355
    136.92471355
    136.92471355
    136.92471355
    137.61318136
    137.60802250
    137.68147447
    137.68147447
    137.68147447
    137.82910039
    137.90674604
    137.20087121
    138.24662527
    137.30936305
    137.30936305
    138.21827814
    138.21827814
    138.21827814
    138.46882354
    138.38192484
    138.44175005
    138.20116073
    138.20116073
    138.20116073
    138.20116073
    138.33094530
    138.33094530
    138.55891851
    138.49131267
    137.81402567
    137.64548998
    137.64548998
    136.70014354
    135.55405792
    135.55405792
    138.40146367
    138.40146367
    138.18900783
    137.96885661
    137.23144298
    136.17550197
    137.80224345
    137.80224345
    137.84473806
    138.24397842
    138.24962242
    138.03338596
    138.03338596
    138.10195769
    137.94002023
    137.91173002
    138.03292893
    138.03292893
    138.69541204
    138.53480626
    138.53480626
    138.24880029
    138.03829297
    138.53012519
    138.40057144
    138.67483283
    138.31395355
    138.34803279
    138.34803279
    138.29402276
    137.65720527
    137.73507981
    137.78108416
    138.05692370
    138.05692370
    138.01542879
    138.01542879
    137.70878452
    137.42568456
    137.78710911
    137.35148057
    137.35148057
    137.08826520
    137.30308520
    136.35599522
    136.35599522
    136.35539757
    136.35539757
    136.35539757
    136.35539757
    138.29545519
    137.99453936
    138.39904727
    138.59682803
    138.59682803
    138.12281885
    138.27499981
    138.27499981
    138.52760016
    138.42689571
    138.17714051
    138.17714051
    138.17714051
    136.97604025
    138.28041447
    136.49357775
    136.49357775
    136.72162229
    136.72162229
    136.97239360
    136.97239360
    138.38375903
    138.69422297
    138.61406318
    138.63168489
    138.29953181
    138.27686003
    138.33402830
    138.33402830
    138.29922137
    137.97756120
    138.13382838
    138.13382838
    138.60688342
    138.60481066
    138.60481066
    138.53021531
    138.42452839
    138.40145241
    137.94087969
    137.94087969
    137.97881212
    138.09684024
    137.88269610
    137.22417141
    135.19438017
    137.72961946
    137.62353128
    137.88759805
    137.88759805
    137.46521956
    137.67697967
    137.67697967
    137.67697967
    137.88647447
    138.55290629
    138.43646279
    138.41651533
    138.41651533
    138.20415669
    138.47317216
    137.96139880
    138.01188832
    137.78803562
    137.88707522
    135.84442446
    137.38908029
    136.39284690
    133.37843337
    133.37843337
    131.11690996
    133.77677251
    135.85166969
    133.56772169
    135.03544175
    135.03544175
    135.41919548
    135.41919548
    134.81659377
    136.87422994
    136.33136625
    136.33136625
    136.33136625
    134.57600932
    134.57600932
    134.57600932
    136.71078644
    138.02776738
    136.98613198
    137.89563065
    138.01746981
    138.26623530
    136.77250174
    137.99265599
    138.16358285
    138.16358285
    138.10905950
    137.83160579
    137.83160579
    137.37204092
    138.61010445
    137.98583575
    138.20864441
    138.20864441
    137.56339702
    137.56339702
    137.56339702
    137.73338128
    137.73338128
    137.73338128
    138.67454917
    138.04966386
    138.04966386
    138.04966386
    138.04966386
    138.04966386
    138.26868617
    138.26868617
    138.49081516
    138.49081516
    138.59699862
    138.48255964
    138.55048077
    138.54390580
    138.54390580
    138.54390580
    138.54390580
    138.54390580
    138.54390580
    138.38896188
    138.38173290
    138.38173290
    138.63012178
    138.40049325
    138.31781340
    138.31781340
    138.31781340
    138.31781340
    138.67565647
    138.69407871
    138.66126697
    138.51898417
    138.51825661
    138.40392430
    138.40392430
    138.40392430
    138.40392430
    138.35257506
    138.47042844
    138.43018342
    137.41518233
    138.07529284
    138.07529284
    138.52634130
    138.57415925
    138.29201106
    138.27851249
    138.54962316
    138.54962316
    138.54962316
    138.65078424
    138.54313808
    138.37735282
    138.37735282
    137.55910219
    138.29408306
    138.29408306
    138.29408306
    138.13682526
    138.13682526
    137.77321892
    137.89386340
    137.94081372
    137.43364181
    137.67883456
    137.68296206
    137.70028122
    137.70028122
    137.70028122
    137.56840300
    138.19515091
    138.19515091
    138.31353607
    138.12923710
    138.12923710
    138.39257704
    137.05364823
    136.33301222
    136.33301222
    131.72409453
    131.72409453
    131.72409453
    131.72409453
    131.72409453
    132.11988342
    134.04170283
    137.29922760
    137.29922760
    137.29922760
    137.29922760
    138.49434404
    138.49434404
    138.64668691
    138.64668691
    138.60298523
    138.35113646
    138.25925470
    138.01870712
    137.97440016
    137.97440016
    137.41459467
    137.27662690
    138.16304813
    138.16304813
    138.16304813
    136.61287907
    137.27537638
    137.27537638
    137.49668511
    136.94600976
    138.05082772
    138.10125826
    137.90335087
    137.90335087
    137.83872886
    137.83872886
    137.83872886
    137.73737271
    138.34462223
    138.44214289
    136.56689010
    136.50745402
    135.57641871
    136.58029582
    136.58029582
    138.54222740
    138.32631912
    138.33463141
    138.33463141
    138.30972351
    138.65643470
    138.65568135
    138.65568135
    137.96438717
    138.24694814
    138.24694814
    138.19420034
    138.19420034
    138.19420034
    137.96259962
    138.41626902
    138.34137561
    137.94754634
    138.52251742
    138.65564051
    138.63180025
    138.63466540
    138.63466540
    138.63298907
    138.65666290
    138.38469392
    138.38469392
    138.27163350
    138.32043379
    138.17414525
    138.23539980
    138.25586447
    138.11434408
    138.11434408
    138.11443746
    138.07257742
    138.07257742
    138.48147714
    138.48912970
    138.63623614
    138.51983913
    138.50874164
    138.60950432
    138.60950432
    138.19203506
    138.15905525
    138.15905525
    138.47183257
    138.62870276
    138.62870276
    138.60733021
    138.13394102
    138.13394102
    137.48311179
    137.48311179
    137.58904089
    137.58904089
    137.58904089
    137.59861459
    137.99277540
    137.99277540
    138.43353755
    138.43353755
    138.11970463
    138.29570790
    137.20233866
    137.25337664
    137.89068194
    138.20619954
    138.17367546
    138.21199007
    138.25820863
    137.80910385
    137.66739749
    137.93399561
    137.99484687
    137.84571284
    137.73676273
    137.73676273
    137.73676273
    137.87334188
    137.93235602
    138.22004498
    138.22004498
    137.93231995
    138.13624026
    138.36800852
    138.45319183
    138.37899278
    137.98833857
    137.98833857
    137.98833857
    137.98833857
    137.98833857
    137.96457692
    138.01251458
    138.01251458
    138.01251458
    138.48898611
    138.48898611
    138.36216568
    137.93886608
    137.90177150
    137.90177150
    137.08236922
    137.05188635
    137.78155864
    137.52217555
    138.12358499
    138.12358499
    138.20293951
    138.37563425
    137.86166928
    137.86166928
    136.71104548
    137.41054882
    137.41054882
    136.59349666
    136.92074430
    136.93266717
    137.41620382
    136.84571416
    136.84571416
    136.76297451
    135.03308213
    135.94586026
    135.94586026
    135.96020310
    136.09488217
    136.09488217
    136.09488217
    138.10338168
    137.89413738
    137.18137914
    137.18137914
    137.18137914
    137.18137914
    137.12306632
    136.92785715
    136.55815039
    136.07925904
    134.78661927
    134.78661927
    134.78661927
    134.78661927
    138.20612895
    137.74190028
    137.94248012
    138.55431750
    138.55431750
    138.49393933
    138.43579173
    138.44662229
    138.42990784
    137.51918125
    137.51918125
    137.58606505
    138.29856809
    137.88215644
    137.88215644
    138.51669256
    138.41034716
    138.06801212
    138.06801212
    138.31333438
    136.52315100
    136.52315100
    138.06896189
    138.60760060
    137.98713092
    138.01324626
    138.44940769
    138.35729836
    138.35729836
    137.82403997
    137.82403997
    137.87711552
    137.19794837
    136.66706560
    135.91274252
    135.91274252
    135.83575511
    134.07669625
    135.54441585
    136.60718588
    137.48485529
    137.47375692
    137.47375692
    137.77181112
    138.19097947
    138.17707310
    138.58539541
    138.68274444
    138.61075734
    138.61075734
    138.60895371
    138.31194376
    138.31194376
    137.76006895
    137.99105041
    137.77156260
    137.77156260
    138.15174957
    138.18733983
    138.28087546
    137.36598824
    138.09435383
    138.09435383
    138.68394262
    138.64854322
    138.67851655
    138.45944995
    138.45793193
    138.62028504
    137.76827475
    138.33985657
    138.53868015
    138.52828749
    137.02639783
    138.28458661
    138.28394578
    137.69491567
    137.69491567
    137.25820699
    137.25820699
    137.66351834
    137.66342072
    137.65266465
    137.65266465
    137.65266465
    138.38255648
    138.42000965
    137.56217792
    137.56217792
    137.56217792
    134.01840285
    134.01840285
    132.92654663
    132.92654663
    134.73277794
    136.96362795
    136.96362795
    137.81625686
    136.95458082
    136.95458082
    137.78056174
    137.09769588
    137.09769588
    137.71447144
    137.71447144
    137.64187615
    137.64361478
    137.55117264
    136.68307348
    136.68307348
    136.54719874
    136.54719874
    136.54719874
    137.23965072
    137.23965072
    137.23965072
    137.23965072
    138.30269794
    138.22819458
    138.22819458
    138.06029431
    138.06029431
    138.23405653
    138.64597841
    138.33664043
    138.21265728
    138.28859281
    138.43437005
    138.36227296
    138.36227296
    138.24717672
    138.49598439
    138.49598439
    138.39836867
    138.42460902
    138.38920869
    138.39840482
    137.95897757
    138.00426306
    138.00426306
    137.76279792
    137.84505333
    138.38443983
    138.39483054
    138.05847825
    138.17205952
    138.17205952
    137.86381082
    137.86381082
    138.08635534
    138.54841441
    138.53083906
    138.49103439
    138.49869340
    138.49869340
    138.37775332
    138.39603951
    138.39603951
    138.39603951
    138.44865620
    138.57281376
    138.47902709
    138.50142686
    138.50142686
    138.30073473
    138.27565628
    138.42681943
    138.48519971
    138.48519971
    138.47000121
    135.24182942
    133.41006275
    137.76312874
    137.76312874
    137.47334700
    137.47334700
    137.88582456
    138.00963120
    138.04489697
    138.04489697
    138.04001733
    138.04001733
    138.05680675
    137.14347085
    138.05995188
    137.56401099
    138.05722880
    138.05722880
    138.05722880
    138.00728822
    138.03273205
    138.03273205
    138.11090326
    138.11090326
    137.49720455
    137.49720455
    138.02771586
    138.02771586
    138.02771586
    138.27974662
    137.76576619
    137.76530678
    137.76530678
    138.33209944
    138.11678710
    138.11678710
    136.32101169
    136.32101169
    137.03431245
    138.04834361
    138.07998375
    137.57513798
    137.07667374
    137.07667374
    136.98022664
    136.98022664
    136.39032628
    136.39032628
    136.39032628
    136.39032628
    134.32027834
    134.32027834
    134.08983970
    134.08983970
    134.08983970
    134.08983970
    134.08983970
    134.08983970
    134.08983970
    132.42491235
    134.24644945
    134.24644945
    136.78010015
    136.78010015
    136.78010015
    136.78010015
    137.33757157
    137.07584105
    137.50272303
    137.50272303
    137.50272303
    137.97299638
    138.16012016
    138.03016454
    137.67276420
    137.65373147
    137.62878313
    137.08008927
    136.96144058
    137.96697256
    137.77528001
    137.77528001
    138.01518574
    138.00979858
    137.91994473
    138.52211629
    138.21045864
    138.21045864
    138.68368623
    138.01136626
    137.98953972
    137.06172673
    137.06172673
    137.06172673
    135.92133484
    135.92133484
    135.92133484
    138.33482633
    138.11590415
    138.44307317
    138.36479199
    138.38590353
    138.35276693
    138.36076624
    138.45550818
    138.45550818
    138.46182387
    138.60253776
    138.62644023
    138.61940696
    138.59767725
    138.66856810
    138.67226370
    138.68239280
    138.68295130
    138.67868174
    138.69236394
    138.69236394
    138.69236394
    138.69792564
    138.69804835
    137.84075043
    137.84075043
    137.84075043
    138.38905893
    138.18660782
    138.18345855
    138.30167199
    138.54342452
    138.54342452
    138.44734663
    138.44734663
    138.44734663
    138.44734663
    138.03029702
    137.77480470
    137.88743823
    138.57030493
    137.93914475
    137.93914475
    138.08954983
    138.08954983
    138.08954983
    138.14017817
    138.52090094
    138.33591068
    138.53328948
    138.49436383
    138.49436383
    138.49436383
    138.68471070
    138.67602647
    138.65763101
    138.65143889
    138.40008990
    137.11858678
    137.47662386
    137.52087441
    137.78209766
    137.41149050
    137.29036798
    137.29036798
    136.97743514
    136.97743514
    136.98663202
    136.98663202
    136.98663202
    137.51587076
    137.50926601
    137.64472775
    138.45908283
    138.62487136
    138.65242944
    138.65373693
    138.63809229
    138.53732676
    138.25406409
    138.22911666
    138.34577232
    138.34577232
    138.48999051
    138.27902300
    138.36832677
    138.36690119
    138.36690119
    138.24282756
    138.65669313
    138.65669313
    138.20373760
    138.04321356
    138.04321356
    137.64856038
    137.64856038
    138.17244045
    138.28640132
    138.69246553
    138.40133865
    138.52798466
    138.52798466
    138.42903187
    133.36113640
    133.39377939
    133.39377939
    134.46873336
    136.23693090
    136.92197590
    136.89690725
    137.27871997
    137.57616605
    137.67090628
    138.12339777
    138.12339777
    138.31564490
    138.38803577
    137.90437490
    138.34053064
    138.06332030
    138.06332030
    136.83861825
    138.34163759
    137.81684729
    138.19861745
    138.04102320
    138.08370310
    138.01993255
    138.01993255
    138.01993255
    138.01993255
    138.49618423
    138.50904596
    138.22511383
    138.22511383
    138.22511383
    138.16739366
    138.16739366
    138.16739366
    137.75522083
    138.27214523
    138.27214523
    138.65897709
    138.65897709
    138.65498952
    138.63794579
    138.65311625
    138.65311625
    138.20655291
    138.00102394
    138.00102394
    137.86306167
    138.29916638
    135.54327342
    136.90345276
    136.90345276
    136.00164904
    136.00164904
    135.81637858
    135.81637858
    136.35839145
    136.35839145
    136.35839145
    135.32269671
    135.32269671
    134.29712655
    136.55837343
    136.55837343
    136.55837343
    137.45094708
    137.45094708
    137.99503652
    138.48390813
    138.60462487
    138.48152431
    138.57922710
    138.55659044
    138.48032425
    138.48565933
    137.63741736
    137.63741736
    138.58472768
    138.58472768
    138.58472768
    138.20286529
    138.41737650
    136.93312758
    136.50503195
    137.35925428
    137.35925428
    137.51846268
    138.14208330
    137.82709899
    138.04404829
    138.04270979
    138.04270979
    138.04270979
    137.78457575
    138.04219472
    137.62362205
    136.62872258
    136.23338380
    136.23338380
    137.63706853
    137.63706853
    137.67543174
    137.67543174
    137.21830007
    137.21830007
    138.05977056
    138.05977056
    138.05710732
    137.50067732
    138.69039910
    138.69039910
    138.68483290
    138.52228602
    138.52228602
    138.02684505
    135.97470302
    135.97470302
    135.97470302
    135.15045267
    137.78881362
    137.78881362
    137.78881362
    137.78881362
    137.78881362
    137.84478884
    137.84478884
    137.83235636
    137.83235636
    138.04891115
    136.61991904
    136.61991904
    136.92617000
    136.92617000
    136.92617000
    136.92617000
    136.92617000
    136.02861051
    136.00051107
    136.30555676
    136.94629750
    136.94629750
    137.25056287
    136.87227031
    136.87227031
    137.35031772
    137.29125409
    137.08915801
    137.68675024
    137.12748300
    136.57822387
    136.47078835
    137.29474390
    136.21523330
    135.87446825
    137.80534148
    137.80534148
    138.35235538
    137.87285198
    137.87285198
    138.29408172
    138.29408172
    138.38514077
    138.42810748
    138.34726645
    138.50591794
    138.56129060
    138.57059283
    138.57059283
    138.48693979
    137.89744609
    137.89744609
    137.89744609
    138.29525395
    138.18909477
    137.88912904
    138.22306952
    138.35242525
    137.91009205
    137.61535458
    137.94670035
    137.40168296
    137.40168296
    136.84798613
    136.84798613
    136.56674848
    137.25061960
    137.91034509
    138.31574826
    138.54528554
    137.88804926
    137.60533683
    137.60332935
    136.94726768
    138.12891574
    138.64002523
    138.68302604
    138.44945799
    138.35566222
    138.37033302
    137.12342451
    138.03611775
    138.03611775
    137.66229888
    138.61226506
    138.61226506
    138.61226506
    138.28881259
    138.24882958
    138.06127145
    138.03789343
    138.12109055
    138.20737178
    138.53512474
    138.62277943
    138.61755341
    138.61755341
    138.62330528
    138.62689584
    138.63210826
    138.63471643
    137.57779102
    137.44859857
    136.88265294
    136.88265294
    137.05843820
    137.05843820
    138.17616128
    138.17616128
    138.13792591
    138.13792591
    138.03573964
    138.67066093
    138.47806714
    138.47806714
    138.53795762
    138.50057998
    138.44202985
    138.31130266
    138.50014261
    138.50014261
    138.50014261
    138.17094943
    138.17094943
    138.46685613
    138.28231004
    138.28231004
    138.28231004
    138.31566424
    138.21980982
    138.15212238
    138.15212238
    138.07042982
    138.07264277
    138.07264277
    138.06095892
    136.70062859
    136.70062859
    137.02409803
    137.02409803
    137.98933298
    138.49885352
    138.50741892
    137.52783501
    137.03541818
    138.13843394
    137.92262163
    137.81602959
    137.66844350
    137.66844350
    138.45160160
    138.02088940
    137.38881117
    137.14395762
    136.62381320
    136.62381320
    136.62381320
    137.81332599
    137.41199217
    137.41199217
    137.41199217
    137.92875851
    137.47167079
    137.66122209
    138.34578368
    137.89763137
    137.95582333
    137.95582333
    137.34783634
    137.43592406
    137.35762331
    137.35762331
    137.94651002
    137.94651002
    137.94651002
    137.90510511
    138.47390073
    138.33695671
    138.33906700
    138.13372512
    137.93780330
    137.25321493
    137.25466350
    137.44620618
    137.33641400
    137.33641400
    135.57633974
    132.89785768
    134.04734310
    134.04734310
    134.26406267
    134.26406267
    134.27526345
    134.27526345
    132.98749619
    133.55001614
    135.84963383
    135.84963383
    137.70834345
    137.40169683
    138.38922388
    138.39538249
    138.13797934
    138.13797934
    138.04933416
    138.04933416
    137.95516687
    137.56042676
    136.41087775
    136.78146750
    136.95885329
    137.38263378
    137.41555708
    138.06194499
    138.59405003
    138.59598509
    138.52640436
    138.42305488
    138.67061661
    138.67061661
    138.67061661
    138.67061661
    138.67816924
    138.67816924
    138.67937271
    138.67937271
    138.68284004
    138.59807658
    138.60938029
    138.61876097
    138.30136383
    138.39421812
    138.32400803
    138.11198923
    138.19611996
    138.19611996
    138.11957192
    138.51198284
    138.51198284
    138.51198284
    138.51092861
    138.59257935
    138.59257935
    138.64422393
    138.64732753
    138.63995655
    138.51019485
    138.66975590
    138.68800967
    138.65066984
    138.43831812
    138.48513686
    138.46587484
    138.09611351
    138.59617666
    138.59617666
    138.59617666
    137.55072866
    137.72511674
    137.72511674
    137.72511674
    136.79984639
    136.79984639
    137.75960122
    137.56014570
    136.98225692
    138.27014232
    138.27014232
    138.27014232
    138.38987643
    138.48947049
    138.48783301
    138.50532988
    138.54141181
    138.55080198
    138.41652292
    138.41652292
    138.14493186
    136.11890595
    136.11890595
    137.97995204
    136.18573024
    137.79348250
    137.79348250
    137.79348250
    137.79348250
    135.82188195
    135.82188195
    138.56046732
    138.52377417
    138.01393248
    138.62036246
    138.60831166
    138.60831166
    138.60906891
    138.60906891
    138.57486934
    138.44231693
    138.65318371
    138.18890878
    138.42108159
    138.41399168
    138.41399168
    138.41399168
    138.63666833
    138.63666833
    138.58576034
    138.58576034
    138.58576034
    138.60850716
    138.58943980
    138.45006350
    138.43852949
    138.43288081
    137.86448619
    138.55932843
    138.05484377
    138.08827063
    137.58786307
    136.98304898
    137.68338268
    137.68338268
    137.48000882
    136.49590136
    136.49590136
    136.49590136
    137.81819113
    138.27277221
    138.51760918
    138.49849543
    138.69474371
    138.41870483
    138.59386115
    138.59386115
    138.57283938
    138.57283938
    138.57283938
    138.64929084
    138.64929084
    138.61911881
    138.40678701
    138.39085535
    138.39085535
    138.38189436
    136.99406131
    136.99406131
    136.99406131
    137.21925248
    137.21925248
    137.85424435
    137.85424435
    138.37806249
    138.35609230
    138.26307303
    137.68234456
    138.58970643
    138.58970643
    138.63366899
    138.65837078
    138.65837078
    138.60360937
    138.60360937
    138.54786529
    138.67588356
    138.68688125
    138.66032126
    138.66032126
    138.54622585
    138.54622585
    138.58119199
    138.21001663
    138.21001663
    138.45165597
    138.22368087
    138.22368087
    138.62161838
    138.66630884
    138.66630884
    138.65698345
    138.69694034
    138.33551766
    138.33551766
    138.33551766
    138.33551766
    138.18258799
    138.63375911
    138.63375911
    138.59755930
    138.59666955
    138.67790048
    138.13598395
    138.52931801
    138.49259067
    138.54492876
    138.47416469
    138.33997273
    138.32112858
    138.32112858
    138.24648264
    138.24648264
    138.37599713
    137.04090977
    138.19440424
    137.10961593
    137.10961593
    137.10961593
    136.09809366
    137.83645887
    137.72682632
    137.72682632
    137.72682632
    137.95452351
    137.63333489
    137.56095564
    137.56095564
    137.56095564
    138.11339721
    138.11339721
    138.10518841
    138.10518841
    138.23701699
    138.53790172
    138.53790172
    138.60061201
    138.38336323
    138.51753425
    138.31599162
    138.31599162
    138.62791281
    138.61733878
    138.67471914
    138.09795388
    138.09795388
    138.38107919
    138.01165707
    136.84785323
    135.75190542
    135.75190542
    136.99154422
    136.99154422
    137.53071755
    137.53071755
    137.53071755
    137.53071755
    135.62965398
    138.58187339
    138.55008121
    137.47550098
    135.92905228
    135.92905228
    137.48642303
    137.05710916
    137.05710916
    137.05710916
    137.22169689
    137.49229512
    137.99283834
    138.23184237
    137.99385904
    138.29796041
    138.40940702
    138.31906109
    138.66509748
    138.19827454
    138.25270409
    137.80918192
    138.24078239
    138.37546601
    138.24082592
    138.24082592
    138.15544701
    137.75397789
    137.75397789
    138.45806150
    138.67253602
    138.67253602
    138.69243208
    138.48846867
    138.46566745
    138.58833402
    138.59391104
    138.59391104
    138.52399948
    138.46509827
    138.53242441
    138.63964157
    138.43790861
    138.22644580
    138.47694098
    138.61376364
    138.61285314
    138.61285314
    138.53665128
    138.53641066
    138.67176592
    138.22537703
    138.46453649
    138.60314928
    138.52888821
    138.53662664
    138.53662664
    138.51748354
    138.32084068
    137.84819464
    137.83098590
    138.05171512
    138.05171512
    138.04946586
    138.04946586
    138.04946586
    138.41221745
    138.58940064
    138.60934741
    138.45819262
    138.42104275
    137.34531929
    138.29039817
    138.29039817
    138.29039817
    138.29607827
    138.20711862
    138.19523783
    137.60636329
    136.82223168
    136.08252694
    136.08252694
    138.20440237
    137.75383712
    137.54614781
    137.65881977
    137.67736044
    138.41318567
    138.44514596
    138.44514596
    138.49173683
    138.38455143
    137.74801990
    137.79369527
    137.79369527
    137.79369527
    137.65457807
    138.26714023
    138.31254358
    138.44641932
    138.48878984
    138.08247918
    138.08247918
    138.41082515
    138.25568671
    137.61983316
    137.61983316
    137.83561403
    137.83561403
    138.18103720
    136.34738025
    136.34738025
    137.20305949
    137.20305949
    138.36789477
    138.36789477
    137.82399397
    137.82399397
    137.89976307
    136.91740267
    137.39760695
    137.39760695
    138.09067079
    138.20996837
    137.89712288
    138.25622612
    138.35665135
    137.22812152
    134.67438897
    134.67438897
    134.67438897
    133.85063978
    135.09727149
    135.09727149
    137.55249706
    136.36452098
    138.12058402
    137.16610445
    137.65892853
    137.83259196
    137.83971258
    136.72287543
    137.48428091
    137.94969546
    137.94969546
    137.81166700
    137.93197652
    137.93197652
    137.93197652
    138.38412856
    138.47540011
    138.47540011
    137.73360223
    137.85817282
    138.24235161
    138.21967832
    137.30545975
    137.46088744
    137.68783564
    137.63453620
    137.61538986
    137.61538986
    137.26474419
    138.52364437
    138.66916354
    138.66916354
    137.98286545
    138.37737403
    137.94916376
    137.76078566
    137.81343541
    137.51217556
    137.66331227
    135.92612769
    135.92612769
    134.75628450
    134.75628450
    135.30460435
    138.29674529
    137.89883787
    137.88085336
    138.53789968
    138.12240928
    138.11752726
    138.07439314
    137.97865063
    138.20050376
    138.20050376
    138.20050376
    137.35913293
    138.43727244
    138.32068519
    138.43032137
    138.43032137
    138.55442762
    138.08784742
    138.22190013
    138.00591586
    138.17824111
    138.40776489
    138.40776489
    138.33104683
    138.42137868
    138.39614852
    137.90603741
    137.87101792
    137.14011494
    136.95110988
    137.06938308
    137.06938308
    138.23028236
    137.86627662
    137.74066165
    137.74066165
    138.48147250
    138.48147250
    138.48147250
    138.48147250
    138.35784282
    138.35268926
    138.16221409
    138.39399595
    138.21632159
    137.72195182
    138.54911498
    138.44756302
    138.44756302
    138.29650726
    138.16495488
    138.16495488
    138.34180321
    138.32652308
    138.69381527
    138.68152630
    138.54013646
    138.03196709
    136.97970630
    136.74030185
    138.02163989
    138.02163989
    138.62912124
    138.67276655
    138.68299363
    138.66919165
    138.66239016
    138.13827189
    138.13827189
    138.35557208
    138.35557208
    138.39114260
    137.63853821
    137.72583936
    137.63280642
    137.63280642
    137.63280642
    137.89899672
    138.24823741
    138.30860170
    138.30860170
    138.45221556
    138.45221556
    138.21933516
    138.21933516
    138.04358988
    138.04358988
    138.44136559
    138.51303105
    138.10331287
    138.26539742
    138.12274136
    138.08820918
    138.08820918
    138.08280522
    138.05603886
    137.69275846
    137.85490092
    138.69752018
    138.69238281
    138.67690147
    138.63353509
    138.53036527
    138.60463903
    138.60837902
    138.66314848
    138.34729162
    138.63021613
    136.84865613
    136.84865613
    136.63505600
    138.21830930
    138.50310586
    138.35794043
    137.38278904
    136.97070588
    136.45932444
    136.45932444
    134.35355066
    134.30469021
    134.30469021
    134.13196082
    134.13196082
    134.13196082
    134.13196082
    134.13196082
    134.05652645
    135.05398968
    135.05398968
    135.52933970
    135.78038893
    137.19924209
    137.09227262
    137.60502246
    137.86206108
    137.72473347
    136.69562270
    137.21114550
    137.30950362
    136.95039383
    136.95039383
    137.47165238
    138.16410443
    138.16410443
    137.62544824
    137.62544824
    137.93836139
    138.03659435
    138.08858614
    138.08858614
    137.72495639
    137.19801852
    137.19801852
    137.19801852
    136.14675621
    133.87219804
    133.87219804
    134.03877100
    138.33427610
    138.26851682
    138.26851682
    138.16972282
    138.35572021
    138.31841869
    138.31841869
    138.31841869
    138.25361581
    138.25361581
    138.23628451
    138.56054949
    137.87319713
    137.87319713
    137.68872373
    137.68872373
    137.68872373
    137.10134271
    138.66350178
    138.66350178
    138.66350178
    138.58809490
    138.58433884
    138.61060907
    138.62277921
    138.62277921
    138.62277921
    138.62277921
    138.62277921
    137.96115303
    138.46637218
    138.01970907
    138.01970907
    137.69457640
    138.05245812
    137.96262974
    137.70692581
    138.54665432
    138.48112643
    138.00116747
    137.96775785
    137.17391204
    138.33262909
    138.33262909
    138.37707875
    138.23485058
    138.40552559
    138.39518134
    138.39518134
    138.39518134
    138.22011214
    138.21523242
    138.00221319
    138.00221319
    138.00221319
    138.00221319
    136.82295409
    137.12274293
    136.47039809
    137.41717793
    137.37914486
    137.60769716
    137.09301146
    137.32791076
    137.32791076
    137.32791076
    137.53456278
    132.82978511
    130.66204323
    130.66204323
    130.66204323
    130.66204323
    134.00993127
    133.34509507
    133.34509507
    131.15103517
    131.15103517
    131.15103517
    133.45384648
    132.68942373
    132.68942373
    135.00370195
    134.35722190
    134.35722190
    136.27701298
    136.27701298
    136.07912622
    136.07912622
    136.07912622
    136.07912622
    136.88286449
    136.88286449
    136.88286449
    136.88286449
    136.88286449
    136.91615642
    136.91615642
    136.91615642
    136.91615642
    136.53988484
    137.44746357
    137.74836289
    137.41120490
    136.30880534
    136.48339690
    136.24702569
    136.24702569
    136.24702569
    137.43072572
    138.18542697
    138.24798648
    138.24798648
    138.29672452
    138.35161233
    138.09510342
    137.97441807
    137.97441807
    138.37608507
    138.56703028
    138.43321940
    138.59720611
    138.59720611
    138.34240058
    138.50008668
    138.50008668
    138.50008668
    138.49561194
    138.68943489
    138.68943489
    138.68943489
    138.69637821
    138.38712655
    138.53941230
    138.57125487
    138.62675988
    138.67331325
    138.66340956
    138.67608278
    138.60810972
    138.33179337
    138.16672300
    138.07608962
    138.07608962
    138.07608962
    138.16224231
    138.00071014
    138.23210330
    138.22243197
    138.22243197
    138.16200275
    136.42012478
    136.45157695
    136.70586466
    136.70586466
    136.47201281
    136.54552503
    136.65007131
    136.65007131
    136.65007131
    136.65007131
    136.65007131
    136.45425332
    135.40230863
    135.77684629
    133.63522492
    136.67796278
    136.67796278
    136.67796278
    137.96203659
    137.96203659
    138.18252034
    138.18252034
    136.95803338
    134.76674320
    134.76674320
    135.80784008
    135.80784008
    137.85971025
    138.47896602
    137.22910450
    137.58367298
    137.60183072
    137.60183072
    136.94300598
    136.49959689
    137.17754853
    136.76275925
    136.83301050
    138.01274690
    137.59275970
    137.59275970
    137.67938461
    137.78529070
    137.80209958
    137.84667061
    138.26840485
    138.42333455
    138.29139558
    137.47840191
    137.25942933
    138.55689413
    138.67067912
    138.67067912
    138.45787960
    138.45787960
    138.45787960
    138.45787960
    138.45787960
    138.29971981
    138.35306885
    138.35306885
    138.35306885
    138.35306885
    138.17707872
    138.30632391
    138.29227352
    138.29227352
    138.29674368
    138.29674368
    138.38309809
    137.62854683
    137.35968496
    138.43256847
    138.42193003
    137.72360473
    137.71660949
    138.01037218
    138.17325153
    137.67307540
    135.71952614
    136.89480469
    136.89480469
    136.89480469
    136.63814440
    136.63814440
    134.73504239
    133.60699528
    131.59743407
    134.04324251
    135.86370737
    135.34457586
    135.43790627
    137.72709369
    137.45996336
    136.79730974
    136.54258448
    136.65597932
    136.53897525
    137.55998963
    136.60098398
    138.29001358
    137.96432989
    137.61060225
    137.97597367
    137.97597367
    138.01799424
    138.20795641
    138.23501548
    138.23501548
    138.00150162
    138.00614870
    137.93458773
    137.93458773
    137.93481924
    137.91063853
    137.91063853
    137.89938443
    137.99159128
    137.99159128
    138.47598879
    138.47598879
    138.45208065
    137.79845421
    137.80494125
    137.80494125
    137.34037663
    136.92828943
    136.92828943
    136.92828943
    136.92828943
    136.99415965
    137.54755278
    138.33709970
    138.41063521
    138.41063521
    138.41063521
    138.41063521
    138.43843174
    138.51486675
    138.13691490
    138.13691490
    138.49222636
    138.05834865
    136.98383100
    136.96594050
    136.66742977
    136.66742977
    136.66742977
    136.99117802
    136.99117802
    137.89665753
    137.89665753
    137.85097316
    137.85097316
    137.85097316
    137.85702698
    138.37874075
    138.01770629
    138.01770629
    137.57262616
    137.57262616
    137.57262616
    137.57262616
    137.56986921
    137.56986921
    138.47490999
    138.42166953
    137.64481396
    137.64481396
    137.64481396
    137.61269446
    138.68105274
    138.66957628
    138.31674406
    138.31674406
    138.31674406
    138.31674406
    137.81566941
    138.24285339
    137.93655156
    137.94517829
    137.94517829
    137.80825318
    138.33618044
    138.33618044
    138.15788679
    138.66700289
    138.57930021
    138.21925504
    138.21925504
    138.13934964
    138.13934964
    137.43807837
    137.43807837
    137.64939067
    138.30291296
    138.67110316
    138.61258579
    138.69209136
    138.69750618
    138.33806707
    138.14363083
    138.11183680
    138.19241319
    138.19241319
    138.17938761
    138.28969622
    138.02423094
    137.97142043
    138.08767477
    137.68056867
    137.35589296
    136.79316906
    137.34748138
    137.31198502
    137.39424068
    137.39424068
    137.39424068
    137.21894354
    136.79217923
    136.79217923
    137.68214960
    137.56402171
    137.75532280
    137.75532280
    137.75532280
    137.75532280
    137.75532280
    137.75532280
    136.77567790
    137.40080751
    136.64815579
    137.46588415
    136.92391879
    137.46850839
    137.13524830
    138.04010185
    138.04010185
    138.05058718
    138.34248890
    138.34248890
    138.40839481
    137.76026250
    137.81677075
    138.46217429
    138.46217429
    138.31361755
    137.49651257
    137.49651257
    137.49651257
    138.39228168
    138.39787396
    138.23693541
    138.44978855
    138.18133952
    138.20772492
    138.19995610
    138.19995610
    138.60310810
    138.09106787
    138.05058010
    135.44581576
    135.44581576
    135.39490530
    135.39490530
    135.39490530
    135.39490530
    135.39490530
    135.13131267
    138.14198906
    138.14198906
    138.47664994
    138.56519606
    138.12401625
    137.94886155
    137.97515497
    137.97350155
    137.09531514
    137.09531514
    137.09531514
    137.09531514
    137.09531514
    137.09531514
    137.03524471
    134.88117567
    135.31574094
    135.31574094
    136.32288492
    136.17356364
    133.55966196
    133.55966196
    134.71105434
    134.34849122
    134.34849122
    134.34849122
    134.16977454
    134.16977454
    134.13304936
    134.72672875
    134.72672875
    137.84565071
    137.83949550
    137.83949550
    137.83949550
    137.80594255
    137.89321456
    138.16178766
    138.00854553
    138.27019206
    137.85990331
    138.47248725
    138.47248725
    138.47248725
    138.55102858
    138.55102858
    138.54308088
    138.56630778
    138.55202408
    138.60830542
    138.46146569
    138.46146569
    138.53484878
    138.54499536
    138.56829991
    138.63767493
    138.60402729
    138.60402729
    138.49679185
    138.49679185
    138.22553906
    138.22553906
    138.22553906
    138.22553906
    138.08061972
    138.34400194
    137.88176404
    137.96430555
    137.48355252
    138.06211026
    138.06211026
    138.61697486
    138.61697486
    138.63499560
    138.12796814
    138.48845584
    138.56492697
    138.69281194
    138.69739047
    138.69438732
    138.63906274
    138.50258638
    138.50258638
    138.50258638
    138.43272582
    138.08750696
    138.11377358
    136.50907440
    136.50907440
    137.91724076
    137.97576380
    138.17234909
    138.44927014
    138.45904284
    138.45904284
    138.11537952
    138.09899082
    138.39508172
    138.59362160
    138.59362160
    138.60143876
    138.60143876
    137.97174111
    138.07178765
    138.67679284
    138.54330073
    138.51021353
    138.57693679
    138.57693679
    138.45630505
    138.35031357
    138.22329472
    138.58786879
    138.58856760
    138.44067816
    138.45081767
    138.64883929
    138.64883929
    138.65646945
    138.65646945
    138.58704944
    138.58704944
    138.59528801
    138.50118068
    137.27835224
    137.26993901
    137.26993901
    138.04358409
    137.91151293
    137.91151293
    138.27128290
    135.15103760
    135.29190513
    135.29190513
    135.29190513
    135.29190513
    135.37698267
    136.75999258
    134.27755713
    134.27755713
    135.71195773
    137.91192682
    137.44869727
    137.18750108
    137.18750108
    138.12298843
    138.08025887
    138.33854846
    138.32991293
    137.58324576
    137.68093380
    137.68093380
    137.68093380
    137.71033714
    136.49651501
    137.22328928
    137.55530256
    137.34311651
    136.77196800
    136.77196800
    136.77196800
    136.77196800
    136.49755871
    136.49755871
    136.51130812
    135.48199862
    135.48199862
    138.43098358
    137.45880726
    137.45880726
    137.98888853
    137.99086493
    138.00441488
    138.00441488
    138.00441488
    138.02026745
    138.09467902
    137.97647234
    137.97554264
    137.79664184
    137.93193790
    137.10542499
    137.10542499
    137.31804549
    136.81464720
    137.84899723
    137.84489519
    137.60970974
    137.60970974
    137.60970974
    137.60970974
    138.23876578
    138.24217769
    138.31987782
    138.31987782
    137.55755288
    136.65863046
    136.65863046
    136.65863046
    137.39010614
    137.67097876
    138.46896765
    137.56351803
    137.55111283
    137.91192268
    137.84636902
    137.84636902
    138.53374092
    138.57806847
    138.57806847
    138.57806847
    138.62517608
    138.65469818
    138.17727995
    138.17727995
    136.19327545
    136.94255246
    137.45637426
    138.04797189
    137.96754411
    137.96754411
    137.96754411
    137.83447699
    137.55935949
    136.21928978
    136.21928978
    137.26691197
    137.07281530
    137.58726317
    137.58726317
    137.55806183
    136.52805042
    137.15099838
    137.15099838
    137.12091402
    137.12091402
    135.96389975
    136.83375612
    136.01008025
    137.95799583
    137.95799583
    138.11195908
    138.11195908
    138.10315240
    138.52088864
    138.00768955
    138.00891688
    137.84275336
    138.39357557
    138.26167106
    138.26167106
    138.26167106
    138.23880192
    137.99464355
    138.62149311
    138.65790718
    138.24804599
    138.47846153
    138.50606259
    138.50606259
    138.43167592
    138.43167592
    138.38839724
    138.65821602
    138.68407968
    138.38244120
    138.40482233
    137.64788887
    137.64788887
    137.64788887
    136.28080208
    136.28080208
    137.90349527
    137.84984298
    137.84984298
    137.89294494
    137.07473719
    137.14932911
    137.14932911
    137.62959873
    136.64580557
    135.43806559
    136.68212739
    136.77973669
    137.89441665
    136.93749551
    136.93749551
    135.69086729
    135.69086729
    136.88227595
    137.44087126
    137.49839454
    137.49839454
    137.43677509
    137.43677509
    137.28558277
    137.87746291
    137.26691136
    137.03902161
    137.03902161
    137.57690367
    137.85363358
    137.06027190
    136.84920030
    137.24001530
    137.24001530
    137.24001530
    138.04069479
    137.81672331
    137.81672331
    137.64604446
    137.44404029
    137.44404029
    137.43890489
    137.42679812
    137.42679812
    137.79190558
    138.27394419
    138.27394419
    138.27394419
    137.57619266
    137.57619266
    137.57619266
    137.50025552
    137.50025552
    137.92556188
    137.92556188
    137.92556188
    138.02002870
    138.28818714
    138.62573879
    137.62271865
    137.62271865
    137.41885921
    137.24384271
    137.24384271
    137.23306175
    137.54832533
    137.54832533
    137.54832533
    137.90033013
    138.60819971
    138.61380644
    138.48435613
    138.48435613
    138.32257472
    138.04634851
    136.95108625
    137.18022644
    137.28624924
    138.21498700
    137.89680608
    137.91003908
    137.91003908
    137.91003908
    137.91003908
    137.36434862
    138.25726162
    138.23218624
    138.16050795
    138.33722427
    138.53355684
    138.46957783
    138.25987982
    137.70623124
    138.08579474
    137.38872323
    136.61641637
    137.21156607
    138.04003711
    137.35524339
    136.52394326
    136.52394326
    136.72121873
    136.72121873
    136.72121873
    137.93903748
    137.62516521
    137.62516521
    137.62516521
    136.96941660
    138.21087313
    138.23853268
    138.68922052
    138.68922052
    138.69252872
    138.69252872
    138.65683648
    138.65420547
    138.61724194
    138.26666002
    138.26666002
    138.01433863
    137.90051107
    135.95213762
    136.89051492
    134.56143423
    134.56143423
    136.29408812
    136.29408812
    136.68859717
    136.68859717
    136.68859717
    137.42917100
    137.42917100
    137.41723021
    137.90718687
    137.92441082
    137.22406588
    137.22406588
    137.22406588
    135.21192225
    135.21192225
    135.50411569
    135.50411569
    134.72980433
    136.03055752
    136.85738052
    136.65861280
    136.65861280
    136.65861280
    136.65861280
    133.59997211
    133.59997211
    134.20003380
    135.12438335
    136.33355882
    136.33355882
    137.89056778
    136.40916470
    135.79490300
    134.62292961
    135.42952882
    135.42952882
    136.06366945
    133.90825277
    135.06946432
    136.99591614
    136.99591614
    136.99591614
    137.73934513
    137.73934513
    138.00360650
    137.96249966
    137.83663174
    137.83663174
    137.65124177
    137.30714273
    137.52208533
    137.10110819
    137.47986728
    137.55437570
    137.78538263
    138.34926439
    138.29009268
    138.41109157
    138.41109157
    138.68675971
    138.68675971
    137.77379500
    137.94299095
    137.94299095
    137.97643010
    137.97643010
    138.22950708
    138.39693658
    138.49989416
    138.58628683
    138.41423042
    138.41898141
    138.25373714
    138.25373714
    138.25373714
    138.25373714
    138.25373714
    138.10726718
    138.10726718
    138.13628455
    138.13628455
    138.13255514
    137.80541443
    137.82162894
    137.67978229
    137.67978229
    138.34853539
    137.78183117
    138.48542940
    138.48542940
    137.70431120
    138.14686363
    138.05934005
    138.08819495
    138.08819495
    138.08819495
    138.47916687
    138.36863356
    138.26104911
    138.26104911
    138.53123735
    138.53123735
    138.65717414
    138.65723456
    138.11285731
    138.11285731
    138.15779269
    137.99580671
    138.17725352
    138.17725352
    138.24226904
    138.52651634
    138.61849882
    138.60462424
    138.59604411
    138.17164844
    138.28031028
    138.37780721
    138.37780721
    138.56504694
    138.20715989
    138.35132194
    138.35132194
    138.37230528
    138.45671284
    138.45671284
    138.45671284
    138.02388656
    138.02388656
    138.02388656
    138.06433754
    138.06433754
    138.06433754
    137.80874257
    138.61453026
    138.61453026
    138.62579200
    137.72817406
    138.65708706
    138.67411013
    138.61842760
    138.62694537
    138.35390908
    138.41084011
    138.59060762
    138.48179987
    138.48179987
    138.48179987
    138.19879586
    138.19879586
    138.37599249
    138.37599249
    138.41243247
    138.68015876
    138.68015876
    138.49759759
    138.33659161
    138.11626466
    136.29582888
    136.29582888
    137.89437713
    138.37969132
    137.84366859
    137.84366859
    137.94049850
    137.94049850
    137.94049850
    137.94049850
    138.04589089
    137.91610759
    138.06926904
    138.32513833
    138.36631004
    137.33753760
    136.89066645
    137.68920792
    137.81304170
    135.09210734
    135.09210734
    133.95444494
    133.95444494
    133.95444494
    133.95444494
    138.49071392
    138.37091884
    138.37091884
    138.05068037
    138.05068037
    138.05068037
    138.05068037
    138.05068037
    138.09516687
    138.09516687
    138.09516687
    138.09516687
    138.09516687
    138.09516687
    138.09516687
    138.09516687
    137.85199182
    137.85199182
    137.85199182
    137.85199182
    137.85199182
    137.85199182
    138.09141130
    136.85481037
    136.85481037
    137.98304926
    137.54313071
    137.65805350
    137.06036167
    137.06036167
    137.99657412
    137.99657412
    137.85277826
    137.85277826
    137.85277826
    138.24143459
    138.24143459
    138.24143459
    138.24143459
    138.01177690
    138.01177690
    138.42114355
    138.27083375
    138.22263063
    138.22263063
    138.24061102
    138.24061102
    138.62911187
    138.68989190
    138.53631523
    135.56327711
    135.56327711
    135.10350422
    137.48080425
    137.53555048
    136.77018730
    137.11990220
    135.77057486
    135.77057486
    135.77057486
    135.77057486
    137.60215049
    137.74154788
    137.73021125
    137.73021125
    137.73021125
    137.53603643
    136.59476255
    136.80564616
    136.75579396
    136.81553029
    135.84152692
    136.33377924
    136.29758979
    136.10133495
    136.10133495
    135.42617891
    135.42617891
    135.42617891
    137.84150738
    137.84150738
    137.71923414
    137.87100958
    137.87100958
    137.87100958
    137.87100958
    137.87760699
    137.07137616
    135.62995402
    135.62995402
    138.19043391
    138.19043391
    138.28900510
    138.27781250
    138.12854536
    138.12854536
    137.67852611
    137.67852611
    137.38842691
    137.38842691
    138.33161282
    138.22661568
    138.22116976
    138.09224634
    138.55865114
    137.89560443
    137.89560443
    137.89560443
    137.53820268
    137.79681918
    137.79681918
    137.80248509
    137.77665380
    137.77665380
    137.77665380
    137.89041403
    137.89041403
    138.11767019
    138.10998884
    138.06899617
    138.12297109
    137.98023446
    136.94351275
    136.94351275
    134.57072994
    132.60262754
    132.60262754
    132.60262754
    132.60262754
    133.39499261
    133.86889819
    133.86889819
    136.63802498
    136.63802498
    136.63802498
    136.63802498
    137.55891013
    136.76077204
    136.76077204
    136.76077204
    138.13142533
    138.13142533
    138.34366403
    138.46021443
    138.46021443
    138.52458593
    138.51263276
    138.49976854
    138.49976854
    138.48900097
    138.33863674
    138.38392041
    138.18362461
    138.09095901
    136.36469133
    136.36469133
    135.22485566
    136.81988079
    136.65763048
    137.66952082
    138.49128688
    138.60124633
    138.53515173
    138.49343443
    138.35690775
    138.36190518
    138.52039871
    138.52039871
    138.52039871
    138.52039871
    138.49711352
    138.69551097
    138.46718510
    138.46164198
    138.46877942
    138.53622303
    138.53622303
    138.61594142
    138.22930225
    137.61574615
    137.66826662
    138.62248644
    138.62863233
    138.65783944
    138.62725628
    138.62725628
    138.62725628
    138.46660148
    138.46660148
    138.46660148
    138.33314025
    138.33314025
    138.33323457
    138.33323457
    138.33323457
    138.62318936
    138.63275139
    138.56518177
    138.66468374
    138.51478971
    136.63673494
    137.03312781
    137.03312781
    137.55403540
    137.55403540
    137.55403540
    137.55403540
    137.80387954
    137.80387954
    138.01852642
    138.29955651
    138.37647898
    138.59165428
    138.58732804
    138.59697432
    138.69208899
    138.69079318
    138.69479154
    138.66343080
    138.66343080
    138.55168362
    138.63387542
    138.62663992
    138.68033590
    138.56319959
    138.37209437
    138.13367638
    138.13367638
    138.09733420
    138.09733420
    138.12667734
    138.12667734
    136.98573405
    136.99693336
    136.99693336
    137.38309873
    137.38309873
    137.65395284
    137.61247651
    137.75366730
    137.94586941
    137.94586941
    137.94586941
    137.95774335
    138.18553622
    138.33346101
    138.49574301
    138.59166209
    138.36448136
    138.30216165
    137.99847384
    138.22957666
    138.28767333
    138.28767333
    137.67855263
    138.23898720
    138.41257946
    137.90381903
    137.74530745
    137.74530745
    138.29211769
    138.57132271
    137.91948397
    137.80909126
    136.99000159
    137.53948871
    137.66017032
    137.69291820
    137.69291820
    137.69291820
    138.12743217
    138.12743217
    138.26112987
    138.26112987
    138.51857770
    138.56596727
    138.57742262
    138.53629516
    138.53629516
    137.07732324
    137.07732324
    137.07732324
    137.02331952
    137.09414311
    137.09414311
    136.72297142
    136.72297142
    136.72297142
    136.72297142
    136.72297142
    136.74796149
    138.44092113
    138.43146639
    138.43146639
    138.39542632
    138.12506354
    138.51319392
    138.55248811
    138.67649252
    138.67649252
    138.48973840
    138.05355487
    138.35363359
    138.35363359
    138.32943654
    138.58443898
    138.60223729
    137.76196536
    135.84068221
    135.84068221
    135.84068221
    136.75642510
    136.75642510
    138.50127713
    138.18636469
    138.18636469
    138.23131428
    137.76621169
    137.76621169
    136.71990425
    137.18177526
    137.56384478
    137.42014861
    136.70048217
    137.14793563
    137.49420094
    138.31353705
    138.37724030
    138.37724030
    138.38039373
    138.38039373
    138.38039373
    138.38238976
    138.41892345
    138.42819644
    138.44762205
    138.36593671
    138.20623816
    138.12346041
    138.12346041
    138.13685841
    138.11651297
    138.04247121
    137.80164833
    137.39467293
    137.72353378
    137.65626032
    137.65626032
    136.97173242
    137.67910735
    137.40826771
    137.47816018
    137.47816018
    137.29823753
    137.93996760
    138.14247758
    138.14247758
    138.14247758
    137.69736919
    137.69736919
    137.10620684
    135.87567152
    137.06571482
    137.53507219
    137.53024429
    137.36631789
    137.72333657
    137.72333657
    137.79948082
    137.61133146
    137.61211762
    137.56466387
    137.56466387
    136.97640802
    136.97640802
    136.97640802
    136.84007341
    136.84007341
    136.84007341
    136.87681679
    137.38028139
    137.70898881
    138.19784289
    138.32877776
    138.48663538
    138.51006520
    138.51006520
    137.91307421
    137.51592076
    137.36339143
    137.36339143
    137.40060379
    137.60966462
    137.60966462
    137.75102892
    136.83406026
    136.83406026
    137.04392280
    137.04392280
    137.04392280
    136.29817330
    136.29817330
    136.29817330
    136.29817330
    135.86190068
    135.86190068
    136.31259715
    135.14089577
    136.03688892
    136.03688892
    136.91470367
    137.17898609
    137.17898609
    136.87056965
    137.12845183
    136.38803345
    136.83873386
    136.93176878
    136.93176878
    136.93176878
    137.63745535
    137.08258534
    136.26003191
    136.26003191
    136.26003191
    136.67659067
    136.67659067
    136.67659067
    136.50029878
    136.50029878
    136.50029878
    133.97486827
    133.97486827
    133.97486827
    133.97486827
    133.97486827
    133.61330166
    133.61330166
    133.61330166
    135.30679267
    135.50129621
    135.77179572
    134.53215455
    134.53215455
    132.95472419
    132.79338528
    132.79338528
    136.04862761
    134.92820940
    137.32178906
    137.88410377
    137.88410377
    137.88410377
    138.41948789
    138.41948789
    138.45848404
    137.61804233
    137.61804233
    138.63966925
    138.34494601
    138.62120191
    138.53943028
    138.53943028
    138.60334825
    137.74587481
    138.40115153
    138.37784592
    138.58050968
    138.58050968
    138.54237709
    138.15020558
    137.65614014
    137.65614014
    138.18905969
    138.57470345
    138.61767179
    138.61767179
    138.67189125
    138.67410063
    138.48244416
    138.44559856
    138.50021491
    138.50251522
    138.33403070
    138.39811132
    138.45481699
    138.40687525
    138.40687525
    138.42009157
    138.04198676
    138.04198676
    138.04198676
    138.19236891
    138.38002123
    138.17193925
    137.67394221
    137.81515800
    137.69430534
    137.69430534
    137.69430534
    137.85507711
    137.53507373
    138.50210939
    138.50210939
    138.64504456
    138.63222824
    138.64198484
    138.64397185
    138.62776388
    138.32599758
    138.32599758
    138.32587920
    138.13306881
    137.95822310
    137.92626869
    137.92626869
    138.08468416
    138.08468416
    138.08468416
    138.08468416
    138.07991988
    138.26406230
    138.21261704
    138.21261704
    138.55218950
    138.51050151
    138.53259862
    138.51254717
    138.24580106
    138.24580106
    138.24580106
    138.27399536
    138.27399536
    138.55859691
    138.62499581
    138.70043911
    138.52141532
    138.67503649
    138.67949723
    138.68586734
    138.68535574
    138.64651738
    138.63752266
    138.23007299
    138.23007299
    138.23007299
    138.44021113
    136.66156848
    136.72112693
    136.72112693
    132.74442962
    135.95158204
    135.95158204
    135.95158204
    136.74194524
    137.40813827
    137.54478242
    137.83279240
    138.30279000
    137.10483855
    137.10483855
    137.00937490
    137.70866105
    137.82473717
    137.82473717
    137.73046159
    138.51426530
    138.45507655
    138.41867654
    137.81666830
    138.52959270
    138.52959270
    138.04341834
    138.24694651
    138.24694651
    138.24694651
    138.34608915
    138.34608915
    138.69818718
    138.66972122
    138.39807795
    138.17578455
    138.17578455
    138.37139719
    138.37139719
    138.23428195
    138.23428195
    138.63806007
    138.57647468
    138.47122907
    138.47122907
    138.57628308
    138.24654755
    138.24654755
    138.30450721
    138.27705008
    138.58121748
    138.58121748
    138.48895202
    138.53140813
    138.12584294
    138.34398396
    138.53049446
    138.56866796
    138.56835715
    138.55099987
    138.45921699
    138.37241013
    138.40964321
    138.40308341
    138.42943491
    138.46472344
    138.34041028
    138.30289930
    138.30289930
    138.40534825
    138.40534825
    138.59008814
    138.55624360
    138.55624360
    138.52990426
    138.53081275
    138.57846721
    138.21380023
    138.25268939
    138.25268939
    138.33615185
    137.94255385
    137.94255385
    137.73393480
    137.27490977
    137.27490977
    137.27490977
    137.27490977
    137.83410392
    137.57816420
    138.32545280
    138.40100489
    138.39104189
    138.60852134
    138.60852134
    138.51493852
    138.51493852
    138.52278561
    138.51615909
    138.18687649
    138.28666480
    136.97026901
    136.97026901
    136.97026901
    136.79928015
    137.80284727
    137.76566443
    137.76566443
    137.76566443
    137.76566443
    137.76566443
    138.02250259
    137.64648136
    137.64648136
    137.48775405
    135.45871513
    135.45871513
    135.45871513
    135.45871513
    135.45871513
    135.45871513
    136.53008708
    136.53008708
    136.53008708
    136.53008708
    136.53008708
    136.53008708
    136.97327051
    136.97327051
    137.27776487
    137.98269088
    137.86723282
    138.58390519
    138.60785941
    138.61231791
    138.61231791
    138.25385309
    138.40395906
    138.67792725
    138.67080702
    138.58487307
    138.62000511
    138.62000511
    138.25098299
    137.95313692
    137.95313692
    138.03003597
    138.29240413
    138.29240413
    138.31982136
    138.48143373
    138.39617255
    138.30723434
    138.31494562
