    910.50465679
    910.50465679
    910.50465679
    910.50465679
    908.26734487
    908.26734487
    909.70550410
    909.70550410
    910.46622576
    909.10823005
    909.10823005
    909.10823005
    908.51592116
    908.51592116
    908.51592116
    908.51592116
    910.68109429
    910.81390872
    910.58793283
    910.58793283
    910.59603925
    910.59603925
    910.59603925
    910.59603925
    910.44012257
    910.44012257
    910.85729876
    910.85729876
    910.85729876
    910.85201238
    910.70326046
    910.68388440
    910.50628323
    910.47769039
    910.39938800
    910.72755989
    910.85100760
    910.84765650
    910.84253960
    909.72266412
    909.72266412
    910.71513821
    910.81485091
    910.47836912
    910.47836912
    910.47836912
    910.47836912
    910.51716148
    909.84319058
    910.45755565
    908.76840405
    907.49625096
    908.29525927
    909.26768781
    909.05879963
    909.05879963
    909.05879963
    909.08024007
    909.08024007
    908.45660007
    908.45660007
    909.68601699
    907.85665762
    907.85665762
    908.70998104
    908.83641974
    908.83641974
    909.15397914
    908.42423234
    908.42423234
    908.42423234
    908.42423234
    907.36500371
    907.81477597
    907.81477597
    907.81477597
    909.65470127
    909.65470127
    910.35279959
    910.02975911
    910.82974432
    910.82974432
    910.87199724
    910.82277967
    910.82277967
    910.76219511
    908.07071000
    908.07071000
    908.07071000
    908.07071000
    910.83552689
    910.83552689
    910.83389791
    910.87039911
    910.87039911
    910.81388061
    910.81388061
    910.76456451
    910.76456451
    909.06904529
    909.26475533
    909.65716582
    909.65716582
    909.65716582
    909.43294493
    909.22640734
    909.22640734
    909.12649731
    909.30220677
    909.30220677
    909.30220677
    909.30220677
    909.30220677
    909.43379380
    909.40239315
    909.94141301
    908.21245275
    908.10187286
    906.85185441
    906.85185441
    905.83868468
    905.83868468
    907.06358800
    907.63460248
    908.68607798
    908.68607798
    908.68607798
    908.54037285
    908.20012176
    908.48973911
    909.01557159
    908.23967564
    907.97343496
    908.36662460
    908.36662460
    908.39800573
    909.12331650
    909.12331650
    909.16061455
    907.56846218
    908.46646277
    908.46646277
    910.02205031
    910.14667362
    907.55148023
    907.55148023
    907.55148023
    907.99234803
    907.99234803
    909.21334489
    907.55878927
    906.39362462
    905.42879960
    903.70952227
    902.51493227
    902.51493227
    902.37558000
    902.37558000
    902.37558000
    905.58701069
    905.57496664
    906.34007200
    906.34007200
    905.66360227
    905.66360227
    906.49818286
    906.49818286
    906.90446290
    906.90446290
    908.37800787
    907.94711288
    907.45845829
    908.43625728
    908.98796505
    909.33784249
    909.33784249
    908.68147942
    907.24578247
    906.49333102
    906.49333102
    908.45426261
    907.52663215
    909.44303447
    909.49848119
    908.99711644
    909.04515742
    909.99941363
    909.99941363
    909.99941363
    910.15862406
    910.15862406
    910.15862406
    910.15862406
    910.41400587
    910.41400587
    910.18132126
    908.01247216
    908.01247216
    908.14352049
    908.14352049
    910.38486920
    910.54122632
    910.54122632
    910.54122632
    909.16456695
    909.16456695
    908.81511924
    908.94421387
    908.30780437
    908.10194547
    908.10194547
    908.10194547
    909.35134943
    909.99687862
    910.17826781
    910.08585661
    909.92451426
    909.92451426
    910.30178903
    910.02494366
    910.00197094
    909.74349783
    910.44749109
    910.40345512
    910.85542920
    910.85077924
    910.29295416
    910.69734307
    910.72920508
    910.72920508
    910.60745337
    910.60745337
    910.30689407
    909.43127397
    909.89448233
    909.89448233
    910.23001581
    910.45493498
    910.45493498
    910.37612029
    910.63656463
    910.63656463
    910.58460758
    909.09348249
    908.62687180
    909.22414017
    909.22414017
    908.27220117
    909.87499408
    910.29905646
    907.04213846
    906.80805765
    905.94233644
    905.94233644
    905.95441412
    905.95441412
    906.53510000
    906.84993791
    907.94486574
    907.26905313
    907.62476615
    907.85910725
    907.85910725
    906.65201733
    906.65201733
    904.94700505
    906.01103799
    906.01103799
    906.01103799
    906.67831013
    906.67831013
    906.67831013
    904.91271941
    907.53635857
    909.34635968
    909.34635968
    908.93543721
    908.37769111
    907.37767462
    908.54950322
    908.54950322
    910.18378635
    910.04127963
    910.21403407
    909.92600137
    909.92600137
    910.00491383
    910.42941157
    910.42941157
    910.42293744
    909.97785945
    910.59254731
    909.95237898
    910.58553500
    910.70479136
    910.76275319
    910.76275319
    910.76248153
    910.77941180
    910.78078674
    907.74784414
    907.74784414
    907.74784414
    908.47806420
    908.47806420
    908.47806420
    908.52292013
    908.52292013
    908.62810404
    908.45037839
    910.51705173
    910.41177300
    909.89862669
    909.89862669
    910.09619839
    910.09619839
    909.99460434
    909.88751758
    909.88751758
    909.67734576
    909.67734576
    908.92610753
    908.92610753
    910.66457607
    910.67209205
    910.70939148
    910.69430316
    910.69430316
    910.69853090
    910.32125249
    910.37362459
    909.68660028
    909.68660028
    909.68660028
    909.91690840
    910.49785068
    910.86849140
    910.79756728
    910.79756728
    910.76195986
    910.76195986
    910.75929951
    910.75157663
    909.41372520
    908.77194911
    908.77194911
    908.77194911
    908.88916052
    908.88916052
    908.88916052
    910.77038080
    910.84114329
    910.87192980
    910.87192980
    910.87342189
    910.87043202
    910.86867587
    910.71507655
    910.71507655
    910.85561045
    910.77031138
    910.82348719
    910.37586615
    910.34876924
    910.34876924
    910.73865339
    909.85686814
    909.81465481
    909.20528310
    909.20528310
    910.06501795
    910.06501795
    910.63751887
    910.63751887
    909.97880116
    910.25435539
    909.89724562
    909.66220755
    909.95757454
    910.84540198
    910.60681105
    910.83569024
    910.49753157
    907.61446295
    907.61446295
    907.61446295
    908.05239962
    909.89257589
    910.82101615
    910.73592449
    910.72724037
    910.78464153
    910.78761627
    908.23158401
    908.23158401
    908.23158401
    906.08175412
    906.08175412
    906.08175412
    906.08175412
    910.10132278
    910.10132278
    910.10132278
    910.25574419
    910.29145621
    910.28180288
    910.28180288
    910.35323476
    909.91145777
    909.74605491
    910.33610989
    910.08903732
    910.08903732
    910.22965473
    910.22965473
    909.96383256
    910.18926833
    910.18926833
    909.63510857
    909.58798640
    907.51670646
    910.06320168
    910.06320168
    909.59127878
    909.32898396
    908.19978904
    908.19978904
    908.19978904
    908.19978904
    908.81015986
    908.66607521
    908.66607521
    908.78797241
    908.78797241
    910.63697087
    910.65813944
    910.65813944
    910.64886280
    909.58629805
    909.56590222
    910.48861786
    907.80683590
    907.80683590
    905.21336110
    905.21336110
    905.21336110
    906.42041283
    909.19943757
    909.19943757
    909.11055479
    910.75206723
    910.65882202
    910.81262840
    910.84883684
    910.56026167
    910.52587229
    910.52587229
    910.61774948
    910.62441935
    910.62441935
    909.54414585
    909.54414585
    908.77068538
    908.65556623
    908.65556623
    910.63223449
    910.63223449
    910.37565829
    910.37565829
    910.73122104
    907.69504306
    907.52340918
    908.27056523
    908.27056523
    908.27056523
    908.27056523
    908.27056523
    908.27056523
    908.27056523
    908.27056523
    910.67580605
    910.67870142
    910.75662793
    910.81974807
    910.84230831
    910.81331843
    910.75238963
    910.67381286
    910.62847653
    910.61946140
    910.48669235
    910.48669235
    910.64286805
    909.75135126
    909.75135126
    908.66995169
    908.66995169
    908.66995169
    910.43940253
    910.57839456
    910.33978093
    910.86151279
    910.86736671
    910.82745773
    910.75266938
    910.61800555
    910.61800555
    910.74892764
    909.71155684
    909.71155684
    909.71155684
    909.76296694
    909.76296694
    909.71189101
    910.41747785
    910.41747785
    910.60583444
    910.60583444
    910.60583444
    910.59104908
    910.13543712
    909.47814798
    910.00712940
    909.49923298
    910.77455547
    910.18338978
    910.44226370
    910.42553586
    910.81546956
    910.84680849
    910.84680849
    910.82970173
    910.82970173
    910.78084607
    910.74296121
    910.74226191
    910.77669417
    910.55550077
    910.56986781
    910.56986781
    910.54557821
    910.78936550
    910.80615045
    910.86495015
    910.86495015
    909.82813300
    909.91506634
    909.91506634
    909.91506634
    909.99780236
    908.84982491
    906.75724916
    907.85731846
    909.99665295
    909.99665295
    910.17232638
    910.17232638
    910.14021466
    910.10561524
    910.29028402
    910.10941204
    910.19710596
    910.23018213
    910.23018213
    910.33703717
    909.53644011
    909.53644011
    908.58103286
    909.93140958
    909.55310553
    909.90150381
    909.97833085
    909.97833085
    909.97833085
    909.97833085
    909.97833085
    909.97833085
    909.97833085
    909.97833085
    909.97833085
    909.22470809
    909.61774590
    909.12485821
    909.82282998
    910.40358872
    910.40358872
    910.02124678
    910.71397250
    910.37997354
    910.35426137
    910.49258930
    910.63265816
    910.78572101
    910.55788596
    910.55788596
    910.47991172
    910.18621079
    910.18621079
    910.46961151
    910.40368262
    909.15463565
    909.15463565
    909.15463565
    908.06234202
    908.06234202
    907.72718920
    907.72718920
    907.38826068
    907.38826068
    908.24914817
    908.44544257
    908.07687039
    906.18344100
    906.18344100
    906.18344100
    906.18344100
    905.85131704
    906.37841610
    906.37841610
    906.07315137
    903.18097150
    903.18097150
    902.60823778
    902.67711763
    904.28524862
    903.96655069
    903.96655069
    905.98934812
    905.98934812
    907.68144309
    907.68144309
    906.61371860
    906.61371860
    908.08017942
    908.63224317
    909.18090289
    908.83305376
    909.83817366
    909.19559661
    909.18938549
    909.87700985
    909.02777226
    908.73862253
    907.48416541
    907.48416541
    907.48416541
    908.28804230
    908.71758664
    906.88833298
    906.97814287
    910.27294910
    910.27294910
    910.27294910
    910.27294910
    910.27294910
    910.27294910
    910.19412538
    910.19412538
    908.70345405
    909.00633006
    908.56324305
    908.56324305
    908.56324305
    909.31257050
    909.13340656
    905.90879389
    909.24866422
    910.56608652
    910.54863737
    910.54863737
    910.54863737
    910.54863737
    910.50318247
    910.63336402
    910.44791324
    910.44791324
    909.78738555
    909.18761843
    908.03280625
    909.76171054
    910.40973972
    910.67266090
    910.83119176
    910.83136843
    910.83136843
    910.82942045
    910.77597766
    910.74845970
    910.75156080
    910.82938236
    910.82938236
    910.71655467
    910.26871457
    909.19854246
    909.73967878
    909.24785049
    908.71513298
    908.68367894
    909.18828825
    908.98890227
    907.23813675
    907.23813675
    907.23813675
    906.86197145
    906.86197145
    906.86197145
    907.00450416
    909.58695538
    910.56736344
    910.59542566
    910.80229352
    910.86019462
    910.86019462
    910.74028395
    910.86351401
    910.77993878
    910.62024950
    910.62024950
    910.76354405
    910.77990824
    910.77990824
    910.60417150
    909.34911869
    910.05662835
    910.47209484
    909.33526224
    909.92077807
    910.21191890
    910.05451573
    909.80276399
    910.56086682
    910.56086682
    910.23508907
    910.45067529
    910.15648288
    910.26087083
    910.26087083
    910.20813510
    910.48425162
    909.96601029
    909.96601029
    910.17486892
    909.99767292
    909.54599423
    908.95282031
    908.95282031
    908.95282031
    908.95282031
    909.29400382
    910.27560645
    910.17491590
    909.80340804
    910.44774190
    909.81961024
    910.60095469
    910.60095469
    910.60095469
    910.05097009
    910.32805254
    910.34742663
    910.70243285
    910.70243285
    910.27640841
    910.27640841
    910.27640841
    907.88653973
    910.01121644
    910.57896300
    910.58508806
    910.39618809
    910.71119842
    910.50693623
    910.72335237
    910.72335237
    910.72335237
    910.37729239
    910.37729239
    910.34081609
    910.55708078
    910.66022702
    910.62883521
    910.62883521
    910.62883521
    910.62883521
    910.68141442
    910.77966784
    910.76854356
    910.76854356
    910.80243888
    910.80733793
    910.83113555
    910.61878533
    910.87057070
    910.86836257
    910.63055672
    910.58307034
    910.76568520
    910.76568520
    910.69617274
    910.20634267
    910.32078508
    909.86440342
    910.42602852
    910.24095208
    910.41400970
    910.07345146
    910.63167050
    910.73151060
    910.68855421
    910.68855421
    910.86971685
    910.44250819
    910.44250819
    910.44250819
    910.55125681
    910.31790864
    910.31790864
    910.33751688
    910.33751688
    910.20422162
    910.59744451
    910.59744451
    910.54705902
    910.61852138
    910.51736462
    910.49888684
    910.07101832
    910.74040538
    910.66138519
    910.69402704
    910.69402704
    910.21028658
    910.71591849
    910.78973618
    910.65054812
    910.72633077
    910.47159551
    910.02553248
    910.14816105
    910.14816105
    910.14816105
    909.72958583
    909.65021043
    909.88859289
    908.81806937
    908.81806937
    910.16555335
    910.18210527
    910.18210527
    910.37738295
    908.69884929
    906.26159308
    908.22360359
    908.22360359
    908.22360359
    909.91773381
    910.66073624
    909.56140261
    909.49266306
    908.77945311
    908.77945311
    908.74733986
    908.74733986
    908.74733986
    908.65911038
    908.33635389
    908.33635389
    907.80190428
    908.08525992
    909.93818223
    909.00629606
    909.05415686
    910.16537132
    910.14941394
    910.14941394
    910.36834018
    910.36834018
    910.24844897
    910.11197752
    910.09758750
    909.85793173
    909.85793173
    910.00172069
    909.76476249
    908.77838215
    909.13716128
    909.78434273
    909.78434273
    909.52176611
    909.52176611
    909.53371055
    909.53371055
    909.00693948
    909.02104718
    909.02104718
    909.34467264
    910.11085784
    910.82076107
    910.64008241
    910.64008241
    910.77228137
    910.77592760
    910.77592760
    910.77592760
    910.66626858
    910.65728139
    910.13915267
    910.13915267
    910.02117782
    910.63436549
    910.63436549
    910.63436549
    910.24151947
    910.80310610
    910.80310610
    910.80310610
    910.80261899
    910.80874885
    910.74990740
    910.52495348
    910.66391142
    910.32884830
    909.95527619
    909.49918558
    909.20558495
    908.04189969
    910.22481257
    910.08332002
    908.20304047
    908.20304047
    909.54127167
    909.45768848
    910.76937030
    910.86485792
    910.85719045
    910.47427389
    910.40919245
    910.79383810
    910.83020730
    910.83857063
    910.75470603
    910.56567127
    910.63460374
    910.63460374
    909.99865529
    910.14140721
    910.14140721
    910.40302703
    910.52074989
    910.83984930
    909.60042259
    908.98583577
    910.17584778
    909.63709761
    909.63709761
    909.96684783
    910.63976643
    910.72489162
    910.76739165
    910.82620771
    910.82230654
    910.56366935
    910.78822210
    909.48347596
    910.07077470
    910.07077470
    909.95198127
    909.88392369
    910.75454019
    910.51939378
    910.33641508
    910.28959234
    910.83534008
    910.83534008
    910.77711378
    910.54705753
    910.69984226
    910.69984226
    910.40597435
    910.57824696
    910.80632797
    910.73032134
    910.65981831
    910.67730520
    910.67730520
    910.72836380
    910.87475990
    910.87309612
    910.87309612
    910.86578796
    910.87192231
    909.09019780
    909.09019780
    909.87084572
    909.87084572
    909.87084572
    910.70300557
    910.45454471
    910.45711878
    910.45711878
    909.52430584
    909.52430584
    909.52430584
    909.52430584
    909.31005325
    909.31005325
    909.31005325
    909.31005325
    909.31005325
    908.91496834
    908.91496834
    909.06030991
    909.54763755
    910.00228117
    910.00228117
    910.00228117
    910.00228117
    909.48583769
    909.48583769
    910.09935175
    910.09935175
    910.41761763
    910.41761763
    910.61452076
    910.67964286
    910.78973738
    910.64942462
    910.77768465
    910.77768465
    910.71169986
    910.71169986
    910.63019263
    910.68785789
    910.59400088
    910.59400088
    910.77469924
    909.85567500
    910.59441429
    910.54365615
    908.62107406
    908.68425231
    908.68425231
    908.68425231
    908.42786294
    908.42786294
    908.42786294
    909.62549367
    909.56928896
    909.02421613
    909.02421613
    908.95615730
    908.37317172
    908.37317172
    908.37317172
    908.71693284
    908.71693284
    908.91233277
    908.49452993
    908.39632143
    907.51955904
    907.51955904
    907.51955904
    909.35279296
    909.38985173
    910.12802363
    909.55426909
    909.55426909
    908.01435116
    908.01435116
    904.97853785
    904.97853785
    904.19426557
    907.39678223
    907.39678223
    907.39678223
    908.67126250
    910.06519367
    910.43630260
    910.51720623
    910.01658753
    909.65094539
    908.57702638
    908.43018125
    908.43018125
    908.26744989
    908.26744989
    909.18942207
    909.18942207
    908.48781802
    908.53650108
    908.53650108
    908.53650108
    908.06494881
    908.26395543
    908.26395543
    908.26395543
    907.96724394
    908.29761451
    908.29761451
    908.49686076
    910.14267773
    909.93689384
    910.25368280
    910.25368280
    910.74672668
    910.74614414
    910.52361053
    910.74066858
    910.74066858
    910.74066858
    910.74529851
    910.74529851
    910.74529851
    910.63250494
    910.63250494
    910.63250494
    910.63250494
    910.63250494
    909.23781199
    909.23781199
    909.39977993
    909.39977993
    909.17258525
    909.17258525
    909.17258525
    909.35891718
    909.53631310
    909.18603246
    910.07426773
    910.08496017
    910.02024801
    910.38824981
    910.39375429
    910.12112578
    910.31051595
    910.08647481
    910.08647481
    909.99177894
    910.06092725
    909.78796792
    909.33318742
    910.14011960
    910.69134675
    910.54717798
    910.55904393
    910.55904393
    910.12817233
    910.12817233
    909.78415267
    909.39834244
    909.43081408
    909.43081408
    908.62860891
    908.35456063
    908.35456063
    909.12390979
    909.25255624
    908.49677987
    908.49677987
    908.66404526
    908.31101869
    909.43759263
    909.43759263
    909.92929864
    909.78908106
    909.68101142
    910.45226467
    910.59372891
    910.59372891
    910.72008228
    910.72008228
    910.82610228
    910.81845392
    910.83995066
    910.84668372
    910.59971528
    910.23987173
    910.42827914
    910.33846962
    910.16092621
    910.59922040
    910.66641993
    910.80234237
    910.61222392
    910.61222392
    910.41433250
    910.38414849
    910.42398284
    910.10853148
    910.58665205
    910.57290098
    910.32153495
    910.32182304
    910.40369433
    910.53413639
    910.27187294
    910.51782463
    910.50507740
    910.35490045
    910.65064442
    908.72907097
    909.01223135
    909.04038906
    909.04038906
    909.04038906
    909.04038906
    909.04038906
    910.42345233
    910.42915826
    909.82511989
    909.82511989
    909.82710917
    910.37349058
    910.62285570
    910.61699084
    910.32158942
    910.32158942
    910.32158942
    909.95968726
    909.12726514
    908.99864056
    908.99864056
    908.99864056
    909.81658164
    909.81658164
    910.01219025
    909.84051502
    908.80483519
    909.56113429
    909.34565482
    909.34565482
    909.25641867
    909.25641867
    908.82467821
    908.77525064
    910.42319294
    910.42319294
    910.33931979
    910.34970027
    909.12414264
    908.93634566
    908.93634566
    908.81785349
    909.17173367
    909.17173367
    909.17173367
    909.17173367
    909.35059348
    908.99596236
    908.27412337
    909.19778778
    910.36150988
    909.86554002
    909.58442395
    909.64633510
    910.33451789
    909.97485250
    909.91627117
    910.12773480
    908.23009880
    908.33821269
    908.33821269
    908.33821269
    910.09977700
    910.09977700
    910.09977700
    910.15319326
    910.16709725
    910.16709725
    909.05706333
    909.05706333
    910.08632924
    909.12117500
    909.12117500
    909.12117500
    908.11534989
    907.42667796
    909.33943435
    909.33943435
    909.33943435
    910.43708673
    910.43708673
    910.36539364
    910.71755401
    910.69188321
    910.42341539
    910.40363897
    910.62542063
    910.25740990
    910.32622468
    910.32622468
    909.48224539
    910.12342359
    908.99274068
    908.68894190
    907.71231385
    904.41112966
    906.00484030
    906.00484030
    908.77334923
    909.72440732
    909.89194297
    910.04523848
    907.28440758
    908.68202675
    909.76022996
    909.76022996
    909.42188710
    908.70003452
    908.94205839
    908.94205839
    908.94205839
    910.05953940
    910.65067860
    910.79768507
    910.57955424
    910.57955424
    910.75433534
    910.80171798
    910.81790869
    910.74571657
    910.86012749
    910.84980912
    910.35390362
    909.74740429
    910.37552796
    909.21302867
    910.09786630
    909.61840015
    910.76139388
    910.81505183
    908.21316411
    909.25183831
    906.83211362
    906.83211362
    909.76649083
    910.25141339
    910.25141339
    909.63644742
    909.46294742
    910.62871413
    909.71842742
    909.71842742
    909.71842742
    909.71842742
    909.88207211
    910.61998305
    910.66539532
    910.66539532
    910.66539532
    907.98389666
    907.98389666
    905.39967254
    907.25802722
    907.25802722
    907.40599705
    907.40599705
    904.23207181
    904.23207181
    906.85393395
    907.53631997
    907.35297253
    907.35297253
    907.82012572
    907.82012572
    907.82012572
    907.82012572
    906.70596868
    907.14673293
    907.25820523
    910.35256007
    910.53880473
    910.61573531
    910.84219383
    910.45736980
    910.85833997
    910.82653326
    910.82653326
    910.85205201
    910.71152236
    910.59873376
    910.56316884
    910.46609433
    910.83361357
    909.56810551
    910.85051302
    910.85051302
    910.85051302
    910.54084236
    910.12848676
    910.12848676
    907.09667321
    908.25026570
    910.67422101
    910.73385782
    910.73385782
    910.33452566
    910.27728458
    908.81095806
    907.85363434
    908.52197406
    908.52197406
    908.17570708
    907.85075908
    907.79887038
    907.79887038
    908.02099576
    910.37196284
    910.37196284
    910.40265544
    910.51676510
    910.44881187
    909.53479839
    909.56177313
    910.64177344
    910.82430586
    910.82430586
    910.82231338
    910.82231338
    910.57607291
    910.57607291
    910.86899779
    910.86287609
    910.86220169
    910.86013571
    910.86013571
    910.84135476
    910.78818757
    910.80537298
    910.82931740
    910.82931740
    910.70472876
    910.60951199
    910.60951199
    910.60951199
    910.60951199
    910.68244815
    910.62581360
    910.60827698
    910.57618908
    910.57618908
    910.57618908
    910.84369612
    910.84369612
    910.86934400
    910.27559703
    910.58219181
    910.56807383
    910.80152828
    910.86382240
    905.37324643
    905.37324643
    907.76530549
    908.53197602
    908.53197602
    909.40952177
    910.16195930
    909.77337357
    909.77337357
    908.91242896
    908.91242896
    908.91242896
    909.61051049
    909.61051049
    910.25085534
    910.54994655
    910.48323452
    910.37521269
    910.32330685
    910.41559273
    910.41559273
    910.36075466
    910.63291417
    910.20769573
    910.36492276
    910.19501525
    910.25941079
    910.44988829
    910.43703283
    910.41962750
    910.43721666
    910.43721666
    910.50908820
    910.50908820
    909.75306818
    909.85125996
    910.00188909
    910.00188909
    909.90414866
    909.55478186
    906.96606929
    907.48504734
    908.66145654
    908.66145654
    909.60670701
    909.60670701
    909.60627161
    909.79389456
    908.70597036
    908.13084280
    910.64635794
    910.80199819
    910.54410261
    909.77853281
    909.86059032
    906.14320001
    909.38003546
    910.80775243
    910.84230966
    910.72571822
    910.66527719
    910.80191399
    910.42257072
    910.49459783
    910.48509954
    910.59723859
    910.59723859
    910.59723859
    910.75587396
    910.75587396
    910.68537721
    910.68537721
    910.78276348
    909.97054322
    910.55859322
    910.55859322
    910.81192747
    910.48220236
    910.50595750
    910.47635337
    910.32914176
    910.32914176
    910.32914176
    909.64857349
    909.64857349
    910.00133632
    910.60916445
    910.62554882
    910.46610078
    910.50446364
    910.67172832
    910.27595260
    908.87276506
    907.78095882
    907.78095882
    907.99327044
    907.99327044
    907.99327044
    908.25167028
    907.66320839
    909.54540122
    909.54540122
    909.46066686
    909.46066686
    909.51675791
    909.99142757
    910.17082116
    910.17082116
    910.03162295
    909.69095228
    910.37188315
    910.39701862
    910.39244403
    909.78556404
    910.24678043
    910.32729254
    910.72174269
    910.70076779
    910.60603915
    910.61728499
    910.47213555
    910.69179452
    910.69179452
    910.69824550
    910.50129862
    910.46108659
    910.13644155
    910.44552656
    910.40451521
    910.63152529
    910.63152529
    910.63152529
    910.19565628
    910.19565628
    910.62062401
    910.62354108
    910.70984421
    910.57518322
    910.66266182
    909.45273253
    909.45273253
    909.02579573
    909.18539074
    909.33894928
    909.45960271
    909.45960271
    909.19039285
    909.19039285
    909.19039285
    909.52701914
    910.78709964
    910.77272233
    910.47966873
    910.01340681
    910.08614939
    910.06313400
    910.67248333
    910.86335559
    910.86335559
    910.69213031
    910.69213031
    910.69213031
    910.75734778
    910.00308183
    910.26512429
    910.32999633
    910.32999633
    910.32999633
    910.30570053
    910.30570053
    910.53283702
    910.48600725
    910.48600725
    910.51352251
    910.42378221
    910.73195583
    910.68225281
    910.87156863
    910.87156863
    910.87156863
    910.87156863
    910.86185586
    910.01083492
    909.73992519
    909.50178685
    909.46189452
    909.10691699
    909.10691699
    910.06956564
    910.06956564
    910.43101090
    909.32456766
    909.41247954
    910.58187078
    910.58187078
    910.59882495
    910.55449565
    910.55449565
    910.55449565
    910.62192073
    907.38285615
    908.99312235
    910.50846552
    910.82807185
    910.71419420
    909.61136783
    909.61136783
    909.71423095
    910.02470726
    908.04914406
    907.88750178
    907.57142603
    909.12089773
    908.96682044
    909.01736522
    909.06921939
    909.06921939
    909.06921939
    909.54686126
    909.54686126
    910.20241409
    910.22037002
    909.00070745
    906.33204618
    906.33204618
    907.14034077
    907.14034077
    907.14034077
    907.14034077
    907.14034077
    907.14034077
    907.14034077
    908.84432522
    907.89053030
    907.89053030
    906.21758484
    906.00952592
    908.99802288
    908.53486380
    909.69745757
    909.69745757
    910.25383886
    909.83224496
    910.03212250
    910.03212250
    910.60354897
    910.47297535
    910.47297535
    910.47297535
    910.23681636
    910.70947014
    910.77176664
    910.40211390
    910.40211390
    910.40211390
    910.82951138
    910.82951138
    910.80393299
    910.54569935
    910.54569935
    910.71392691
    910.71392691
    910.13407202
    910.13407202
    910.13407202
    910.18595517
    910.18595517
    910.43477429
    909.67953596
    909.42826182
    908.80496668
    908.80496668
    908.37099908
    908.37099908
    908.37099908
    907.33697551
    907.33697551
    907.59875582
    906.78245778
    909.71925844
    909.71925844
    910.46840925
    910.57097362
    910.70325729
    910.69869851
    910.69869851
    910.28383881
    910.52985277
    910.85123008
    910.70849819
    909.86791720
    909.86791720
    910.42129487
    909.70790342
    909.70790342
    910.27334675
    910.04407711
    910.30212933
    910.06838955
    910.11872235
    909.88990139
    910.22587282
    910.22019314
    910.22019314
    910.22475651
    910.21583920
    909.87561990
    909.77266122
    909.00951669
    909.20052737
    909.08164093
    909.08164093
    909.08164093
    909.08164093
    907.21470221
    907.21470221
    907.21470221
    907.62340800
    908.67678629
    907.95979531
    908.99906916
    908.01232860
    909.44427507
    910.07935244
    910.07603913
    910.09385274
    910.42365019
    909.69132635
    910.28373146
    910.01341664
    909.42563086
    909.42563086
    909.42563086
    909.32708389
    909.64760727
    909.64493217
    908.91448753
    908.91448753
    908.91448753
    908.91448753
    908.88583938
    907.75780213
    906.60163721
    906.60163721
    906.60163721
    907.95163234
    909.20875209
    908.08397490
    908.16583048
    908.09109449
    910.78785317
    910.79115905
    910.80647225
    910.72554820
    910.67540892
    910.74462750
    910.74070439
    910.21308360
    910.21308360
    910.40080931
    910.40713982
    909.92449981
    910.71350587
    910.71350587
    909.44229066
    909.41817369
    909.41817369
    909.41817369
    909.41817369
    910.63157260
    910.75147688
    910.77170086
    910.79848660
    910.78558064
    910.77575171
    910.85734074
    910.87402314
    910.68941095
    910.68941095
    910.55840804
    909.57485142
    909.59432115
    910.23584566
    910.75312701
    910.55893419
    910.53278210
    910.53278210
    910.53278210
    910.15262013
    910.55297714
    910.30693013
    910.30693013
    910.41056881
    910.65282617
    910.02398754
    909.53559285
    909.08546627
    909.08546627
    909.08546627
    909.56742504
    910.52004136
    910.23930688
    910.23930688
    910.20549835
    910.17039529
    910.69504512
    910.75863685
    910.82641266
    909.96856550
    910.51289746
    910.51289746
    910.51289746
    910.54478726
    910.43025663
    910.39194213
    910.25640923
    910.01489222
    910.02224909
    910.59815818
    910.09113211
    910.09112500
    909.75147580
    909.48918566
    910.25688968
    910.71293324
    909.80825524
    908.59573804
    909.37384712
    909.97466566
    910.14811035
    909.95493897
    910.83951034
    910.74998261
    910.75276247
    910.77068242
    910.77068242
    910.74344624
    910.68900291
    910.60627630
    910.37137540
    909.06362860
    908.61961791
    908.79435748
    909.24770940
    909.04209908
    907.49643926
    908.90719606
    907.84874186
    908.07887925
    906.51114882
    910.50635021
    910.50635021
    910.45248773
    909.97901874
    909.94479775
    909.94479775
    907.81342601
    909.58537443
    909.58537443
    909.58537443
    909.30859208
    909.30859208
    909.30859208
    909.10086317
    909.10086317
    909.73129413
    909.73129413
    909.73129413
    909.93429393
    909.37342430
    910.22791990
    909.44569133
    910.01128432
    910.01128432
    909.24937038
    909.24937038
    909.04510701
    909.04510701
    907.71535138
    906.74794167
    906.79589669
    906.79589669
    908.07866401
    908.29424254
    910.17226408
    910.44871015
    908.85666171
    908.85666171
    910.40471943
    910.40471943
    910.40471943
    910.48299087
    910.50174686
    910.50174686
    910.52175828
    910.52175828
    910.56730740
    910.80665345
    910.79002644
    910.52432127
    907.63253347
    907.63253347
    908.20221267
    908.41402227
    908.41402227
    908.41402227
    908.41402227
    908.41402227
    909.36169158
    909.51640695
    909.51640695
    909.55073026
    909.13522441
    909.44040997
    909.57654150
    909.36266770
    909.36266770
    908.62761269
    909.67237547
    910.21952480
    909.22649302
    909.22649302
    907.92444315
    910.01783780
    910.01783780
    910.59730813
    908.83919728
    908.83919728
    908.83919728
    909.96396941
    909.30262357
    910.16177772
    910.16177772
    909.64953281
    909.64953281
    909.64282613
    909.88382991
    910.76512519
    910.67921507
    910.67150444
    910.44838438
    910.83719928
    910.86867724
    910.86867724
    910.80421854
    910.72392189
    910.72392189
    910.72392189
    909.96499937
    910.74455085
    908.23341894
    907.12818562
    907.12818562
    906.84751171
    907.09139605
    909.16232368
    908.90190495
    908.93999278
    908.29850843
    908.29850843
    907.82731679
    907.82731679
    909.91999416
    909.91999416
    910.50090732
    910.39261342
    910.39261342
    910.41131848
    910.75326891
    910.83058991
    910.79236653
    910.79236653
    910.63396297
    910.63864188
    910.77788511
    910.77788511
    910.84437132
    910.84437132
    910.83989604
    910.83989604
    910.86629398
    910.84216766
    910.79067581
    910.72715187
    910.77958348
    910.45086370
    910.62576558
    910.53363454
    910.00875471
    910.02675207
    910.18193499
    910.48383012
    910.48383012
    910.69295850
    910.69295850
    910.83891473
    910.83925604
    910.62908406
    910.56638754
    910.56638754
    910.31095850
    910.44370116
    910.15571136
    910.28286359
    910.28286359
    910.19765255
    906.76344634
    906.76344634
    905.83839298
    907.09131434
    907.09131434
    908.01800031
    908.01800031
    906.17001063
    908.27529013
    908.27529013
    909.09552923
    909.77056917
    909.29994812
    909.30192456
    908.28341935
    908.28341935
    908.28341935
    907.83903728
    906.51564078
    906.51564078
    907.12045813
    908.37759075
    906.18346133
    906.18346133
    906.36470133
    906.36470133
    906.36470133
    905.27385180
    905.27385180
    904.86726494
    904.86726494
    904.86726494
    908.58527996
    909.27615694
    908.94231048
    909.99543823
    910.00105665
    910.00105665
    910.15136690
    910.15136690
    906.56176553
    908.12539833
    910.37064815
    910.57505848
    909.15311728
    909.62845610
    909.62845610
    909.62845610
    910.55475480
    908.77292841
    909.45466551
    909.52751445
    909.41288212
    909.81286942
    909.81286942
    909.68855606
    909.68855606
    907.74926714
    908.52751260
    908.52751260
    908.52751260
    908.52751260
    908.52751260
    908.39689532
    907.58264823
    908.48029450
    908.48029450
    908.15073463
    909.48958568
    909.48958568
    908.72334632
    908.72334632
    908.75726987
    909.00301175
    908.31865013
    909.72894012
    909.72894012
    910.70566248
    910.70566248
    910.60991218
    909.53709116
    909.02551193
    909.02551193
    909.02551193
    909.02551193
    909.84197209
    910.06202386
    910.06202386
    910.17570770
    910.41360268
    910.56464072
    910.79714988
    910.79714988
    910.79573934
    910.01404923
    910.00749645
    910.07977819
    910.63568436
    910.69065411
    910.81205798
    910.84783857
    910.84783857
    910.83308818
    910.33564946
    910.49992291
    910.49992291
    910.40286012
    910.44025921
    910.44025921
    908.51776800
    908.51776800
    908.03237770
    908.44577195
    908.87194180
    910.68130441
    910.81159548
    910.78901614
    910.72583626
    910.02805110
    910.02805110
    910.03554049
    909.79661451
    908.95396798
    908.95396798
    908.95396798
    908.95396798
    908.95396798
    908.91580042
    908.91580042
    908.47872856
    908.47872856
    906.93060608
    908.44383823
    908.44383823
    908.44383823
    908.44383823
    905.49640743
    905.49640743
    910.47693087
    910.47693087
    910.47693087
    910.56221277
    910.56221277
    909.74173356
    910.65981752
    910.65981752
    910.87374483
    910.87374483
    910.86049903
    910.82696463
    910.85012028
    910.59598766
    910.59598766
    910.54270571
    910.53348776
    910.41314410
    910.27930196
    910.27930196
    910.81490490
    910.81490490
    910.58436432
    907.54175375
    907.54175375
    907.54175375
    907.54175375
    908.55759718
    909.84194119
    909.84194119
    910.10164023
    910.18179244
    910.11713841
    910.07326562
    910.32196021
    910.32196021
    909.21221029
    908.89682351
    908.89682351
    909.82732816
    909.83697303
    909.83697303
    910.23294655
    910.45839738
    910.51094003
    910.51094003
    910.21964677
    910.21964677
    909.84692169
    909.84692169
    909.71530701
    909.45187356
    908.14109506
    910.35063147
    910.30131719
    910.13331830
    909.73799756
    909.66838816
    908.59876674
    908.59876674
    909.50113951
    910.32447188
    910.42996615
    910.36598183
    910.34650285
    910.34650285
    910.18969976
    910.35838458
    909.54382020
    910.39510685
    909.30474885
    909.30474885
    910.00318113
    910.00318113
    907.05396038
    905.92606364
    905.92606364
    906.13140906
    906.13140906
    908.47417749
    908.47417749
    908.91356939
    909.50556425
    909.54747020
    909.54747020
    909.00463771
    910.17860606
    910.27583284
    910.27583284
    910.25511938
    910.25511938
    909.64916892
    909.64916892
    909.64916892
    908.85894003
    908.85894003
    908.85894003
    908.85894003
    908.85894003
    908.85894003
    906.72139451
    906.72139451
    907.49778260
    907.49778260
    906.64273607
    906.64273607
    910.63313016
    910.63313016
    910.61074147
    910.54428725
    910.59669824
    910.59669824
    910.57314146
    910.59222716
    910.53485893
    910.53485893
    910.53485893
    910.48502836
    910.48502836
    910.21766163
    910.24078555
    910.24078555
    910.70330869
    910.60585222
    910.60585222
    910.07417216
    910.08445342
    910.47266640
    910.47266640
    910.13444044
    910.13444044
    910.61056050
    910.69741152
    910.72430670
    910.72430670
    910.53260320
    910.29145736
    910.29145736
    909.76519022
    909.52630456
    909.52149355
    909.52149355
    909.24600434
    909.24600434
    910.16380480
    910.66622268
    910.66622268
    910.66622268
    909.68444447
    909.68811296
    910.21074603
    910.70558020
    910.61625992
    910.58502856
    910.58502856
    910.75789235
    909.50247984
    910.10402939
    910.04846140
    910.52020144
    910.52020144
    910.79601524
    910.83937570
    910.83937570
    910.58590025
    909.38834262
    909.38834262
    909.60468176
    909.60468176
    910.34772964
    910.34772964
    909.43434264
    909.95576312
    910.45680214
    910.45680214
    910.45680214
    910.55132045
    910.55132045
    910.55132045
    910.72263716
    910.45748115
    910.45563761
    910.37078361
    910.37078361
    909.84852181
    909.67974064
    910.26323096
    909.90019411
    909.66945170
    910.32426480
    910.72004410
    910.76249911
    910.40634846
    910.40634846
    910.40634846
    910.40350195
    910.23578621
    910.23332185
    910.63574256
    910.63574256
    910.45819276
    910.56993173
    910.46335861
    910.46660240
    910.46660240
    910.69994930
    909.13186280
    908.80092967
    910.13198019
    909.85492111
    909.83591487
    909.92680312
    909.92680312
    909.92680312
    910.01356008
    910.01356008
    909.22342225
    910.12057857
    910.24632432
    910.20253122
    910.10109915
    910.14157282
    909.44739328
    909.46845651
    909.68712276
    910.38739469
    910.64386299
    910.64386299
    910.64386299
    910.85777068
    910.86119422
    910.86119422
    910.77709859
    910.23211524
    910.03642467
    910.28066802
    909.71109587
    909.13569987
    910.12375221
    909.98776317
    907.99420193
    907.99420193
    907.99420193
    907.99420193
    909.19153114
    909.88597110
    909.83317711
    909.83317711
    909.83317711
    909.71455772
    909.87762336
    909.43043359
    909.43043359
    909.43043359
    909.43043359
    909.95508959
    910.19303568
    909.91047768
    910.42599464
    910.42021606
    910.42021606
    910.45411752
    910.41825160
    910.81752216
    909.72249504
    909.72249504
    909.72249504
    910.70586600
    909.94344420
    910.33718938
    910.37856513
    910.37856513
    910.31785045
    910.22307394
    908.32343279
    910.31522906
    910.31522906
    910.31195775
    910.31195775
    909.76028630
    909.76028630
    909.76028630
    909.76028630
    909.76028630
    909.88817126
    909.08488499
    906.39132157
    909.17939941
    908.65499727
    908.65499727
    909.05187836
    909.32153542
    909.32153542
    909.24325666
    909.24325666
    909.83943913
    910.52380130
    905.75742523
    908.07369050
    908.07369050
    909.78766926
    909.86526485
    909.86526485
    909.88254886
    909.88254886
    909.88254886
    908.98408867
    908.98408867
    908.68126586
    908.84102118
    906.94608201
    908.09696934
    908.09696934
    908.09696934
    908.09696934
    908.09696934
    908.20800242
    908.16126304
    909.29225781
    909.21768391
    909.55967570
    910.26669367
    909.94739766
    910.25091470
    910.25091470
    910.25091470
    910.78004300
    910.72301559
    910.64813694
    910.36332115
    910.65890487
    910.65150745
    910.79192202
    910.86935082
    910.85129647
    910.52864302
    910.56152080
    909.33910926
    909.33910926
    909.33910926
    909.33910926
    910.49069745
    910.49069745
    910.49816438
    910.02755787
    909.99761954
    910.28527449
    909.82711509
    909.82711509
    909.82711509
    910.46756652
    910.46756652
    910.31728147
    910.51618833
    910.38689957
    910.01106525
    910.23518679
    909.38624308
    909.93102348
    909.94790525
    909.94790525
    910.00929523
    910.16330362
    910.41775987
    910.58412843
    910.59242891
    910.68635428
    910.78744860
    909.95922192
    909.95922192
    909.91189658
    910.41222813
    908.40672473
    908.99411485
    908.35375704
    908.35375704
    909.25943712
    909.43978467
    909.43978467
    907.64997737
    908.90454797
    910.11691372
    910.41766427
    910.74707638
    910.42967574
    910.42967574
    909.36798454
    909.64488895
    909.64488895
    909.74645780
    910.75217041
    910.81009084
    910.82487502
    910.82487502
    910.82487502
    910.04247569
    910.04247569
    910.76424189
    910.70097052
    910.85016475
    910.31206940
    910.34094982
    910.34094982
    910.34094982
    909.43429215
    910.78459438
    908.88862280
    908.88862280
    906.87796973
    908.51118147
    909.64378319
    909.03868774
    909.16599403
    909.16599403
    909.30354225
    909.42397255
    909.42397255
    909.46359060
    909.46359060
    909.07680017
    910.30331240
    910.30331240
    909.69139642
    909.93511592
    909.67240138
    909.67240138
    910.22648815
    909.72910067
    909.52590951
    909.52590951
    909.52590951
    909.52590951
    909.46256414
    909.46256414
    909.46256414
    909.46256414
    909.26160131
    910.28016079
    910.28016079
    910.28016079
    909.35232913
    909.35232913
    909.35232913
    908.93109540
    908.95746434
    908.80482203
    909.23997867
    909.05416283
    909.41609559
    909.07899524
    909.52938417
    910.07857492
    909.57520429
    909.57520429
    909.59904843
    909.28310034
    909.37929694
    910.13131922
    910.24098001
    910.24098001
    910.54782588
    909.94043896
    909.94043896
    909.94043896
    909.82428514
    909.65071123
    909.50528874
    910.53935934
    910.55982707
    910.62518329
    910.69585860
    910.07574518
    910.60167450
    910.64838290
    910.45378217
    910.64249903
    909.75187428
    910.76159360
    910.76159360
    910.76270125
    910.22497569
    910.25085769
    910.37813086
    910.22979360
    910.22979360
    910.22979360
    910.22979360
    910.27018596
    910.60918242
    910.66985636
    910.49304688
    910.35075194
    910.44066130
    910.44066130
    910.44066130
    910.44066130
    910.44066130
    910.47733668
    910.47733668
    910.47733668
    910.66600517
    909.96463014
    910.44239682
    910.44239682
    908.75230482
    908.75230482
    909.69699813
    909.69699813
    909.19061895
    909.19061895
    909.73058608
    909.73058608
    909.89316445
    910.02827224
    909.56877006
    909.56877006
    906.25648012
    907.81189190
    910.17171221
    909.98681443
    909.99154117
    909.72320149
    909.72320149
    909.72320149
    909.72320149
    909.72285190
    909.94816092
    910.59366343
    910.82987295
    910.82987295
    910.82987295
    910.59298009
    910.38707319
    910.75589497
    910.75589497
    910.87255017
    910.81592223
    910.81592223
    910.07478970
    910.75588539
    910.82790104
    910.82790104
    910.77280007
    910.40784832
    910.49707926
    910.80638109
    910.79812228
    910.84916073
    910.85967217
    910.82839902
    910.87415949
    910.87013990
    910.81399093
    907.34026722
    907.34026722
    909.98291877
    909.34612500
    909.34612500
    909.47859459
    909.47859459
    909.47859459
    910.32504168
    910.61039849
    910.16761437
    910.16761437
    910.15203068
    910.00913666
    909.55948782
    909.55948782
    908.66488638
    908.35945684
    908.35945684
    908.35945684
    910.31328055
    910.76147311
    910.46123444
    910.00199426
    910.13077199
    909.98861682
    909.60176772
    908.75253804
    908.75253804
    908.75253804
    908.80233564
    908.95758416
    909.50799186
    909.53639047
    909.33567488
    909.29927745
    909.29927745
    909.30488802
    909.30488802
    908.46464622
    908.66366292
    908.66366292
    908.66366292
    908.66366292
    908.66366292
    908.66366292
    908.66366292
    908.71238562
    908.71238562
    908.32677331
    908.60908545
    908.60908545
    908.60908545
    909.88530272
    910.35271241
    910.29629980
    910.29629980
    910.30614119
    910.27607003
    910.56719487
    910.56719487
    910.40530767
    909.41454009
    909.85918214
    909.85918214
    909.38796218
    909.95344589
    909.93758210
    910.46574795
    910.46574795
    910.68482992
    910.39522035
    909.63458755
    909.63458755
    909.98604275
    909.98604275
    910.39647560
    910.39647560
    909.95887177
    909.95887177
    909.95887177
    909.45621039
    906.12137212
    907.75632550
    907.07226407
    906.74200077
    905.08544057
    905.36130418
    905.36130418
    906.54388446
    907.96221150
    907.96221150
    907.96221150
    907.96221150
    907.96221150
    906.26578092
    907.23052466
    908.88845368
    908.49270005
    909.26331622
    908.92682101
    908.97713425
    909.92846418
    910.79819964
    910.86489689
    910.86489689
    910.86489689
    910.72549599
    910.69808157
    910.77065336
    910.76969276
    910.76718128
    910.76349317
    910.64619729
    910.39561487
    910.20095640
    910.20095640
    910.36069913
    910.44766602
    910.12193905
    910.60621271
    910.67971775
    910.67119071
    910.85752306
    908.96782053
    908.96782053
    907.29549079
    907.29549079
    908.84768123
    906.29479243
    909.46392766
    909.45391996
    909.48752547
    909.48752547
    909.02139052
    909.23662075
    909.48430479
    909.25354817
    909.27970650
    909.56777892
    909.91322371
    910.26553116
    910.20983353
    910.08361232
    910.13405023
    909.36057066
    910.50524726
    910.50429263
    910.65955031
    910.70495958
    910.58276515
    910.58276515
    910.81345594
    909.79290246
    909.79290246
    910.02703310
    910.04343974
    909.59978290
    909.84229861
    909.60576767
    909.36278452
    908.80199550
    908.80199550
    910.38773603
    910.29063668
    910.29583649
    910.29583649
    910.30002739
    910.53360908
    910.57828843
    910.74938151
    910.71597605
    909.50793606
    909.52027003
    909.52027003
    910.22394493
    910.22394493
    910.22394493
    909.47754303
    909.47754303
    910.00533897
    908.95107352
    909.77915359
    910.45130111
    909.93399042
    910.37319344
    910.33233430
    910.70366652
    909.85716359
    909.31506369
    909.31506369
    909.65781139
    909.55247500
    909.29798448
    910.33077292
    910.84421671
    910.84421671
    910.83602468
    910.70531564
    910.79212939
    910.79212939
    910.64705087
    910.59921880
    909.96138640
    909.96138640
    910.52178465
    910.52178465
    910.29887876
    910.36638323
    910.65524272
    910.86291912
    910.86340416
    910.81413749
    910.85138336
    910.78071933
    910.65458337
    910.66955545
    910.66955545
    910.63340857
    910.35941019
    910.35941019
    910.35941019
    910.65030405
    910.65030405
    910.65030405
    909.91385252
    909.91385252
    909.64598788
    910.30379739
    910.63430163
    910.70987299
    910.49155171
    910.44519028
    910.44519028
    910.44519028
    909.91781810
    910.25865192
    910.25865192
    910.25865192
    910.20783237
    909.86856236
    909.86856236
    909.85745396
    909.85745396
    909.88290325
    909.88290325
    910.50878572
    910.56489882
    910.84050413
    910.86590822
    910.77719431
    910.78615692
    910.46740342
    910.23380684
    910.67015557
    910.67015557
    910.67015557
    910.68522086
    910.76303874
    910.76303874
    910.38736105
    909.36886817
    909.36886817
    909.36886817
    909.36886817
    908.96531463
    908.96531463
    908.96048550
    908.57837432
    908.57837432
    908.57837432
    908.57837432
    908.57837432
    908.57837432
    908.67181789
    909.68467837
    909.68467837
    909.71035026
    910.80306512
    910.83378388
    910.83389811
    910.65543059
    910.02122006
    910.02122006
    910.02122006
    910.17477898
    910.27910384
    910.27910384
    910.39434479
    910.39434479
    910.59617645
    910.29419933
    910.29419933
    910.01674972
    910.01674972
    910.09852103
    910.09852103
    909.26247634
    909.58446391
    910.14415017
    910.41252097
    910.42837091
    910.42837091
    908.80283952
    908.75433400
    907.93894178
    908.06967012
    908.06967012
    910.26607455
    910.70023295
    910.70023295
    910.70023295
    910.70673688
    909.34044771
    909.34044771
    908.02108445
    908.02108445
    907.24710875
    907.24710875
    907.24710875
    907.24710875
    907.24710875
    907.24710875
    908.31681035
    910.36144101
    910.36144101
    910.19161108
    909.90135223
    909.90135223
    909.90135223
    909.90135223
    910.74869791
    910.74869791
    910.74869791
    910.72395393
    909.69213046
    909.34323084
    907.87270431
    907.87270431
    907.87270431
    910.18187092
    910.18187092
    908.88360754
    908.88360754
    908.88360754
    909.19740393
    909.22502545
    908.73077150
    908.73077150
    908.73077150
    908.73077150
    909.89005011
    910.18112233
    909.56955668
    909.98338290
    910.60465103
    910.20705464
    910.28576223
    910.62175825
    910.62175825
    910.67071320
    910.57823062
    910.57823062
    910.52761486
    910.42223307
    910.42223307
    910.52778806
    910.55297883
    910.55297883
    910.70771917
    910.65754310
    910.65754310
    910.70787802
    910.70787802
    910.58478631
    910.70449318
    910.70449318
    910.56391155
    910.56391155
    910.56391155
    910.56753173
    910.44588967
    910.45553488
    910.45553488
    910.70047816
    910.70047816
    910.70047816
    910.36002029
    910.36002029
    910.36002029
    910.36002029
    910.86838823
    910.86775109
    910.72568328
    910.72568328
    910.22516928
    910.22516928
    910.13280030
    908.21102850
    910.24878470
    909.84938446
    909.68684030
    910.70035777
    910.21701792
    910.21701792
    910.21701792
    910.21701792
    910.38296747
    910.85148848
    910.71612360
    910.78116171
    910.02540818
    910.28577416
    910.28577416
    908.91928231
    908.34967584
    908.34967584
    910.29681019
    910.37030337
    908.43291063
    906.24222727
    906.24222727
    906.24222727
    905.52671835
    907.83735059
    908.97480236
    909.58198327
    909.92137278
    909.88092503
    909.99153780
    909.99153780
    910.03422737
    909.97340938
    910.35623257
    910.35623257
    910.03131159
    910.00322106
    909.69866084
    910.45860541
    910.73125587
    910.69274126
    909.86877906
    909.86877906
    909.87601293
    909.64375695
    910.09863920
    910.41827436
    909.85932228
    908.95865767
    908.95865767
    907.68513050
    907.68513050
    908.14856691
    910.22941759
    910.71408217
    910.71408217
    909.39826310
    909.39826310
    907.50374510
    907.50374510
    908.72111334
    908.72111334
    908.72111334
    908.72111334
    908.20105320
    908.20105320
    909.92124233
    909.65295121
    910.22287122
    910.28780298
    909.38921324
    909.38921324
    909.38921324
    909.24773140
    910.41898677
    910.35491578
    910.69206565
    910.72781900
    910.53456815
    910.80099856
    909.41818594
    909.04099205
    910.14087234
    910.75078193
    910.84227992
    910.40018284
    910.40018284
    910.40018284
    910.06710477
    910.06710477
    910.05599215
    910.08964902
    910.08964902
    910.67438773
    910.65371816
    910.65371816
    910.61950026
    910.45074856
    910.37980460
    910.58120463
    910.46883158
    910.31048690
    909.14067439
    910.35914722
    910.08415151
    909.96513872
    910.41867642
    910.38061106
    910.27803547
    910.24129397
    909.92842179
    909.92842179
    909.92842179
    909.92842179
    909.92842179
    910.70067487
    910.70067487
    910.79689057
    910.85785680
    910.75025330
    910.75025330
    910.77399501
    910.77399501
    910.77399501
    909.79063258
    910.42090793
    910.48315289
    909.65220793
    909.65220793
    909.65220793
    910.85626662
    910.86658196
    910.86129821
    910.83049812
    910.69721167
    910.69938075
    909.00156336
    909.49974204
    908.91537934
    910.18292949
    910.18292949
    907.92591708
    907.77762081
    907.77762081
    908.79164631
    908.79164631
    908.83726098
    908.83726098
    908.15595576
    910.25372752
    910.25372752
    910.38264168
    910.34981161
    910.66695549
    910.62683877
    910.74066777
    910.69774370
    910.78860124
    910.57299993
    910.45002161
    910.45002161
    910.46037933
    910.46037933
    910.49713391
    910.07614471
    910.56486664
    909.04523203
    909.04523203
    910.02739506
    910.02739506
    910.02739506
    909.34378092
    909.34378092
    910.04399339
    909.72868057
    909.72868057
    910.69524470
    910.36144006
    910.86167968
    910.86167968
    910.86209124
    910.46910262
    910.44465837
    909.71088864
    909.71088864
    909.92579029
    909.57325195
    909.38120095
    908.89104720
    908.89104720
    908.89104720
    907.45859677
    906.32687468
    905.59911932
    905.13539507
    905.13539507
    907.31949208
    907.31949208
    909.26549575
    909.41068158
    909.41068158
    909.47114685
    910.50797589
    910.37887617
    910.37887617
    909.91786937
    908.62408505
    909.41181244
    909.49228821
    910.42312973
    910.41392439
    910.47234850
    910.62504754
    909.24582020
    909.24582020
    909.21208857
    909.21208857
    909.21208857
    909.21208857
    909.21208857
    909.23927630
    909.23927630
    909.82329288
    910.48254834
    910.39621042
    910.40652306
    910.31318633
    910.06516284
    909.27749742
    909.27749742
    909.27749742
    909.27749742
    909.30544150
    909.30544150
    909.30544150
    909.43101863
    908.56114660
    908.45111674
    908.45111674
    908.45111674
    908.45111674
    910.78060850
    910.78108823
    910.79855186
    910.43167178
    910.80619417
    910.14287045
    909.88629848
    909.88629848
    909.37231695
    908.33911283
    907.42917594
    907.42917594
    910.83426390
    910.83426390
    910.75598096
    910.67905660
    910.41355272
    909.98667304
    909.98667304
    909.46229843
    909.46229843
    909.46229843
    909.46229843
    909.46229843
    909.73816314
    909.24180405
    910.60509381
    910.71972788
    910.71972788
    910.71074968
    910.25595378
    909.42159414
    909.42159414
    909.42159414
    909.42159414
    908.86430788
    909.30369275
    909.30369275
    908.92837525
    908.92837525
    908.92837525
    908.92837525
    908.92837525
    909.21362206
    909.21362206
    907.66216972
    907.66216972
    908.01478032
    908.01478032
    908.22190654
    908.19508109
    908.84723000
    910.48896060
    908.74631704
    909.52777698
    909.67139853
    909.67139853
    909.67139853
    909.62456925
    909.22475413
    909.11610162
    909.11610162
    910.08201577
    910.08201577
    910.08201577
    910.38439191
    910.62657270
    910.85127444
    910.85127444
    910.85955775
    910.85955775
    910.86075188
    910.70074464
    910.75623926
    910.14000321
    910.47721751
    910.53726131
    910.53726131
    909.55687956
    910.78396833
    910.81841682
    910.81297957
    910.70205391
    910.86355820
    910.82618172
    910.78543917
    910.86673631
    910.84118286
    910.84219766
    910.84156000
    910.76729919
    910.83428765
    910.86797228
    910.86888939
    910.86888939
    910.82800131
    910.66836869
    910.64558359
    910.73886836
    910.73886836
    909.95141257
    909.95141257
    909.97170784
    909.48549425
    909.48549425
    909.80387314
    909.80387314
    909.80387314
    910.42382901
    910.85591007
    910.85249604
    910.80319949
    910.83311540
    909.06800190
    909.06800190
    909.77737076
    909.48833035
    909.99928377
    908.63416441
    908.63416441
    909.72883598
    910.49655240
    910.71614943
    910.78983937
    910.24723834
    908.00783848
    909.62562821
    907.38886189
    909.55466799
    909.55466799
    909.60809753
    909.60809753
    909.60809753
    910.30332972
    909.62829998
    909.62829998
    909.71713488
    910.45913737
    909.55354068
    910.42810891
    910.42810891
    910.49279177
    910.49279177
    910.47429771
    909.76714270
    909.55830510
    908.18017683
    908.56844143
    909.02689582
    908.89164515
    908.89842531
    908.89842531
    908.89842531
    909.03796247
    909.03796247
    909.03796247
    909.72362701
    909.21886045
    909.57436188
    910.05475003
    910.05475003
    910.00739808
    909.74595060
    909.56010601
    909.56010601
    909.45611579
    910.55054051
    910.41962586
    909.84695416
    908.59331841
    908.59331841
    910.39806958
    910.38677314
    910.38677314
    910.85424520
    910.72732325
    910.63688814
    910.63688814
    910.36278186
    910.76533233
    910.76533233
    910.76533233
    909.95484203
    909.95484203
    909.07402708
    909.07402708
    909.07402708
    908.50300861
    910.40203507
    910.40203507
    910.38727388
    910.31428677
    910.31428677
    910.31428677
    910.31428677
    910.87461152
    910.87461152
    910.77333911
    910.78898739
    910.85144557
    910.61028625
    910.69596253
    910.78674960
    910.74703356
    910.76570847
    910.73845855
    910.73845855
    910.76477746
    910.39132749
    910.39132749
    910.39132749
    910.63598929
    910.22670723
    909.60084164
    907.97864199
    907.97864199
    909.89598358
    908.61703199
    908.61703199
    909.65154953
    909.67884184
    910.08696054
    910.08696054
    910.11840277
    910.11737863
    910.11737863
    910.25621744
    910.25621744
    910.25621744
    910.25621744
    910.31171932
    910.04761119
    910.02843667
    910.02843667
    909.12781510
    908.79750643
    910.71261825
    910.73677678
    910.75625878
    910.61741320
    910.03289615
    910.44261323
    910.44261323
    910.34729737
    910.79305430
    910.76913797
    910.71356328
    910.71126389
    910.06969620
    910.47375670
    910.56537926
    910.86579527
    910.65071731
    910.28410706
    909.92763551
    909.92763551
    910.87099401
    910.86419390
    910.87001606
    910.87001606
    910.72187802
    910.66287192
    909.36689932
    909.39034162
    910.40417503
    910.08007561
    910.29802459
    910.29802459
    910.51904057
    910.51904057
    910.48751298
    909.80558505
    909.89474785
    909.90578475
    909.90578475
    909.85502446
    909.86495617
    909.88475758
    910.16900320
    910.39815260
    910.39875534
    910.39516957
    910.40904604
    910.40693642
    910.03720878
    909.28623318
    909.29510227
    909.29510227
    909.31936505
    909.80145217
    909.80145217
    910.31166556
    910.34994780
    908.88970319
    908.88970319
    907.74208624
    908.54363156
    905.23758819
    907.34608491
    907.92098787
    909.31351319
    909.46010298
    909.65594826
    909.38421397
    910.14093180
    910.14093180
    910.41070927
    910.36710965
    910.36710965
    910.20981811
    910.23218494
    910.23218494
    910.05733968
    908.37527986
    910.35385696
    910.01288536
    909.99505829
    909.89181525
    909.84355329
    909.84355329
    909.84355329
    910.29187539
    910.29187539
    910.53466719
    910.87371019
    910.87467881
    910.87452059
    910.87452059
    910.87452059
    910.81959845
    910.17999805
    910.19265350
    909.88230023
    909.64823114
    909.64823114
    908.23332849
    908.51951004
    908.73430366
    910.01294266
    908.50464038
    909.28286540
    909.28286540
    909.28286540
    909.28286540
    910.22386353
    910.22386353
    910.19407168
    910.19407168
    910.10856970
    909.90202733
    909.90202733
    910.35343585
    910.44948257
    910.17099665
    909.09229978
    909.13964324
    909.26436506
    909.26436506
    906.56948655
    908.03188872
    908.03188872
    908.03188872
    909.74353399
    910.00206779
    909.83432941
    909.83432941
    910.79553211
    910.79553211
    910.80409001
    910.48675542
    909.83154435
    909.83154435
    910.54699386
    910.54699386
    910.43451958
    910.42431286
    909.83635896
    909.83635896
    910.68362147
    910.71828935
    910.53214506
    910.71158992
    910.70944529
    910.70944529
    910.66299690
    910.65126513
    910.79949630
    910.83722395
    910.72839912
    910.72273033
    910.61247425
    910.70918406
    910.05864695
    910.05864695
    909.77578351
    909.77578351
    909.28048189
    908.44381795
    908.44381795
    908.44381795
    908.44381795
    908.44381795
    908.44381795
    909.00789374
    909.00789374
    909.16420997
    909.16420997
    909.16420997
    909.16420997
    909.98996459
    909.98996459
    909.98996459
    909.75315674
    910.20851033
    910.59248338
    910.04255118
    910.80186348
    910.70938777
    910.62633583
    908.13544065
    908.13544065
    908.13544065
    908.13544065
    906.93689896
    908.39815842
    909.18326591
    909.18326591
    909.18326591
    909.82830626
    909.82830626
    909.85486580
    909.72601943
    909.53947712
    909.53947712
    909.93107726
    909.43480518
    909.43404136
    909.43404136
    909.83793115
    909.14616817
    909.14616817
    909.14616817
    909.91781077
    909.95829858
    909.95829858
    909.75120097
    909.75120097
    909.54026686
    909.48816721
    910.34625453
    910.12074384
    909.83116183
    909.83116183
    909.96906178
    909.91688238
    910.50364298
    910.50594024
    910.15496377
    910.15496377
    910.32096629
    910.33270016
    910.33270016
    907.87367795
    907.90803141
    904.93581786
    904.93581786
    905.24407055
    905.24407055
    905.24407055
    905.24407055
    905.24407055
    908.07499893
    907.95368422
    907.95368422
    906.43861907
    906.43861907
    907.52995878
    907.52995878
    908.33498383
    910.00616600
    910.00616600
    910.83698182
    910.86946101
    910.86853164
    910.86853164
    910.32398221
    909.37144712
    908.44954410
    908.49588887
    908.84273505
    908.84273505
    910.61049033
    910.44811558
    910.44811558
    910.20319019
    910.21464259
    910.30428581
    909.65037706
    909.87524696
    909.51608485
    910.26917738
    909.28756986
    909.28756986
    909.94211194
    909.74788298
    910.53662054
    910.77225733
    910.53730114
    910.53955023
    910.59881814
    910.59881814
    910.59881814
    910.79302730
    910.75936863
    910.80091288
    910.80091288
    910.19499822
    910.19499822
    910.54810938
    910.50824068
    910.50824068
    909.64157124
    910.69656166
    910.71029728
    910.70866865
    910.56775411
    910.51923079
    910.51923079
    910.78214792
    910.62029465
    910.62324286
    909.97758883
    909.97758883
    909.97758883
    909.97758883
    910.30712098
    910.12669103
    910.12669103
    909.98782316
    909.66553299
    909.67707455
    909.67707455
    909.93439302
    909.93439302
    909.93439302
    909.86154843
    909.53937590
    909.99341902
    910.08755794
    909.86273351
    909.86273351
    909.75754487
    910.64543859
    910.61862027
    910.59288479
    910.55511689
    910.55511689
    910.55511689
    909.94497814
    908.93907648
    908.93907648
    908.08041210
    909.34563518
    909.03801863
    909.48608187
    910.09594778
    910.13567201
    910.13021257
    910.39130898
    910.39130898
    910.39130898
    910.57372026
    908.95808657
    908.57844682
    908.57844682
    908.57844682
    909.29455343
    909.41030332
    910.06028485
    910.06028485
    908.61381735
    908.61381735
    909.73092909
    908.78584155
    908.78584155
    908.78584155
    907.74013518
    910.13820475
    910.21611750
    910.81167553
    910.79051385
    910.82374823
    910.39889906
    910.39889906
    910.03574983
    910.03574983
    909.95533936
    909.95533936
    910.60686653
    910.73405426
    910.82421084
    910.76854665
    910.52380386
    910.52380386
    910.52380386
    910.37739790
    910.37739790
    910.37739790
    909.16558501
    908.40113796
    909.16498061
    909.72006428
    909.29090664
    908.99719737
    908.99719737
    908.99719737
    908.49928502
    909.99975250
    910.10796852
    910.10796852
    910.48717645
    910.33746974
    910.33711698
    910.54198127
    910.74211925
    910.78079396
    910.14672636
    910.14672636
    910.20557140
    910.20557140
    910.61907949
    910.72955678
    910.33366797
    910.09223094
    909.89113149
    909.10967303
    909.40422860
    909.40422860
    910.27427364
    910.40558139
    910.40558139
    910.57237068
    910.57237068
    910.48389702
    910.48828325
    910.80967654
    910.48305391
    910.34955386
    910.34956690
    910.34956690
    910.34956690
    910.34956690
    910.58881556
    909.85198069
    909.85198069
    909.85198069
    909.85198069
    909.45456258
    908.89792552
    908.89792552
    910.21677139
    910.25885153
    909.87903038
    909.99925667
    909.78029955
    909.78029955
    909.78029955
    909.80021345
    909.28891531
    909.28891531
    910.41015251
    910.41015251
    910.32290360
    910.08263963
    910.07081789
    910.06332813
    908.81717751
    909.03536032
    909.03536032
    908.98692966
    908.46580004
    910.08575412
    910.31160947
    910.45490288
    910.45781694
    910.18317217
    909.89021230
    909.70423198
    909.70423198
    910.35902369
    910.28753229
    910.84880109
    910.84880109
    910.82893909
    910.67413178
    910.69492674
    910.69492674
    910.69492674
    910.74694716
    910.83793317
    910.75243412
    910.75243412
    910.72787712
    910.69014763
    910.67719283
    910.64281506
    910.63882172
    910.64894347
    910.64894347
    910.73585016
    910.73585016
    910.75346541
    910.28444707
    909.93189833
    910.81402923
    910.73487727
    910.69304561
    910.74697197
    910.65563744
    910.66444333
    908.98958877
    908.98958877
    908.98958877
    909.96937584
    910.18320410
    910.85996918
    910.85996918
    910.85996918
    910.86011992
    910.86034576
    910.85246285
    910.62769446
    910.62769446
    910.60268532
    910.17856426
    909.64890692
    909.75245267
    909.75245267
    909.83731552
    909.96767860
    909.96767860
    909.96767860
    909.88301390
    910.18337921
    910.49456903
    910.45519093
    910.17727395
    910.23646015
    910.16766718
    910.15367422
    910.72591891
    910.81719913
    910.59103927
    910.38498898
    909.84963842
    909.84963842
    909.52649784
    909.92721315
    909.91724988
    910.26790149
    909.59270488
    909.35997680
    909.00454671
    909.17499704
    909.48440465
    910.32525166
    910.30071654
    910.35302589
    910.75906196
    910.76282232
    910.45116217
    909.88662640
    910.67994393
    910.66961610
    910.59051731
    910.59051731
    910.72404707
    910.78836431
    910.77469957
    910.60636666
    910.61947595
    910.78341657
    910.76539839
    910.51702653
    909.21029360
    910.01232562
    910.01232562
    909.79987260
    908.65364359
    908.73555579
    909.40003851
    909.18224378
    908.79616032
    908.79616032
    908.79616032
    909.88785806
    909.64305246
    907.79185934
    906.20305178
    909.31946179
    908.78385565
    908.78385565
    908.24032353
    906.21602977
    906.21602977
    906.21602977
    907.44754251
    907.44754251
    905.68755502
    905.68755502
    906.07798096
    906.07798096
    909.76328515
    908.35718759
    906.46401171
    905.62200529
    905.62200529
    905.62200529
    905.62200529
    906.77819407
    906.77819407
    908.29022831
    908.29022831
    907.64417542
    907.32357071
    908.12326416
    908.87409081
    907.45561685
    909.96305824
    909.97966339
    909.97966339
    909.97614886
    909.97614886
    909.86509336
    909.69651161
    909.90184524
    908.40950210
    909.58931839
    909.57688455
    909.57688455
    909.62548419
    909.57041250
    909.45244278
    909.45244278
    909.45244278
    909.46592549
    907.22540551
    907.22540551
    905.99150667
    906.54313725
    908.41800804
    908.41800804
    908.41800804
    908.35955249
    908.39634669
    909.36007762
    909.36007762
    908.74330759
    907.24125556
    907.24125556
    908.73732084
    909.27811611
    909.80173719
    910.23119011
    910.12192951
    910.17097501
    910.17097501
    910.34024977
    910.72426217
    910.18579026
    909.26075622
    909.69640924
    910.01374179
    910.01374179
    910.00773532
    909.93750412
    909.93750412
    909.93750412
    910.69463468
    910.69463468
    910.69463468
    910.64209370
    910.55069367
    908.51595691
    908.51595691
    908.51595691
    908.94601554
    908.94601554
    908.94601554
    908.94601554
    908.95397812
    908.95397812
    908.95397812
    910.52602457
    909.94600095
    909.45186233
    910.53274074
    910.53274074
    910.53274074
    910.20649374
    909.85958924
    910.83818607
    910.85931007
    910.86353098
    910.70160006
    910.55041243
    910.53727985
    910.59565668
    910.73859589
    910.73859589
    910.66108571
    910.55509988
    909.29068713
    909.60824715
    909.83857602
    909.69272782
    909.29396970
    909.43550931
    909.69380938
    909.62929701
    909.62929701
    909.53317062
    909.53317062
    909.73242632
    910.59479497
    910.83306400
    910.57362216
    910.57362216
    910.40504522
    910.48305322
    910.48305322
    910.26361522
    910.79228757
    910.79228757
    910.60472524
    910.61712007
    909.92752095
    910.34999570
    910.22609434
    910.28220918
    910.21623023
    910.06341501
    910.62286974
    910.47487053
    910.49433509
    910.09517094
    910.25839808
    910.77442316
    910.56050951
    910.24654611
    910.86258708
    910.32149661
    910.40460314
    910.34742008
    910.34742008
    910.34742008
    910.76957389
    910.62475746
    910.62475746
    910.62270869
    910.71148220
    910.71148220
    907.24358388
    908.68461731
    909.76703135
    909.76061320
    909.76061320
    910.17706438
    910.12453129
    909.29345263
    910.00710000
    908.06298044
    908.07230268
    908.07230268
    908.07230268
    908.32611858
    908.32611858
    908.03365056
    909.16890339
    909.00079570
    909.32806669
    909.04984710
    909.21919848
    909.21919848
    909.75254432
    909.88141862
    909.99183045
    910.69038842
    910.69038842
    910.60123441
    910.42368819
    910.42368819
    910.39002712
    910.30636864
    910.36000271
    910.80444857
    910.85366188
    910.85366188
    910.25443076
    910.25443076
    910.25443076
    910.55268507
    910.55268507
    910.55268507
    910.55268507
    910.59275801
    910.52572671
    910.62684090
    910.85892152
    909.97973806
    910.75715307
    910.08308867
    908.66664096
    909.00070856
    909.21695951
    910.19031893
    909.61649837
    909.97497811
    910.05752721
    910.20348917
    910.37864162
    910.32149188
    910.32490115
    910.63460219
    910.63460219
    910.82954434
    910.82954434
    910.82954434
    910.83763336
    910.83763336
    910.83763336
    910.83021312
    910.83021312
    910.38216016
    910.38216016
    909.73901949
    909.73901949
    910.43959526
    910.13892943
    909.43801983
    909.43801983
    909.43801983
    909.43801983
    909.83703643
    909.89332793
    910.26791800
    910.05148505
    909.86635166
    909.34491995
    909.34491995
    909.17861170
    907.66682032
    907.66682032
    909.83796545
    909.88963558
    910.67695232
    910.66348584
    910.65977694
    910.59362780
    910.71794098
    910.71794098
    910.77271747
    909.95656129
    909.95656129
    910.54538256
    910.32198728
    909.87853265
    909.58659132
    909.58659132
    910.19679617
    910.19679617
    910.26598840
    908.20131363
    909.85449843
    909.36939428
    909.36939428
    909.20775809
    909.20775809
    909.75220325
    909.54125088
    909.54125088
    909.54125088
    909.54125088
    908.95628617
    908.95628617
    909.78794044
    910.05141840
    910.05141840
    910.05141840
    910.05141840
    909.64019960
    908.83420892
    908.84245954
    908.84245954
    908.83804384
    908.78883988
    908.78883988
    908.85956922
    908.85956922
    908.85956922
    908.57738897
    906.81821248
    909.43711411
    910.10625875
    910.45241468
    910.79457570
    910.83997492
    910.13171829
    910.13171829
    910.04405388
    908.73168877
    908.73168877
    910.45159280
    910.50498033
    910.72064178
    910.64347257
    910.34111737
    910.57789164
    910.80881167
    910.80881167
    910.43295676
    908.25415901
    908.76938992
    908.76938992
    908.76938992
    908.76938992
    908.76938992
    908.76938992
    908.76938992
    910.01152898
    910.77980988
    910.77980988
    910.73824510
    910.69885313
    910.42274176
    910.42274176
    910.30329605
    910.09922148
    910.66737176
    910.61907616
    910.61482854
    910.74064017
    910.61563929
    910.72207245
    910.72207245
    910.66519833
    910.66519833
    910.68778798
    910.75376107
    910.20872020
    910.37241670
    910.81420491
    910.80467589
    910.70067923
    910.70067923
    910.21558252
    909.58688268
    909.60187612
    909.50175787
    909.52716679
    909.52716679
    909.22444036
    910.76330109
    910.76330109
    910.74318950
    910.74318950
    910.79527706
    910.79527706
    908.27010128
    907.50642735
    907.50642735
    909.03961323
    909.03961323
    908.61639600
    908.61639600
    910.10707940
    910.10295955
    910.40414657
    910.53548127
    910.67457195
    910.52969335
    910.66482518
    910.66482518
    910.00473292
    909.69369653
    910.10700297
    910.29720227
    910.36994104
    910.36618145
    909.86977768
    910.28124326
    910.28124326
    910.12767866
    909.93406876
    909.93406876
    909.23990874
    908.53035148
    908.53035148
    908.53035148
    908.67061595
    910.18356852
    908.96636602
    906.37749789
    906.37749789
    906.28184816
    907.35591056
    907.35591056
    907.33257118
    907.33257118
    908.65845434
    910.32661705
    910.30856244
    908.69180855
    908.69180855
    908.69180855
    908.21729932
    908.21729932
    908.21729932
    907.95484941
    910.72157090
    909.29907793
    910.74860189
    910.84248014
    910.84248014
    910.84248014
    910.84248014
    910.77772417
    910.57793846
    910.28760449
    910.28092922
    909.50924964
    909.50924964
    909.50924964
    909.50924964
    909.00336403
    907.98733231
    908.70462582
    908.02220219
    908.67255720
    909.22468698
    910.62522721
    910.76089702
    910.64680537
    909.94643377
    909.94643377
    909.52120357
    909.85723111
    909.92662501
    909.53408381
    910.01436368
    910.01436368
    910.01436368
    909.66678135
    909.01004850
    909.98494869
    909.98494869
    910.47621040
    910.03108080
    910.03108080
    909.67916348
    909.04176516
    907.38714351
    910.45037190
    909.45133634
    909.45133634
    909.45133634
    909.45133634
    909.39700837
    909.47043563
    909.02100955
    908.19983589
    908.19877124
    906.63413168
    906.63413168
    906.30901306
    905.56636177
    905.40876704
    905.40876704
    905.40876704
    905.32549520
    909.04217839
    909.04217839
    909.70752734
    909.70752734
    910.01700352
    910.15277501
    910.65419025
    910.15269270
    910.15269270
    910.15269270
    910.79137029
    910.79976725
    910.77431078
    910.51812997
    910.51812997
    910.51812997
    910.73118948
    910.73118948
    910.56824040
    910.20162156
    910.14837528
    909.50856890
    910.08155790
    910.19722562
    910.19722562
    910.37863432
    909.87341339
    910.42663349
    910.56002392
    910.56002392
    910.45031712
    910.70479429
    910.57821294
    910.43442496
    910.52713133
    910.37952271
    910.47868949
    910.36262327
    910.16422801
    910.32213353
    910.31716549
    909.79861255
    909.79861255
    909.72502114
    909.72502114
    909.72502114
    910.20471351
    910.22932592
    910.64943321
    910.80053202
    910.68740022
    910.75562718
    910.75562718
    910.69825610
    910.69178778
    910.74570813
    910.83036114
    910.64846677
    910.78991900
    910.72416295
    910.77335646
    910.77864961
    910.84398854
    910.63373978
    910.67028600
    910.77901869
    909.84875220
    908.88352993
    908.52083854
    906.24201073
    908.22804051
    908.22804051
    908.53099043
    909.75163328
    909.75163328
    908.74358307
    910.78116829
    909.93098873
    910.76387151
    910.26847553
    910.15605025
    910.17032371
    910.80384627
    910.80384627
    910.48633008
    910.59747532
    910.14566571
    908.74777381
    908.74777381
    908.48726125
    908.48726125
    909.80483012
    908.78593379
    909.21076966
    909.21076966
    909.21076966
    907.46329416
    907.46329416
    907.61986155
    908.76313707
    908.76313707
    908.76313707
    908.76313707
    908.76313707
    910.25989861
    910.25989861
    910.25989861
    910.29866775
    910.18873535
    910.18873535
    910.83829201
    910.82047690
    910.82047690
    910.82047690
    910.80035940
    910.80035940
    910.68110690
    909.98002430
    909.98002430
    909.98002430
    910.43742666
    910.31310069
    908.19832208
    910.06907207
    910.23186753
    910.69211373
    910.02999104
    910.08987311
    910.08987311
    909.08386404
    909.80913919
    909.78523158
    909.72405545
    909.91855433
    910.70564996
    910.66933396
    910.65028176
    910.78180743
    910.86879255
    910.41247784
    910.41247784
    910.41247784
    910.41247784
    910.54778664
    910.49545463
    910.40614750
    910.44252459
    910.81363572
    910.67328850
    910.55552770
    910.80993409
    910.80993409
    910.80993409
    910.80799792
    910.31338796
    910.31338796
    910.53265759
    910.31501344
    910.11906670
    910.11906670
    908.78710123
    908.78710123
    908.78710123
    908.78710123
    909.65414605
    910.25186879
    910.76867789
    910.76867789
    910.78881004
    910.78881004
    910.80181742
    910.80077015
    910.80077015
    910.58863333
    910.47630547
    909.60580587
    909.60580587
    909.60580587
    910.69855849
    910.69855849
    910.69362229
    910.69362229
    909.41397967
    909.01834772
    908.85811078
    909.30354083
    909.30354083
    909.30354083
    908.82584355
    910.60167153
    910.67834123
    910.01436487
    910.01436487
    910.01436487
    910.01436487
    910.01436487
    910.45853956
    910.56580800
    910.41548700
    910.41548700
    910.41548700
    910.41548700
    910.63479136
    910.63479136
    910.67562761
    910.52552926
    910.22418097
    910.25089693
    910.26328493
    909.72618282
    909.72341212
    910.38968607
    910.13281792
    910.13686131
    910.13686131
    910.45601646
    910.44267961
    910.48196656
    910.48196656
    910.48196656
    910.55650378
    910.52582915
    910.68683963
    910.71612054
    910.76546536
    910.77739948
    910.42042954
    910.60193025
    909.48829297
    909.46491757
    909.28863971
    908.87571633
    909.30751601
    906.47537295
    906.10243974
    907.49339485
    908.58943895
    908.58943895
    908.39600075
    907.33331666
    908.11550401
    908.11550401
    909.27878296
    909.27878296
    910.00134260
    910.00134260
    910.00134260
    909.71623860
    909.97040409
    909.71304780
    909.71304780
    909.86907551
    909.86907551
    909.69902918
    909.76682289
    909.76682289
    909.88183420
    909.84007560
    910.50225810
    910.70756253
    910.70756253
    910.66306973
    910.66306973
    910.66306973
    910.60829870
    910.60829870
    910.60829870
    910.61468698
    910.79908740
    910.79908740
    910.79908740
    910.80642500
    910.80183718
    910.85103655
    910.85103655
    910.85103655
    910.85103655
    910.85103655
    910.85103655
    910.37647822
    910.71346264
    910.31152958
    910.60263960
    910.60263960
    910.13117537
    910.11824237
    910.33691469
    910.80134121
    910.80134121
    909.77845675
    909.77845675
    909.45081870
    909.45081870
    909.53757045
    908.75074546
    908.58771976
    908.05444124
    909.80828631
    909.42923107
    909.77016790
    909.77016790
    909.62416954
    909.95819028
    910.75519785
    910.77681253
    910.36240474
    910.76759716
    910.04416250
    910.03834608
    909.54848829
    910.39104981
    910.29935844
    910.29935844
    909.21073158
    909.21073158
    909.17349784
    909.51210368
    909.68700178
    909.68700178
    909.68700178
    910.80171200
    910.32011179
    910.42461132
    910.33527124
    910.44405164
    910.27859735
    909.56987360
    909.56987360
    909.25836254
    910.40799303
    909.78128366
    909.72022108
