     82.09120295
     83.24114892
     82.82904804
     83.65177302
     83.86191328
     82.21397718
     81.99277198
     81.99277198
     81.99277198
     83.21519311
     83.21519311
     83.23384183
     84.37088676
     84.01456333
     84.16661856
     84.16661856
     83.32852977
     84.43390378
     84.75236192
     84.95465003
     85.00972995
     85.00972995
     85.27948596
     85.25868750
     85.30291324
     85.53623143
     85.53290262
     85.03106933
     84.98608574
     84.98608574
     85.10295851
     84.95877626
     84.95180822
     85.49105076
     85.54386495
     85.40992113
     85.41920412
     84.64274721
     83.48085357
     84.37506291
     84.35351469
     84.35351469
     84.59233395
     84.58369346
     84.43519389
     84.59666064
     84.52326488
     84.52326488
     84.75629028
     84.94862778
     81.64776451
     81.64776451
     84.99508984
     84.97698844
     84.95930428
     84.95930428
     84.95465299
     84.80668326
     84.80668326
     83.84865088
     83.84865088
     83.84865088
     83.84865088
     83.84739512
     84.38397098
     84.05368554
     84.16274084
     84.40595203
     85.02295521
     85.02295521
     84.84656846
     84.16218038
     84.67651088
     84.58885296
     84.58885296
     85.06898997
     84.68812725
     84.70708520
     85.02091974
     85.10068309
     84.91573416
     84.85832798
     84.69687859
     84.86039915
     84.88654509
     84.89552411
     84.32910839
     84.32910839
     84.64151297
     84.64422885
     84.81382085
     84.77708137
     84.77708137
     84.46752874
     84.46752874
     84.14254690
     84.14254690
     84.25304230
     84.25304230
     83.66544966
     85.69121664
     85.69121664
     85.69121664
     85.74066535
     85.71193391
     85.75384859
     85.67214774
     85.58235090
     85.79361545
     85.68262633
     85.68262633
     85.68262633
     85.68262633
     85.27942979
     85.27942979
     85.01748606
     85.01748606
     85.01748606
     85.01748606
     85.01748606
     84.62251688
     84.62251688
     84.62251688
     84.63488581
     84.89754524
     85.14915746
     85.14915746
     84.92057438
     84.92057438
     85.10951534
     85.10951534
     85.15796848
     84.62745211
     84.62745211
     84.62745211
     84.63006782
     84.32255994
     84.32255994
     83.20463593
     83.20463593
     83.40265005
     83.40265005
     83.40265005
     83.40265005
     83.61474328
     83.61474328
     82.23056692
     83.44454251
     83.44454251
     83.44454251
     80.82741668
     80.82741668
     80.82741668
     82.57700173
     83.03090856
     82.63393039
     82.63393039
     82.15850448
     82.97727353
     82.90076782
     82.90076782
     83.76340719
     83.93192693
     84.02783283
     84.02783283
     84.78312541
     84.78929253
     84.75585194
     84.75585194
     85.09749722
     85.04850061
     85.04850061
     85.04850061
     85.07339785
     85.05421120
     84.50201585
     84.62713643
     84.62713643
     84.53426137
     84.92801591
     84.88788641
     82.99248909
     82.99248909
     82.99248909
     83.47474363
     84.50508576
     85.02660944
     85.02469596
     85.02469596
     85.14592469
     85.34894974
     85.34894974
     85.29462196
     85.05872744
     84.62038302
     84.78367149
     84.74557853
     84.66700191
     84.55911901
     84.02057037
     82.93088201
     83.05370163
     83.34250517
     83.34250517
     84.94734473
     85.25780677
     85.25780677
     84.88052704
     84.81188365
     84.81188365
     84.68330524
     85.31779283
     83.39427636
     81.00262646
     84.39312968
     84.82063810
     85.16016438
     85.31492889
     85.40367606
     85.40010852
     85.37384982
     85.37384982
     85.37384982
     85.59560683
     85.64910212
     85.63382204
     85.65956872
     85.65956872
     85.64551024
     85.69767564
     85.80026917
     85.80026917
     85.80026917
     85.65320980
     85.60716378
     85.49053375
     84.66648357
     83.38343114
     83.39980999
     84.25459105
     84.07033194
     84.16097388
     84.16097388
     85.06609782
     85.06609782
     84.79678669
     84.02633103
     82.88059551
     82.88059551
     83.02793900
     85.61698314
     85.60053208
     85.56887094
     85.78214005
     85.81930295
     85.81930295
     85.81930295
     85.81930295
     85.49856232
     85.47130339
     85.32297831
     85.29625247
     85.29625247
     85.26932540
     85.30027352
     84.99465290
     84.89513130
     84.89513130
     83.61238368
     84.29723372
     84.29723372
     84.41699909
     84.41699909
     84.69348676
     84.80607469
     84.80607469
     84.80607469
     84.53878148
     85.22911385
     85.45697272
     85.41178238
     84.70960915
     84.72840889
     84.72840889
     84.72840889
     85.15625976
     85.28964239
     84.95827643
     85.18032307
     85.18032307
     85.34691222
     85.70446224
     85.70968980
     85.69764582
     85.69764582
     85.65192541
     85.65192541
     85.65192541
     85.62427937
     85.62427937
     80.41439549
     80.46478517
     80.59976218
     80.10414832
     81.03205825
     81.03205825
     81.03205825
     79.93666198
     81.91522118
     82.92469312
     83.50677358
     84.28894581
     84.74107622
     84.71124774
     84.72589336
     83.81566444
     83.54230202
     84.33744017
     84.30676110
     84.30676110
     83.83321854
     83.95853805
     84.04161661
     84.36238502
     84.36238502
     84.86013995
     84.78878398
     84.69944328
     83.05056098
     83.52536172
     83.52536172
     84.45824827
     82.43526561
     82.78081850
     82.78081850
     81.92752051
     82.35721988
     83.39178703
     83.13193694
     82.95333060
     83.36693125
     82.29426337
     82.29426337
     82.20306160
     82.71973013
     82.71973013
     83.06096830
     83.06096830
     83.92125906
     82.39549420
     83.28734299
     82.48611545
     82.48611545
     83.36184003
     83.36184003
     83.36184003
     83.36184003
     83.36184003
     84.95419051
     85.14162814
     85.12388592
     85.10099896
     83.39354982
     84.63987265
     84.63987265
     84.63987265
     85.08259111
     85.19760368
     84.84752879
     84.53471090
     84.38239622
     84.33081145
     83.21363954
     83.19410098
     82.66945221
     82.66945221
     82.66945221
     83.49459876
     83.49459876
     83.49459876
     83.49459876
     84.43929906
     84.64453588
     83.70745819
     83.70745819
     83.70745819
     83.45740327
     81.88092233
     81.49389139
     81.49389139
     82.63810869
     82.63810869
     83.87969089
     84.52241910
     84.38863461
     84.45697532
     84.45697532
     84.57736854
     84.57736854
     84.57736854
     84.31925734
     85.42450693
     85.34108628
     85.48118222
     85.48118222
     85.61346988
     85.67044014
     85.67044014
     85.67044014
     85.67044014
     85.67044014
     85.69435747
     85.00976039
     85.37276487
     85.37276487
     85.37276487
     85.37276487
     85.58288395
     85.57855960
     85.61851249
     85.42427283
     85.42427283
     85.44249213
     85.44161117
     85.41403461
     85.19017625
     85.84070517
     85.71746060
     85.73116817
     85.73116817
     85.70071016
     85.70071016
     85.70071016
     85.70071016
     85.70071016
     85.64750970
     85.53282281
     85.31031617
     85.31031617
     85.34555789
     85.42411149
     85.42411149
     85.42411149
     85.42229864
     85.42229864
     85.52150050
     85.45595398
     85.45595398
     85.48000365
     85.48000365
     85.10151641
     85.06271211
     85.10915086
     85.67000270
     85.67000270
     85.67000270
     85.67000270
     84.84264533
     84.84264533
     84.84264533
     84.84264533
     84.84264533
     84.91353370
     84.91353370
     84.91353370
     85.27095699
     85.27095699
     85.27095699
     85.27095699
     85.27095699
     85.27095699
     85.11229049
     85.11229049
     85.21428282
     85.24993250
     85.24993250
     84.99827314
     85.42124310
     83.96314610
     84.48933081
     84.48933081
     84.48933081
     84.12048709
     84.29358589
     84.14387351
     83.45603571
     82.76948051
     83.18276004
     83.18276004
     83.18276004
     84.98837871
     84.98837871
     84.08567566
     82.44298348
     82.44298348
     83.11971319
     82.94024301
     84.18818564
     85.15695149
     85.15695149
     81.68243118
     81.68243118
     81.49187973
     81.49187973
     81.68211647
     81.24161834
     79.89199696
     80.59808638
     80.65100038
     80.65100038
     79.36806490
     79.49039501
     81.36204799
     81.36204799
     82.87271710
     83.01824577
     83.01824577
     81.67533408
     82.06839736
     82.06839736
     82.06839736
     83.62561435
     83.62561435
     83.62561435
     83.78097936
     83.75280554
     83.20829139
     83.85991984
     83.74745000
     82.59826488
     82.59826488
     82.59826488
     82.59826488
     82.59826488
     83.65723663
     83.64725360
     83.64725360
     83.50396388
     83.61741669
     83.58779709
     84.45344469
     84.46393894
     84.46393894
     84.24839590
     84.69865197
     84.62271887
     85.17276537
     85.29258879
     85.08237920
     84.89592759
     84.71181523
     84.75572872
     84.71494665
     83.48443434
     83.48443434
     84.39462250
     84.35940701
     84.35940701
     83.57808669
     83.92757343
     84.09981825
     84.10104613
     84.10104613
     83.73557738
     83.73557738
     83.73557738
     83.73557738
     84.31603390
     84.15662780
     84.15662780
     84.15662780
     84.43980557
     84.44140313
     85.12267540
     85.22626748
     85.22626748
     85.28872376
     84.68849586
     82.77090329
     82.77090329
     83.24493335
     83.24493335
     84.92296672
     84.92296672
     85.09385318
     84.92745276
     84.92745276
     84.92745276
     84.92745276
     84.92745276
     84.92745276
     84.92745276
     84.93936222
     85.57509872
     85.40043144
     85.40043144
     85.47397351
     84.55784096
     85.02782306
     85.02782306
     82.94630862
     83.74587689
     83.74587689
     83.74587689
     81.92497888
     81.92497888
     81.92497888
     81.92497888
     84.07112323
     83.70667442
     84.05520641
     84.24631006
     84.24631006
     84.49474396
     84.06761010
     84.06761010
     83.60795041
     81.66424168
     84.47439122
     85.11992442
     85.21492666
     84.88609110
     85.08302735
     85.46195856
     84.94981141
     84.94981141
     84.94981141
     85.03217581
     85.02869041
     85.04260210
     84.78520817
     84.80807182
     85.09406759
     84.03202365
     84.15340509
     84.15340509
     84.97658302
     85.03504862
     84.88787354
     83.51939500
     83.51939500
     83.51939500
     83.51939500
     83.93243497
     83.93243497
     84.86793762
     84.69288682
     84.69288682
     85.01696300
     85.10271443
     85.05367081
     84.31778352
     84.31778352
     84.06551707
     83.11979288
     82.06517402
     82.06517402
     82.06517402
     82.06517402
     85.22550942
     84.87170316
     84.47504798
     84.47504798
     84.88335773
     84.88335773
     85.58834878
     85.56949973
     85.56949973
     85.56949973
     85.52836610
     85.18009245
     85.17855899
     85.16659436
     85.37051646
     84.78205442
     84.74113826
     84.74113826
     84.74113826
     84.85594312
     84.97156036
     84.86213728
     84.67533263
     84.99620553
     85.20636555
     85.49551947
     85.47620518
     85.66514618
     85.66514618
     85.66514618
     85.56653563
     85.56653563
     85.57606245
     85.59127108
     85.59127108
     85.59127108
     85.59127108
     85.71754621
     85.77633195
     85.79959845
     85.77318084
     84.99569778
     84.96389245
     84.98538852
     84.76522390
     84.78230513
     85.68579986
     85.68709794
     85.68709794
     85.25925331
     85.51631201
     85.38972660
     85.21336058
     85.26423981
     85.26423981
     84.93568189
     84.15516014
     84.06068939
     84.05749072
     84.85500877
     84.95867133
     84.63522039
     85.20311492
     84.48352225
     83.25736357
     82.33263180
     82.33263180
     82.52354730
     82.52354730
     82.52354730
     81.73763115
     83.36219195
     83.36219195
     82.49994268
     82.02204632
     81.87118021
     81.87118021
     83.06777301
     83.90677998
     84.07333945
     83.46968887
     83.84343655
     83.84343655
     83.19762867
     83.19762867
     82.97752718
     83.74690170
     83.43175292
     84.19706515
     84.45532650
     84.93443530
     83.03420975
     82.87308944
     82.16079277
     82.07854018
     83.40574124
     83.40574124
     83.42496741
     83.39158463
     84.01286589
     84.01286589
     83.16175953
     84.25861880
     84.52828874
     83.77512540
     83.70430288
     84.13874009
     83.88355391
     84.38245604
     84.01171432
     84.01210086
     84.19725506
     84.04162152
     83.77608058
     83.64563176
     83.46296201
     83.25187757
     82.16772087
     80.95108088
     80.95108088
     82.83025371
     82.83025371
     82.83025371
     83.10519212
     83.78366744
     83.43776033
     83.43776033
     83.26980522
     82.11170207
     82.11170207
     81.92220363
     81.92220363
     81.92220363
     81.92220363
     84.58576377
     85.11128406
     84.50733979
     84.95992447
     84.77716230
     85.20797738
     85.20797738
     85.02688768
     84.86478666
     85.62599889
     85.62599889
     85.62599889
     85.62599889
     85.62599889
     85.56488555
     85.56488555
     85.60531539
     85.60531539
     85.81384930
     85.81384930
     85.73761772
     85.81119374
     85.81119374
     85.81031339
     85.81031339
     85.84455674
     85.79688238
     85.76030157
     85.03767958
     84.49721617
     85.18395057
     85.18395057
     84.18122970
     84.98940860
     82.45105445
     82.45105445
     84.24955208
     84.58197482
     84.45057865
     84.45057865
     84.45057865
     84.29779288
     84.95193208
     84.95193208
     85.10181365
     85.09735961
     85.50017549
     85.16388991
     85.28859368
     83.96241400
     83.64866426
     83.68043515
     84.37818264
     84.34641146
     84.34641146
     84.14549276
     84.13922416
     80.47683221
     82.62430470
     82.62430470
     85.51579107
     85.47421856
     85.78836022
     85.78836022
     85.78836022
     85.78836022
     85.65913119
     85.65535083
     85.64410403
     85.58276016
     85.60935437
     85.60935437
     85.60935437
     85.41951418
     85.41951418
     85.16624313
     85.16624313
     84.98545450
     85.53678848
     85.59649363
     85.59649363
     85.59790134
     85.14195170
     84.36110976
     84.36110976
     83.14542800
     84.41689716
     84.41689716
     83.79713454
     83.84834729
     83.84834729
     83.38145247
     83.38145247
     84.20513962
     84.37444989
     84.37444989
     83.54478134
     83.54478134
     82.75642487
     82.75642487
     82.75642487
     82.75642487
     82.75642487
     82.75642487
     83.90776440
     84.46141154
     83.62450129
     85.02008934
     84.90577413
     84.81803490
     84.79101470
     84.79101470
     84.79101470
     85.04362890
     84.64222511
     84.86523118
     84.74914834
     84.50950578
     84.50950578
     82.42664571
     82.42664571
     84.90382574
     84.87946848
     85.21889900
     85.15578440
     85.15578440
     84.95751342
     84.77611868
     85.38347962
     85.40759468
     85.34012219
     85.34012219
     85.34121299
     84.48599965
     83.94769387
     84.85451616
     84.30656178
     85.02680730
     85.02680730
     85.02680730
     85.02680730
     85.12537003
     85.12537003
     84.11913633
     84.11913633
     84.27290939
     84.02606103
     83.18160634
     83.23372041
     83.74531808
     83.82339698
     83.48807793
     83.93656885
     84.67662276
     84.69098245
     84.58372966
     85.00461175
     82.43507135
     81.42799588
     83.96114405
     83.96114405
     84.30291160
     84.30291160
     84.74197627
     84.74197627
     84.68298054
     84.68298054
     84.68298054
     84.92399378
     85.08382255
     85.08382255
     85.14225172
     85.20607642
     85.57029827
     85.57029827
     85.12655295
     85.12655295
     85.01046755
     83.26877054
     84.50203577
     84.50203577
     84.47537757
     85.09533382
     85.19913311
     85.28415578
     84.87223324
     84.87600558
     85.17653154
     85.38164626
     85.38164626
     85.38164626
     84.99163443
     85.01159213
     85.01330161
     85.07483126
     85.04890159
     85.11023495
     84.94545690
     84.94545690
     84.85580264
     84.81400430
     84.20314670
     84.25509551
     84.25509551
     84.60407559
     85.09105016
     85.22271428
     84.63687986
     84.21421632
     83.07615232
     83.07615232
     83.49974438
     83.49974438
     83.79120708
     84.30318160
     84.30318160
     84.30318160
     84.27219137
     84.27219137
     84.09133982
     82.13660108
     84.08150299
     84.10812782
     84.10486411
     84.14649906
     83.41963678
     82.82062993
     81.45046694
     81.45046694
     82.61640199
     82.61640199
     82.61640199
     82.61640199
     82.61640199
     83.91165819
     84.00975455
     83.95490696
     83.47621204
     83.49790900
     83.49790900
     83.67206243
     83.75781194
     83.75172317
     84.18048937
     84.38866333
     84.52516693
     83.94065655
     83.61051888
     84.34014209
     84.48322358
     83.19185476
     84.01472133
     84.46802394
     84.46802394
     83.32807846
     83.32807846
     83.06703054
     81.18613957
     81.18613957
     83.00664310
     83.22819076
     83.22819076
     82.18249106
     82.09843518
     82.09843518
     82.09843518
     82.03867673
     82.03033567
     82.03033567
     82.03033567
     82.03033567
     83.44877822
     83.77038927
     84.04364153
     84.99409705
     84.15065788
     84.89065643
     84.96619623
     84.87401124
     85.06637711
     84.99618915
     84.79580997
     84.57013289
     84.57013289
     84.62461596
     84.78422044
     84.85274792
     84.27808806
     83.44668835
     83.83276493
     84.12377325
     84.12377325
     84.12377325
     84.11165704
     83.68272389
     83.61410657
     83.97486396
     84.19206622
     84.19206622
     84.19206622
     84.84061506
     84.67964255
     85.27016536
     85.16594619
     85.30150868
     85.38551453
     85.47592714
     85.13843781
     85.15695390
     84.90255378
     84.90255378
     84.90420791
     84.84489672
     85.01297106
     85.00945928
     84.65892725
     84.66481816
     81.33075113
     83.19974410
     84.57609141
     85.26648287
     85.26648287
     85.03865339
     85.03865339
     84.97716064
     84.97716064
     84.97716064
     85.06613287
     84.70612869
     84.70612869
     84.70612869
     84.97473938
     84.97473938
     84.59236101
     84.59236101
     84.59236101
     84.59236101
     84.68100435
     84.69201113
     84.79068929
     84.22811565
     83.83604794
     83.48240821
     83.53588026
     83.53588026
     83.53588026
     83.72724808
     83.35297776
     83.35297776
     83.35297776
     83.35297776
     83.18108873
     83.18108873
     83.00175927
     82.78433109
     80.16264688
     80.16264688
     82.55098928
     83.05656237
     82.86468673
     83.17815300
     82.76677208
     83.40244090
     83.40244090
     83.97925881
     84.48371204
     84.15555332
     84.37197809
     84.64351583
     84.18865354
     84.99442679
     85.61901911
     85.59074832
     85.77010647
     85.77010647
     85.77010647
     85.69611641
     85.83394113
     85.85781386
     85.85781386
     85.84999676
     85.84851471
     85.86759841
     85.86759841
     85.86759841
     85.86759841
     85.64400281
     85.69633784
     85.69633784
     85.69633784
     85.69633784
     85.69633784
     85.28231056
     85.18703738
     85.18703738
     85.29103682
     85.44445421
     85.44445421
     85.79511658
     85.73507876
     85.73507876
     85.73507876
     85.73507876
     85.73507876
     85.54114390
     85.50997280
     85.50997280
     82.95427096
     83.62371653
     83.29423101
     83.29423101
     83.29423101
     84.26716465
     84.83943051
     84.04366127
     84.04366127
     84.20761144
     84.11363677
     83.25867024
     83.96895371
     83.96895371
     83.96895371
     83.96895371
     83.90897978
     83.90897978
     85.55605332
     85.55605332
     85.55605332
     85.71391054
     85.71391054
     85.48308778
     85.48308778
     85.48308778
     85.48810299
     85.78612972
     85.78612972
     85.82243033
     85.82243033
     85.77865604
     85.77865604
     85.77865604
     85.77228900
     85.77228900
     85.74603299
     85.67149698
     85.67149698
     85.67149698
     85.67149698
     85.67149698
     85.67149698
     85.67149698
     85.76697984
     85.63203601
     85.63203601
     85.52690466
     85.52690466
     85.54411901
     85.41357369
     85.34844751
     84.86986154
     84.94006888
     84.66865077
     84.66865077
     84.66865077
     84.28937032
     84.11719626
     84.11719626
     84.11719626
     84.11719626
     84.83542039
     84.53136103
     84.73763481
     84.85492607
     84.85492607
     84.41114360
     84.48493457
     84.61682209
     84.59941289
     84.79146676
     84.84995539
     81.92414896
     81.92414896
     81.40422321
     80.77834139
     80.96513373
     82.65276706
     83.20198080
     83.20198080
     84.15397324
     84.16489979
     84.31650602
     84.31650602
     84.31650602
     84.31650602
     84.31650602
     84.40314058
     84.09590520
     84.35889671
     84.32703909
     84.19871686
     82.28829063
     82.65320159
     82.65320159
     83.78871676
     82.83476450
     82.95235150
     81.94513741
     85.35006869
     85.35006869
     85.01237294
     84.99166461
     84.75472759
     84.22261233
     83.66614444
     83.59513265
     84.13862072
     84.13862072
     83.99511527
     84.51568796
     84.53028704
     84.59202366
     84.67665782
     85.41102899
     85.61099483
     85.63505948
     85.62864082
     85.62756951
     85.67217550
     85.65451548
     85.62016183
     85.62016183
     85.70861975
     85.59654525
     85.47480747
     85.47480747
     85.47480747
     85.47480747
     85.47480747
     85.58712102
     85.58712102
     85.61959323
     85.61959323
     85.61959323
     85.61959323
     85.61959323
     85.55564801
     85.60088791
     85.60088791
     85.60088791
     85.60088791
     85.60088791
     85.60088791
     85.60088791
     85.60088791
     85.60088791
     85.60088791
     85.60088791
     85.83887536
     85.83887536
     85.83887536
     85.83887536
     85.83887536
     85.31317554
     85.49268602
     83.16386567
     83.26577097
     83.39242410
     83.39242410
     83.66151950
     83.66151950
     83.66151950
     83.75076375
     83.77397885
     85.14607225
     85.14607225
     85.22168148
     85.17223456
     85.05897169
     85.05897169
     85.20272475
     84.84826003
     84.80673322
     84.99031218
     85.17486093
     85.25532266
     84.79961159
     84.79961159
     84.79961159
     85.08742036
     85.09097615
     85.12516382
     84.95471088
     84.92016620
     84.95925764
     84.95925764
     84.95925764
     84.95925764
     85.55231801
     85.51481605
     85.51481605
     85.51481605
     85.61148935
     85.61148935
     85.62098813
     85.70596647
     85.64324813
     85.57002036
     83.36706938
     83.36706938
     82.46918765
     82.85044660
     82.84847915
     81.52305472
     80.24301551
     82.78462374
     83.92142691
     83.38309304
     83.38309304
     83.38309304
     83.38309304
     84.44184525
     84.74426037
     84.80674007
     84.65701016
     84.91908674
     84.91908674
     84.92598834
     85.23034394
     85.24488363
     85.04483858
     84.32454368
     84.32454368
     84.32454368
     83.70227944
     83.96427521
     83.84456602
     84.33353540
     84.12564623
     84.15151343
     81.89952423
     81.89952423
     81.99225912
     81.99225912
     82.23712940
     82.78995307
     84.58385100
     85.05503084
     85.08831735
     85.44588534
     85.46783728
     85.46783728
     85.46783728
     85.63172866
     85.63172866
     85.77969706
     85.77969706
     85.77969706
     83.94974318
     83.40197379
     84.40385394
     84.41541504
     84.75430840
     84.79104269
     84.64802646
     84.64802646
     84.60262919
     84.85072311
     84.91799946
     84.91136388
     85.04064417
     85.17278243
     84.23486908
     84.48342364
     83.98057847
     84.03117809
     84.33049600
     84.28426671
     84.28426671
     84.28426671
     84.27011496
     83.84964404
     83.88210738
     83.06599802
     83.06599802
     84.00658757
     83.94263939
     83.94263939
     81.62107903
     81.62107903
     81.62107903
     81.62107903
     81.62107903
     83.53887290
     83.53887290
     81.30717422
     81.30717422
     83.28810921
     83.57923131
     83.57923131
     84.62147805
     84.62147805
     85.06633455
     84.79854964
     84.79854964
     84.79854964
     84.80242513
     85.19513306
     79.19053123
     79.34695470
     80.53005148
     82.22094820
     84.56135955
     84.98766672
     84.93461891
     85.08585708
     84.73087596
     83.39382308
     82.96495173
     82.45567050
     80.83133264
     80.83133264
     80.64158934
     79.44830400
     80.45601346
     80.45601346
     80.45601346
     80.45601346
     82.13126814
     82.13126814
     82.13126814
     82.10105827
     83.95148833
     84.33019654
     83.94080107
     84.48166264
     84.44623114
     84.39955814
     84.39955814
     83.03422513
     82.06483917
     83.17307857
     83.42976661
     83.33615656
     83.02335756
     83.02335756
     83.30706273
     83.44262339
     83.44262339
     83.44262339
     84.35879950
     84.32231183
     84.32231183
     84.93477744
     85.38443602
     85.38443602
     85.42778994
     85.15604194
     81.33433798
     79.50521720
     78.78713155
     81.39130494
     80.82437353
     77.77481972
     80.02841951
     80.02841951
     79.30280638
     79.30280638
     81.33942409
     81.80052268
     82.44093474
     82.44093474
     82.44093474
     81.79791472
     83.29991265
     81.34982508
     81.34982508
     81.64784955
     81.64784955
     81.64784955
     81.64784955
     81.68643251
     81.68643251
     81.68643251
     81.68643251
     81.78703659
     83.53547357
     84.33570823
     84.33570823
     85.00431103
     84.02824055
     83.18634749
     83.18634749
     83.18634749
     82.94784716
     83.55806937
     83.55806937
     84.59132504
     84.88381282
     84.90055604
     84.93391552
     84.93391552
     84.92508263
     84.16268307
     84.16268307
     84.16268307
     84.16268307
     84.16268307
     85.46093460
     85.33582705
     85.55187448
     85.55364253
     85.55364253
     85.55364253
     85.55364253
     85.55364253
     85.66894595
     85.76860893
     85.76860893
     85.76860893
     85.74749886
     85.58806687
     85.62939627
     85.65047687
     85.67721433
     85.66922493
     85.41095055
     85.41095055
     85.41095055
     85.43735984
     85.19797506
     85.19797506
     85.19797506
     85.19797506
     84.50659994
     85.12395572
     85.18326821
     85.18191828
     85.05398345
     84.54289600
     84.11257413
     84.67769987
     84.92395263
     84.95504774
     85.69984305
     85.69984305
     85.69984305
     85.36132264
     85.25255423
     85.31637481
     85.31273487
     85.40875370
     85.40875370
     85.39118761
     85.48260250
     85.47815988
     85.47815165
     85.60084839
     85.83908584
     85.83908584
     85.83908584
     85.83321214
     85.83321214
     85.83321214
     85.38772779
     85.38772779
     85.08033903
     85.08033903
     85.30233093
     85.33351437
     85.33351437
     85.43001993
     85.48554787
     85.81318126
     85.85718287
     85.80503785
     85.80503785
     85.68364056
     85.68364056
     85.68364056
     85.74241207
     85.74510294
     85.78480127
     85.78480127
     85.78480127
     85.78480127
     85.78480127
     84.90057957
     84.82374380
     84.63522148
     84.63522148
     84.59492832
     85.20403706
     85.20403706
     85.20403706
     85.20403706
     85.26385554
     85.48431756
     84.74357266
     84.46231856
     84.46231856
     83.98210201
     84.40028823
     84.56732852
     84.91622607
     84.41692791
     84.89787259
     84.75951470
     83.99504014
     83.39130184
     82.25782436
     81.38650244
     82.18418286
     81.37764432
     81.37764432
     81.37764432
     78.63471626
     79.69711330
     80.79391076
     79.95058845
     81.46032833
     81.46032833
     81.59955494
     82.82272274
     82.82272274
     83.11625710
     83.87183854
     83.87183854
     83.28862614
     83.28862614
     82.70959756
     82.70959756
     80.32190705
     80.32190705
     80.32190705
     80.32190705
     80.65939343
     78.97633397
     79.00956224
     79.05347344
     79.05347344
     79.05347344
     78.62569649
     78.62569649
     80.14868599
     81.39282514
     80.85024741
     80.85024741
     80.85024741
     81.50245947
     81.57106926
     81.57106926
     81.57106926
     83.44203214
     84.21589601
     85.21520594
     85.25568893
     85.25568893
     84.23596716
     84.39021465
     84.39021465
     84.39021465
     84.39021465
     84.97913664
     84.27461442
     84.27461442
     84.54614549
     84.54614549
     84.74536528
     84.71464117
     84.72110608
     84.92478425
     84.92478425
     85.44241508
     85.44145218
     84.88366443
     84.57923090
     84.57923090
     84.53206800
     84.23810872
     84.31135986
     84.31135986
     84.31135986
     84.06149540
     83.93758722
     83.51070878
     82.66823395
     84.05271061
     84.54109933
     84.79846276
     84.86301655
     84.86301655
     84.24400145
     84.30491524
     83.89133780
     83.89133780
     83.89133780
     84.00497662
     84.87184056
     84.87184056
     85.34965517
     84.89817081
     84.35205388
     83.33005739
     84.05365919
     83.96345543
     83.17751668
     83.85690147
     80.22746522
     80.22746522
     79.06567680
     79.06567680
     82.38646887
     82.48940520
     82.27981121
     83.89375483
     83.86444541
     84.02142322
     84.02142322
     83.38317592
     83.08014649
     83.20327912
     82.62727149
     82.93273198
     82.93273198
     82.41583153
     83.09881455
     83.10088151
     83.76147340
     83.88984571
     83.80382515
     84.41338137
     83.66227710
     83.88964140
     83.88964140
     82.87813423
     82.19630667
     83.12954163
     83.33089890
     83.33089890
     83.33089890
     83.61511693
     83.61511693
     84.62827046
     84.62827046
     84.61872305
     84.87076194
     84.85379004
     84.58025761
     84.58025761
     84.74963384
     84.78831698
     84.41828436
     84.56819509
     84.32828706
     85.69378390
     85.69378390
     85.76147596
     84.57653315
     84.72801270
     84.76296619
     84.76296279
     84.76296279
     84.76296279
     84.83202537
     85.39798147
     85.39798147
     85.55162246
     85.31660658
     85.29771485
     85.27097372
     85.27657842
     85.18155288
     85.18155288
     85.63417645
     85.63417645
     85.63417645
     85.87826236
     85.87826236
     85.87826236
     85.87826236
     85.87826236
     85.87826236
     85.79491948
     85.16784764
     85.31107422
     85.25306055
     85.28467097
     85.37367132
     85.16321477
     84.87831975
     85.10763030
     84.55983958
     83.81219541
     83.81219541
     83.65420466
     83.44022157
     84.04669209
     83.73732564
     84.54336396
     84.62745085
     83.54802842
     83.96934567
     83.82157102
     83.84637818
     84.35958742
     85.04433059
     84.49573111
     85.26192592
     85.26192592
     84.94366862
     84.94857270
     84.94857270
     84.97158366
     84.98817348
     85.28387111
     85.28387111
     85.34204912
     85.22887454
     85.23883979
     85.22596782
     85.15172765
     85.22846106
     85.22587205
     84.91211461
     84.90882692
     84.48512785
     83.92346159
     82.75491042
     82.10500019
     83.65910458
     83.65910458
     83.65910458
     83.65910458
     83.65910458
     84.87672790
     84.85647628
     85.06525707
     85.65032938
     84.55004430
     84.55004430
     84.83875117
     84.83875117
     84.93562198
     84.93562198
     83.92735031
     84.77976492
     85.26466526
     85.19775442
     85.19775442
     85.09118512
     84.96316217
     85.40164707
     85.51447728
     85.39815455
     85.51354702
     85.51558575
     85.50187200
     85.34584840
     85.34584840
     85.34584840
     85.32385389
     85.25375485
     85.25375485
     85.32121201
     85.40712231
     85.51483560
     85.47549939
     84.37836583
     84.37836583
     84.20092852
     84.20092852
     83.92750579
     85.45650730
     85.13095621
     85.20297517
     84.69378561
     84.69378561
     85.38665630
     84.30873717
     84.45704442
     83.60621371
     83.60621371
     83.60621371
     83.60120137
     83.46537904
     82.51294744
     84.62036476
     84.32099443
     84.79605813
     84.79605813
     85.35060347
     85.51332685
     85.51332685
     85.51818991
     85.54665692
     85.36137821
     85.33047756
     85.26757479
     85.20063720
     85.45507577
     85.45507577
     85.40394316
     85.40474978
     85.15852231
     85.22498589
     85.22498589
     85.48250206
     80.94270715
     81.97962315
     82.39711086
     82.18912574
     82.19039903
     83.80920083
     83.80920083
     83.94316053
     83.94316053
     83.96310204
     83.51800857
     83.31410973
     83.31410973
     83.31410973
     83.31410973
     84.54806610
     84.54806610
     84.52992493
     84.52992493
     84.14831761
     83.96370983
     83.96370983
     83.96370983
     83.96370983
     84.63622345
     85.81563047
     85.81563047
     85.81563047
     85.81563047
     85.80217093
     85.76597681
     85.72634257
     85.73560966
     85.73560966
     85.73560966
     85.81781768
     85.75973086
     85.76012504
     85.76012504
     85.76012504
     85.85793480
     85.85793480
     85.72450388
     85.60515325
     85.53813704
     85.46492254
     85.46492254
     85.46492254
     85.44574557
     85.22152651
     84.92834177
     85.37994090
     85.37994090
     85.37994090
     85.38058682
     85.38058682
     85.38058682
     85.21035578
     83.89827600
     83.90783504
     83.36612483
     83.42260679
     83.85505572
     84.55016477
     84.55016477
     83.95601707
     83.06333837
     83.06333837
     82.84426760
     83.31825819
     83.24530065
     85.44405932
     84.94822031
     84.96366736
     84.97144039
     85.03325723
     85.31240684
     85.29843904
     85.19401476
     84.68396221
     83.58140842
     84.30377692
     84.30377692
     84.48503838
     84.48503838
     85.08880345
     84.91245388
     85.03333547
     84.73211232
     84.73211232
     84.57962965
     84.24588434
     84.24588434
     84.24588434
     84.24588434
     84.24588434
     84.14467381
     84.66208228
     84.66208228
     84.66208228
     84.98946523
     84.98946523
     85.05282955
     85.05282955
     84.86148272
     84.65353922
     84.69615446
     85.42676646
     85.44258692
     85.44258692
     85.44829189
     85.44829189
     85.44829189
     85.49253599
     85.41107831
     85.23355004
     85.23355004
     85.30006229
     85.30508861
     85.43399050
     85.43399050
     85.29201326
     85.29201326
     85.29201326
     85.16756285
     84.94530477
     84.94530477
     85.57729464
     85.57729464
     85.57729464
     85.57729464
     85.64343892
     85.55764847
     85.55764847
     85.55764847
     84.14047899
     84.59782463
     85.30278906
     85.30278906
     85.60313531
     84.92274876
     84.92274876
     85.45019199
     85.45019199
     85.45019199
     85.63290687
     85.63178156
     85.48280649
     85.50769842
     85.45164161
     85.04961475
     85.01626008
     85.10996483
     84.15162288
     84.15162288
     84.15162288
     85.10504862
     85.14290603
     85.37771249
     85.41594767
     85.41594767
     84.49322593
     84.35354609
     83.83042124
     83.73547732
     84.50763581
     84.58062720
     83.88848896
     84.34272941
     84.34272941
     83.87987905
     84.42184536
     84.16530322
     83.80502826
     83.80502826
     83.20648008
     82.94444577
     82.94444577
     83.95600124
     82.22787806
     82.22787806
     82.22787806
     82.04424021
     81.43871137
     82.13867683
     85.32368577
     85.32368577
     85.55660278
     85.55660278
     85.55660278
     85.56886789
     85.56886789
     85.56886789
     85.56886789
     85.79771456
     85.79771456
     85.79771456
     85.79771456
     85.79771456
     85.79771456
     85.40296519
     85.27773500
     85.27773500
     84.82822271
     84.59671570
     84.59671570
     84.92444014
     84.59451900
     84.49403573
     84.29893079
     85.14428251
     84.63257174
     84.63257174
     84.93576727
     84.93576727
     84.32934294
     84.31772440
     84.45265618
     84.84202024
     84.67821269
     84.59959680
     84.88571588
     84.67218279
     83.80370651
     84.64317682
     84.81860049
     84.81860049
     84.40574277
     85.06942073
     85.30462717
     85.07393527
     85.00694540
     84.94961345
     83.72345344
     83.53482592
     83.99105177
     83.95248663
     83.95248663
     83.95248663
     82.82530531
     81.68116368
     80.76685315
     80.76685315
     84.63032150
     85.27783940
     85.08782052
     85.08782052
     85.08782052
     85.08782052
     85.08782052
     84.00845857
     84.88157623
     84.88157623
     85.28679488
     85.19073767
     84.64754960
     85.05184021
     85.28050062
     85.57700214
     85.57700214
     85.57700214
     85.43711137
     85.43685518
     85.28458102
     85.07205424
     85.07205424
     85.07205424
     85.24348456
     85.25269691
     85.23807700
     85.33834099
     85.33444784
     85.33444784
     85.21243980
     85.16324597
     84.33462257
     84.33462257
     85.61169065
     85.59176110
     85.59176110
     85.41617107
     85.41617107
     85.41744949
     85.47307969
     84.63053721
     84.65248683
     84.65248683
     84.75770968
     85.44087001
     85.44087001
     85.49135749
     85.53501004
     85.48244896
     85.48453639
     85.60442283
     84.95998813
     84.85505033
     84.85717817
     84.96620126
     84.95786953
     85.65860014
     85.65860014
     85.65860014
     85.65860014
     85.65860014
     85.65860014
     85.65860014
     85.65860014
     85.59837218
     85.62818553
     85.09215845
     85.09215845
     84.82424357
     85.16613324
     85.13562699
     85.34279114
     84.73645255
     85.44199461
     85.44199461
     85.30193458
     84.96344570
     84.96344570
     84.96344570
     85.40198649
     85.43334441
     85.30008389
     85.30008389
     85.30169174
     85.32801660
     85.14371890
     85.17174197
     85.14389597
     85.14389597
     85.21727494
     85.21727494
     85.21727494
     85.37916346
     85.41692437
     85.56308491
     84.82160213
     84.82160213
     84.80566624
     84.80566624
     84.80566624
     85.01101671
     85.42614651
     85.42614651
     85.50953316
     85.48736415
     84.95669309
     85.71020868
     85.14857399
     85.14857399
     85.14857399
     84.13615106
     84.00919606
     84.00919606
     84.00919606
     84.00919606
     81.36534228
     82.90459438
     82.72855743
     80.58282223
     83.46620159
     84.17952611
     84.17952611
     82.57769419
     82.57769419
     82.57769419
     83.66457092
     83.66457092
     81.37063836
     85.08279390
     85.42419198
     85.00563528
     85.00563528
     84.90352943
     84.90632607
     84.01832073
     84.01832073
     84.01832073
     84.12604736
     84.12604736
     84.12604736
     83.69023211
     83.68436888
     84.07836080
     82.24634509
     83.93319919
     84.67296181
     85.12236728
     85.12236728
     85.10305891
     85.06597200
     85.06597200
     85.34631549
     85.34631549
     85.34631549
     85.34631549
     85.37219255
     84.98815172
     85.06579455
     84.90080197
     85.25745291
     84.74098386
     84.71380069
     84.71380069
     84.97442576
     84.97310760
     84.60027617
     84.12867222
     84.12867222
     84.51614589
     84.51614589
     84.63697368
     84.30821344
     84.10371512
     84.10371512
     84.10371512
     83.81000142
     84.71412380
     84.30955371
     84.47222015
     84.28646999
     83.69668545
     84.77283181
     84.77283181
     84.95090377
     85.34625470
     85.33246333
     84.73895448
     84.70791590
     84.70791590
     84.65978787
     84.58552912
     84.37898242
     84.57488430
     84.35258691
     84.35258691
     85.12735683
     85.12735683
     84.64142499
     83.81637549
     83.81637549
     83.81637549
     83.81637549
     84.77496445
     85.03706880
     84.66622962
     85.24276200
     84.69368611
     84.73074112
     84.75906843
     84.74830759
     85.19020131
     84.24202891
     84.24202891
     83.67679140
     83.67679140
     84.18446855
     84.18446855
     85.04604255
     85.00134772
     84.84820480
     84.84820480
     83.52644918
     83.52644918
     83.52644918
     83.80661746
     83.80661746
     84.55640990
     84.51072111
     84.51072111
     84.59439150
     84.07576205
     84.66814394
     84.80488288
     85.26492096
     85.08690669
     84.97958114
     84.95040496
     85.52791901
     85.20815845
     85.20815845
     85.21490027
     84.56588257
     84.38755296
     84.38755296
     84.69623893
     84.75242469
     85.14286513
     85.38408350
     85.38408350
     85.39041928
     85.40403962
     85.40403962
     85.33006757
     85.47586044
     85.13986904
     85.20209829
     83.85545309
     83.85545309
     83.85545309
     83.17615039
     83.17615039
     83.64864885
     84.63635856
     84.42734387
     84.48354047
     84.48354047
     84.48354047
     84.48354047
     84.61677954
     84.14867311
     84.19280967
     84.88942236
     84.78376714
     84.99051932
     85.08408091
     85.08408091
     85.00809995
     85.12789958
     85.09556700
     84.70658029
     84.69646758
     84.56688251
     84.44330346
     83.76344808
     84.08092304
     84.94826431
     84.94826431
     84.94826431
     84.94826431
     85.07053643
     85.25309465
     85.25309465
     85.14834135
     85.14834135
     85.52635706
     85.58707961
     85.50068206
     85.76737135
     85.75196692
     85.73721035
     85.73721035
     85.06680375
     85.06680375
     85.06680375
     85.06680375
     85.19010625
     85.15172934
     85.15172934
     85.07180459
     85.24228052
     83.82766069
     83.83115773
     83.83115773
     83.83115773
     84.09547790
     84.09547790
     84.09547790
     84.35356684
     84.73395185
     84.74833280
     84.74833280
     84.94293826
     84.94293826
     84.94293826
     84.94293826
     84.98245251
     83.70370772
     84.49965382
     84.49965382
     84.49965382
     84.49965382
     83.96108088
     84.13394811
     84.40085896
     84.43018999
     85.11236818
     84.85668197
     84.85668197
     85.35051730
     85.51679842
     85.58721846
     85.57148962
     85.53393187
     85.55061889
     85.45174832
     85.45174832
     85.39129132
     84.96750668
     84.21819901
     84.07713015
     84.07713015
     85.24425894
     85.48284334
     85.47182219
     85.48403591
     85.37376829
     83.08318404
     84.04387832
     84.09033229
     84.55337702
     85.41583350
     84.85431793
     85.61674454
     85.50304407
     85.22369246
     85.22369246
     84.56218625
     84.56218625
     85.10983495
     84.84248792
     84.92374161
     85.18777018
     85.16972797
     85.16972797
     85.59577056
     85.58454376
     85.60392316
     85.60392316
     85.77924147
     85.77924147
     85.74361625
     85.74200129
     85.74200129
     85.74200129
     85.79935160
     85.35869929
     85.35869929
     85.35869929
     84.79167694
     84.77538201
     84.77538201
     84.35235437
     84.12132178
     84.12132178
     84.15835236
     82.35549040
     82.35549040
     82.35549040
     83.47075118
     83.60453511
     83.81638989
     83.81638989
     83.96541503
     83.90847953
     84.35173049
     83.17800312
     85.72308288
     85.72308288
     85.73231571
     85.70248651
     85.67552041
     85.69281037
     85.69281037
     85.72046178
     85.76206732
     84.85557227
     85.05574360
     84.97215692
     85.09906035
     85.01485820
     85.27871249
     85.31073562
     85.05159576
     85.01067161
     84.97635784
     85.38917243
     84.88927859
     84.84321456
     84.08880371
     83.82532968
     83.89895563
     83.95891088
     83.86317935
     83.99624812
     82.91033746
     82.91033746
     82.91033746
     85.06233172
     85.11993656
     83.86466018
     83.86466018
     84.26592466
     84.06956940
     84.06956940
     84.05445244
     84.05445244
     84.18600892
     84.45518756
     84.47339864
     83.87904202
     83.87904202
     81.81864624
     79.27228540
     79.27228540
     77.97453869
     77.97453869
     84.26924628
     84.01085109
     84.71671361
     84.73801069
     85.29771477
     85.29771477
     85.29771477
     85.19791398
     85.19791398
     85.32120207
     85.32120207
     85.28850723
     85.55758665
     85.57199833
     85.57199833
     85.55988021
     85.55988021
     85.76946956
     85.77793763
     85.56983828
     85.56983828
     85.56983828
     85.56983828
     85.56983828
     85.56983828
     85.56385615
     85.56385615
     85.56385615
     85.56385615
     85.56825396
     85.56825396
     85.59280413
     85.59280413
     85.76848756
     85.77562827
     85.69154470
     85.57537456
     85.55289538
     85.52975177
     85.52975177
     85.52975177
     85.39660185
     85.35396882
     85.24461332
     84.85100706
     84.90481989
     84.90481989
     84.90481989
     84.90481989
     84.90481989
     85.10875840
     85.10875840
     85.26012190
     85.14912652
     84.65376251
     85.27139975
     85.27139975
     85.24866633
     85.24866633
     85.23166366
     85.19553922
     85.62679791
     85.47750988
     85.78945331
     85.78945331
     85.78945331
     85.78945331
     85.74421215
     85.74421215
     85.74421215
     85.74421215
     85.82643161
     85.82643161
     85.82643161
     85.82643161
     85.82643161
     85.82643161
     85.82643161
     85.78552830
     85.78696844
     85.78696844
     85.78696844
     85.78696844
     85.86848971
     85.86848971
     85.86848971
     85.81075037
     85.81075037
     85.81075037
     85.81075037
     85.60231641
     85.46170668
     85.56598599
     85.56598599
     84.97969364
     84.97969364
     84.97969364
     84.97969364
     85.39165046
     85.28357378
     85.53833405
     85.53833405
     85.53833405
     85.53833405
     85.53833405
     85.41173434
     85.34052380
     85.34052380
     85.34052380
     85.34052380
     85.18202031
     85.08031608
     84.96018636
     84.98649244
     84.11914945
     84.70690271
     84.52501252
     84.34125811
     85.52345987
     85.25642470
     85.25642470
     85.20073551
     85.09168193
     83.78558683
     83.78558683
     82.64053716
     82.64053716
     82.64053716
     82.63787257
     82.63787257
     83.74511940
     84.36092722
     83.07786274
     83.07786274
     83.07786274
     83.07786274
     83.07786274
     84.88224396
     84.88224396
     85.29349166
     84.40031555
     83.80163203
     83.81274445
     84.41476514
     83.74395495
     83.74395495
     85.35321454
     85.35321454
     85.18131029
     84.65305037
     80.60129170
     80.64913112
     80.38252795
     81.95489081
     81.67373920
     81.67373920
     83.28674405
     84.07325099
     84.07325099
     84.74365282
     85.04175744
     84.28435087
     84.73303321
     84.75657714
     84.79371880
     84.79720185
     85.70706423
     85.72164407
     85.63392283
     85.59425959
     85.37349804
     84.92640774
     84.79110248
     84.79110248
     85.26358283
     85.27392571
     85.33000767
     84.86119245
     84.34958473
     85.42240350
     85.42240350
     85.47682536
     85.48472702
     85.27430379
     84.65742740
     84.65742740
     85.12037226
     85.40034052
     85.31565795
     85.31709409
     84.93320442
     85.15355082
     85.15520456
     85.15520456
     85.32021533
     85.32021533
     85.52486397
     85.43570845
     85.43570845
     85.18561374
     84.31790163
     84.31790163
     84.31790163
     84.50985219
     84.50985219
     84.50985219
     84.50985219
     84.50985219
     84.77072176
     85.19832404
     85.06620455
     85.37751395
     85.39179264
     85.41111556
     85.41111556
     84.84149089
     85.14802469
     85.29000158
     85.29000158
     85.29736449
     85.30150633
     85.40481989
     85.37892570
     85.24911249
     85.24911249
     84.83759858
     84.83759858
     85.37115716
     85.09484343
     85.09484343
     85.17940555
     85.17940555
     85.31848139
     85.33691947
     85.33691947
     85.31743553
     85.31822443
     85.57742811
     85.66159148
     85.66159148
     85.66159148
     85.66159148
     85.66159148
     85.66159148
     85.57642800
     85.60800185
     85.72125635
     85.72125635
     85.72125635
     85.72125635
     82.64726903
     83.36818993
     83.67565566
     84.24651562
     84.24651562
     84.44255298
     84.55234198
     84.22546823
     84.89371953
     85.09774070
     83.73647688
     85.03203308
     85.24174939
     85.12440348
     85.12440348
     83.42463821
     84.36385640
     84.35488197
     82.65269144
     83.50013452
     83.50013452
     80.96396325
     81.29155402
     80.98999554
     78.73551228
     77.74832633
     81.22922733
     81.22922733
     81.22922733
     80.85638454
     81.04095283
     80.55594579
     80.55594579
     81.62124309
     81.62124309
     84.08061393
     83.18443691
     82.18754456
     83.81390719
     84.11419531
     84.80736747
     85.16169908
     85.27141549
     84.94994483
     84.94994483
     85.46939601
     85.46939601
     85.51021806
     84.88372386
     85.10396488
     85.20775879
     85.45544721
     85.45544721
     85.13508108
     85.12804940
     84.98793249
     84.98129482
     84.98129482
     84.98129482
     84.98129482
     84.98129482
     84.98129482
     84.77805772
     85.18574583
     85.70806967
     85.70806967
     85.63924017
     85.84697650
     85.84697650
     85.81424599
     85.72556930
     85.72556930
     85.58794503
     85.58794503
     85.35313949
     85.35336005
     85.69413076
     85.71172245
     85.71172245
     84.40981232
     84.40981232
     84.40981232
     84.40981232
     84.40981232
     84.40981232
     84.40981232
     85.05326108
     85.22783329
     85.21068375
     85.44235700
     85.48336678
     85.48336678
     85.43440009
     85.43440009
     85.02819416
     85.17195845
     85.17195845
     85.16139361
     85.16139361
     84.57355042
     84.35718942
     84.77733002
     84.77624462
     85.61581908
     84.88135613
     84.88135613
     84.98686285
     85.24225127
     85.17305353
     84.90288878
     83.49131545
     83.53746201
     82.22973673
     82.22973673
     82.22973673
     81.41727106
     81.41727106
     82.20051801
     82.20051801
     82.20051801
     82.20051801
     82.20051801
     83.54344958
     84.03463970
     83.12950632
     83.55200370
     83.71547880
     83.34009402
     83.20361156
     83.18425369
     83.18425369
     83.18425369
     80.96460517
     80.96460517
     80.96460517
     83.07540376
     83.07540376
     83.07540376
     83.07540376
     80.06729034
     82.68942737
     82.68942737
     84.15877028
     83.84109714
     84.07110955
     84.07110955
     83.15797169
     84.35858201
     84.33349467
     84.41385898
     83.98034938
     83.98034938
     83.98034938
     84.64902808
     84.80411488
     84.66982249
     83.11971997
     83.93545012
     83.93545012
     83.31249391
     82.66681249
     84.23637637
     84.23637637
     84.94375383
     84.94375383
     84.23066155
     84.23066155
     84.23066155
     84.23066155
     84.56345472
     84.56345472
     84.56345472
     84.33320744
     84.28430064
     84.28430064
     84.28430064
     84.28430064
     83.69345170
     83.09991503
     83.04444381
     85.19696721
     85.23549304
     84.81091996
     84.44859464
     85.00689132
     85.00643425
     84.88408223
     84.87176708
     84.87176708
     84.69575611
     84.69575611
     84.40960429
     84.40960429
     84.40960429
     85.40158280
     85.80224007
     85.80224007
     85.80371654
     85.83344490
     84.63199332
     80.77401323
     80.77401323
     81.41536467
     82.55157182
     82.49273022
     82.49273022
     82.49273022
     82.65564390
     82.65564390
     82.42254050
     83.91389862
     84.65312741
     84.56051876
     84.56051876
     84.69067130
     84.58488036
     84.14296975
     83.65214284
     83.49056748
     83.49056748
     83.14546363
     82.40997252
     84.76662184
     83.93563731
     82.66110899
     82.66110899
     82.66110899
     82.66110899
     82.66110899
     82.66110899
     82.83876024
     82.45005871
     82.45005871
     84.38824504
     84.27638733
     83.30240610
     83.30240610
     82.23111612
     81.59397384
     81.59397384
     81.59397384
     83.47297216
     83.87015904
     85.16534860
     85.16534860
     85.16534860
     85.29058509
     85.30012167
     85.30012167
     85.35071987
     83.45100653
     82.75493423
     83.45201535
     83.86887355
     83.86887355
     83.74482259
     83.74482259
     83.74482259
     84.46471821
     85.15098508
     84.51063390
     84.01952060
     84.62164956
     83.71775021
     83.71775021
     83.44192249
     81.99515482
     83.92933011
     83.92933011
     84.23533065
     84.23533065
     84.41791175
     84.57366835
     84.31538058
     83.49681984
     83.49681984
     84.33489618
     83.04759722
     81.51482007
     83.29552445
     83.64618424
     83.41122854
     84.05819756
     84.05819756
     84.14327732
     84.14327732
     83.85650855
     83.10508120
     83.27412307
     83.26576804
     83.39607325
     84.37830426
     83.99693917
     83.99693917
     82.96059292
     82.96059292
     83.88499884
     82.88347125
     82.61098883
     82.61098883
     85.30071456
     85.30071456
     85.36169522
     85.36169522
     85.85211746
     85.85211746
     85.85211746
     85.85211746
     85.75475726
     85.73673224
     85.73457768
     85.73457768
     85.63552237
     85.45451064
     85.43280805
     85.43280805
     85.11310023
     85.29979388
     84.57974608
     84.57974608
     84.44249782
     85.03843986
     85.03843986
     84.98252813
     84.98252813
     85.47156675
     85.30232094
     85.19714298
     84.76805526
     84.78420806
     84.78420806
     84.78420806
     84.85058285
     84.88489410
     84.88112420
     84.88112420
     84.88112420
     84.88112420
     84.88620823
     84.88620823
     84.88620823
     84.88620823
     84.44871722
     84.70844151
     84.18677817
     83.40346983
     82.45233211
     83.43444687
     83.64619394
     83.64619394
     84.79156317
     84.79156317
     84.79156317
     85.23778648
     85.23778648
     85.21510648
     85.24887882
     85.27362427
     85.24459557
     85.21656607
     85.21656607
     85.21656607
     85.21656607
     85.21656607
     85.21656607
     84.86775990
     84.72201817
     84.07007018
     83.79291453
     83.90896623
     84.39455372
     84.39455372
     84.86389420
     84.85199832
     84.40984989
     84.40984989
     84.61780258
     84.61815995
     84.61519121
     84.96397402
     84.96397402
     84.81086362
     84.77764531
     84.87458066
     84.87734986
     84.87364314
     84.80619282
     84.92946941
     85.18291465
     85.31322036
     85.31438836
     85.31438836
     85.31438836
     85.16566503
     85.17088690
     85.47087241
     85.09589583
     85.04663184
     85.04663184
     85.04663184
     85.20082936
     85.01884152
     85.04206864
     85.04206864
     85.22438113
     85.07453969
     85.05298716
     85.14962001
     85.14962001
     84.78431705
     84.87347546
     85.38969464
     85.47267155
     85.47267155
     85.47267155
     85.47267155
     85.47267155
     85.44788083
     85.76818034
     85.77984551
     85.73640076
     85.73640076
     85.73640076
     85.73640076
     85.73640076
     85.73640076
     85.62879580
     85.62879580
     85.30715999
     84.96820116
     85.49307300
     85.70290063
     85.56501056
     84.48629141
     85.02826457
     84.53280056
     84.39585492
     84.39585492
     84.00095045
     84.00095045
     84.00095045
     83.68467255
     83.43135714
     83.43135714
     84.71218509
     85.02629370
     85.02629370
     85.07610583
     85.01516320
     85.00182093
     84.95626233
     84.95354118
     84.95354118
     85.16728611
     85.16728611
     85.06907220
     84.68312444
     85.54316935
     85.54316935
     84.97849101
     84.97849101
     84.97849101
     84.72738232
     85.14106496
     84.94680367
     84.94324618
     84.94324618
     84.94324618
     84.83836710
     84.14674381
     84.14674381
     84.85718808
     85.11326793
     85.29614612
     84.81822787
     84.75136126
     84.36068631
     84.46233408
     84.44464012
     84.60719042
     84.88832148
     84.55735819
     83.98518079
     82.52492301
     82.79892124
     82.63631328
     83.87699934
     84.19604160
     84.28288878
     84.28288878
     83.44486407
     83.62139048
     83.59471976
     83.59471976
     83.59471976
     83.29847690
     83.69240931
     83.69240931
     83.37230404
     84.56587836
     84.59261836
     84.82842196
     84.73519816
     84.66856222
     84.73049313
     84.38795938
     82.76638023
     82.13956805
     82.13956805
     82.13956805
     84.87878658
     84.87878658
     84.51048710
     83.53343674
     84.77210814
     83.81391282
     84.42129700
     83.93569242
     82.21391475
     82.21391475
     82.21391475
     81.59226622
     83.20750449
     83.81623104
     83.81623104
     83.81623104
     84.35905115
     84.16751410
     83.64688000
     83.64688000
     83.23263850
     82.84586762
     81.37379170
     81.37379170
     81.37379170
     82.65429302
     82.65429302
     82.61308487
     82.85695156
     82.85695156
     82.62607925
     83.02373530
     83.02373530
     82.85644453
     83.06298888
     83.47012907
     84.26651395
     84.32978415
     84.32978415
     84.32978415
     80.72486908
     81.67714406
     81.67714406
     83.21692233
     83.21692233
     83.37109096
     83.58930216
     81.10648750
     82.13067581
     82.12860946
     82.12860946
     79.91614241
     81.31325800
     82.67289076
     82.67289076
     83.52086286
     83.97649554
     84.22951272
     83.57406792
     84.62759504
     84.90792472
     85.25957981
     85.53778278
     85.53428726
     85.53428726
     85.47807128
     85.47807128
     85.47807128
     85.47807128
     85.47807128
     85.47807128
     85.56377925
     85.56377925
     85.12808797
     84.68385819
     83.75754013
     83.75754013
     83.75754013
     83.85165492
     83.66506290
     83.92446858
     84.46976507
     84.25883851
     84.25883851
     84.57894807
     85.40234579
     84.12040558
     84.12040558
     84.45361323
     84.84665252
     85.52240573
     85.32975989
     85.23100885
     85.22111644
     85.19042376
     85.19042376
     84.64486539
     84.64486539
     84.86808925
     85.65495873
     85.65495873
     85.65495873
     85.34902833
     85.34902833
     85.07379191
     85.38654335
     85.30324563
     85.21292902
     85.10887822
     85.10887822
     85.43149468
     85.43149468
     85.11284592
     85.11284592
     85.11284592
     84.72847188
     85.41838288
     85.41805284
     85.20026776
     85.20026776
     85.18171531
     85.18171531
     85.18171531
     85.18171531
     85.18171531
     85.18171531
     85.18171531
     85.06365866
     85.06365866
     84.76777846
     84.76777846
     84.87394101
     84.93454465
     84.93454465
     84.93454465
     85.18881072
     85.18881072
     85.18881072
     84.69380063
     85.03104955
     83.88565981
     84.68059940
     84.68059940
     84.64469704
     84.64469704
     84.67689211
     84.68457847
     84.61366590
     84.90286118
     84.62070340
     84.78589936
     84.80092097
     84.44529839
     84.08003300
     83.94646879
     84.51587009
     84.43396741
     84.43396741
     84.77687431
     84.71572784
     84.46542428
     84.89317764
     84.97306014
     84.85343176
     85.01000695
     85.03847587
     84.54700247
     84.81936626
     83.61222880
     83.61222880
     83.61222880
     85.23846912
     85.23846912
     84.97278750
     84.81647178
     84.10761254
     84.62152779
     84.07345154
     84.07345154
     83.67697724
     83.70320071
     84.28057718
     84.28057718
     84.28057718
     84.28057718
     84.17022496
     82.91102214
     82.61791189
     83.96961638
     84.85279810
     85.56525450
     85.56525450
     85.51937349
     85.23373036
     84.82154575
     84.04914843
     84.32425492
     84.32425492
     83.45425676
     84.23830016
     84.23830016
     85.12968596
     85.37920010
     84.77795937
     84.77795937
     85.38527442
     85.42614253
     85.64563185
     85.64563185
     85.75640681
     85.67854282
     85.67578762
     85.67747264
     85.75489347
     85.09881640
     85.09881640
     85.15726561
     85.32910814
     85.32910814
     84.99021803
     84.78275092
     85.08411134
     84.95463194
     84.33678255
     84.51182250
     84.49708962
     85.86422253
     85.86422253
     85.68159386
     85.69276012
     85.69276012
     85.27344075
     85.27344075
     85.28311887
     84.98954714
     84.94844417
     83.97248933
     83.96661711
     83.96661711
     83.96661711
     83.59014693
     84.77520433
     84.47889411
     84.55377317
     84.45559874
     84.47897631
     84.66687345
     84.85644636
     84.44385293
     83.08647345
     80.60642588
     80.75018370
     80.75018370
     84.28370304
     84.33956809
     84.33956809
     84.33956809
     84.61530480
     84.61530480
     85.49784167
     85.43141747
     85.43141747
     85.38031385
     85.42214182
     85.52941923
     85.62689598
     85.44512116
     85.44512116
     85.44512116
     85.79282009
     85.79282009
     85.79282009
     85.79282009
     85.79282009
     85.79282009
     85.79282009
     85.80358592
     85.79798955
     85.77901527
     85.38592658
     85.38592658
     85.46977543
     85.18308772
     85.46514596
     85.54001641
     85.54275989
     85.00753958
     84.19372733
     84.75659630
     84.75659630
     85.17114057
     85.33445071
     85.33445071
     85.33445071
     85.33445071
     85.33445071
     85.30902159
     85.30902159
     85.39864977
     85.39779552
     85.35551483
     85.58127661
     85.25725751
     85.17625510
     85.17655177
     84.92726892
     84.43539010
     84.43539010
     84.43539010
     84.72442503
     84.93406613
     84.89665000
     84.89665000
     84.54729828
     84.62290379
     84.62290379
     84.62290379
     83.90897701
     84.19321424
     85.00010547
     85.27166505
     85.06122793
     84.53999301
     85.28906471
     85.32543376
     85.19797332
     85.20143890
     85.26153477
     84.79758208
     84.83651917
     84.85039498
     84.59699617
     84.60494241
     83.21537284
     83.69932805
     83.69932805
     83.88216631
     83.88216631
     83.83202581
     84.64883295
     85.13032252
     85.13032252
     84.85649838
     84.36186158
     84.31767575
     85.15568389
     85.19338446
     85.19338446
     85.20047227
     85.29488194
     85.29488194
     84.67219085
     84.67219085
     84.67219085
     84.30931764
     84.72596558
     84.79334891
     84.79334891
     85.36163999
     85.36163999
     85.42981383
     85.42981383
     85.57912724
     85.57912724
     85.12276772
     85.12276772
     85.13105136
     85.19393989
     85.19393989
     85.41774709
     85.41774709
     84.82568741
     84.82568741
     84.91061851
     84.91061851
     85.24477734
     85.09856911
     84.95843103
     84.95843103
     85.08153052
     85.08153052
     85.14583759
     84.52814078
     84.52814078
     84.49047934
     84.49047934
     84.49047934
     84.49047934
     83.84772162
     83.84772162
     83.72088865
     83.95941934
     83.52425244
     83.84943687
     83.84943687
     83.81357195
     83.81357195
     84.40389531
     83.97743905
     84.54195129
     84.10471237
     83.61702628
     83.61702628
     83.61702628
     83.88737820
     83.90311273
     84.00176630
     84.01130481
     84.85140365
     84.85140365
     84.41702339
     85.23086056
     85.27192551
     84.74433658
     84.87716597
     85.10197506
     84.92792454
     85.13876502
     85.19315092
     85.19315092
     85.42897950
     85.48695091
     85.48695091
     85.75279462
     85.72235117
     85.46153766
     85.46654923
     85.75848562
     85.75848562
     85.75848562
     85.86472749
     85.86472749
     85.86472749
     85.87809407
     85.31121298
     85.28748090
     85.28748090
     85.30087963
     85.30087963
     85.17805937
     83.53244225
     83.53244225
     83.53244225
     84.21232773
     84.21232773
     84.41860723
     84.41860723
     84.41860723
     84.41860723
     84.88548985
     84.96147049
     84.94819582
     84.07389341
     84.23458872
     83.18753139
     83.18753139
     83.18753139
     83.21806068
     83.69286271
     83.69286271
     84.04906909
     83.91935301
     83.91935301
     83.73007388
     83.70601255
     83.70601255
     83.70601255
     84.00125720
     84.36722533
     83.45979249
     81.99077469
     82.02023124
     83.36918013
     83.66770969
     83.70599426
     83.64531837
     83.02432623
     84.14884419
     84.04346948
     84.00382980
     84.28651753
     83.87058135
     83.87058135
     83.87058135
     82.45691825
     82.13280040
     82.14796010
     80.23503458
     80.23503458
     80.23503458
     83.85943332
     83.23634637
     83.24715875
     83.24715875
     84.04619289
     84.04619289
     84.10163410
     84.06262069
     84.78512604
     84.78512604
     85.00836491
     84.69231386
     84.92626770
     85.12223366
     84.99298659
     83.92017355
     83.49639908
     83.81283459
     83.71192603
     84.64751331
     84.64751331
     84.82293845
     84.82293845
     84.95299668
     84.34796384
     84.34796384
     84.86111311
     84.52319182
     84.90068300
     84.29244140
     84.29244140
     84.29244140
     84.29244140
     84.09381334
     84.42532719
     83.83367922
     83.83367922
     83.94716274
     83.88182132
     80.64820261
     81.34825287
     83.65353066
     83.65353066
     84.34307422
     84.81279416
     84.72646173
     84.89399542
     84.89399542
     84.89399542
     84.67229180
     83.91926098
     83.91926098
     82.46445923
     82.38657728
     82.35556594
     84.50809472
     84.50809472
     84.30911020
     84.30911020
     84.30911020
     84.83872641
     84.83872641
     85.47532967
     85.36466819
     85.28325612
     85.16392071
     84.74844680
     84.25558947
     84.25558947
     83.26206219
     83.26206219
     82.97410133
     83.59391396
     82.11340278
     81.13509377
     81.53394521
     80.92203248
     80.92203248
     80.92203248
     80.89016380
     80.89016380
     80.89016380
     83.36230861
     83.56222429
     84.84895332
     84.44820957
     84.70930209
     84.41430620
     84.71437617
     85.25505157
     85.60303786
     85.60303786
     85.41239546
     85.20883273
     85.71514962
     85.54543297
     85.54543297
     85.47846016
     85.19285776
     85.19285776
     84.30500354
     84.88764500
     84.51129078
     85.34288666
     84.97536231
     84.03812642
     84.31825381
     84.31825381
     82.91847193
     82.91847193
     82.91847193
     82.69258871
     79.58521291
     84.04074411
     85.00661297
     85.09541163
     85.25517194
     85.25517194
     85.31228922
     85.31228922
     85.32910482
     84.79330363
     84.79330363
     85.78825901
     85.71148964
     85.74660996
     85.74660996
     85.74660996
     85.73604821
     85.64383027
     85.65893593
     85.67034032
     85.43636894
     85.32691152
     84.74619984
     85.13763139
     85.23410530
     84.20782237
     84.20782237
     83.43835332
     82.81525051
     83.37996966
     83.37996966
     83.37996966
     84.31821133
     83.91451310
     83.91451310
     84.00525580
     84.00525580
     84.50579168
     84.42629455
     84.47624870
     84.35108791
     84.24917066
     84.36847495
     84.36847495
     84.53533602
     83.61354133
     84.41817763
     84.41817763
     84.22356483
     84.23337478
     84.04193963
     84.04193963
     84.36361078
     84.98547574
     85.56995545
     85.56509634
     85.58411106
     85.58411106
     85.70434844
     85.70073100
     85.70073100
     85.83802447
     85.82159680
     85.82159680
     85.82159680
     85.82159680
     85.82159680
     85.84282876
     85.65583246
     85.65688684
     85.32268727
     85.32268727
     85.32268727
     85.32268727
     85.48046278
     85.48046278
     85.48046278
     85.43441896
     85.34459884
     85.34459884
     85.34459884
     84.18159450
     84.53733746
     84.47239324
     83.98819396
     84.30107878
     84.30107878
     82.88300552
     83.25512116
     83.56667047
     84.36572521
     84.36572521
     84.28289870
     84.30957928
     84.91528755
     84.91528755
     84.75445218
     84.72825516
     84.81831877
     84.37171893
     84.83608316
     84.49281529
     84.30359517
     84.30359517
     82.84037409
     82.84037409
     80.75060124
     80.75060124
     80.75060124
     81.69867818
     83.41640181
     83.02054651
     83.81189591
     83.81433989
     83.81433989
     82.70052534
     83.18914780
     84.42444937
     84.63575792
     84.63787149
     83.62859230
     83.62859230
     83.62859230
     84.87388123
     84.81765174
     84.64474220
     84.51958354
     83.37487727
     83.37487727
     82.91973517
     82.94601456
     83.45282653
     84.86867961
     85.13552484
     85.12173938
     85.11571418
     83.44985815
     83.60814103
     83.42493754
     83.42493754
     83.90699151
     84.47556102
     84.17413908
     84.32492279
     84.21513472
     84.40772509
     84.09434740
     84.09597843
     84.10275453
     85.07080298
     85.07080298
     85.07080298
     85.73214181
     85.73214181
     85.73214181
     85.73214181
     85.73214181
     85.73214181
     85.73214181
     85.63688502
     85.60462175
     85.61374753
     84.94074686
     85.21163538
     84.70917197
     84.48661449
     84.41451847
     83.20453546
     83.34335163
     83.40312122
     83.81824227
     83.81824227
     84.10222025
     84.54365949
     85.14413287
     85.28788311
     85.32967304
     85.46797682
     85.46797682
     85.42325358
     85.42325358
     85.47461096
     85.49683054
     85.49683054
     85.49683054
     85.50196556
     85.50196556
     85.50196556
     79.86661022
     81.42425163
     81.29248515
     80.10357548
     80.10357548
     81.27917245
     83.54462314
     83.31468864
     83.31468864
     83.05093412
     84.60350788
     84.93882041
     84.96944916
     84.90118008
     84.13905522
     83.94535228
     83.88294578
     80.53222992
     83.58081547
     83.91522324
     83.91522324
     84.63608542
     84.63608542
     79.50322711
     81.98706884
     82.07127512
     82.08293599
     82.08293599
     82.08293599
     81.89350552
     81.89350552
     81.89350552
     81.89350552
     81.89350552
     81.89350552
     82.86065817
     82.86065817
     82.86065817
     82.86065817
     84.83969496
     85.38835535
     85.38835535
     85.50063897
     85.31565783
     85.31565783
     85.28532896
     85.33617748
     85.33617748
     85.36842487
     85.33001955
     85.43813572
     85.43813572
     85.67720075
     85.67720075
     85.78358890
     85.78709646
     85.78709646
     85.78709646
     85.78709646
     85.78709646
     85.78709646
     85.78709646
     85.78709646
     85.78709646
     85.78709646
     85.78709646
     85.79206190
     85.79206190
     85.79206190
     85.82099311
     85.82728659
     85.82728659
     85.82728659
     85.82728659
     85.52205744
     85.52205744
     85.39677478
     85.11550659
     83.42157416
     82.99972416
     83.07416594
     83.07416594
     83.10983555
     83.10983555
     84.30964428
     84.49765228
     85.05293816
     85.13017956
     85.13017956
     84.98619048
     85.17027213
     85.17027213
     84.81394190
     85.08251485
     85.02206126
     85.02206126
     84.03991441
     84.15401137
     84.66106455
     84.64218017
     84.71854100
     84.68241319
     84.68241319
     84.68241319
     84.68241319
     84.64151131
     84.21911411
     84.21911411
     84.21911411
     84.42916310
     84.17181394
     84.17181394
     85.49550657
     85.43955840
     85.44522906
     84.89578905
     84.90114644
     84.87083701
     84.90738778
     84.90738778
     84.87084221
     85.12147890
     84.71372324
     84.72218891
     84.72218891
     85.46781261
     85.46781261
     85.46781261
     85.52948729
     85.52948729
     85.41454545
     85.41454545
     84.87919583
     84.67843108
     84.58178026
     84.41200783
     84.66546761
     84.58594489
     84.77225725
     82.15812560
     82.15812560
     82.15812560
     83.57194601
     83.26900563
     83.26900563
     83.26900563
     83.26900563
     83.26900563
     83.50185891
     83.66776202
     83.99716182
     84.18277131
     84.14259052
     84.97427516
     85.29088426
     84.59877520
     84.59877520
     85.24175591
     85.38091447
     85.38091447
     85.38091447
     85.40799484
     85.36787508
     85.04808391
     85.04808391
     85.53663790
     85.64495625
     85.59176805
     85.43999700
     85.43999700
     85.43999700
     85.59843627
     85.59843627
     85.59705090
     85.59705090
     85.56699725
     84.30475899
     84.30475899
     83.67789525
     84.48776234
     84.21578433
     84.16373151
     84.16373151
     83.38615208
     84.01978567
     84.01978567
     83.38688588
     84.15208097
     84.15208097
     84.28111083
     84.28111083
     84.61624348
     84.61624348
     84.61624348
     84.61624348
     84.03116087
     85.46071635
     85.26377003
     85.12211920
     85.12211920
     83.94746176
     84.28395531
     84.56212413
     84.56212413
     84.68999811
     84.86827781
     84.86820058
     84.65214879
     84.65214879
     85.08366065
     84.76661472
     84.98417426
     85.01619501
     85.14179221
     85.15281151
     85.13270416
     84.43810177
     84.57353409
     84.83824971
     82.75212420
     85.11431693
     85.00762532
     84.84697489
     84.73760544
     85.13122909
     85.44829435
     85.44157567
     85.44157567
     85.42667714
     85.12137651
     85.12137651
     84.78519788
     84.78519788
     84.78519788
     84.78519788
     84.78519788
     84.37749289
     84.37749289
     84.56251015
     84.56251015
     82.38675869
     80.49393840
     80.49393840
     77.65325201
     81.18279343
     83.22634053
     83.22634053
     83.22634053
     83.22634053
     83.84466871
     83.41504297
     81.71731262
     84.96302477
     84.96302477
     84.96198810
     84.77380786
     84.77206061
     84.77206061
     84.77206061
     84.87761502
     85.62508264
     85.65960329
     85.65960329
     85.53790988
     85.53790988
     85.70827743
     85.48745531
     85.55815142
     85.55815142
     85.55815142
     85.55815142
     85.61704973
     85.49842967
     85.49842967
     85.49842967
     85.49842967
     85.10786590
     85.10786590
     85.10786590
     85.18132571
     84.81549413
     84.81549413
     84.73910935
     84.70407588
     83.62555752
     83.29675616
     84.91624611
     84.88933203
     84.93742315
     84.93742315
     84.93742315
     84.93929779
     84.93929779
     84.93929779
     84.93929779
     84.93936372
     84.93936372
     85.08364564
     85.08322148
     85.08322148
     84.36482742
     84.22072967
     84.22072967
     84.22072967
     84.49926811
     83.70265959
     84.79749306
     85.09969932
     85.09969932
     85.09969932
     85.10135686
     85.16506461
     85.16366207
     85.23552392
     85.07441337
     85.07441337
     84.89755125
     84.99295142
     84.99295142
     84.87325759
     84.11226825
     84.09116785
     82.13461626
     81.93345661
     83.71103410
     83.71103410
     84.81736835
     84.81736835
     84.81736835
     84.72646815
     84.23049185
     84.23049185
     84.23049185
     83.66488463
     83.66488463
     83.66488463
     83.66488463
     83.66488463
     83.37781893
     83.38077464
     82.32505484
     82.32505484
     82.32505484
     84.95802930
     85.22049487
     85.22049487
     83.15696649
     83.86819798
     84.13979705
     84.61199522
     84.85176762
     84.85176762
     84.05709878
     83.12195391
     83.94008129
     84.12206494
     84.09009878
     84.07265720
     84.06304440
     84.13162737
     83.59696699
     83.03843231
     82.65167554
     82.56702708
     82.83255150
     82.80863357
     82.80863357
     83.18285856
     83.87105170
     83.88976068
     84.18535237
     82.69638186
     83.39307248
     84.10894633
     83.86751117
     83.86751117
     83.89951235
     84.07891841
     84.06438961
     84.06438961
     84.00628410
     84.94620530
     84.97436106
     84.97436106
     84.46458746
     85.11971448
     85.36561427
     85.36561427
     85.36561427
     85.53000597
     85.53000597
     85.60235759
     85.69800392
     85.51714483
     85.47578689
     85.48740955
     85.47740258
     85.47740258
     85.53152363
     83.47999901
     85.57338103
     85.52239298
     85.52239298
     85.54522159
     85.14338974
     85.15769094
     84.33671651
     85.52254931
     85.52254931
     85.52233949
     85.56817301
     85.79222005
     85.79222005
     85.79222005
     85.83013857
     85.64702307
     85.64702307
     85.62275920
     85.56119163
     85.21973467
     85.21973467
     85.14147004
     85.05032660
     85.10383217
     85.64751091
     84.97848736
     85.47845142
     85.51240677
     84.83959736
     84.98116445
     84.87226033
     84.87226033
     85.00372051
     85.00372051
     85.15853001
     84.96440553
     85.47049988
     85.52119064
     85.21924618
     85.21924618
     85.21924618
     84.90660022
     84.98001261
     85.10493233
     85.10493233
     85.12947027
     84.65551368
     84.03589167
     84.03589167
     84.03589167
     85.48550059
     85.50518155
     85.50518155
     85.04467910
     84.90148464
     84.93152906
     85.11210827
     84.68468325
     84.64237847
     84.70382368
     84.38343925
     85.15594395
     85.19317705
     84.43122077
     84.15558073
     83.85725290
     84.98065983
     84.98065983
     84.98065983
     84.85473196
     84.17421081
     84.17421081
     84.17421224
     83.34294037
     85.04399956
     85.04399956
     85.04399956
     85.04399956
     84.50030403
     84.29273027
     85.00017876
     84.57588196
     84.57588196
     84.06028952
     82.68193930
     82.84894258
     82.03080557
     80.87971251
     80.87971251
     83.68530244
     83.59210944
     83.27995859
     83.27995859
     83.84164385
     84.17731123
     84.36421724
     84.15953732
     84.01031984
     84.01031984
     84.29977058
     82.54919239
     82.54919239
     83.31213506
     83.12618973
     83.13328867
     83.13328867
     83.72752213
     85.45255701
     85.28466709
     85.29516384
     85.25915479
     85.25915479
     85.25915479
     85.25915479
     85.25915479
     85.11244452
     85.11244452
     85.11244452
     85.11244452
     85.11244452
     85.58119107
     85.55472548
     85.56450385
     85.56450385
     85.56450385
     85.56965393
     85.77600557
     85.77600557
     85.77600557
     85.77600557
     85.76325810
     85.76325810
     85.76325810
     85.77422486
     85.77422486
     85.77422486
     85.42801326
     85.61385329
     85.61385329
     85.62874307
     85.54124384
     85.37084722
     85.30323841
     85.36379139
     85.36379139
     85.36379139
     85.31740580
     85.31740580
     85.31740580
     85.50403640
     85.62081395
     85.62081395
     85.62081395
     85.62081395
     85.62081395
     85.62081395
     85.46486114
     84.87291039
     84.84001652
     84.85750986
     84.74715340
     84.64074375
     84.45552239
     84.69459829
     84.60798986
     85.11500048
     85.25653178
     85.25653178
     85.25653178
     85.23940245
     85.31382454
     85.36616007
     85.36616007
     82.30374493
     82.30374493
     83.24586950
     84.87542474
     85.16900838
     85.16900838
     85.16900838
     84.72365451
     84.53738624
     85.01513441
     85.01513441
     85.01513441
     85.26999741
     85.26999741
     85.26999741
     85.22842230
     85.21810560
     85.17794121
     85.37453786
     85.37453786
     85.37453786
     85.37453786
     85.37453786
     85.37453786
     85.37890019
     85.37890019
     85.37890019
     83.78539319
     83.78539319
     83.99637246
     83.99637246
     83.99637246
     84.83580788
     85.79109396
     85.79109396
     85.80430947
     85.05794145
     85.17359874
     85.58984054
     84.80487078
     84.79879438
     84.79879438
     84.89732775
     84.89732775
     84.91840320
     84.91840320
     84.64029608
     84.64029608
     84.64029608
     84.91148028
     85.46011123
     85.46011123
     85.46236292
     85.51091256
     84.87369904
     84.23719974
     84.23719974
     84.23719974
     83.94249079
     83.85621062
     82.54620818
     82.03191008
     82.32490812
     82.32490812
     82.86310031
     82.95915881
     80.95750517
     80.88296105
     80.44087842
     80.44087842
     81.33557399
     81.91279472
     81.91279472
     81.91279472
     81.91279472
     81.91279472
     83.18652132
     81.95107560
     81.95107560
     81.07901472
     81.07901472
     81.07901472
     81.07901472
     81.92135226
     82.75840309
     82.21626520
     82.26346022
     82.26346022
     82.71865017
     82.62560472
     82.09769116
     82.09769116
     82.12147622
     83.87887086
     83.87887086
     84.61959906
     84.61959906
     83.92649998
     84.30443185
     84.27016332
     84.27016332
     84.27016332
     84.77193613
     84.73391570
     84.14599170
     85.04712993
     85.21317297
     85.21317297
     84.81570863
     84.67770641
     84.54449532
     84.54449532
     84.66392399
     84.67587335
     84.67587335
     82.52926574
     81.32503232
     82.38760687
     82.38760687
     82.15104470
     81.33996669
     82.82085843
     82.82085843
     82.82085843
     82.82085843
     83.53566795
     83.53566795
     85.25917390
     85.02383964
     84.83495787
     84.83495787
     84.83495787
     84.68553890
     84.74535406
     84.74535406
     85.11904492
     85.66403881
     85.66403881
     85.66403881
     85.56558546
     85.47301545
     85.47301545
     85.47301545
     85.47301545
     85.47823075
     85.43979572
     85.43979572
     85.35911694
     85.49288666
     85.47451884
     85.03475405
     85.19340588
     85.19340588
     85.19106403
     85.21928182
     85.21928182
     85.05100003
     84.29364719
     84.29364719
     84.27062048
     84.57205556
     84.46449675
     83.61706840
     83.61706840
     83.94083910
     83.94083910
     83.97376884
     83.98883316
     83.93529746
     83.93529746
     83.90533091
     85.00568043
     84.65673786
     85.02793444
     85.40868261
     85.40868261
     85.40868261
