    228.44548193
    228.58325574
    228.25249362
    228.28833067
    228.38905542
    228.21914410
    228.21914410
    227.93048339
    228.15701037
    228.15701037
    228.15701037
    228.01147203
    228.27648785
    228.36893557
    227.81155702
    227.93659626
    228.32376484
    228.22614008
    228.22143594
    228.22143594
    227.47002491
    226.91078033
    226.91078033
    227.89683477
    226.04599030
    225.77634776
    224.63444600
    222.31939556
    222.85174460
    222.85174460
    222.85174460
    222.85174460
    223.72024776
    223.72024776
    223.72024776
    223.72024776
    224.72277832
    224.72277832
    224.72277832
    225.50237595
    225.50237595
    226.96679803
    226.64387002
    227.47552507
    227.47552507
    226.64162967
    226.64162967
    226.64162967
    226.94551206
    226.94551206
    227.72259914
    227.85893612
    228.39437207
    228.20208309
    228.20208309
    228.19493719
    228.35651050
    228.35651050
    228.09237753
    226.13709573
    226.13709573
    226.13709573
    226.13709573
    227.42739478
    227.43004672
    226.70954911
    226.70954911
    226.70954911
    227.12281672
    227.12281672
    227.12281672
    228.37847979
    228.18448209
    227.46069975
    227.43021924
    227.43021924
    227.43021924
    227.95911845
    228.23437458
    228.24877180
    228.24877180
    228.64049805
    228.57701237
    228.73215681
    228.47026739
    228.29896344
    228.04262304
    228.04262304
    228.29922373
    228.11104373
    227.76289121
    227.68896656
    227.68896656
    228.36137816
    227.90221230
    227.90221230
    227.68829747
    226.98925875
    227.72087978
    227.72087978
    226.82370464
    227.43488822
    228.19470025
    228.01758086
    228.01758086
    228.46503242
    228.51920842
    228.48297138
    228.48796126
    228.77868637
    228.77178138
    228.72267057
    228.68892973
    228.29753123
    228.24117916
    228.23237334
    228.30392285
    228.30392285
    228.30392285
    228.30392285
    226.54371975
    227.09644552
    227.09644552
    227.08358176
    224.06164323
    224.06164323
    224.06164323
    227.73599464
    227.57637707
    227.69969920
    227.90227998
    227.69833082
    227.64546554
    227.36173857
    227.66506181
    227.66506181
    227.66506181
    227.66506181
    227.78946639
    227.78946639
    227.67887521
    228.36031781
    228.36031781
    228.17733083
    228.17690826
    228.44346423
    228.01710581
    227.87197293
    227.87197293
    225.45181849
    228.78303273
    228.79725730
    228.76893999
    228.75971681
    228.78521070
    228.77142534
    228.10379891
    228.22245473
    228.07593227
    228.07593227
    228.09549179
    228.09549179
    228.09549179
    228.09549179
    228.09549179
    228.09549179
    228.09549179
    228.09371924
    228.09371924
    228.74101077
    228.22628042
    227.97809076
    227.70030329
    227.33892793
    226.70527354
    226.10983600
    226.10983600
    226.08043457
    226.77030951
    227.06816912
    227.06816912
    227.26485329
    226.84124526
    227.01499749
    227.01499749
    227.59585224
    227.59585224
    227.41230731
    227.41230731
    227.30300063
    227.92341593
    227.92341593
    228.12460033
    227.60089092
    227.60089092
    228.36875039
    228.72924190
    228.40378720
    228.24152780
    228.44337109
    228.62436436
    228.48627412
    227.57734118
    228.29047785
    228.19593451
    228.19593451
    228.19593451
    228.39712755
    227.94209140
    228.54174005
    228.54174005
    228.43237048
    228.43237048
    228.38295856
    228.38295856
    228.42629470
    228.42209387
    228.78490141
    228.78490141
    228.76895832
    228.76895832
    228.77523333
    228.58618161
    228.54241325
    228.49267092
    228.48739204
    228.60002937
    228.60002937
    227.77346042
    227.53009868
    227.53009868
    228.36656860
    228.27454223
    228.60346001
    228.53084116
    228.42265390
    228.46628075
    228.46628075
    228.40492809
    228.28897784
    227.86968251
    228.22899576
    228.39067127
    228.39276802
    228.39276802
    228.04198853
    228.04198853
    228.38179934
    228.38179934
    227.90890005
    228.19463311
    228.18221520
    228.37185064
    228.75989042
    228.64353555
    228.66344851
    228.66344851
    228.66344851
    228.70349071
    228.47648174
    228.61625886
    228.50247267
    228.23915811
    228.22520746
    228.22520746
    228.11350726
    227.94427950
    227.94427950
    228.15160259
    228.15077141
    228.18390522
    228.20877532
    228.20877532
    228.20877532
    228.20877532
    228.48209978
    228.48209978
    228.44245330
    228.36459578
    228.36459578
    226.91753128
    227.14438952
    227.14438952
    228.11831946
    228.11831946
    228.11831946
    228.11831946
    228.57579667
    228.34896313
    228.78805835
    228.41642071
    228.41642071
    228.51489054
    228.54260315
    227.96991642
    228.57821973
    228.72349798
    228.75028546
    227.99830513
    228.46717146
    228.59421529
    227.80301617
    227.80301617
    227.80301617
    226.99216584
    226.99216584
    227.57153403
    227.57153403
    228.31402677
    228.41673444
    228.58172149
    228.58172149
    228.39227980
    228.35538206
    228.35538206
    228.46414719
    228.35303802
    228.35303802
    228.06031752
    228.06031752
    228.06031752
    228.06031752
    228.06031752
    227.83416766
    227.83416766
    228.54375987
    228.66048968
    228.66048968
    228.66048968
    228.77586950
    228.43548946
    228.41174649
    228.45256632
    228.46785285
    228.26982951
    228.23318884
    228.23318884
    228.62334869
    228.11590019
    228.11590019
    228.14232707
    227.93201094
    227.49498660
    227.07061088
    227.07061088
    227.07061088
    227.07061088
    228.45614432
    228.48586650
    228.51116361
    228.18401155
    228.18401155
    228.17934574
    228.16031259
    228.34446389
    228.06759828
    228.06759828
    227.60313493
    227.94597214
    226.94315370
    226.94315370
    226.01272101
    226.01272101
    225.95041370
    223.69238699
    228.01655569
    228.60515566
    228.79575434
    228.79020130
    228.78679287
    228.79025319
    228.79025319
    228.79025319
    228.79625749
    228.57753814
    228.33333387
    228.26953358
    228.39586058
    228.26252616
    228.26252616
    228.76281728
    228.73063416
    228.73063416
    228.73063416
    228.45686066
    228.45686066
    228.55721297
    228.52628124
    228.27276185
    227.67681333
    228.40074266
    228.68981206
    228.48611412
    228.54327779
    228.60674975
    228.51658690
    228.37162094
    228.37162094
    228.23977077
    228.14015787
    226.97650694
    228.46395394
    228.46395394
    228.16606538
    228.19417997
    228.61158573
    228.48338335
    228.48338335
    228.48338335
    228.48311338
    228.49623803
    228.49623803
    228.57225072
    227.74774207
    228.72798960
    228.71915128
    228.59314359
    228.59314359
    228.55609394
    228.34801716
    228.58230229
    228.41354511
    228.30129480
    228.41912677
    228.34571279
    228.07131735
    228.73518631
    228.71762747
    228.52037637
    228.59512259
    228.59512259
    228.64745346
    228.01880171
    228.01880171
    228.01880171
    226.99822400
    227.84307930
    227.59199451
    227.55725580
    227.41477616
    227.41477616
    227.41477616
    227.41477616
    227.36475415
    226.75540135
    226.83203882
    226.50910387
    226.50910387
    226.50910387
    227.42615069
    227.88448298
    227.88448298
    227.88448298
    227.88448298
    228.52672608
    228.66481962
    228.66481962
    228.69996723
    228.70222980
    228.76208604
    228.77303088
    228.77303088
    228.46731443
    228.25581361
    221.60031922
    221.60031922
    221.60031922
    221.60031922
    221.60031922
    221.60031922
    221.28764297
    221.28764297
    223.87359151
    223.87359151
    224.99899529
    227.90047579
    227.90047579
    228.02709528
    228.09347862
    227.76703505
    227.86644327
    227.75822078
    228.47609514
    227.84740154
    228.35688137
    228.30915201
    228.41085686
    228.15732132
    227.86082622
    227.86082622
    227.81318862
    228.26571701
    228.68554004
    228.78752265
    228.50623017
    228.50509958
    228.50509958
    228.50509958
    228.13794573
    226.80747253
    227.48334083
    227.85755881
    227.82266775
    227.74598235
    227.74598235
    227.38304554
    227.38304554
    227.38850938
    227.38850938
    227.38850938
    228.04065780
    228.04065780
    228.52584683
    228.58830764
    228.54890154
    228.61115727
    228.58419308
    228.47500761
    228.06657400
    228.34289955
    228.34289955
    227.94776930
    228.34236512
    228.47429492
    228.13411895
    227.44946407
    227.18486984
    227.38629507
    227.11023807
    227.78102472
    227.78102472
    228.46143449
    228.75986769
    226.21337822
    226.21337822
    226.88792385
    226.83639849
    226.83639849
    226.83639849
    227.51345602
    227.84340018
    228.29434292
    228.37740855
    228.37740855
    227.70297420
    227.81335846
    226.28969286
    228.35433447
    228.05248095
    228.49852738
    227.65337846
    227.76292202
    228.10182145
    228.24347017
    228.28568312
    228.55275713
    228.49179143
    228.54175900
    228.54175900
    228.45518428
    228.28919465
    227.36027035
    227.93468581
    227.78039274
    227.78039274
    226.78639821
    227.11451260
    227.84944936
    227.35157296
    227.09753634
    226.90974733
    226.90974733
    227.93311947
    228.15764458
    228.15826942
    227.35510849
    228.01512442
    228.09963001
    228.09963001
    226.78035308
    226.65511507
    227.15986403
    227.22943485
    226.89531986
    226.89531986
    226.89531986
    227.01692023
    227.01692023
    227.12553707
    227.12553707
    226.99014738
    226.88066414
    226.88066414
    226.88066414
    226.85754915
    227.15489688
    227.15489688
    227.15489688
    226.86319574
    226.94595643
    225.68730304
    227.07394530
    227.07394530
    227.07394530
    227.15491316
    227.53858644
    226.30027917
    226.61816361
    226.79096536
    226.73203309
    227.74094185
    227.74094185
    228.02398645
    228.27584255
    227.28274451
    227.28274451
    228.29051090
    228.35215070
    228.35650580
    228.60432211
    228.14480585
    228.27758671
    228.27758671
    227.75686909
    227.77426838
    227.05700635
    226.63968820
    226.63968820
    226.63968820
    227.49662210
    228.06789648
    228.15694189
    228.18751153
    228.42654887
    228.42654887
    228.56934192
    228.55594911
    228.48180390
    228.51771289
    228.79321894
    228.75407879
    228.58106353
    228.58106353
    228.66556096
    228.74047081
    228.70242429
    228.70242429
    228.70242429
    228.69324111
    228.69324111
    225.47049647
    225.47049647
    225.47049647
    225.47049647
    223.91900644
    223.91900644
    223.91900644
    225.06535968
    224.76399950
    224.76399950
    226.64233894
    226.79535045
    226.79535045
    227.12507064
    228.22054154
    228.20314082
    227.60041720
    227.60041720
    227.40049319
    224.16847369
    225.88150447
    226.18116000
    226.18116000
    226.18116000
    226.13750027
    228.60569309
    228.60569309
    228.52132864
    228.58426570
    228.78045321
    228.73050974
    228.62754894
    228.62754894
    228.62754894
    228.18277396
    228.18277396
    228.18277396
    228.18277396
    228.50518780
    227.73008209
    227.80256512
    226.91150674
    226.91150674
    228.10978499
    228.52611909
    228.66433361
    228.66433361
    228.53932121
    228.37532007
    228.37532007
    228.37129422
    228.41890487
    228.19806628
    228.19806628
    228.55693875
    228.40772679
    228.32480806
    227.79476755
    227.79476755
    227.60709906
    227.30102917
    228.29975815
    228.16083230
    227.90965325
    227.40893348
    227.99146707
    227.94232166
    228.12139168
    228.12139168
    226.29382928
    227.37821884
    227.45121451
    227.45121451
    227.45121451
    226.87996107
    226.87996107
    227.12984982
    227.12984982
    226.92081392
    226.92081392
    227.76549478
    228.04511613
    227.77483135
    227.73288974
    227.73288974
    227.93643346
    227.93643346
    227.93994097
    227.93994097
    227.96830340
    228.41844827
    228.41844827
    228.05192871
    228.78370632
    228.37252274
    228.49003024
    228.54754730
    228.57015039
    228.07104520
    227.99547844
    226.59550818
    226.59550818
    225.04036094
    226.13793967
    226.99049163
    226.99049163
    225.69324254
    225.69324254
    226.62042731
    228.43076927
    228.66222750
    228.47342712
    228.52624307
    228.63742036
    228.63742036
    228.63742036
    228.51549966
    228.78753121
    228.79348670
    228.68971697
    228.32418962
    228.32418962
    228.39019219
    227.75144754
    227.75144754
    227.86829616
    227.85258286
    227.85258286
    227.12415246
    227.12415246
    227.12415246
    227.34216944
    228.48451436
    227.59535210
    227.50610414
    227.50610414
    227.50610414
    228.02884050
    228.02884050
    228.00021746
    228.33687712
    228.33687712
    228.71912255
    228.71782003
    228.73165594
    228.72648328
    228.75077390
    228.75077390
    228.75077390
    228.63943619
    227.10758640
    227.36909379
    227.90384841
    228.05442529
    226.98669759
    226.98669759
    226.94452563
    227.43758745
    227.43758745
    227.97905874
    228.18382124
    228.12212926
    228.11327518
    228.25627909
    228.36498276
    228.31416865
    228.32576783
    227.83454230
    227.86021850
    227.61594768
    227.90749347
    227.81343429
    227.81047001
    226.61776645
    226.92350685
    226.92350685
    227.40846380
    228.25152830
    227.36390383
    227.36390383
    227.36390383
    227.36390383
    227.28293482
    226.87645349
    228.27702936
    228.01939125
    227.60368107
    227.92478274
    228.03283704
    228.06580929
    228.10333967
    227.28673135
    227.28673135
    227.46637900
    227.46637900
    227.46637900
    227.46637900
    227.46637900
    226.79157765
    227.37812238
    228.28575588
    228.60628466
    228.46697275
    228.46697275
    228.38045493
    228.12449876
    228.37505337
    228.08664049
    228.09899540
    228.20780517
    228.40201146
    228.40201146
    228.55588518
    228.55588518
    228.37003757
    228.37189827
    227.76382887
    227.70634843
    227.70634843
    227.70634843
    227.78477299
    227.78477299
    227.68996473
    227.68996473
    227.50775658
    228.69815124
    228.74134308
    228.73645362
    228.62064633
    228.75996244
    228.58409732
    228.75051121
    228.13840073
    228.13840073
    228.13840073
    226.95305174
    226.95305174
    225.10259323
    225.10259323
    225.10259323
    226.32672204
    226.32672204
    226.81287691
    226.81287691
    227.22534458
    227.22534458
    227.22534458
    227.22534458
    227.22534458
    227.34964404
    227.47255117
    227.02120399
    227.02120399
    226.84347071
    228.71405050
    228.71405050
    228.65892649
    228.64705712
    228.61781048
    228.59930046
    228.32562331
    228.13769122
    228.60440154
    228.69089793
    228.70383479
    228.70383479
    228.30189392
    228.26566919
    228.21499100
    228.19025236
    228.18747123
    228.18747123
    228.18747123
    228.71618809
    228.49580741
    228.49201465
    228.24875454
    227.96478736
    228.64892186
    228.73567871
    228.67526850
    228.67625248
    228.66972614
    228.46344444
    228.50844946
    227.78503467
    227.78503467
    228.03584648
    228.07435291
    225.70997735
    225.70997735
    225.70997735
    228.14581295
    228.20238730
    228.20238730
    227.44249150
    227.44249150
    226.03391240
    226.99957888
    226.99957888
    228.74906706
    228.74906706
    228.70484707
    228.37839296
    227.47688990
    227.47688990
    227.47688990
    227.47688990
    227.59684788
    227.59684788
    227.59684788
    227.59684788
    227.59684788
    227.21863402
    228.25042420
    228.25042420
    228.51460434
    228.51460434
    228.78925121
    228.65243875
    228.69067761
    228.72975411
    228.76265795
    228.75253724
    228.75253724
    228.77977801
    228.76414137
    228.74304464
    228.17814658
    228.17814658
    228.00197449
    228.00197449
    228.74315914
    228.55798255
    228.55798255
    228.49402081
    227.29416887
    227.29416887
    227.29416887
    227.29416887
    227.29416887
    228.03950965
    228.16220401
    228.16220401
    228.15023255
    227.30513813
    227.29546209
    228.17871145
    228.17871145
    228.17871145
    227.60578081
    228.15181292
    228.34737190
    228.59398978
    228.47819156
    228.32407926
    227.42584257
    227.44099945
    228.00414010
    228.00414010
    228.31227460
    228.29178498
    228.29178498
    228.52575206
    228.62423043
    228.39852686
    228.39852686
    228.43648718
    227.71704279
    227.67911139
    227.67911139
    227.25416208
    227.25416208
    228.24473108
    228.28023525
    228.28023525
    227.91533934
    227.14405493
    225.83533968
    226.58236975
    226.58236975
    226.58236975
    227.52682634
    228.19513309
    228.20285243
    227.47128404
    226.69446311
    227.01812351
    228.19541196
    227.03426344
    227.36033315
    228.31717756
    227.14347331
    228.55827001
    228.52252692
    227.19447693
    226.75548802
    226.75548802
    226.75548802
    225.54360909
    227.55502510
    226.98031623
    226.98031623
    226.98031623
    227.45775545
    228.05459238
    227.76445896
    227.76445896
    227.98868968
    227.80687778
    228.31326590
    228.59668436
    228.59668436
    228.63190633
    228.08881001
    227.90832916
    227.54288041
    227.11549998
    227.11549998
    228.09420881
    225.89196247
    223.15874529
    223.15874529
    223.15874529
    224.91022774
    227.96922890
    227.88709614
    227.82854526
    227.78357565
    228.13701865
    228.14366132
    228.11319097
    227.90771141
    227.69966995
    227.75347363
    228.25275529
    228.32954135
    228.32954135
    228.40262770
    228.66346894
    228.53294075
    228.46714529
    228.39464323
    227.92908114
    227.49455155
    227.49455155
    227.33426368
    227.33426368
    226.61163093
    226.61163093
    226.29588761
    226.29588761
    226.29588761
    227.35441222
    227.35441222
    227.37600699
    227.37600699
    227.37600699
    227.07656327
    227.07656327
    227.13622989
    227.04843856
    226.95524008
    226.95524008
    228.06636957
    227.39312552
    226.31754226
    226.31754226
    225.79212518
    225.98043106
    225.98043106
    225.98043106
    226.01915020
    226.01915020
    226.01915020
    226.01915020
    226.01915020
    226.53582203
    226.75007330
    226.75007330
    226.88198968
    226.65519594
    227.13487174
    227.47810785
    227.35288862
    226.63558798
    226.61528504
    226.27551508
    227.82621031
    227.43176856
    227.43176856
    227.43176856
    226.04989477
    226.08838758
    226.15469185
    226.15469185
    226.53932109
    226.53932109
    226.53932109
    226.53932109
    228.44160266
    228.46273941
    228.17255660
    228.17255660
    228.17255660
    227.29706770
    227.29706770
    228.16630548
    228.51971461
    228.51971461
    228.32179096
    228.41642357
    228.38442355
    228.50645183
    228.00359009
    228.00503020
    228.00503020
    228.00503020
    228.00503020
    228.00503020
    228.55596135
    228.55596135
    228.47722354
    228.57334257
    228.59555123
    228.61798340
    228.37064531
    228.10517303
    228.32410610
    228.13793386
    228.58290840
    228.71342788
    228.69069751
    228.69069751
    228.73189693
    228.26379149
    227.70849913
    227.70849913
    227.55921865
    227.55921865
    227.55921865
    228.22626939
    228.22249043
    226.67983429
    226.67983429
    226.67983429
    226.67983429
    226.93943522
    226.93943522
    226.93943522
    227.51205696
    227.51205696
    227.51205696
    227.51205696
    227.51205696
    227.19816966
    227.19816966
    227.38457985
    228.23470462
    228.18473763
    228.72515737
    227.88565838
    227.88565838
    227.63365769
    227.63365769
    227.17111490
    227.71257396
    228.58144587
    228.09530869
    228.09530869
    228.43465143
    227.95600095
    227.95600095
    227.95600095
    227.91664731
    227.91664731
    227.91664731
    227.91664731
    228.26399597
    228.26399597
    228.24302968
    228.00603722
    228.50894490
    228.41712154
    228.41712154
    228.41712154
    228.33986844
    227.78510653
    227.78510653
    227.70138966
    223.92955203
    224.37088532
    222.46738276
    225.84063018
    225.28225948
    225.01754939
    225.01754939
    225.01754939
    226.57944648
    226.57944648
    227.38848956
    227.59715164
    227.59715164
    227.59715164
    227.47984643
    226.10766379
    226.12391715
    226.64908955
    226.64908955
    226.64908955
    226.28101651
    226.80202689
    226.80202689
    226.43489012
    226.43489012
    226.43489012
    226.43489012
    226.43489012
    226.43489012
    226.43489012
    226.43489012
    226.43489012
    226.43489012
    226.43489012
    226.43489012
    227.04002187
    227.04002187
    226.98794416
    227.68153074
    228.08984121
    227.88685612
    227.67544173
    227.98530617
    228.01576023
    227.88300627
    228.12110032
    227.92093774
    227.57966582
    227.95002604
    227.95002604
    227.95002604
    227.95002604
    227.87829358
    227.87829358
    227.87829358
    227.46008500
    227.20234052
    227.55291037
    227.55291037
    227.55291037
    228.21948312
    228.09677087
    228.69087184
    228.78098983
    228.78098983
    228.75959063
    228.75149590
    228.70544466
    228.71288510
    228.78058616
    226.69033509
    228.36394835
    228.27958790
    228.27958790
    228.58087558
    228.18802253
    228.18802253
    228.18802253
    228.00361078
    228.12181815
    228.05220787
    227.62306820
    227.76660480
    227.72196752
    227.27394762
    228.00812132
    228.23317849
    227.66380048
    227.59253646
    227.59253646
    227.59253646
    227.59253646
    227.59253646
    227.98429264
    226.47368260
    224.21631806
    224.21631806
    224.21631806
    226.51466559
    226.51466559
    226.51466559
    226.52437845
    227.53237897
    227.64102462
    228.65186160
    228.63236602
    228.41241808
    227.66532136
    227.73926707
    226.69240302
    228.17539179
    228.17539179
    228.52616828
    228.57520819
    228.56395230
    228.56395230
    228.77394944
    228.22711430
    228.42926598
    228.32061341
    227.43674658
    228.01389751
    228.23157122
    228.23157122
    228.21703979
    227.88919263
    227.88919263
    227.88919263
    227.88919263
    227.88919263
    227.88600330
    224.36783274
    224.36783274
    226.29929730
    226.29929730
    228.40562713
    228.45063540
    228.42794882
    228.43248710
    228.71377633
    228.51179737
    228.51179737
    228.54564161
    228.54564161
    228.54564161
    228.56409859
    228.72784469
    228.72784469
    228.72784469
    228.46268090
    228.37014703
    228.63144792
    228.63144792
    228.62858477
    226.52398574
    228.36931547
    228.36931547
    228.50335727
    228.07926880
    227.81649783
    228.48677095
    228.07052644
    228.09720783
    226.42335539
    226.42335539
    220.18484392
    220.18484392
    220.18484392
    220.18484392
    224.49643929
    224.49643929
    224.49643929
    225.10094659
    225.10094659
    225.10094659
    228.65412862
    228.65412862
    228.65412862
    228.66141329
    228.67699968
    228.49033054
    228.49033054
    228.75647335
    228.76115775
    227.94446386
    227.94069696
    228.06579329
    228.11889901
    227.06211518
    227.05222335
    226.73454184
    226.73454184
    226.73454184
    227.29039456
    227.29039456
    227.00384582
    227.00384582
    227.00384582
    226.97328302
    227.27975020
    227.17983199
    227.17983199
    226.99370875
    226.93026723
    226.93026723
    226.78295270
    227.34934410
    226.45473611
    226.45473611
    226.59100125
    227.39720096
    226.38245337
    227.07739728
    227.01739411
    227.01739411
    227.15701136
    228.28355769
    227.64655601
    227.70999436
    228.78371528
    228.69951214
    228.12857548
    226.92930381
    226.67121554
    226.67121554
    226.81236952
    227.40801198
    228.26272088
    228.15432703
    226.96939287
    227.26160896
    227.33347449
    227.04512347
    227.04512347
    227.04512347
    227.52622152
    227.66847115
    227.66847115
    227.93270058
    226.72060900
    226.72060900
    226.72060900
    227.46903546
    226.74064599
    228.19271675
    228.57510729
    228.17615781
    228.06947028
    228.30121599
    228.47002528
    228.54894630
    228.54894630
    227.07925499
    227.79409970
    228.07731976
    228.44894304
    228.10382671
    228.10382671
    228.10382671
    228.61009970
    227.92583056
    227.92583056
    226.24618915
    226.80493504
    226.80493504
    226.80493504
    226.07388520
    224.42022838
    224.42022838
    224.42022838
    223.95396866
    226.09993056
    227.27795785
    227.98562115
    228.29831085
    228.32560428
    228.48705322
    228.48705322
    228.49625588
    228.25927691
    228.25927691
    228.62971810
    228.62971810
    228.62971810
    228.21460404
    228.21460404
    228.21460404
    228.48149656
    228.45825682
    228.44713784
    228.70579493
    228.75809160
    228.75338494
    228.75338494
    228.75338494
    228.69849846
    228.49909034
    228.49909034
    228.49909034
    228.28055284
    227.12135917
    228.24469839
    228.29130230
    228.29130230
    228.29421923
    228.62545891
    228.65899169
    228.43788740
    228.63038247
    228.63038247
    228.41877842
    228.72335971
    227.28492595
    227.42111313
    227.23149797
    227.23149797
    228.51115637
    227.63469612
    227.63469612
    227.29424440
    227.61233060
    228.22741493
    228.22741493
    228.46455151
    228.33120398
    228.35645538
    228.47881644
    227.97467632
    227.97467632
    228.19664162
    228.64013089
    228.58484865
    228.39935723
    228.39935723
    228.33282841
    228.33282841
    226.35742968
    228.41442167
    228.41442167
    228.03323045
    228.03323045
    228.04516522
    228.30698387
    228.22989541
    228.24011656
    228.74111174
    228.74111174
    228.71614534
    228.75403108
    228.19591828
    227.41885606
    227.77911286
    227.77911286
    227.14732698
    227.23551649
    228.16925145
    228.16925145
    228.16925145
    228.16925145
    228.14895549
    227.49991614
    228.09851790
    228.09851790
    227.88340912
    228.43069066
    228.71193930
    228.71193930
    228.68036718
    228.66432412
    228.28863670
    228.18753829
    228.67112634
    228.39157151
    228.39157151
    228.16144609
    228.16144609
    228.48409244
    228.67419223
    228.66545246
    228.76247394
    228.55117823
    228.53591168
    228.56828703
    228.56828703
    228.56828703
    228.57770062
    228.57770062
    228.60365956
    228.40412310
    228.31537942
    228.26019196
    228.26724031
    228.30372295
    228.24685804
    228.60264336
    228.70405699
    227.34057115
    227.34057115
    227.34057115
    227.34057115
    227.34057115
    228.49395190
    228.66872225
    228.79315793
    228.79315793
    228.60432025
    228.62392256
    228.61983692
    228.31180466
    227.18912110
    228.03866452
    228.02068758
    227.66038898
    227.66038898
    228.57191512
    228.38971671
    228.38971671
    228.18735768
    228.18735768
    228.62559074
    228.71203834
    228.50961060
    228.50961060
    227.49833943
    227.60096763
    228.45443160
    228.24883309
    226.92716624
    226.92716624
    226.92716624
    226.92716624
    226.71850807
    226.71850807
    226.72912521
    226.72912521
    227.16279171
    227.43348755
    227.43348755
    227.26282572
    227.34463198
    227.34463198
    228.46412338
    228.30759405
    228.27566223
    226.95996600
    226.95996600
    227.66654908
    226.68567168
    227.25920863
    227.84386143
    227.37420342
    227.49331871
    228.12197657
    227.30798107
    227.30798107
    227.75831984
    227.75831984
    226.78281950
    226.78281950
    226.65009604
    227.89057853
    228.13842445
    228.13842445
    228.13842445
    228.02029261
    228.02029261
    228.00010669
    228.00010669
    228.00010669
    228.00010669
    228.00010669
    227.96447391
    227.80593448
    227.80593448
    227.79386982
    228.40172774
    228.40172774
    228.43931082
    228.48009773
    228.18660411
    228.18660411
    227.96850001
    228.29213061
    228.29213061
    228.29213061
    227.90351640
    227.90351640
    227.90351640
    228.30032583
    228.25990232
    228.23742609
    227.76128366
    227.76128366
    228.14050251
    228.32457377
    227.13988331
    227.20125346
    225.84391727
    226.41084114
    226.41084114
    226.41084114
    226.41084114
    226.40762011
    226.40762011
    227.08691131
    227.08691131
    227.08691131
    227.34779824
    227.34779824
    224.90990935
    227.81809336
    227.81809336
    227.81809336
    227.81324845
    227.81324845
    228.08755652
    227.65904966
    225.97361554
    226.11265060
    226.11265060
    228.08678012
    228.08697272
    228.06549659
    228.06549659
    228.06549659
    228.33604897
    228.32769579
    227.80640862
    227.86408422
    227.68312889
    227.05716717
    227.05716717
    227.76431467
    227.76431467
    227.46676044
    227.46676044
    227.68558725
    227.68558725
    228.01546936
    228.28286907
    227.94512104
    227.94512104
    227.94512104
    228.26033338
    228.61187404
    228.21065383
    228.34566225
    228.50154013
    227.64657761
    228.05670648
    227.61660902
    227.61660902
    227.61660902
    226.56857457
    226.56857457
    226.56857457
    226.56857457
    226.30241000
    227.66982696
    226.99323154
    228.50232192
    228.47069996
    228.15383042
    227.54098800
    228.26239346
    228.26239346
    228.51015272
    228.51015272
    228.51015272
    228.48166667
    226.87189954
    226.98169719
    226.98169719
    226.98169719
    226.85828011
    227.03009585
    225.77733187
    227.68586503
    227.07263062
    227.17453630
    227.88666705
    227.88666705
    227.50603395
    228.12887764
    228.27310000
    228.45984594
    228.51858914
    228.51740476
    226.16484607
    226.16484607
    228.12506155
    228.34298858
    228.71607223
    228.59547872
    228.59558476
    228.59558476
    228.59558476
    228.73723152
    228.65295347
    228.65295347
    228.24859390
    228.24859390
    228.39427970
    228.27596628
    227.53861356
    228.16341425
    228.16341425
    228.21914003
    227.33376003
    227.27847246
    228.57578819
    228.33340649
    228.14889514
    228.14889514
    227.43527717
    227.43527717
    227.48388802
    228.25859096
    228.75245391
    228.75245391
    228.75245391
    228.73468848
    228.46603690
    228.53819517
    228.43976889
    228.27244082
    228.45731593
    228.45731593
    228.61981713
    228.61981713
    228.61981713
    228.53735668
    228.64108316
    228.72985841
    228.76045902
    228.65626644
    227.65611555
    228.03696564
    228.40779093
    228.49700708
    228.49700708
    228.32856140
    228.46686609
    227.91447675
    228.14106927
    228.60545498
    228.20019560
    228.20019560
    228.74862665
    228.69570416
    228.69570416
    228.42430657
    228.41261875
    228.41261875
    228.38334047
    228.36142866
    228.36142866
    228.36142866
    228.41009258
    228.68230805
    228.09183744
    227.84458803
    228.40154087
    228.40154087
    228.67790564
    228.76754232
    228.73906094
    228.74801399
    228.68733468
    228.56675621
    228.53570861
    228.53570861
    228.53570861
    228.53570861
    228.51656285
    228.51656285
    228.40981754
    228.18441248
    228.40414905
    228.64122017
    228.69849360
    228.71234514
    228.71234514
    228.71234514
    228.71234514
    228.66073766
    228.59026564
    228.59152980
    228.09647709
    228.09647709
    228.09647709
    228.25024084
    228.25024084
    228.14705477
    228.25895617
    228.25895617
    228.25895617
    228.25895617
    228.27442751
    228.28695313
    228.70818787
    228.73380829
    228.74293086
    228.74293086
    228.78155323
    228.79304118
    228.54004819
    228.70921478
    228.10160157
    228.23304556
    228.74703972
    228.67487601
    228.37865362
    228.25688519
    228.33933078
    228.31592756
    228.31592756
    228.46308565
    228.40835868
    228.07333504
    228.07333504
    228.07333504
    228.38808232
    228.63899850
    228.63899850
    228.57196132
    228.59137456
    228.52205459
    228.52205459
    228.54367182
    228.54367182
    228.54367182
    226.31740791
    226.31740791
    226.31740791
    226.31740791
    226.31740791
    226.31740791
    226.31740791
    226.31740791
    227.45070764
    227.99965876
    227.98728590
    227.93340332
    227.93340332
    227.80979821
    228.62403097
    228.61320403
    228.73808615
    228.73808615
    228.73808615
    228.76848872
    228.72416784
    227.38491767
    227.38491767
    227.38491767
    225.75861972
    226.92229410
    228.27047453
    228.27047453
    227.22382705
    224.47138583
    224.47138583
    224.47138583
    227.75028372
    228.59504856
    228.62871979
    228.64192107
    228.52171782
    228.52171782
    228.51069003
    228.55815477
    228.49465412
    228.46939332
    228.38587521
    228.22620059
    228.23693775
    228.22582003
    226.98304978
    226.98304978
    226.28553674
    226.28553674
    226.28553674
    226.28553674
    227.28593260
    227.06573346
    227.06573346
    227.19613681
    226.72266262
    226.91167746
    226.49654066
    226.43609494
    226.43609494
    226.43609494
    227.00061408
    227.00796295
    227.27479703
    227.27479703
    228.29691382
    228.40198944
    228.05713259
    228.26958685
    227.96491008
    227.80440533
    227.80440533
    227.80440533
    227.64568180
    227.88307135
    227.88307135
    227.64429258
    224.78781426
    224.78781426
    222.33988902
    222.13367382
    226.17607667
    227.06535392
    227.06535392
    228.52023726
    228.52023726
    228.52023726
    228.64489226
    228.64489226
    228.29228287
    228.29228287
    227.16808439
    225.11199927
    225.98191652
    225.78409937
    227.69418785
    227.53135214
    227.53135214
    227.40165253
    227.79622713
    228.50977021
    227.65735490
    228.17369872
    228.52319059
    228.62871910
    228.09434923
    228.43208443
    228.77622761
    228.77622761
    228.74192313
    228.74493175
    228.74493175
    228.78665247
    228.77503020
    228.77503020
    228.75745988
    228.77548387
    228.77548387
    228.70901238
    228.68307193
    228.65316542
    228.75072383
    228.75072383
    228.62726541
    228.53147567
    228.57434986
    227.05566496
    227.41305734
    227.41305734
    227.79267430
    227.46177769
    228.56371434
    228.07769078
    225.97236010
    227.42009051
    228.68643775
    228.68643775
    228.60302278
    228.69738540
    228.57941412
    228.57007743
    228.61563772
    228.63725001
    228.62926722
    228.62457788
    228.35091284
    228.35091284
    228.51381466
    228.54439924
    228.59514471
    228.73588838
    228.72669112
    228.72669112
    228.50133601
    228.50133601
    228.50471581
    227.83233559
    227.19894114
    227.19894114
    226.27390486
    226.27390486
    226.27390486
    226.27390486
    227.87028183
    226.95391386
    227.18886104
    228.49102172
    228.49102172
    228.46335035
    228.46335035
    228.48038574
    228.23681953
    227.60502900
    227.35162740
    226.67993899
    228.55007415
    228.40915788
    228.77818088
    228.43341223
    228.32269718
    228.72494354
    227.02890107
    227.02890107
    223.85234662
    224.45594144
    224.45594144
    224.45594144
    222.60270558
    222.18380239
    226.20193955
    226.07042696
    226.71287291
    226.64603412
    226.64603412
    226.98005085
    227.08680462
    227.01765926
    227.01765926
    227.01765926
    228.50216238
    228.50216238
    228.45668375
    228.42208128
    228.41533644
    228.60939644
    228.69161872
    228.69161872
    228.47092755
    228.47600704
    228.47600704
    228.54076970
    227.23720689
    227.23720689
    228.20229673
    227.69097185
    228.73758141
    228.73758141
    228.78287238
    228.74854188
    228.59157877
    227.31703551
    228.49420927
    228.52417836
    228.42126121
    228.42126121
    228.42490264
    228.53566972
    227.76213481
    227.76213481
    227.07223025
    227.07223025
    225.30391952
    225.49339735
    225.49339735
    228.07779021
    227.34333635
    227.69904966
    227.69904966
    227.90603029
    228.14607016
    228.14607016
    228.17674477
    228.17674477
    228.67313396
    228.70335970
    228.41715616
    228.27046891
    228.27046891
    227.44502117
    227.95744144
    228.28634179
    228.15389074
    228.15389074
    228.15389074
    227.88161104
    227.88161104
    227.90179140
    228.33832310
    228.45896263
    228.47772653
    228.06889721
    228.06889721
    228.33645997
    228.33645997
    228.29865280
    228.29865280
    228.79257006
    228.71639180
    228.58574746
    228.70105513
    228.66180783
    228.65200418
    227.66641278
    228.06978156
    228.53673754
    228.53673754
    228.69961959
    228.03019795
    227.70465845
    227.82989406
    227.82989406
    227.82989406
    227.02831771
    227.02831771
    226.87404699
    226.87404699
    228.10633708
    228.42724258
    228.44184773
    228.44184773
    228.06715620
    227.54507748
    227.38844630
    227.74561694
    226.27349357
    226.27349357
    226.27349357
    227.65166127
    228.19694898
    228.70038977
    228.72293741
    228.74560143
    228.13742264
    227.36098007
    227.36098007
    227.36098007
    228.70101250
    228.70159811
    228.70087878
    228.69763175
    228.62908134
    228.68961838
    228.58940770
    228.58940770
    228.58940770
    228.78289546
    228.78138658
    228.78138658
    228.69155692
    228.71246218
    228.62516984
    228.67311270
    228.05174065
    228.05174065
    228.24436728
    228.23207975
    228.09432330
    227.79954687
    227.75317467
    228.00259312
    228.04116323
    228.04116323
    228.04116323
    227.87152610
    228.16704532
    228.16704532
    228.31757138
    227.74797805
    226.36591209
    225.18838475
    226.25613032
    226.25613032
    227.92281964
    227.74688041
    228.23489188
    228.23489188
    228.48956556
    228.04011504
    228.61506578
    228.76891613
    228.76891613
    228.71733726
    228.71733726
    228.59554657
    228.59554657
    228.62016316
    228.40223023
    228.40223023
    228.40223023
    228.40223023
    228.40223023
    228.43618815
    228.39977272
    227.84883213
    227.60966847
    227.60966847
    227.73677226
    226.31767031
    227.09515309
    227.09515309
    227.60028022
    228.03346929
    227.32852349
    227.32852349
    226.97925052
    227.68276626
    228.23283486
    228.77316362
    228.77316362
    228.72179837
    228.77488380
    228.70938097
    228.77171578
    228.71798732
    228.76092211
    228.66230508
    228.66230508
    228.37134716
    228.36913758
    228.36913758
    228.36913758
    228.36913758
    228.36913758
    228.36913758
    228.36913758
    228.36913758
    228.69758236
    228.76735154
    228.75881223
    228.75881223
    228.64672352
    228.78134508
    228.78134508
    228.49064394
    228.48038434
    227.94326109
    228.30358425
    228.49485818
    228.00764806
    228.27771743
    227.21502388
    226.84847120
    226.84847120
    226.84847120
    226.70706195
    227.96498745
    227.96498745
    228.59229754
    228.59229754
    228.59229754
    228.21989481
    228.46451545
    228.59328748
    228.13613211
    228.07585546
    228.07585546
    227.48451549
    228.54278765
    227.84274095
    228.35006618
    228.35006618
    228.51714491
    227.99562021
    227.99562021
    227.82074848
    227.82074848
    227.82074848
    228.52600178
    228.50893678
    228.71784356
    228.71784356
    228.60249775
    228.09662582
    228.09662582
    228.09662582
    228.09662582
    227.96519240
    227.94774830
    227.94774830
    227.92155919
    227.92155919
    227.62026577
    227.62026577
    227.71246708
    227.71246708
    227.71246708
    228.15852981
    228.33046759
    228.37383676
    228.42353520
    228.24187741
    228.27893198
    227.01826965
    226.34017061
    226.76369059
    226.59064726
    227.07522314
    227.11272125
    225.95946034
    225.95946034
    225.95946034
    225.95946034
    225.95946034
    225.95946034
    225.95946034
    225.95946034
    226.42115705
    228.07376851
    228.07376851
    228.08082021
    228.25708795
    228.09953699
    228.03260638
    227.30930122
    228.67013662
    228.13339551
    228.33548840
    228.33548840
    228.62094219
    227.84187925
    227.84187925
    227.84187925
    228.19645169
    228.29024712
    228.40150268
    228.31353323
    228.08531687
    228.36287842
    227.01207868
    227.01207868
    227.07184407
    228.05482070
    227.75991052
    228.30615898
    228.29566928
    228.22724848
    228.28852134
    227.59739802
    227.95637202
    227.95637202
    227.95637202
    228.36503903
    227.85958918
    228.36030621
    228.36030621
    228.64064090
    228.57841469
    228.57841469
    228.62524638
    228.63155135
    228.73815422
    228.73815422
    228.73815422
    228.77996795
    228.31601327
    227.45730967
    227.30608031
    228.13989669
    228.45890640
    228.54075009
    228.48755027
    228.48755027
    228.32240690
    228.37442759
    228.14890665
    228.14890665
    228.32819279
    228.62842761
    228.32581047
    228.32581047
    228.32581047
    228.60264918
    228.65134320
    228.49736642
    228.49537208
    228.48322821
    228.74835977
    228.78573287
    228.78214043
    228.79465916
    228.78975511
    228.78000740
    228.76492774
    228.67926129
    228.73691729
    228.74764334
    228.74076339
    228.74801565
    228.27875322
    228.38113283
    228.75831082
    228.75743458
    228.61645026
    228.12851423
    228.12851423
    228.59501791
    228.70979006
    228.70979006
    228.64069909
    228.57302828
    228.59323031
    228.59323031
    228.59323031
    228.54085379
    228.72630313
    228.67109270
    228.47818194
    228.46857130
    228.46857130
    228.46857130
    228.27026476
    227.72121288
    227.72121288
    227.72121288
    227.72121288
    227.72121288
    225.54601694
    225.54601694
    226.33842482
    226.41473532
    226.41473532
    227.37755478
    228.15325493
    227.89757124
    227.99877786
    227.78247192
    228.05020342
    227.91882587
    227.91882587
    227.72660591
    227.31195407
    227.31195407
    227.74963251
    228.14269246
    228.18132282
    228.34409677
    228.34409677
    227.78597559
    227.78597559
    227.78597559
    228.05364246
    227.61566697
    227.34653482
    227.63467920
    227.63467920
    228.29671398
    228.17863075
    228.13783780
    227.23935435
    225.09684624
    225.09684624
    226.35021270
    226.09083055
    228.03501821
    228.41892039
    228.32878576
    228.32878576
    224.14109782
    224.14109782
    224.93278050
    226.28805176
    226.06193304
    226.84562382
    226.84562382
    227.22791875
    226.54827647
    226.54827647
    227.92963521
    227.92963521
    227.85701930
    227.80787568
    228.25709961
    228.27660468
    228.06128432
    228.24281918
    228.62035828
    228.78797120
    228.78797120
    228.78797120
    228.70384410
    228.44194448
    226.97119913
    227.06916005
    227.06916005
    227.19920795
    227.19920795
    227.19920795
    227.99929031
    227.47369236
    227.47369236
    227.47369236
    227.62311376
    227.62311376
    227.62311376
    227.15277263
    227.64316987
    227.64316987
    227.52049851
    227.52049851
    227.52049851
    227.33268408
    227.86315374
    228.15611584
    228.15611584
    228.18594346
    228.67650538
    228.67650538
    227.63849382
    227.22567916
    227.97930996
    227.84128535
    227.73356351
    228.63799086
    228.63799086
    228.63799086
    228.66252394
    228.66252394
    228.74262220
    228.18418276
    228.79057182
    228.06194303
    228.32707378
    228.43574999
    228.43574999
    227.80997766
    227.82238650
    227.53077091
    225.21614532
    225.21614532
    224.99853283
    226.23455122
    225.88495557
    225.88495557
    225.88495557
    225.88495557
    227.06471660
    226.65634522
    226.23641753
    227.59314224
    227.59314224
    227.59314224
    227.07791738
    228.49191472
    226.54674334
    226.72509448
    228.59707534
    228.59707534
    228.59707534
    228.55061798
    228.55061798
    228.19415124
    228.66716723
    228.29550426
    227.80896373
    225.97038146
    228.12412994
    228.11739412
    227.58428147
    227.70538899
    227.08650847
    227.17231086
    227.64403522
    227.95707712
    227.95707712
    227.95707712
    227.60858978
    227.31765424
    227.65695813
    227.69344160
    227.80528730
    227.80733627
    227.41447763
    227.61754874
    227.08479153
    226.93474563
    227.45687818
    227.45687818
    228.32703485
    228.32703485
    228.27572509
    228.27572509
    228.15934517
    227.98359262
    228.59933091
    228.60723016
    228.41410201
    228.41410201
    228.41410201
    228.41410201
    228.33417776
    228.33417776
    228.35658422
    227.88492746
    227.95737854
    227.28090838
    227.28090838
    226.19323805
    228.12324020
    228.12324020
    227.55605083
    227.55605083
    228.44546204
    227.55453973
    227.49447469
    228.34531580
    228.48185729
    228.48185729
    228.16313871
    228.16313871
    227.53381394
    227.53381394
    225.69200615
    227.15455839
    226.05682162
    226.05682162
    226.05682162
    226.05682162
    226.05682162
    225.88809983
    227.66884928
    227.66884928
    227.66884928
    227.84554161
    225.98575449
    225.98575449
    227.76928496
    227.76928496
    227.76928496
    227.81861935
    227.92643797
    227.76534511
    227.18627208
    227.76191534
    227.97556979
    227.54134246
    227.54134246
    228.28366509
    228.19226363
    227.56223866
    227.56223866
    227.80116322
    228.76825377
    228.48352683
    228.30066913
    228.30066913
    228.30066913
    228.30066913
    228.30066913
    228.30066913
    228.30066913
    228.30066913
    228.30066913
    228.30066913
    228.30066913
    228.30066913
    226.70310278
    226.84576609
    228.13049536
    228.22388247
    228.32905308
    228.23947109
    228.29667755
    228.37335234
    228.37335234
    228.61178727
    226.22131992
    228.70289233
    228.45227570
    228.36011240
    228.36011240
    228.72365727
    228.64537661
    228.73047505
    228.72373875
    228.72373875
    228.67010395
    228.61627229
    227.60329696
    228.23373404
    228.23373404
    228.23373404
    228.09276774
    228.26987951
    228.69718278
    228.69718278
    228.69718278
    228.69392053
    228.60691104
    228.71051919
    228.70337735
    228.70337735
    228.70830212
    228.70830212
    228.42918444
    226.96707612
    226.96707612
    226.96707612
    226.59469817
    227.20170313
    227.15200079
    227.15200079
    224.75120140
    227.61841740
    227.47436760
    227.47436760
    226.67903798
    226.67903798
    228.23875250
    228.23875250
    228.50764052
    228.54758039
    228.13475726
    228.59797924
    228.34026174
    228.59820978
    228.15771770
    228.40807149
    228.63641852
    228.50799780
    228.50072756
    228.50072756
    228.60018094
    228.60018094
    228.73349650
    228.73948948
    228.73948948
    228.47918125
    228.47918125
    228.50259254
    227.41969153
    228.02273255
    228.02273255
    227.95804636
    227.95804636
    227.95804636
    227.69978858
    227.27463360
    227.27463360
    226.94721782
    227.28019874
    227.26602270
    227.79171273
    227.77122266
    225.34517253
    225.78735606
    225.29713783
    227.20947427
    227.57768621
    226.85538936
    228.23672485
    228.64449807
    228.21679352
    227.41086540
    226.86100235
    227.10672543
    227.47765025
    227.47765025
    228.40953861
    227.52672160
    228.52035400
    228.52035400
    228.66187088
    228.66187088
    228.69244071
    228.69244071
    228.67064523
    228.48303019
    228.77919604
    228.71592526
    228.71592526
    228.71514620
    228.68232899
    228.68232899
    228.61735391
    228.46037623
    228.46037623
    228.46037623
    228.46037623
    227.14125581
    227.14125581
    228.44451736
    228.44451736
    227.96176712
    227.60673335
    228.47083140
    228.47083140
    228.58262134
    228.58262134
    228.58262134
    228.59803579
    228.59803579
    228.59803579
    228.70176065
    228.52973049
    228.61014842
    228.18647401
    227.87994151
    227.22932277
    228.60315105
    228.53625149
    228.78237601
    228.31970971
    228.07475042
    228.07475042
    227.07940843
    227.07940843
    227.07940843
    226.84292560
    227.36213090
    226.32656190
    221.95625934
    221.95625934
    221.95625934
    221.95625934
    225.36590578
    227.83237446
    228.34257163
    228.47618843
    228.48328481
    228.15754092
    227.56554333
    227.56554333
    227.84796413
    228.04017532
    227.21262041
    227.21262041
    227.71223105
    227.48683224
    227.45901274
    228.09128084
    228.09128084
    228.33226462
    228.29200022
    228.09596247
    226.15430546
    227.58122759
    228.28293629
    228.61800964
    228.49705437
    228.49705437
    228.49705437
    228.42868217
    228.42934410
    228.59759667
    228.66718549
    228.66718549
    228.73143112
    228.72413001
    228.73978548
    228.73978548
    228.73978548
    228.74365769
    228.73345361
    228.67191701
    228.56196164
    228.51201806
    228.70514953
    228.64540384
    228.60783736
    228.72378752
    228.72378752
    228.72378752
    228.72378752
    228.71490448
    228.57918649
    228.49277627
    228.52399398
    228.41352312
    228.77753250
    228.75975983
    228.73837040
    228.75872594
    228.64861983
    228.76877520
    228.76819904
    228.58242415
    228.56477390
    228.68582360
    228.69048764
    228.72748471
    228.43565027
    228.43565027
    228.40143510
    228.64556967
    227.87849622
    228.71118269
    228.22320663
    228.22320663
    228.23970886
    227.86774738
    226.88976436
    226.88976436
    226.56911728
    226.90726113
    226.98548772
    226.97924857
    228.00264293
    228.07490192
    228.07490192
    227.45667751
    228.02850905
    227.43736427
    227.43736427
    228.05368495
    227.41542845
    227.41542845
    228.42374253
    227.28601534
    227.08456940
    225.88994426
    227.97683671
    227.94880803
    227.14178077
    227.07899054
    227.91627307
    228.55669836
    228.55669836
    228.52783963
    228.72400911
    228.72861540
    228.71589524
    228.77534361
    228.04946497
    228.33388821
    228.53528055
    228.46210031
    228.46210031
    228.42656621
    227.35301225
    227.33849277
    227.33849277
    227.84937305
    226.53853341
    226.53853341
    227.97143437
    227.80814913
    227.78218620
    227.78218620
    228.31936270
    228.31936270
    228.45412560
    228.15315145
    228.15315145
    226.91374203
    226.91374203
    226.91374203
    226.51768002
    226.37782443
    227.91148272
    227.91148272
    228.60630682
    228.52609359
    228.52609359
    228.23748092
    227.94701375
    226.92885584
    226.92885584
    228.72338601
    228.72231833
    228.72231833
    228.72231833
    228.60543646
    228.60543646
    228.53171661
    228.76260925
    228.79517659
    228.72563789
    228.60971033
    228.72635652
    228.77992343
    228.77992343
    228.52269011
    228.50895594
    228.67741433
    228.54419674
    228.54419674
    228.54419674
    228.46068297
    228.46068297
    228.58086349
    228.58086349
    228.58086349
    228.72316941
    228.61054505
    228.77343780
    228.74419966
    228.72358846
    228.72358846
    228.48915898
    228.51228171
    228.79366979
    228.79366979
    228.78684806
    228.79316763
    228.57216046
    228.78165643
    228.78165643
    228.78165643
    226.65341731
    226.65341731
    226.65341731
    226.65341731
    228.32545518
    228.32545518
    228.32545518
    228.71494025
    228.72747845
    227.81505960
    228.48931608
    228.48931608
    228.12940319
    228.12940319
    228.70267454
    228.70267454
    228.70267454
    228.67811352
    228.68595509
    228.34516060
    228.34516060
    227.89711797
    227.33946176
    227.29421655
    227.08982826
    227.63144243
    227.63144243
    227.78329938
    227.39856786
    227.39856786
    227.45164297
    227.45164297
    227.75092969
    227.64733068
    227.64733068
    227.87608796
    227.73675496
    227.83021770
    227.83021770
    227.83021770
    227.83021770
    227.45730639
    227.45730639
    227.45730639
    228.40713076
    228.43245888
    228.16382512
    228.16382512
    228.41407482
    228.41407482
    227.24082579
    228.31150002
    228.31644262
    228.43574262
    228.23805147
    228.71383906
    228.19906543
    228.10573172
    228.10573172
    228.44845141
    228.44845141
    227.35502083
    227.35502083
    228.11461489
    228.69217627
    228.67704105
    228.73209583
    228.72170128
    228.76378998
    228.74809540
    228.74281718
    228.67186641
    228.68592071
    228.71549060
    228.35230259
    228.35230259
    228.44221727
    228.18520182
    227.51035647
    227.51035647
    227.51035647
    227.51976421
    228.63444515
    228.64934221
    228.64934221
    227.79601490
    227.79601490
    227.79601490
    227.79601490
    227.53116086
    226.98979543
    227.69142745
    228.38337000
    228.05638570
    228.21106755
    228.21106755
    228.15542961
    228.00271200
    228.00271200
    228.24311375
    228.24311375
    228.65205639
    228.65205639
    228.78853952
    228.62439683
    228.72406990
    228.60048962
    228.60077004
    228.60077004
    228.25973880
    228.35505128
    228.35673212
    227.54929201
    227.04354905
    226.65694901
    228.41876677
    228.44291283
    228.44291283
    228.62248761
    228.62473852
    228.75873072
    228.45940604
    228.45940604
    228.56308805
    228.31020852
    228.03703891
    226.85323683
    226.85323683
    228.61371511
    228.61398908
    228.50187145
    228.69471707
    228.69471707
    228.71870805
    228.53728619
    228.53728619
    228.64520120
    228.73476840
    228.73476840
    227.60043930
    226.49164731
    225.81406609
    225.81406609
    225.81406609
    225.81406609
    225.81406609
    225.81406609
    225.81406609
    225.81406609
    228.62554478
    228.64604386
    228.77178722
    228.77297704
    228.72058030
    228.73289631
    228.27741154
    228.64405563
    228.64671213
    228.64671213
    228.72218680
    228.79313019
    228.78478754
    228.77740551
    228.61739693
    228.28796645
    228.41794112
    228.35425168
    228.28563668
    228.28563668
    228.28563668
    228.30932699
    228.30932699
    228.30932699
    228.30234858
    228.13431374
    228.08910485
    228.77826889
    228.36401842
    228.62427390
    227.89919793
    226.70039793
    226.70039793
    226.70039793
    227.28736433
    226.59510414
    226.59510414
    227.12089744
    227.12089744
    227.12089744
    227.12089744
    227.12089744
    227.12089744
    226.56356521
    225.12804919
    225.12804919
    225.12804919
    225.12804919
    228.16982020
    228.16982020
    228.29159184
    227.63818927
    227.51049097
    227.51049097
    227.68501780
    228.30476929
    228.28034961
    228.79100263
    228.78046037
    228.78046037
    228.68608767
    228.69888855
    228.60983579
    228.29132143
    228.35170601
    228.35170601
    228.13801127
    227.17187545
    227.54376321
    228.14478202
    228.13448910
    226.69221284
    226.69221284
    226.69221284
    227.47156519
    227.50648032
    227.62643394
    227.64491781
    227.14229807
    227.11206466
    227.11206466
    227.11206466
    227.11206466
    228.18504996
    226.84418438
    227.35164505
    227.35164505
    226.97290898
    227.01291461
    227.17111027
    227.17111027
    227.42812197
    227.91284680
    227.89340067
    228.23339659
    228.23339659
    228.12808091
    228.09193647
    227.91800280
    227.75461940
    227.75461940
    228.13314937
    226.90764669
    226.90764669
    227.44042298
    227.86174305
    226.10441746
    226.10441746
    226.10441746
    227.47269109
    228.01889362
    228.60036562
    228.63027971
    228.56689895
    227.98898183
    227.98898183
    227.94947565
    227.30445695
    228.54501159
    227.93608834
    227.93608834
    227.18008969
    227.18008969
    227.57538313
    224.13819012
    226.55710030
    225.66686429
    228.50872166
    228.67036568
    228.77826107
    228.73805853
    228.73805853
    228.73805853
    228.73805853
    228.78414665
    228.72055733
    228.74144129
    228.74144129
    228.28319955
    228.74321161
    228.73854579
    228.71185733
    228.72329763
    228.72329763
    228.59948369
    228.59948369
    228.59948369
    228.63613722
    228.63613722
    228.64517628
    228.64762029
    228.50970042
    228.71725137
    228.72275071
    228.74031898
    228.68759576
    228.68759576
    228.22371428
    228.18516388
    228.18516388
    227.06434764
    226.76780135
    226.89786749
    227.15686402
    227.91682376
    227.89375327
    227.62747094
    227.62747094
    227.62747094
    228.00183423
    227.82372078
    228.16930374
    228.31402672
    228.33767230
    228.35667851
    228.34914020
    228.33191952
    228.31992459
    228.31992459
    228.30011033
    227.62057572
    227.75679586
    227.68541820
    228.31770415
    227.84579665
    227.35442285
    227.35442285
    227.53144405
    227.38819851
    227.17011667
    227.17011667
    227.17011667
    227.79241923
    227.50329532
    228.06259289
    228.19453822
    228.25073161
    228.25073161
    227.72801983
    228.23384024
    228.42204891
    228.72980392
    228.72980392
    228.78493376
    228.46256659
    228.46256659
    227.90461861
    227.73575142
    227.11938845
    227.11938845
    227.86897689
    226.68949980
    227.80603476
    227.42384763
    225.15921549
    224.27129794
    224.27129794
    225.56545729
    227.19987613
    225.68058739
    226.69120711
    226.69120711
    226.24099202
    226.35731074
    226.35731074
    226.35731074
    226.54386402
    226.54386402
    226.54386402
    227.58903862
    227.35615989
    227.80456108
    228.26572111
    228.26572111
    228.09651956
    228.34328880
    228.69248454
    228.79539194
    228.67808958
    228.77454539
    228.77650049
    228.60235162
    228.57192922
    228.55791056
    228.30781878
    227.09101742
    227.08997076
    227.20374890
    227.20374890
    227.20374890
    227.20374890
    226.65875370
    227.57307277
    227.57307277
    228.10594819
    228.10594819
    228.59731950
    228.55334557
    228.55334557
    228.55334557
    227.97294196
    228.59692648
    228.57187494
    228.57187494
    228.57187494
    228.64771942
    228.52894271
    228.37644528
    228.37644528
    228.17233632
    228.50235535
    228.34213339
    227.43121589
    227.43121589
    227.43121589
    227.43121589
    228.41522970
    227.44758261
    227.26337025
    227.26337025
    227.71232171
    227.71232171
    227.71232171
    227.71232171
    227.71232171
    228.48110156
    228.48110156
    228.12298332
    228.12298332
    228.08114918
    228.16881068
    228.02960931
    228.02960931
    227.65178173
    227.70656703
    227.49977604
    227.49977604
    227.49977604
    227.55596269
    228.01265779
    227.79180986
    227.92824903
    227.93678322
    226.58636961
    225.19003873
    226.73969703
    226.01974280
    226.01974280
    226.01974280
    226.01974280
    228.67274631
    228.65800299
    228.44704432
    228.53473388
    228.42358140
    228.42358140
    228.16092884
    228.16837413
    228.05308764
    228.11556575
    228.10782939
    227.48966484
    227.90741895
    226.91928268
    226.91928268
    228.16150719
    227.97731327
    227.98379087
    227.98379087
    227.98379087
    227.98379087
    227.98152178
    227.98152178
    228.45836089
    228.24504505
    228.24504505
    228.35462582
    228.56933241
    228.49810871
    228.19086577
    227.70252858
    227.70252858
    227.84044690
    227.84044690
    228.13055895
    227.44023584
    227.82555154
    227.97424289
    227.97424289
    227.91460622
    227.56493357
    227.52624878
    226.49826351
    226.94560298
    226.17753136
    226.02633522
    227.58036194
    228.26018934
    227.72957315
    227.72957315
    227.40168707
    227.40168707
    227.15195516
    227.15195516
    227.48333788
    227.48333788
    227.23795445
    227.27353370
    227.36266069
    227.36266069
    224.38716177
    225.38963154
    225.38963154
    225.38963154
    225.64170076
    225.64170076
    225.64170076
    227.67492926
    227.61833721
    227.93615913
    227.94045475
    228.24034016
    227.64276392
    226.62733214
    226.63339396
    226.96245652
    226.91793225
    226.91793225
    226.91793225
    226.51440903
    227.23398202
    227.23398202
    226.50905087
    226.68499619
    226.68499619
    226.68499619
    227.77547828
    226.56602115
    226.62332300
    227.93406341
    228.12925774
    228.12925774
    228.36878194
    228.32333973
    228.33539928
    228.34918716
    228.14867723
    228.46068480
    226.88436494
    226.34436109
    228.34552691
    228.14668951
    228.50765109
    228.51509415
    228.44186321
    228.65001021
    228.79647426
    228.72151641
    228.61975750
    228.20790946
    228.20894466
    228.36419258
    228.69076557
    228.69076557
    228.69076557
    228.79694799
    228.78934633
    228.61224147
    228.61224147
    228.67905637
    228.70566547
    228.53883549
    228.65590554
    228.65303327
    228.65303327
    228.65493158
    228.69235059
    228.25753848
    227.84194863
    227.34581632
    227.34581632
    227.34581632
    227.34581632
    228.02996741
    228.02996741
    228.02996741
    228.60279618
    228.69876623
    228.72903381
    228.68829998
    228.07387879
    228.28892656
    228.19606443
    228.19512958
    228.19512958
    228.19512958
    228.05628332
    228.05628332
    228.39169755
    228.38273019
    226.92022046
    225.71269429
    225.71269429
    226.14409198
    226.14409198
    226.14409198
    226.97468479
    227.17685314
    227.17685314
    227.55316163
    227.50105231
    227.50105231
    227.57513734
    227.79937753
    227.98989790
    227.25233776
    227.38419029
    226.35366604
    226.35366604
    226.35366604
    224.88150918
    224.88150918
    226.71950863
    226.71950863
    226.71950863
    226.71950863
    226.71950863
    226.71950863
    226.71950863
    227.73673839
    228.28269280
    228.26202770
    228.27428253
    228.27428253
    228.10201364
    228.18904458
    228.27793567
    228.46140100
    228.34110556
    228.34110556
    228.48151796
    228.71103153
    228.71103153
    226.69149153
    226.69149153
    226.58477210
    226.58477210
    226.58477210
    226.58477210
    226.58477210
    228.41382782
    228.76354435
    228.76354435
    228.76701992
    228.78757271
    228.78712745
    228.78712745
    228.78712745
    228.72418266
    228.72418266
    228.67363215
    228.74769572
    227.99049107
    227.20323823
    227.28422849
    227.69291544
    228.49602571
    228.62926463
    228.62926463
    227.99309293
    228.66947411
    228.60887513
    228.68012004
    228.70156672
    228.69844162
    228.65705349
    228.66684323
    228.73420523
    228.73420523
    228.76449672
    228.65452511
    228.65465889
    228.53948345
    228.53948345
    228.08962153
    227.83120407
    227.22902711
    227.68577934
    227.76777107
    228.28230742
    228.55806694
    228.60318150
    228.60318150
    228.73748636
    228.73748636
    228.76478621
    228.79563379
    228.48373692
    227.60876385
    227.07981219
    228.24846120
    228.39418550
    228.39418550
    228.39418550
    228.57771124
    228.43298721
    228.61377309
    228.61377309
    228.61377309
    228.61377309
    228.59196745
    228.16695801
    227.81031040
    225.86190567
    225.86190567
    226.27715468
    227.41027990
    227.31058032
    228.16177835
    228.16177835
    228.16177835
    227.76603949
    228.04142698
    228.76603414
    228.76336962
    228.72654448
    228.78130573
    228.78796104
    228.61684541
    228.61684541
    228.45090451
    227.95722198
    227.47204149
    227.47204149
    227.47204149
    227.47204149
    228.04171647
    228.04171647
    228.12878621
    228.12878621
    227.67645998
    226.80182081
    226.27698379
    226.71530427
    226.71530427
    226.71530427
    226.71530427
    226.71530427
    226.37044924
    226.37044924
    228.05216303
    228.31643133
    228.36186570
    228.06314518
    228.14229519
    228.14229519
    228.43660224
    227.73943439
    228.76043236
    228.78314523
    228.79423242
    228.68478550
    227.18675646
    227.18675646
    227.98306576
    228.01433489
    228.01433489
    228.28672781
    228.37207077
    228.36010892
    228.63052369
    228.63052369
    228.73395409
    228.74166157
    228.63161628
    228.12892422
    228.02497383
    227.66103417
    227.66103417
    227.72041191
    227.72041191
    227.86379334
    227.86379334
    227.86938007
    227.86938007
    227.86938007
    227.86938007
    228.28468077
    228.28468077
    228.60753398
    228.60943179
    228.64002616
    228.22348997
    227.15160195
    227.17500976
    227.18755029
    228.63835490
    227.64028913
    227.93739616
    227.93739616
    228.54565155
    228.54565155
    227.52806842
    227.44400256
    227.44400256
    228.46138248
    228.46138248
    228.46138248
    228.27835610
    228.03207211
    227.56254521
    228.48765977
    228.46956381
    228.57770475
    228.69680129
    228.18532949
    227.71900063
    226.45269648
    226.45269648
    227.77559960
    227.79921340
    227.87895054
    228.35319822
    228.31619483
    228.20064811
    228.20064811
    227.59564277
    227.06370326
    227.96345659
    227.96345659
    225.80330920
    226.32572029
    226.32572029
    226.32572029
    226.32572029
    226.32572029
    227.86788374
    227.86531763
    227.84267484
    228.24854803
    228.60714665
    228.60714665
    228.05746907
    228.09806230
    227.60697829
    227.60697829
    227.47424667
    227.47424667
    227.47424667
    227.46464638
    227.98611612
    228.15637162
    228.16497192
    228.20837904
    228.20837904
    228.22686572
    228.41418450
    228.52079325
    227.45797462
    227.45797462
    227.67507249
    228.68155124
    227.77392150
    226.82164541
    227.14183030
    227.14183030
    227.60396454
    227.64367258
    228.72408684
    228.60185360
    228.62866318
    228.64554406
    228.64554406
    228.73205563
    228.72597674
    228.63501756
    228.35444047
    227.95630248
    227.95630248
    228.00736884
    227.92503383
    227.77578857
    227.76479001
    228.09388570
    228.21332906
    228.21332906
    227.39316547
    227.39316547
    227.39316547
    227.16946922
    227.88547715
    226.57446341
    225.98345694
    225.98345694
    226.10549857
    226.35211727
    226.35211727
    226.56924238
    225.68167598
    226.63596280
    228.23855888
    228.38507214
    228.40916068
    228.40916068
    227.34493279
    227.34493279
    226.86565520
    226.98816374
    228.21811943
    228.18183099
    228.35323676
    228.62069700
    228.62390632
    228.74785322
    228.74785322
    228.72776963
    228.72857608
    228.72857608
    228.47690193
    228.32958132
    227.83038476
    226.87504534
    226.87504534
    226.95927352
    225.19008870
    225.63351522
    226.49208694
    226.49208694
    227.92647275
    227.51969093
    228.53003848
    228.51263036
    228.51263036
    228.53856764
    228.53856764
    228.40675037
    228.35363875
    228.14104873
    228.27022661
    228.46282184
    228.68330102
    226.79458682
    226.79458682
    226.79458682
    227.78032017
    227.78032017
    227.78032017
    227.77555924
    227.77555924
    227.77555924
    227.11118981
    227.48332976
    227.36348870
    226.38841506
    226.38841506
    226.38841506
    226.38841506
    226.38841506
    227.26958419
    228.21113960
    228.21113960
    228.19195394
    228.28179029
    228.28581957
    228.33675385
    228.30666620
    228.30666620
    227.97580076
    227.80195453
    228.24156039
    228.29514655
    228.29514655
    228.29028356
    228.44326576
    228.44326576
    228.44907627
    228.64538393
    228.41782974
    228.44746704
    227.15910811
    227.93245126
    228.14811308
    228.20802046
    228.20639410
    228.04205946
    228.04205946
    228.01432230
    228.03154782
    228.53258674
    228.40169700
    228.43923856
    227.60399455
    226.97946113
    227.61016025
    227.61016025
    228.44119916
    228.44119916
    228.44119916
    228.28014864
    228.28014864
    228.68435109
    228.58029327
    228.62541198
    228.60046719
    228.60046719
    228.57479460
    228.46437128
    228.61409674
    228.66049478
    228.42544799
    227.96623179
    228.17621364
    228.14841386
    228.07175430
    228.60372355
    228.54284571
    227.07927677
    227.69446793
    228.07835908
    228.07835908
    228.29760284
    228.53327664
    228.49886636
    228.20386666
    228.16401055
    228.00841488
    228.29618392
    228.16502215
    226.86989383
    226.86989383
    226.75885069
    226.75921777
    226.74008046
    227.29469187
    225.19299238
    225.19299238
    225.19299238
    225.19299238
    225.19299238
    226.56605504
    226.18069548
    226.18069548
    226.26152483
    226.89606691
    226.89606691
    226.35411939
    226.12411825
    227.67713373
    227.83962851
    227.83962851
    228.16352939
    228.39716401
    228.41377950
    228.34085530
    228.50144914
    228.51449325
    228.51430758
    228.42091801
    228.76383468
    228.74221405
    228.74221405
    228.59567048
    228.78022977
    228.79321358
    228.44564254
    228.45922797
    228.66271451
    228.73056421
    228.68966198
    228.57431650
    227.72749580
    226.33711378
    226.45308573
    226.45308573
    225.25529107
    225.25529107
    225.25529107
    226.57163884
    226.52113561
    226.52113561
    226.54530082
    227.51406812
    227.51406812
    227.20992713
    226.93426058
    226.93426058
    227.23031314
    227.23031314
    227.23031314
    226.34504068
    226.34504068
    227.92685864
    228.37595842
    228.37595842
    228.37595842
    228.38743475
    228.38743475
    228.62280583
    228.67202587
    228.28763178
    228.06606070
    227.78215325
    226.06506896
    226.06506896
    226.06506896
    226.06506896
    227.64432340
    227.64432340
    227.64432340
    227.64432340
    227.88374750
    228.65040094
    228.65040094
    228.54230935
    228.61073206
    228.53803987
    228.54029625
    227.79606376
    228.36314924
    228.36314924
    228.03864423
    228.03864423
    228.03864423
    228.17178942
    228.17178942
    227.89830618
    227.89830618
    227.89830618
    227.89830618
    227.65248161
    227.65248161
    228.05621039
    227.12641214
    227.12641214
    227.43067585
    228.45194148
    228.52584218
    228.46604250
    228.50375190
    228.73290892
    228.75085211
    228.77696383
    228.17440556
    228.17440556
    228.17440556
    228.17440556
    228.68367513
    227.82632890
    228.47188557
    228.47188557
    227.10465926
    227.10465926
    227.10465926
    226.91314637
    226.91314637
    226.96917007
    228.07628135
    228.05276584
    227.87182202
    227.79950958
    228.31713486
    228.00436493
    228.00436493
    226.62282078
    226.62282078
    226.62282078
    228.05007770
    227.55456385
    228.07409399
    228.20444284
    228.20444284
    227.81532310
    227.60103527
    227.93055181
    227.93055181
    227.90774047
    227.98637342
    227.69277561
    227.69277561
    227.79006036
    227.79006036
    228.19849935
    228.19849935
    228.07151356
    228.07151356
    227.82326370
    227.39759283
    227.42950172
    227.68374565
    227.25390477
    227.25390477
    227.25390477
    227.25390477
    227.25390477
    228.03956613
    228.56763032
    227.97332607
    227.97208365
    227.97208365
    226.54973872
    226.81093225
    226.81093225
    226.65676452
    226.94201958
    227.04447822
    227.04447822
    227.04447822
    227.50239534
    227.11307147
    226.23612748
    227.33810818
    226.55618277
    225.20726884
    226.37068060
    226.50668048
    225.30709788
    225.30709788
    226.76861887
    227.96015451
    228.02405685
    228.75677276
    228.42410135
    228.44889150
    228.40411261
    228.43802936
    227.61036543
    228.03750309
    227.72327557
    227.72327557
    226.96723306
    227.55092087
    228.20490730
    228.20490730
    227.99127223
    228.02247842
    227.18042162
    226.23937122
    227.75079677
    227.59093618
    227.37854264
    226.41730154
    226.41730154
    227.62251826
    228.51414240
    228.51414240
    228.51380890
    228.51380890
    228.71841618
    227.62726562
    226.49853423
    228.41644433
    228.41644433
    228.50542567
    228.50542567
    228.73706649
    227.42145818
    227.08838398
    226.77316593
    226.77316593
    224.38682693
    225.92362583
    228.28592959
    228.28592959
    227.39105630
    227.33600310
    227.76774169
    227.73963152
    227.44663292
    227.44663292
    227.79057493
    227.95443945
    226.76391167
    226.76391167
    226.65699653
    226.54367708
    226.72593913
    226.72593913
    226.72593913
    227.89666940
    227.89666940
    226.61080676
    226.61080676
    226.61080676
    227.80548827
    227.74235670
    228.05103343
    228.78406150
    228.20764903
    228.16569021
    228.22865071
    228.22865071
    227.87129233
    226.53231130
    226.53231130
    227.18425263
    227.18425263
    227.43011116
    227.43011116
    227.43011116
    227.43011116
    225.97541376
    225.97541376
    224.65492891
    224.65492891
    224.65492891
    224.94020962
    226.22930744
    226.71407659
    226.89148092
    227.12295555
    227.98940565
    227.60236869
    227.83220275
    227.83220275
    228.05768533
    228.05768533
    228.30722634
    226.87034687
    228.34144412
    228.34144412
    228.42348787
    228.42348787
    228.39812262
    228.39548161
    228.45984069
    227.48337496
    228.12272305
    228.37447442
    228.65727640
    228.74925374
    228.66476916
    228.66476916
    228.21131368
    228.68588124
    228.75227561
    228.76828553
    228.72115602
    228.72450623
    228.71406261
    228.75284488
    228.68675726
    228.54827980
    228.24623277
    228.01655976
    227.94800145
    227.94800145
    227.94800145
    227.94800145
    227.88649464
    227.94040263
    228.13883417
    228.04996150
    228.13703125
    228.13703125
    228.08300742
    228.08300816
    226.75692883
    228.20888405
    228.20888405
    228.37053439
    228.58867565
    228.53097183
    228.53097183
    228.28546483
    228.19389432
    228.19389432
    228.18984615
    228.59738115
    228.54427618
    228.67941044
    228.34789772
    227.96180630
    228.12277418
    228.54432107
    228.72740122
    228.36523414
    226.68609793
    227.70583181
    227.76823256
    227.94857774
    227.94857774
    227.28209185
    227.28472037
    227.09794602
    227.66441250
    228.46180704
    228.12867013
    228.12867013
    228.12867013
    228.06147998
    226.92710462
    226.92710462
    227.69928795
    227.69928795
    227.67625653
    227.63210203
    227.63210203
    227.63210203
    227.63210203
    227.73966475
    227.39957574
    226.64323756
    226.64008019
    226.64008019
    226.64008019
    223.94769109
    225.37354386
    225.37354386
    228.24996727
    228.72484860
    228.60708151
    227.25327791
    227.25327791
    227.25327791
    228.06321979
    227.73023171
    227.83751007
    227.83751007
    227.38461887
    227.38461887
    226.84694430
    226.84694430
    228.65032667
    228.65032667
    228.55630353
    228.52932136
    228.63012112
    228.59900534
    228.51272993
    228.59812028
    228.66948169
    228.77816347
    228.45429586
    228.44591689
    228.44619855
    228.57529570
    228.63330062
    228.39658930
    228.50814885
    228.72280122
    228.73332595
    228.62557691
    228.70304300
    228.70304300
    228.72253362
    228.72843305
    227.95450934
    228.59510903
    228.59510903
    228.64163342
    228.40979615
    228.40979615
    228.36072703
    228.36072703
    228.48758685
    228.48758685
    226.79566859
    225.22804880
    225.58221042
    223.79642664
    223.79642664
    223.79642664
    223.79642664
    223.79642664
    223.79642664
    224.34225045
    226.16905776
    228.12917948
    227.95795755
    227.95795755
    227.95795755
    227.95795755
    227.95795755
    227.72192243
    227.84791153
    227.86243555
    227.83316886
    227.94557883
    228.54724863
    228.39357250
    228.58323970
    228.58323970
    228.57420702
    228.57420702
    228.57420702
    228.13456481
    228.03527421
    228.03527421
    227.85740980
    228.20465522
    227.51281325
    228.09473107
    228.65164086
    228.61662747
    228.38417112
    228.67339579
    228.73863865
    228.75639690
    228.75639690
    228.78013339
    227.65676754
    227.44197133
    227.44197133
    226.37951487
    226.38588141
    226.61799283
    225.11983204
    226.21653934
    226.21653934
    226.21653934
    225.93744685
    225.93744685
    227.87010751
    227.22993152
    226.47675518
    226.57937479
    227.02885365
    226.42211992
    227.69415566
    227.69415566
    227.36871200
    227.58939442
    227.58939442
    227.90492700
    227.92968514
    227.91272859
    227.91272859
    227.91272859
    228.23368665
    226.84781305
    227.28391349
    227.33983171
    227.74187687
    227.56114744
    227.56114744
    227.52184099
    226.56595207
    227.43938550
    227.29987642
    227.44568326
    227.25179904
    227.94404507
    228.22149357
    228.47169133
    228.47169133
    227.00440906
    227.00440906
    226.46678710
    226.11372587
    226.67824097
    228.68630296
    228.68630296
    228.68630296
    228.19000005
    228.11978537
    227.83294587
    227.83294587
    227.83294587
    228.52377656
    227.61158750
    227.61158750
    228.11848819
    228.10835173
    228.10835173
    228.69834368
    228.69834368
    228.74412469
    228.63891618
    228.63891618
    228.67911862
    228.67911862
    228.79526518
    228.63471807
    228.64435163
    228.62074661
    228.30156728
    228.55087862
    228.55087862
    228.55087862
    228.41662301
    228.41662301
    228.35922343
    228.35922343
    227.87762306
    227.87762306
    227.87762306
    228.65436709
    228.65436709
    228.58699380
    228.58699380
    227.88263209
    227.88263209
    227.88263209
    228.23890342
    228.04522777
    228.66186623
    228.71070443
    228.24580358
    228.51066917
    228.52498501
    228.26434742
    228.19580165
    228.19580165
    228.21332916
    228.21332916
    228.42794872
    227.42854436
    227.02420612
    227.72175614
    227.97654893
    227.96166365
    228.14583559
    227.64733172
    227.53028003
    228.04007196
    228.04514374
    227.88802272
    227.88802272
    227.41401210
    227.73822549
    227.73822549
    227.70099346
    227.86446149
    227.86446149
    227.86446149
    227.67325390
    228.06072182
    228.06072182
    227.90418116
    228.12028557
    228.09575745
    227.61065916
    226.49917922
    226.49917922
    226.57490869
    226.88850177
    226.38525639
    226.38525639
    226.38525639
    226.10734083
    224.69436401
    224.69436401
    225.35764898
    225.29465208
    223.75030960
    225.37239770
    225.37239770
    225.37239770
    225.78259990
    226.75952621
    228.46027753
    228.48226272
    228.47194133
    228.47194133
    227.47058168
    228.36292608
    228.47746047
    228.29046608
    228.37624429
    228.37624429
    228.12595546
    227.90470808
    227.90470808
    226.85273791
    227.29636472
    226.69415348
    226.91009372
    224.76904043
    224.76904043
    226.02725399
    226.93239908
    226.93239908
    227.95526924
    227.95526924
    227.95526924
    227.95709215
    227.76809313
    228.20543554
    228.04073665
    228.79473334
    228.79220913
    228.79220913
    228.78268458
    228.78268458
    228.78336508
    228.78336508
    228.75446712
    228.70710902
    228.79489601
    228.78746852
    228.78718484
    228.40731353
    227.79225155
    227.79225155
    228.50005537
    228.36553337
    228.25874247
    227.75878576
    227.75878576
    227.78642184
    226.08654499
    226.08654499
    226.08654499
    226.23744835
    226.23744835
    226.23744835
    226.23744835
    226.23744835
    226.23744835
    228.17549464
    226.74002319
    227.00438365
    227.00438365
    227.06266765
    227.14629567
    227.97123199
    228.28656652
    228.34368193
    228.46782525
    228.46782525
    228.55534715
    228.56328425
    228.01074213
    227.76106926
    227.04305901
    226.12743003
    226.12743003
    226.12743003
    227.20183444
    227.20183444
    226.35400743
    226.62005928
    226.49852671
    227.00014627
    227.06054953
    227.28651940
    227.28651940
    226.86319217
    226.82316246
    227.21503864
    227.04901953
    226.30975272
    226.30975272
    226.30975272
    226.30975272
    226.30975272
    226.30975272
    226.30975272
    227.91885814
    227.55847160
    227.19876958
    226.44865487
    226.77872854
    226.77872854
    226.99725386
    226.99725386
    226.99725386
    228.45332023
    226.79544917
    226.79544917
    227.97943916
    228.18154639
    228.18154639
    228.21181064
    227.94541920
    228.56976385
    228.49743266
    228.74011087
    228.00187218
    228.76855476
    228.76855476
    228.76855476
    228.79503074
    228.79503074
    228.70049658
    228.70049658
    228.69575827
    228.77940070
    227.89467921
    228.05587088
    228.76633296
    228.76633296
    228.76633296
    228.76633296
    228.66319128
    228.46615164
    228.00886366
    228.71183596
    228.69489296
    228.67842440
    228.64278877
    228.64278877
    228.72319239
    228.72319239
    228.70136693
    228.70136693
    228.39261626
    228.30314124
    228.77506942
    228.77506942
    226.71420957
    227.42408021
    227.42408021
    227.23013673
    227.23455641
    225.97907676
    225.97907676
    225.38773560
    224.55913808
    224.55913808
    227.73832103
    227.42683970
    226.57471428
    226.92643122
    228.11400738
    227.32567313
    227.80708438
    227.33229037
    228.28642199
    228.16215133
    228.16215133
    227.26110246
    227.26110246
    227.87754274
    226.93519364
    226.78152228
    227.01210022
    227.01210022
    227.33527376
    227.80688763
    227.80688763
    227.80688763
    226.91957543
    227.41164000
    228.26214359
    228.47521548
    228.65079173
    228.65079173
    228.45187254
    228.74072769
    228.79719466
    228.74956569
    228.74956569
    228.74908211
    228.53722053
    227.78211920
    226.84912816
    227.24777434
    227.24777434
    227.60640991
