    143.24141216
    141.30317347
    141.30317347
    141.43849439
    142.51551423
    142.71126537
    142.60886403
    143.18037874
    143.18037874
    143.18037874
    143.18037874
    143.41044145
    143.42959582
    143.36713913
    143.30921982
    143.30921982
    142.89528614
    142.89528614
    142.50325993
    142.74636359
    142.62484993
    142.62484993
    142.83947016
    142.88049794
    143.44503046
    143.44503046
    143.44858051
    142.97994651
    141.52557396
    143.27444752
    143.24232901
    142.71549404
    142.71549404
    142.99781711
    142.99781711
    142.95735802
    142.95735802
    143.18036237
    143.08277995
    143.17153431
    143.17153431
    143.17153431
    143.17153431
    143.15401217
    143.22591095
    143.36799444
    143.40420938
    143.40420938
    142.98726488
    143.47528010
    142.41669977
    142.41669977
    142.41669977
    142.33061160
    142.50874724
    142.50571419
    143.18164620
    143.18164620
    143.12722361
    143.18199689
    143.18162333
    143.02186547
    142.79532288
    142.73318319
    142.73318319
    142.86497288
    142.97510882
    143.11703015
    143.11644227
    142.89377831
    142.89377831
    142.89877136
    143.30781621
    143.30781621
    143.32450529
    143.22709357
    143.22860730
    143.10451998
    143.12407767
    143.12407767
    143.12407767
    143.14914823
    142.26021021
    142.02339656
    142.65155661
    143.04200941
    143.04200941
    142.27081635
    142.27081635
    143.00208428
    142.91350733
    142.89932476
    142.73462861
    142.77953856
    142.85839089
    142.85839089
    142.95640694
    143.03298425
    142.34787678
    142.01233759
    142.82036086
    142.66420985
    142.71285935
    142.71285935
    142.71285935
    142.71285935
    142.71285935
    139.94608968
    139.94608968
    142.47937354
    142.46439633
    142.47366455
    142.47366455
    142.71885286
    142.71885286
    143.01283267
    142.95985516
    142.95985516
    142.92519487
    142.94554330
    142.94488471
    143.28909968
    143.28909968
    143.24354333
    142.86742994
    142.79273130
    142.79146364
    143.09103862
    143.03390046
    143.03390046
    142.76411329
    143.03755476
    143.03755476
    142.66878403
    143.11281031
    142.97748732
    142.72943109
    142.53116487
    142.60314206
    143.26101715
    143.20623296
    143.20623296
    143.15910549
    143.19942693
    143.18856048
    143.34077823
    143.34077823
    143.21917939
    143.26109926
    143.26109926
    139.69410896
    139.69410896
    139.69410896
    138.25229974
    138.25229974
    138.25229974
    140.06153538
    142.24905762
    142.25751447
    142.25751447
    142.25751447
    139.70299614
    139.70299614
    141.38760804
    141.21114525
    141.21114525
    140.91082817
    140.91082817
    141.87132721
    142.01768457
    142.63741915
    142.60646430
    142.60646430
    143.05920972
    143.03521096
    143.22305193
    143.36270591
    143.32447398
    143.19459806
    142.70740266
    142.70740266
    142.75615261
    142.90656826
    143.47907169
    143.47907169
    143.47998475
    143.41425055
    143.46767131
    143.47148224
    142.76786641
    142.67793103
    142.91595041
    142.91595041
    142.91595041
    142.84262136
    140.79837893
    140.79837893
    140.79837893
    140.54840932
    140.54840932
    142.27432246
    142.27432246
    142.00700461
    142.47626629
    142.47626629
    142.86294582
    142.89986536
    142.37522821
    142.06097659
    141.53191558
    139.26929490
    139.26929490
    139.26929490
    139.26929490
    139.26929490
    140.60962007
    140.60962007
    140.60962007
    140.80838854
    140.80838854
    140.80838854
    140.80838854
    140.80838854
    140.80838854
    141.62320265
    140.84798532
    141.27726816
    141.27726816
    141.27726816
    141.42049118
    141.56206650
    141.56206650
    141.56206650
    142.43995147
    142.69322332
    142.49551422
    142.49551422
    142.10657265
    142.10657265
    142.10657265
    141.31105862
    141.31105862
    141.31105862
    140.08065773
    142.82139968
    142.82139968
    142.61587551
    142.61587551
    142.61587551
    143.23481275
    142.67898500
    142.47956681
    143.46359617
    143.46359617
    143.46359617
    143.25279524
    142.94611274
    142.96635451
    142.87766776
    142.26538292
    142.57059623
    142.57059623
    142.57059623
    142.57059623
    141.67456954
    141.67456954
    141.37367064
    141.37367064
    140.98816110
    140.98816110
    140.98816110
    140.98816110
    142.43098754
    142.43098754
    142.53928674
    140.61995371
    140.61995371
    141.59847128
    141.48482893
    141.48482893
    141.48482893
    141.48482893
    142.80374196
    142.80374196
    142.15025313
    142.15025313
    142.15025313
    142.21376389
    143.40200450
    143.40200450
    143.13956420
    142.63064701
    142.72937906
    142.01407743
    141.11198809
    142.89873210
    142.89873210
    142.77868812
    143.14808568
    142.32024020
    140.78796447
    140.78796447
    140.78796447
    142.04037977
    142.45635623
    142.45635623
    140.63125032
    140.14580476
    140.14580476
    140.62457463
    140.62457463
    142.25083472
    142.48646432
    142.72974618
    143.21156312
    142.08410431
    141.49232566
    141.49232566
    141.98551523
    141.98551523
    142.24791346
    142.24791346
    142.54764915
    142.99943694
    142.86192584
    143.48212712
    143.47784250
    143.47842130
    143.38464668
    143.36672150
    143.36672150
    143.15741213
    142.42363868
    142.42363868
    142.42363868
    142.42363868
    142.42363868
    142.47480519
    142.47480519
    139.66583098
    139.66583098
    140.47983727
    140.36474273
    140.28483527
    140.40793508
    141.61788921
    142.67122774
    142.64952482
    142.70177225
    142.66814095
    143.35376685
    142.66967064
    142.82797273
    142.83341203
    143.20219065
    142.85554553
    142.78366102
    143.03280759
    143.08836533
    143.12288134
    143.09883359
    143.17935176
    142.40527162
    143.01235877
    142.15200080
    142.15200080
    142.52650095
    142.13507331
    142.13507331
    141.81468456
    142.42975151
    142.40933245
    142.74851706
    143.36493421
    143.36354492
    143.36354492
    142.68833086
    142.68833086
    143.02548586
    142.90645262
    141.11644413
    141.11644413
    141.60941964
    140.69667595
    141.06010615
    141.06010615
    141.06010615
    142.06277083
    142.06277083
    142.51003539
    142.66359698
    143.05238556
    143.05238556
    143.38430834
    143.38430834
    142.64750694
    142.64637446
    142.64738787
    142.64738787
    142.64738787
    138.29653014
    138.09756843
    138.77625621
    141.27149357
    142.77191071
    142.77191071
    143.15487724
    143.36999016
    143.43325383
    143.43325383
    143.48737973
    143.35340591
    143.39042278
    143.38929743
    143.25691134
    142.59385933
    142.96346204
    143.23112343
    143.04132727
    143.18820586
    143.23875395
    143.27111227
    143.27111227
    143.27428362
    143.39947281
    143.39947281
    143.39947281
    143.39947281
    143.45347767
    143.36501233
    142.85956589
    142.71808692
    142.05466157
    142.05466157
    141.59169763
    141.59169763
    141.59169763
    141.59169763
    142.17163215
    142.17163215
    142.17163215
    142.00898464
    141.14665843
    140.91816702
    141.08117031
    142.99434291
    142.99434291
    142.76836257
    142.76836257
    142.76836257
    140.97047371
    142.24904459
    142.12209327
    142.45424258
    142.35293941
    142.61000830
    142.90744133
    142.72556156
    142.72556156
    142.72556156
    142.63553925
    142.63553925
    141.61878416
    142.10365919
    142.10365919
    141.87218741
    141.87218741
    142.74410311
    143.21596980
    142.54126878
    143.16476312
    142.09807202
    142.24910020
    142.24910020
    142.91251653
    143.24245354
    143.12730580
    142.57805140
    143.33895930
    143.43178229
    143.37402091
    143.30034143
    143.25248968
    142.93604710
    143.11468384
    142.41726244
    142.21662037
    141.98099469
    141.98099469
    142.64644668
    142.64644668
    142.64644668
    142.83702275
    142.83702275
    142.83702275
    142.83702275
    141.91993669
    142.89799709
    142.19104809
    141.70552803
    143.29105261
    143.37827612
    143.36284386
    143.40767279
    143.40767279
    143.37281975
    143.37281975
    143.37281975
    143.16150656
    142.79032658
    142.67454386
    143.36362275
    143.36137422
    143.36137422
    143.31082101
    143.06144365
    143.13228892
    143.04768262
    143.04768262
    143.04768262
    143.04768262
    143.04768262
    143.01076687
    143.14313166
    143.14313166
    142.84022495
    142.98168803
    142.98168803
    143.29023951
    142.94657504
    142.53733960
    142.53733960
    143.31075604
    143.17121642
    143.32667558
    142.54483133
    141.98043881
    142.97858161
    143.13842359
    143.13842359
    143.22474941
    143.01279961
    143.04532747
    142.99810677
    142.86840586
    142.86840586
    142.86840586
    143.42494551
    143.42271043
    143.12802021
    142.73457896
    142.73311553
    142.61856409
    141.84242619
    141.68257714
    142.13203738
    141.16900177
    141.16900177
    141.43498621
    139.40471187
    139.40471187
    139.40471187
    140.70105337
    141.80186098
    142.44921139
    142.44921139
    142.79448539
    142.95450629
    142.89777113
    141.86597293
    141.86597293
    142.97365678
    142.97365678
    143.22794689
    143.09997210
    143.09997210
    143.09997210
    143.02901492
    143.44168029
    142.34100461
    142.55945045
    142.55945045
    143.26086188
    143.15861129
    143.34409342
    143.38971166
    143.37823638
    143.37662722
    143.48643469
    143.48799227
    143.43362716
    143.42840694
    143.32764760
    143.47961238
    143.47961238
    143.47485117
    143.41379258
    143.42685087
    142.89552775
    142.72998057
    142.92369614
    142.92369614
    143.12235618
    142.99552221
    143.17599641
    142.80017294
    142.80671163
    142.66128679
    142.21636462
    142.21636462
    142.23597849
    142.23597849
    142.23597849
    140.60359426
    142.73878114
    142.73878114
    142.89930579
    143.05091438
    142.90695738
    142.92868305
    143.45645905
    143.45645905
    143.45755068
    143.08678501
    143.11438874
    143.31638061
    143.31638061
    143.31638061
    143.31638061
    142.95197530
    142.48053248
    142.48053248
    142.44240146
    143.27240612
    143.37155354
    143.19577003
    143.19577003
    142.55356452
    142.55356452
    142.78559841
    142.55040304
    142.66181620
    143.10572789
    143.18416875
    142.53270687
    142.76647988
    143.20297085
    143.20297085
    143.20297085
    142.83853758
    142.55993639
    141.91791605
    141.91791605
    141.71887799
    141.71887799
    142.19968238
    142.19968238
    142.19968238
    143.20495515
    143.17724680
    143.17607288
    143.17607288
    143.09214469
    143.30167504
    143.28908891
    143.25709855
    143.20941387
    143.41786140
    143.48357357
    143.43456922
    143.45130499
    143.45434765
    143.45434765
    143.45434765
    143.46111030
    143.39598250
    143.37383048
    143.37383048
    143.37383048
    143.37383048
    143.17580641
    143.37020318
    142.83286231
    142.83286231
    142.83286231
    142.83286231
    141.86833757
    141.86833757
    141.94490733
    142.82908104
    142.82908104
    143.30386592
    142.50752154
    142.91810988
    143.29354813
    143.41001330
    143.19248421
    143.19248421
    142.82680082
    142.58917293
    139.98888661
    137.87297909
    139.39036305
    141.36303907
    141.36303907
    141.69486176
    141.69486176
    141.28281087
    141.28281087
    141.28281087
    141.61672292
    141.49974805
    141.49974805
    141.18975037
    142.20352119
    142.20352119
    142.20352119
    142.20352119
    142.20352119
    142.20352119
    142.03792979
    142.03792979
    142.03399466
    140.46887817
    141.53170398
    141.28041416
    141.88240374
    143.03032415
    143.03032415
    142.02969464
    142.02969464
    142.69433087
    143.44282199
    143.43435846
    143.31157766
    143.31157766
    143.32251069
    142.90695291
    142.85911839
    143.06777261
    143.19071143
    143.01189423
    142.98704166
    143.32738616
    143.32738616
    142.26961152
    139.15057713
    139.15057713
    139.15057713
    140.28751528
    139.93496425
    139.60758448
    142.19069596
    142.66347167
    142.64493220
    142.06668616
    142.41798700
    142.09317604
    142.30711212
    142.30711212
    142.31189973
    142.31189973
    143.00873862
    143.15847266
    143.13447863
    143.02933144
    142.65537548
    142.65537548
    142.64287077
    141.19385438
    141.19385438
    141.88694041
    141.98515795
    142.76995020
    142.99722994
    142.67662345
    142.65948066
    142.65948066
    142.65948066
    142.65948066
    142.95746323
    142.45580899
    142.26084787
    142.44780222
    142.44780222
    142.94329867
    143.15205395
    143.15205395
    143.30860241
    143.25763839
    143.18254454
    143.48729176
    143.28735971
    143.38017661
    143.38017661
    142.01837001
    141.29617489
    141.33116746
    141.33116746
    140.87071001
    143.40173789
    143.40173789
    143.44261882
    142.90951070
    142.85714150
    143.37367013
    143.30590075
    143.35392640
    142.85504423
    142.71889658
    142.70023979
    142.70023979
    142.69923327
    143.11520669
    143.18925430
    143.47479654
    143.48317831
    143.39146237
    143.36198046
    143.27882357
    143.28880860
    143.24899329
    143.41815562
    143.44815588
    143.30898214
    143.18778390
    143.27218032
    143.27218032
    142.91093431
    142.91093431
    143.22865946
    142.72705375
    142.72705375
    143.48040374
    143.42596422
    143.03269935
    143.03269935
    143.14309264
    143.39370147
    143.37585230
    143.37938062
    143.33816568
    143.27754405
    143.27754405
    143.20266206
    143.27788037
    142.88975733
    142.88435285
    142.88435285
    142.84192356
    140.82933958
    140.82933958
    140.82933958
    140.49542169
    140.49542169
    141.85236469
    141.85236469
    142.22836212
    142.37541568
    142.16963370
    142.66854576
    142.32716030
    141.11510699
    141.11510699
    142.20921024
    141.55827406
    142.39041054
    142.41313462
    141.41628926
    141.41628926
    141.91201544
    141.91201544
    141.91201544
    141.91201544
    141.91201544
    141.91201544
    141.89172573
    142.92503054
    142.80606980
    142.70643694
    140.61981485
    140.61981485
    141.57007741
    143.10939610
    143.10939610
    143.30557689
    143.26135374
    143.44891388
    143.37582459
    142.74443332
    142.36861467
    142.36861467
    142.36861467
    141.12013507
    142.47724670
    143.19488175
    142.95684922
    142.95684922
    142.95684922
    143.37640685
    142.97737865
    143.16131327
    143.01047503
    143.26398949
    143.30242800
    143.39730109
    143.33488073
    143.17481956
    143.17481956
    143.00640916
    141.79683295
    142.93175456
    142.77207457
    143.39207059
    143.39207059
    143.44699703
    143.40710933
    143.14330256
    143.01234229
    142.91722378
    142.91209870
    143.15112883
    142.82110516
    143.18770786
    143.16422625
    142.79927314
    142.09281608
    142.09281608
    143.19205966
    143.18997869
    143.32778316
    143.32778316
    143.28732756
    143.09628089
    143.14123576
    143.15045822
    143.21740563
    142.45750179
    142.86707421
    142.77013030
    142.54905190
    141.80628842
    141.01114718
    141.01114718
    142.43259746
    142.43259746
    143.41673939
    142.96446886
    142.96446886
    142.83939116
    141.56631119
    141.28853280
    141.37460397
    140.86528461
    142.00263678
    143.06341521
    143.34156210
    143.35106230
    143.35106230
    143.34036227
    143.40865993
    143.40865993
    143.40865993
    143.40865993
    143.40756241
    143.40756241
    143.40756241
    143.38694851
    143.47737569
    143.47737569
    143.36745943
    143.46574147
    143.40092811
    143.39765184
    143.33720443
    143.41790591
    143.41790591
    143.40350012
    143.38577031
    143.38432597
    143.34511987
    143.34511987
    143.34511987
    143.05592101
    143.05592101
    143.46283780
    143.41319511
    143.41319511
    143.41319511
    143.41319511
    143.41319511
    143.47829264
    143.46249383
    143.47194377
    143.48177805
    143.48177805
    142.56608255
    142.51262802
    142.75175557
    142.64619788
    140.23272932
    140.23272932
    142.26578049
    142.37618529
    142.42639887
    142.42639887
    141.76268334
    141.76268334
    141.74165049
    141.74165049
    141.74165049
    142.04677673
    140.31102406
    141.16312963
    141.16312963
    141.16312963
    142.53077103
    142.53077103
    143.13160790
    143.10634609
    143.15335486
    143.19447751
    143.19447751
    142.88083834
    143.14286736
    143.14286736
    143.24728595
    143.32050273
    143.40533179
    143.41413591
    143.34903520
    143.20758156
    143.41665050
    143.41665050
    143.33397638
    143.33397638
    142.72695035
    142.87930185
    143.25853445
    143.29371714
    143.30494708
    143.35479620
    143.32142253
    143.30719660
    143.30719660
    143.31951871
    143.30831832
    143.24809119
    143.24809119
    142.55735256
    143.41171598
    143.05209251
    141.84457740
    141.84457740
    142.30869554
    142.33435109
    142.40015840
    142.40015840
    142.14206719
    142.93250489
    142.93591836
    143.28877013
    143.12284616
    143.44241253
    143.46695083
    143.23805865
    143.23805865
    143.28784535
    143.37993888
    143.37993888
    143.31370920
    143.40639833
    143.23278659
    143.31422817
    143.29995545
    143.32952959
    143.32952959
    143.17325477
    143.18176488
    142.09227798
    141.60122197
    141.60122197
    139.32246022
    140.31462751
    140.75555348
    140.89867777
    140.89867777
    140.89867777
    140.89867777
    141.64834359
    141.64834359
    142.32860078
    143.10849467
    142.59537489
    142.49371477
    142.46915347
    142.46915347
    142.46915347
    142.69712618
    142.69712618
    143.03889295
    143.03005354
    143.03005354
    143.43375596
    143.35580356
    143.33865850
    142.82313650
    142.86377513
    142.86377513
    142.69436438
    142.82640351
    142.82640351
    142.81730079
    142.88747471
    142.44998120
    142.59769898
    142.53233142
    141.81660388
    141.26655896
    141.26655896
    140.41840573
    139.36063763
    139.07255412
    140.31063976
    140.31063976
    140.95835607
    140.22841531
    141.30861782
    141.08560761
    141.08560761
    142.59870354
    142.81272191
    143.07249139
    142.71021487
    140.23740497
    142.41121935
    142.77062234
    142.78746308
    142.78746308
    142.63787791
    142.63787791
    142.99905640
    142.99905640
    143.29504436
    143.32012906
    143.32012906
    143.32403985
    142.74711202
    142.74711202
    140.22175457
    142.41232903
    142.41232903
    142.21510349
    142.53043674
    142.53043674
    142.90971504
    142.85145783
    142.06440303
    142.49559847
    143.05218107
    143.11041859
    143.35884818
    143.35884818
    142.76570429
    142.67293394
    142.22568492
    142.22568492
    141.68948396
    141.90306186
    141.38853759
    141.38853759
    141.20504692
    140.13600720
    138.09996711
    137.36395595
    137.36395595
    138.77883016
    140.95382945
    140.16347233
    140.16347233
    140.16347233
    140.16347233
    140.29185398
    140.29185398
    140.47654362
    141.69289798
    141.69289798
    141.69289798
    143.04200737
    143.38459136
    143.38459136
    143.23528219
    143.20961770
    142.84302431
    143.27468722
    143.27468722
    143.09605687
    142.97203927
    142.41141907
    142.33727254
    143.14166765
    142.52070749
    142.96616317
    143.29778859
    143.20848665
    142.77097887
    142.77097887
    143.08796730
    142.79187816
    142.89906058
    142.69823026
    142.85956011
    142.80539016
    142.80539016
    142.53389590
    142.31002349
    142.31002349
    142.25272634
    141.85627532
    141.85627532
    140.29055546
    139.22338510
    141.34429877
    141.34429877
    140.42728881
    141.51892405
    141.68908135
    142.83239094
    142.83239094
    143.27441353
    143.10713868
    143.24701522
    143.20200312
    143.38845969
    143.27744989
    142.36711671
    142.13637188
    139.22515341
    139.22515341
    140.74853804
    142.17446212
    142.17446212
    142.04608668
    142.04608668
    142.01844756
    141.67330662
    142.08761478
    142.08761478
    142.03426721
    142.03252951
    143.31122028
    143.31122028
    143.27331690
    143.17592359
    143.39975588
    143.37879482
    143.37879482
    142.82610440
    142.02973818
    142.02973818
    143.06459538
    143.15077665
    143.14275676
    142.78074431
    142.43135741
    142.78408659
    142.56936614
    141.47146970
    141.47146970
    141.85945424
    141.85945424
    141.78038399
    141.78038399
    141.86485114
    141.86485114
    141.86485114
    141.86485114
    138.57559048
    138.57559048
    138.57559048
    138.14428316
    141.61654958
    141.61654958
    141.61654958
    141.61654958
    141.61654958
    141.11567082
    141.21061187
    141.03153340
    140.89987868
    140.89987868
    142.30784218
    143.41173702
    143.36722252
    143.12590504
    143.32600343
    143.32600343
    143.38221820
    143.17357578
    143.23753954
    142.67855152
    142.68939640
    143.07929258
    143.07929258
    142.76909944
    142.76909944
    142.18638470
    142.07448709
    142.07448709
    141.69247506
    141.35629321
    141.03933794
    140.98568690
    140.98568690
    141.57011866
    142.30331231
    142.42129409
    141.35361156
    142.46405382
    142.46405382
    142.55086488
    142.17779299
    142.17072845
    142.45134164
    142.37666898
    142.37666898
    142.46183219
    142.25397304
    142.25397304
    142.59736688
    142.31614098
    141.90237740
    141.90237740
    141.90237740
    142.54747100
    142.54747100
    142.88905271
    142.46754228
    142.46754228
    142.46754228
    142.46754228
    142.46754228
    142.89607043
    142.94262237
    142.94262237
    142.57534650
    142.57534650
    142.94465678
    143.07825877
    143.06227357
    141.65347872
    142.39989943
    141.24827219
    141.87995608
    142.27780142
    141.62797662
    140.95021630
    141.47437448
    141.00841189
    142.15101805
    142.58875949
    142.55258905
    142.33323473
    142.33323473
    142.90025013
    142.83356780
    142.14177041
    142.24400482
    142.57664761
    143.27571812
    143.30344164
    143.27127500
    143.36266974
    143.33106850
    143.32328798
    143.32308573
    143.32308573
    143.31596172
    143.29510227
    143.37460411
    143.37460411
    143.42858628
    143.42858628
    143.40622511
    143.39519481
    143.33636121
    143.17214775
    143.17771748
    143.17771748
    143.26393564
    142.98519519
    143.23439962
    142.70699983
    142.50406322
    142.61648062
    142.61648062
    142.61648062
    142.61648062
    142.75811770
    141.65330574
    141.77591133
    142.35093435
    141.98003016
    143.37953818
    143.37953818
    143.13911922
    143.15035906
    143.11695869
    143.14967734
    142.96005982
    142.96005982
    142.02286414
    142.93528216
    142.96439954
    142.65883133
    143.35223663
    143.07070258
    143.07070258
    143.07070258
    142.40111797
    142.40111797
    142.85916789
    143.17093572
    143.17093572
    143.38463853
    143.27086027
    143.30400513
    143.30400513
    143.30400513
    143.13591791
    143.38417792
    143.40883882
    143.47139643
    142.40305697
    142.41610438
    142.41610438
    142.53771413
    140.58413260
    137.92790540
    138.32966521
    138.90395753
    138.90395753
    138.90395753
    138.90395753
    138.90395753
    139.66947306
    142.38261582
    142.51307730
    142.34748814
    143.01523271
    141.97012795
    142.14530603
    142.14530603
    143.27195846
    143.15275393
    142.88983354
    143.07629074
    143.26502316
    143.45389998
    143.45389998
    143.37955547
    142.47446581
    142.86325247
    142.86325247
    143.05589057
    142.63987280
    142.25379639
    142.25379639
    142.54040551
    141.83066207
    141.08762398
    142.13184630
    142.24043664
    141.78330010
    141.78330010
    141.78330010
    141.68429654
    141.68429654
    139.94711429
    139.94711429
    139.94711429
    139.97595998
    141.47693089
    141.47693089
    141.47693089
    141.91917222
    142.12317249
    142.35035359
    142.97503069
    143.31407992
    143.43847460
    143.43847460
    143.43223077
    143.43223077
    143.27395944
    143.27395944
    143.25008930
    143.22639651
    143.23102584
    142.29297953
    142.92708838
    142.87042851
    142.87042851
    143.20786300
    143.20786300
    143.20786300
    143.20786300
    143.20786300
    143.16650292
    143.24570720
    143.31226372
    143.10482544
    142.88549520
    142.88549520
    143.12664354
    143.46941466
    143.33783966
    143.33783966
    143.35509612
    143.35509612
    143.35509612
    143.35509612
    143.37114452
    143.39479134
    143.39479134
    143.43372622
    143.41871701
    143.40696429
    143.46031210
    143.45440685
    143.07725163
    142.93419849
    142.65403579
    143.28115219
    143.28115219
    143.26299011
    142.89691271
    142.89691271
    142.90730162
    143.20133783
    143.20133783
    143.28472853
    142.22432397
    142.54376145
    142.81774227
    142.33607643
    141.73385158
    142.63093906
    142.45488652
    142.45488652
    143.21683100
    143.21683100
    143.21683100
    143.21683100
    143.10308876
    143.32914354
    143.32914354
    143.27020331
    143.05645893
    143.04052115
    142.69120521
    142.69120521
    142.18182756
    141.88611985
    141.88611985
    142.58785314
    142.42798657
    142.07186135
    142.20616723
    142.05734725
    141.89455877
    140.31417338
    140.31417338
    139.44102267
    139.44102267
    139.44102267
    139.44102267
    138.97254779
    140.00162264
    138.24727165
    138.24727165
    138.87707343
    141.10816361
    141.18741007
    139.63957534
    139.63957534
    139.63957534
    139.63957534
    139.63957534
    139.63957534
    138.66523197
    138.66523197
    141.18859004
    141.02020355
    141.51508573
    141.51508573
    142.14146275
    142.14146275
    142.14146275
    141.73493014
    141.92737248
    141.92737248
    142.16270369
    142.65549527
    141.91209350
    141.91209350
    141.91209350
    141.64696361
    141.73935960
    143.43702837
    143.46705148
    143.13853408
    143.31143796
    143.07467743
    143.01898055
    143.01898055
    143.07377830
    143.03277228
    141.62187503
    141.90933384
    141.90933384
    142.88895726
    142.93294594
    143.28565165
    143.14950154
    143.09752547
    142.53302285
    141.71102545
    141.71102545
    141.71102545
    141.84403571
    142.16180144
    142.16180144
    142.16180144
    142.60678268
    143.25338680
    143.43831868
    143.46625297
    143.35780326
    143.34470821
    143.35541503
    143.38735267
    143.38735267
    143.40116553
    143.44652575
    143.44853926
    143.47536411
    143.47369094
    143.45892821
    143.46790054
    140.48453890
    140.63183281
    140.63183281
    140.63183281
    139.66267470
    142.01464030
    142.01464030
    143.00652455
    143.10493384
    142.95519283
    143.04541828
    142.32913462
    142.32913462
    142.32913462
    142.32913462
    142.30949035
    142.30949035
    142.30949035
    142.30949035
    141.72938847
    142.69199522
    143.31642414
    143.32999580
    143.32999580
    143.17570765
    143.12054208
    142.96451106
    142.32390185
    142.32390185
    141.87700901
    142.41338205
    140.81774407
    139.76017269
    139.03593413
    139.03593413
    139.29781846
    135.56360861
    135.56360861
    135.47175801
    133.87977445
    134.21998346
    134.21998346
    135.54960406
    134.75126814
    134.75126814
    134.75126814
    134.75126814
    135.92918109
    135.92918109
    135.92918109
    143.33875498
    143.33875498
    143.32966271
    143.12013671
    143.12013671
    142.88628397
    143.43255269
    143.09370559
    142.61029624
    142.61029624
    142.90404977
    142.90404977
    143.18107559
    142.68581092
    142.68581092
    142.68581092
    143.26861236
    143.26861236
    143.07335461
    142.39444904
    142.39444904
    142.39444904
    143.19370665
    142.74497311
    142.63154380
    142.69812143
    143.32401368
    142.57443041
    142.56821462
    142.25854513
    141.65648172
    141.65648172
    141.65648172
    141.65648172
    141.90480455
    143.18043761
    142.91743386
    142.48416977
    142.06888243
    141.96851712
    141.96851712
    141.96851712
    142.56220725
    142.56220725
    142.56220725
    143.30607807
    143.30607807
    143.41615683
    143.41615683
    143.44616656
    142.50994893
    142.50994893
    141.38686156
    141.38686156
    141.38686156
    141.38686156
    141.38686156
    141.38686156
    141.41370605
    142.63275761
    142.92282109
    142.68428768
    142.12324227
    142.12324227
    141.70364969
    141.70364969
    141.70364969
    141.70364969
    141.70364969
    140.72139677
    139.44178912
    140.42128931
    140.42128931
    142.46128115
    142.36536779
    142.36536779
    143.33672229
    143.30335173
    143.42543267
    143.47162708
    143.10269827
    143.10269827
    143.14317704
    143.14317704
    143.14317704
    143.03531262
    143.03531262
    143.23462270
    143.24468838
    143.10145525
    143.10145525
    143.23421590
    143.30694687
    143.26237786
    142.80754632
    142.74945208
    142.32031474
    143.28803930
    143.44876524
    143.40250637
    143.35974161
    143.34620329
    143.21883294
    143.10451088
    143.19505128
    143.19359328
    143.13775032
    143.35750716
    143.32989679
    143.32989679
    143.21365548
    143.23690847
    143.25128193
    143.25128193
    143.16247891
    143.16660078
    143.23695642
    143.33012743
    143.40607367
    143.26241360
    143.26241360
    143.25103961
    143.24438222
    143.24831897
    142.51170109
    142.51170109
    142.46175424
    142.46175424
    143.43507739
    143.43507739
    143.46171555
    143.46171555
    143.44917891
    143.44799989
    143.44799989
    143.43495262
    143.28282718
    142.62042217
    142.62042217
    143.02124761
    143.18654412
    143.18654412
    143.18654412
    142.95207346
    143.01790714
    141.83627008
    142.66594782
    143.46272798
    143.37675901
    143.45799398
    140.44188507
    140.44188507
    141.13037973
    141.34114719
    139.69428165
    140.86885518
    141.67359285
    141.67359285
    142.15470498
    142.32840926
    141.31961976
    141.31961976
    141.25450722
    141.53858706
    142.01064393
    142.01064393
    140.76307681
    140.76307681
    141.00171797
    141.46067117
    142.16424601
    142.16424601
    142.17978318
    143.26612326
    143.24392491
    142.53921528
    142.77906627
    143.03596447
    143.11768830
    142.12811101
    141.72926367
    141.65078404
    141.65078404
    142.45254401
    141.83393557
    141.83393557
    141.83393557
    142.14398844
    141.79146010
    142.23303618
    142.23303618
    143.14533754
    143.45178898
    143.45178898
    143.35234722
    143.35234722
    143.18411806
    138.91099751
    138.91099751
    138.47002882
    142.14517887
    142.14517887
    142.41783026
    142.41783026
    142.60733011
    142.60733011
    142.60733011
    142.60733011
    142.42814134
    142.42814134
    142.42814134
    142.52275027
    142.79995451
    143.12194365
    142.97104257
    142.10212452
    142.10212452
    142.15945262
    142.15945262
    142.17032928
    142.81696582
    142.37293569
    142.18876948
    141.59178707
    140.55423924
    141.94078600
    141.94078600
    141.74626597
    140.54844831
    141.53238493
    140.65511238
    140.65511238
    140.65511238
    141.23041393
    141.37736336
    141.68624817
    141.43307836
    143.04730831
    143.46250938
    143.39942580
    143.39489973
    142.84750512
    142.84750512
    142.84750512
    142.80346673
    142.81788344
    142.83035677
    143.21291486
    143.38515562
    143.34465270
    142.11320438
    141.67160656
    141.61625994
    142.26469095
    142.26469095
    141.20906219
    140.09469415
    138.90199172
    138.60524845
    138.60524845
    139.27463189
    139.27463189
    141.87742451
    141.87742451
    142.23698433
    142.23698433
    142.15780369
    141.37937844
    141.31792116
    141.31792116
    141.42816603
    140.81712906
    141.33386454
    141.33386454
    141.33386454
    141.33386454
    140.47455247
    140.85414381
    140.85414381
    140.81732252
    141.81512917
    141.36599138
    142.01024797
    142.01024797
    142.01024797
    142.57844299
    142.69821997
    143.12357344
    141.35666535
    141.35666535
    142.96133558
    142.96133558
    141.87375114
    141.87375114
    142.65437645
    142.65437645
    141.66077645
    141.66077645
    141.66077645
    141.92928296
    142.29755562
    141.50482601
    140.38173722
    140.38173722
    141.23883633
    142.09031546
    142.79313781
    143.01670686
    143.01670686
    143.04871296
    142.97643428
    142.03574512
    142.24928539
    142.53681497
    142.73445962
    142.90494896
    142.90494896
    142.85453373
    142.99447511
    142.97276641
    142.97276641
    143.06593796
    143.06593796
    143.08388260
    143.23348793
    143.38618432
    143.38618432
    143.41831242
    143.40296204
    143.41174788
    143.05892085
    143.00173776
    142.94283886
    142.94283886
    143.08508375
    143.04744772
    142.99096630
    142.86368050
    143.28716384
    143.28716384
    143.30056694
    143.47134573
    143.42490267
    143.34138485
    143.20322232
    143.01315113
    142.95168024
    142.90808348
    142.90808348
    142.90808348
    142.72840606
    142.57115032
    143.19307447
    143.39565057
    143.33476811
    142.86195464
    142.86195464
    142.88194654
    141.55414615
    142.20108896
    141.89491496
    141.89491496
    141.36552845
    141.36552845
    142.89014977
    143.32186735
    143.38755663
    143.34187443
    143.35038040
    143.36716249
    143.36716249
    143.36716249
    143.36716249
    143.32642964
    143.23719136
    142.86795090
    143.35785916
    143.29956559
    143.35390414
    143.35390414
    143.30611142
    143.30611142
    143.17837565
    142.92437812
    142.95736503
    142.95736503
    142.95736503
    143.01423609
    143.42305594
    143.17853773
    143.17853773
    143.47687074
    143.40375634
    143.34964337
    143.35403861
    143.35892328
    143.35892328
    142.37624228
    142.13104030
    142.13104030
    143.31906855
    142.76986420
    141.22572471
    141.22572471
    141.22572471
    142.62845621
    142.44800528
    143.07273933
    142.98987566
    142.98987566
    142.98987566
    143.26452196
    142.95410561
    143.28273024
    143.20397185
    143.21483845
    143.31830672
    143.29349317
    143.22916773
    142.81342614
    142.87162414
    142.87162414
    142.87162414
    142.87162414
    142.87162414
    142.84209072
    142.74034964
    142.40298062
    143.10433498
    143.20406191
    143.00059834
    143.20643268
    143.35432333
    143.35432333
    143.35432333
    143.33042501
    143.33042501
    143.36118683
    143.36118683
    143.39939735
    143.25249915
    143.17600755
    143.17600755
    143.04189661
    143.10004224
    143.27435463
    143.31665632
    143.26071417
    143.26071417
    143.12574673
    142.69158156
    142.69158156
    142.82142965
    142.82142965
    142.82142965
    142.78378578
    143.01256576
    143.00061563
    143.00061563
    143.28352508
    143.37235927
    143.40258591
    142.88051342
    142.97428665
    142.97428665
    143.33250068
    143.29549567
    142.94392604
    142.05872841
    142.42531294
    142.42531294
    141.96319669
    140.00903736
    140.00903736
    141.80465047
    141.80465047
    142.07527113
    142.07527113
    142.84865600
    143.16988788
    142.88341212
    143.18950435
    143.09018059
    143.04417422
    142.88216119
    142.65745480
    142.65572291
    142.65572291
    142.65572291
    142.34615190
    142.34615190
    141.02559879
    139.91238344
    139.91238344
    139.74262931
    139.74262931
    140.78876773
    140.78876773
    140.78876773
    140.78876773
    143.00907938
    143.19287222
    143.19287222
    143.19287222
    143.11714294
    143.11714294
    143.11714294
    143.16396078
    143.16396078
    143.16396078
    143.16396078
    143.16396078
    142.74219102
    142.74219102
    142.74219102
    142.74219102
    142.74219102
    142.98590955
    142.98590955
    143.10007308
    143.19696556
    143.19696556
    142.87086513
    142.51296608
    141.54014675
    141.51706025
    140.95293175
    140.95293175
    140.62720778
    140.62720778
    140.62720778
    140.62720778
    140.94658700
    140.94658700
    140.94658700
    141.68099043
    142.25619137
    142.46154217
    142.46154217
    142.35480697
    142.88776339
    142.43431944
    141.89971490
    141.99357045
    142.06242687
    142.06242687
    141.99969000
    142.15859918
    142.00244869
    141.63823185
    137.91008965
    137.91008965
    137.91008965
    142.67906102
    143.42112517
    143.40673921
    143.44848572
    142.80447517
    142.90544930
    142.39562023
    143.22183850
    143.17567904
    143.09830828
    143.14314278
    143.19509378
    143.25582555
    143.06533063
    143.06533063
    143.06533063
    143.06533063
    143.00623461
    142.04430485
    142.04430485
    140.25475022
    139.85844819
    140.69843151
    140.69843151
    143.00551730
    142.56150524
    142.93246359
    143.00412555
    141.67405920
    142.94292421
    142.92970738
    142.92970738
    143.36840850
    140.06054723
    141.60826245
    142.70205638
    142.58370816
    142.43946505
    142.40985551
    142.84231753
    143.23160473
    143.38876289
    143.35764907
    143.19925391
    143.14387531
    142.50365780
    141.37169949
    143.38185197
    143.33238668
    142.08381826
    142.49763370
    142.04285525
    142.31912121
    141.94170852
    141.94170852
    142.98532676
    142.98532676
    142.98532676
    142.98532676
    142.98532676
    142.98532676
    143.25046868
    143.38097716
    143.09060431
    142.57286554
    141.42560104
    142.75236597
    142.75236597
    142.75236597
    142.75236597
    142.74876534
    142.85420509
    142.86748125
    141.30236751
    139.38254313
    141.92283064
    141.92283064
    142.48221988
    141.83515964
    141.99399467
    141.95935156
    141.75422903
    141.75422903
    141.66449960
    141.63531745
    140.26209874
    140.26209874
    140.83295337
    142.83213080
    143.14101772
    143.14101772
    143.14101772
    143.14101772
    142.74627554
    143.00553257
    143.00553257
    142.34964047
    142.97108824
    142.09986079
    141.85196423
    142.07945850
    142.29966575
    143.34987814
    143.38713800
    143.45858756
    143.44935795
    143.44935795
    143.45941464
    143.45941464
    143.45941464
    143.45753325
    142.94134858
    142.73351309
    142.73351309
    142.73668792
    142.73668792
    142.73668792
    142.73668792
    143.11508138
    143.11508138
    143.11508138
    143.07037823
    143.05706673
    143.05706673
    143.02190024
    142.44107885
    142.68624725
    142.68624725
    143.34260256
    143.27621434
    142.49987450
    142.49987450
    142.49987450
    142.49987450
    142.49987450
    142.14458202
    143.46141113
    143.46141113
    143.04774845
    142.11192803
    142.63581141
    142.63581141
    141.64477884
    141.82897738
    141.53917127
    142.10124957
    141.55844889
    141.59345269
    143.46731941
    143.46731941
    143.46731941
    143.47884267
    143.47884267
    143.31216452
    143.24388719
    143.28856565
    143.21728658
    143.21728658
    143.24777801
    143.33771081
    143.33771081
    143.33771081
    143.33771081
    143.26470241
    143.26470241
    143.27294286
    143.26205042
    143.14806172
    143.27670698
    143.04868782
    142.34205758
    142.34205758
    142.34205758
    141.42027905
    141.42027905
    140.81959172
    142.30080728
    140.57350252
    139.88367309
    141.13770191
    142.61030476
    143.17051433
    143.24813273
    143.47543901
    143.45949281
    143.08906893
    142.77317304
    142.46997533
    142.69902077
    142.79605278
    142.80432176
    142.84712731
    143.24243960
    142.61627283
    142.61627283
    142.61627283
    142.61627283
    143.47077891
    143.47077891
    143.47017246
    143.21972797
    143.21972797
    143.21972797
    143.26753103
    142.37010241
    142.73771240
    142.73771240
    142.45490048
    142.92627296
    142.92627296
    142.92627296
    143.32534172
    142.63552264
    143.41006827
    143.07987270
    143.33348319
    143.35693297
    143.36380928
    143.27614681
    142.91289412
    143.01613286
    142.49318975
    141.43068474
    141.91258568
    142.64232359
    142.29094938
    142.29094938
    142.29094938
    139.28221930
    140.71357721
    140.71357721
    140.71357721
    141.61165165
    141.70761032
    141.70761032
    141.70761032
    141.64613700
    141.64613700
    141.64613700
    141.64613700
    141.64613700
    142.13293890
    142.13293890
    142.13293890
    142.54420314
    142.54420314
    142.54420314
    143.33908207
    143.23121361
    143.23121361
    142.87160749
    143.18008347
    143.43138665
    143.48086667
    143.47900838
    143.44890167
    143.44890167
    143.44890167
    143.44890167
    143.46938316
    143.46938316
    143.46938316
    143.24286759
    143.28963005
    143.26696442
    143.29057440
    143.48134371
    143.47996051
    143.47996051
    143.47455062
    143.12607692
    141.88558112
    142.91592342
    143.00258591
    143.34253004
    143.12120062
    142.84899842
    142.77512753
    142.26633991
    142.26633991
    141.10755562
    141.10755562
    141.10755562
    141.10755562
    141.87006266
    141.52431316
    141.52431316
    142.37354658
    143.18020457
    143.20666004
    143.08586318
    143.27463489
    143.46900333
    143.28988017
    142.75426367
    142.75426367
    142.91674970
    142.84870926
    142.86414428
    142.56102794
    142.56102794
    143.21335607
    142.68933299
    142.34996316
    141.80868683
    142.15984082
    143.11790946
    142.96699723
    142.94519302
    142.79407639
    142.51569515
    141.80563158
    140.16149111
    140.16149111
    142.72628524
    143.28709938
    143.34891540
    143.33069831
    143.27267223
    143.37051331
    143.32641574
    143.14200857
    143.14200857
    143.14200857
    143.37370132
    143.35504500
    143.18382455
    143.25751492
    143.25943836
    143.25129253
    143.30819568
    143.37988949
    143.16187933
    143.44883367
    143.44883367
    143.22928521
    142.33608576
    142.07366346
    142.45691842
    142.09886470
    142.57614065
    142.10445502
    142.91402937
    143.01286061
    143.04163536
    143.37813724
    143.37813724
    143.44567124
    143.44567124
    143.31679344
    142.48170108
    141.90362673
    140.31275730
    140.31275730
    139.69551530
    139.69551530
    140.76041911
    140.04053349
    141.66612949
    139.31152688
    141.09698735
    141.87396845
    141.87396845
    141.87396845
    141.87396845
    142.76671423
    142.20052893
    143.29459350
    143.37065289
    142.80376292
    142.80376292
    142.50297333
    142.50753837
    142.51366956
    142.85736901
    142.98902328
    143.16591731
    143.38627534
    143.39074195
    143.37865681
    143.35810635
    143.47713692
    143.47325516
    143.48265838
    143.47993047
    143.24140951
    143.47803818
    143.29598336
    142.90453132
    143.23452516
    143.06475396
    143.06475396
    143.38782700
    142.86274152
    142.86274152
    143.05365977
    142.72943742
    142.51364457
    142.51364457
    141.42359303
    140.32459481
    141.78088016
    141.96570428
    141.05199231
    141.05199231
    141.35296508
    141.35296508
    142.37664568
    142.38158206
    142.33133982
    142.33133982
    143.22038340
    143.17799737
    143.11821504
    143.04266974
    142.97220479
    142.88807148
    142.95181274
    142.59989250
    143.30198583
    143.30198583
    143.30951533
    143.43514494
    143.43514494
    143.40152351
    143.25843396
    143.36437907
    143.34823309
    143.34823309
    143.18464093
    143.18464093
    143.21161812
    143.27309884
    142.77316578
    143.24303402
    143.37952380
    143.20767733
    143.33579230
    143.33579230
    143.33389764
    143.37111149
    143.45627925
    143.45669144
    143.48369311
    143.41179042
    142.84494433
    143.37062456
    143.04271386
    143.43094024
    143.43227738
    143.10866678
    143.10866678
    143.10866678
    143.01135984
    143.01135984
    142.97406889
    142.97406889
    141.67515700
    143.01766563
    143.01766563
    142.67600948
    142.67600948
    142.70010224
    142.43914565
    142.43914565
    143.48135058
    143.48135058
    143.47769840
    143.47769840
    142.79746761
    142.48095992
    142.48095992
    142.23966228
    142.60789764
    143.34938327
    143.38777952
    143.38777952
    143.41366114
    143.33589239
    143.33589239
    143.33589239
    143.33589239
    143.33589239
    143.33589239
    143.35169880
    143.35169880
    143.35169880
    143.34000337
    143.17742386
    142.66690359
    139.81632008
    139.81632008
    139.81632008
    140.49399377
    139.16992319
    139.16992319
    139.16992319
    142.14574693
    142.82616891
    143.12507693
    143.18758124
    143.12899241
    142.85316097
    143.43823876
    143.43823876
    142.70354380
    141.22412765
    141.22412765
    142.88165310
    143.30194882
    143.28810799
    143.34382540
    143.35887976
    143.42293662
    143.48692692
    142.81571070
    142.88730967
    143.34372518
    143.33221730
    142.46506751
    142.46506751
    142.57745407
    142.25594893
    141.78361052
    141.78361052
    141.78361052
    141.78361052
    141.78361052
    141.78361052
    142.16588140
    141.30725349
    141.30725349
    142.06705516
    142.06705516
    143.41754311
    143.40376661
    143.12083820
    142.37325568
    142.56735308
    143.19017734
    143.28732103
    143.24902458
    143.11642728
    143.11642728
    143.12877999
    143.12877999
    141.46441958
    143.18607422
    142.87382058
    143.01017665
    143.11816979
    142.91586668
    142.88083911
    142.76270073
    141.88991319
    142.67965094
    142.67965094
    142.83036559
    142.60896638
    142.48179778
    143.05727395
    143.05727395
    143.10427593
    143.17190418
    143.47621175
    143.36324541
    143.36545187
    143.35013430
    142.66031252
    142.98763807
    142.98023541
    143.47612124
    143.46518810
    142.96701180
    142.96701180
    142.96701180
    142.53073660
    142.36086524
    141.74606014
    141.74606014
    141.74606014
    141.74606014
    142.63393255
    143.16985851
    143.22300868
    143.32901660
    143.36727950
    143.16553757
    143.21925892
    143.19997155
    143.00003695
    142.07534050
    142.07534050
    143.39283974
    143.39554438
    143.39554438
    142.75976114
    143.10476797
    143.10476797
    142.80679237
    141.99765586
    141.99765586
    141.99765586
    141.99765586
    143.02032094
    143.30075484
    143.20105898
    142.80845051
    143.24454710
    142.36832532
    143.10712096
    143.10712096
    142.94915660
    143.18564544
    143.18564544
    143.35708503
    143.33727131
    143.33727131
    142.06671768
    142.06671768
    142.06671768
    143.07267234
    142.47376132
    143.11943943
    143.14081547
    143.14081547
    142.65849661
    141.77187948
    141.77187948
    143.25340939
    143.29883298
    143.29883298
    143.24181993
    143.24181993
    143.26791817
    143.05846937
    142.94902404
    142.94902404
    143.31665511
    143.31665511
    143.31665511
    143.39983983
    142.25319576
    138.76518642
    138.76518642
    138.76518642
    141.20368643
    143.44284860
    143.22991454
    142.76324558
    142.76324558
    142.79582190
    143.00499551
    142.82713930
    142.82713930
    143.33449723
    143.37831927
    143.47870524
    143.48279586
    143.41893167
    142.96820243
    142.96820243
    143.11369515
    143.28284505
    143.40398052
    142.58037153
    142.58037153
    143.17551341
    143.05014635
    143.05844675
    140.90676918
    140.88486620
    140.88486620
    140.49442931
    140.65393863
    140.65393863
    139.81020076
    141.35787143
    141.35787143
    143.23860039
    143.26871673
    143.13097038
    143.20336110
    143.08022376
    143.08266718
    143.10945361
    143.10945361
    143.10945361
    142.87313252
    142.60345791
    142.62949130
    142.74259817
    142.81450515
    141.64483083
    141.64483083
    141.45020411
    141.45020411
    143.39928205
    143.40523459
    143.15334362
    142.82904531
    143.34802167
    143.34802167
    143.29770302
    143.29770302
    143.29770302
    143.35282731
    141.88980977
    142.90719961
    143.02588840
    143.05610627
    142.12421330
    143.08357836
    143.08357836
    143.08357836
    142.26380745
    142.99785890
    142.48350337
    142.48350337
    142.48350337
    142.60270356
    142.60270356
    142.99744686
    143.08457667
    143.08457667
    143.22315029
    143.25285535
    143.25285535
    143.23003678
    143.22199455
    143.24829135
    143.26625092
    143.06075254
    143.06615558
    142.88545525
    142.51137988
    142.14284018
    141.22628769
    142.18013036
    142.18013036
    141.35728947
    142.36557350
    142.36557350
    142.47868222
    142.39337249
    141.64454287
    141.74231756
    142.07668927
    141.58564256
    141.39238025
    142.84642714
    142.84642714
    143.24589405
    142.70632920
    141.43776580
    141.38126649
    141.38126649
    141.26747583
    141.26747583
    141.26747583
    141.26747583
    141.26747583
    142.13766275
    142.18110977
    142.35186680
    142.35186680
    142.35186680
    143.20538618
    142.53492035
    142.53492035
    142.53492035
    142.53492035
    142.85048237
    143.08782580
    143.08782580
    143.06876035
    143.11860299
    143.28556163
    143.28556163
    143.47995121
    143.47616587
    142.75054534
    142.75054534
    142.47792362
    142.47792362
    142.82229314
    142.94595363
    143.18504729
    143.45796853
    143.45756221
    143.45756221
    143.45756221
    143.20076841
    142.95283222
    142.95283222
    142.96296724
    143.12914434
    142.27111134
    142.56832121
    142.61071337
    142.24958913
    142.12691197
    141.77014596
    142.24507874
    142.24574598
    142.24574598
    142.00641113
    142.01232376
    142.47478789
    142.29335819
    142.79836539
    142.98063632
    143.21746464
    143.21746464
    143.21746464
    143.11354462
    143.25210078
    142.08202092
    141.92885190
    141.95447385
    142.09399120
    142.09399120
    142.09399120
    142.66505025
    142.23166994
    142.23166994
    141.79250079
    142.54715522
    142.54715522
    141.14666642
    141.14666642
    141.49524163
    141.46018286
    141.68466673
    140.63643317
    140.34538686
    140.34538686
    140.71138795
    140.53467950
    140.53467950
    141.61875911
    141.97038722
    141.97038722
    142.92863618
    142.93204762
    142.83653231
    141.47649111
    137.06419612
    138.52237821
    138.52237821
    138.57748812
    140.06451706
    140.41396230
    140.41396230
    140.41396230
    140.29800432
    138.16422921
    138.30866044
    140.34820162
    139.94440272
    139.94440272
    139.94440272
    140.18114244
    140.18114244
    141.64762434
    141.56548066
    142.08221662
    141.58538252
    142.54675231
    142.54675231
    143.32160292
    143.30551842
    143.03165726
    141.62829703
    141.60561601
    141.59899756
    141.59899756
    142.11740813
    142.06645723
    142.06645723
    142.20067527
    142.97037850
    143.13139352
    142.57703771
    142.57703771
    142.57703771
    142.71914424
    142.44773646
    142.44773646
    142.24647128
    142.24647128
    142.29331960
    142.29331960
    141.66674003
    141.66674003
    141.04592948
    141.95345442
    143.41604380
    143.41604380
    143.45944991
    143.35425871
    143.36765708
    143.36765708
    143.32380583
    142.85326343
    143.29595691
    143.29595691
    143.24391338
    143.15874397
    143.46032049
    143.41095540
    143.41436236
    143.41436236
    143.36793314
    143.10825676
    143.10825676
    143.17335933
    143.25349788
    143.26922584
    143.07026233
    143.01067361
    143.23748785
    142.04426201
    142.17769567
    142.96415536
    142.97698431
    142.97698431
    143.26137618
    141.47866478
    142.74628835
    141.75939947
    142.89548953
    142.87485268
    142.48359612
    142.71580687
    143.37660043
    143.23727694
    143.28549450
    143.28549450
    143.41864160
    143.30530067
    143.34110392
    143.23742022
    143.36980508
    143.35700322
    143.23859251
    142.74337293
    142.66197119
    142.66197119
    141.79827492
    141.33628942
    141.79298804
    140.53093772
    140.53093772
    140.53093772
    141.62555011
    141.96797794
    141.81988316
    141.81988316
    141.81988316
    141.81988316
    141.81988316
    141.82244162
    141.82244162
    141.82244162
    142.01178940
    142.56424960
    142.56424960
    142.36907695
    142.36907695
    142.37906006
    142.37906006
    142.37906006
    142.37906006
    142.51970527
    142.57552456
    139.90355623
    140.75135847
    140.75135847
    140.75135847
    140.75135847
    141.26555628
    140.25083232
    140.81424678
    140.36455845
    140.36455845
    140.36455845
    140.36455845
    140.43901320
    138.55902758
    138.57367881
    138.89552547
    138.89552547
    142.79647690
    143.02545831
    143.06551705
    142.85033773
    143.44761979
    143.45931318
    143.41804344
    143.03596440
    143.36219486
    143.36219486
    142.97519377
    142.94247041
    143.26921751
    143.07713281
    143.20353487
    142.45167883
    142.45167883
    142.45167883
    143.33592536
    142.54593714
    142.54593714
    142.54593714
    143.10793754
    143.11100879
    143.31055531
    143.11480056
    143.11480056
    143.12854941
    142.72834915
    141.62243359
    141.42799421
    142.23038022
    142.70044788
    142.70044788
    142.81545654
    141.87375510
    141.28050398
    141.28050398
    141.28050398
    141.28207534
    141.28207534
    141.28207534
    141.28207534
    141.88391276
    141.88391276
    141.88391276
    141.39134650
    141.39134650
    142.36675626
    142.36675626
    142.88894480
    142.88894480
    142.30072654
    142.67986146
    142.16358248
    140.99927571
    140.99927571
    140.72776561
    140.72776561
    140.59599679
    142.52085574
    142.61528843
    142.61528843
    142.60659557
    142.24119380
    142.44062406
    141.75464627
    141.38834793
    141.38834793
    142.20385202
    142.20385202
    142.05615481
    142.15988959
    142.15988959
    143.06410886
    143.28387113
    143.30529603
    143.31475035
    143.31475035
    143.28621896
    143.23217163
    143.19203288
    141.67921737
    143.11708840
    142.75335512
    142.32587564
    143.45109879
    143.45025455
    143.43430703
    141.96414555
    142.66946715
    142.66946715
    142.34992899
    142.35113809
    142.35113809
    142.70692476
    142.19765726
    143.18340893
    143.25891602
    143.25891602
    143.22932514
    143.20968242
    143.48829708
    143.11398570
    142.68248133
    142.65140060
    142.65140060
    142.65140060
    143.35763319
    143.34305993
    143.33957408
    143.33957408
    143.16514465
    143.02971058
    142.89866280
    143.06465641
    143.06465641
    143.16591066
    143.31264720
    143.37038778
    142.92588311
    143.09135995
    142.77597726
    142.77597726
    141.74420306
    141.74420306
    141.61552606
    141.61552606
    141.06036993
    141.90843374
    141.39719969
    143.16586186
    143.16586186
    143.07051938
    143.12898031
    143.42709699
    143.42990658
    143.46493541
    143.35102467
    143.37675150
    143.37675150
    143.37675150
    143.39468695
    143.34531516
    143.25691450
    143.42434148
    143.48883019
    143.44625540
    143.48368031
    143.41996180
    143.41996180
    143.47110358
    143.38099531
    143.08587229
    143.39233197
    143.47387214
    143.47373502
    143.16196168
    143.24127619
    143.24127619
    142.64437426
    142.64437426
    143.25434759
    142.92854740
    143.20705941
    143.37772848
    143.37772848
    143.37205202
    143.47004252
    143.34331731
    143.46094850
    143.46494454
    143.14096526
    143.14094261
    143.34101380
    143.31549959
    143.44197313
    143.27065315
    143.26652285
    143.20511344
    142.99620235
    141.87881992
    141.93063990
    141.93916440
    141.93916440
    142.74480503
    142.26979961
    142.67717496
    142.67717496
    142.96008161
    141.56236593
    141.31985513
    141.31985513
    140.95680956
    142.39113826
    142.04424287
    142.35767288
    141.36501305
    141.36501305
    139.69297142
    139.57650032
    139.57650032
    139.57650032
    139.57650032
    143.38639586
    143.39100832
    143.39100832
    143.45941779
    143.34235206
    143.42281709
    143.41368885
    143.40192957
    143.09845165
    143.08589661
    143.08589661
    143.08181201
    143.33037808
    143.46962370
    143.45432168
    143.45432168
    143.32748227
    142.74355670
    142.99977488
    142.59283770
    143.48138399
    143.07414502
    142.11526422
    142.11526422
    142.49387164
    142.49387164
    142.49387164
    142.49387164
    142.87687287
    142.34128065
    142.84276466
    142.27020287
    142.16191338
    142.16191338
    142.16191338
    142.16191338
    142.16191338
    142.16191338
    141.84187721
    141.84187721
    142.19931985
    141.22184332
    141.22184332
    141.22184332
    142.67163079
    142.67163079
    142.67163079
    143.21173687
    143.47990223
    143.47990223
    142.67128675
    142.42481810
    142.42481810
    142.70484785
    142.70484785
    142.70484785
    142.70484785
    143.39767405
    143.39767405
    143.39767405
    143.39767405
    143.34360768
    142.96617554
    143.36722855
    143.35688762
    142.10326456
    142.89866190
    142.86422459
    143.28497094
    143.28497094
    143.32400305
    143.29231103
    143.34182739
    143.33317572
    143.33317572
    141.91695765
    141.91695765
    141.91695765
    143.35880272
    143.35880272
    143.35880272
    143.35880272
    143.27578031
    143.27926338
    143.09173196
    142.21514627
    142.21514627
    143.33592844
    143.42801147
    143.13702848
    143.23652596
    143.29229972
    143.46973190
    143.47810418
    143.44141567
    143.44141567
    143.47556588
    143.47556588
    143.31827811
    143.31827811
    141.55911901
    141.55911901
    141.55911901
    141.55911901
    141.55911901
    141.96327520
    141.90817182
    142.06171357
    141.51136932
    141.04356658
    141.60570404
    140.41337975
    140.12410414
    140.83039353
    140.83039353
    139.96901597
    140.59902223
    140.70589403
    142.10849768
    142.10849768
    142.06211462
    141.63266672
    140.47790355
    141.04239421
    141.04239421
    140.96203382
    140.46788811
    140.45847540
    139.67960745
    139.00695953
    141.72397594
    142.44552576
    142.44552576
    143.24281027
    142.14681842
    141.32213589
    140.06428301
    140.92301217
    140.01232823
    139.96500773
    141.69701598
    142.12463617
    142.38594975
    142.38594975
    142.85066234
    142.85066234
    142.81579760
    142.81579760
    142.55858745
    142.55858745
    142.13563636
    141.80452748
    141.80399462
    141.80399462
    141.85855799
    142.78383032
    142.78383032
    142.78383032
    142.78383032
    141.99193187
    142.07816856
    143.43984860
    143.43984860
    143.40607091
    143.40607091
    143.39960760
    142.20909055
    142.68710989
    142.68710989
    142.99880791
    142.60470118
    142.60470118
    142.88127552
    142.67340908
    142.75243006
    142.76226262
    143.38176733
    143.36342318
    143.36342318
    143.36014350
    143.43485769
    143.43485769
    143.48465588
    143.45586355
    143.47958364
    143.47994911
    143.47490598
    143.46333120
    142.49739081
    141.58424501
    141.58424501
    141.66278494
    143.32427758
    143.30531350
    143.32321668
    143.32825404
    142.36352389
    141.66201528
    143.13861211
    143.13861211
    141.03992411
    141.03992411
    141.03992411
    142.76416007
    142.76416007
    143.14412327
    143.14412327
    142.96817426
    142.96817426
    143.20944626
    142.82745707
    142.82745707
    142.18559890
    142.18559890
    142.50602827
    143.04405402
    142.68434161
    141.05275882
    140.69595315
    142.39506148
    143.32532410
    143.06617724
    142.86469826
    142.86469826
    142.71839692
    142.55797319
    142.29838533
    142.29838533
    142.66646146
    142.74678696
    142.80054915
    142.80054915
    142.42608163
    142.42608163
    142.42608163
    142.40404843
    142.40404843
    143.16997801
    142.85847922
    142.67434592
    141.50093322
    142.36750588
    142.29144057
    142.29144057
    141.89555985
    141.89555985
    141.89555985
    141.89555985
    142.78533705
    142.78533705
    142.84035917
    142.84035917
    142.80954635
    143.21918753
    142.59277009
    142.59277009
    142.12889234
    142.20010454
    141.52522666
    140.88339520
    141.22844047
    141.22844047
    142.17802462
    141.94132893
    141.30720667
    142.57445666
    143.37511256
    143.37511256
    142.95954079
    142.67435315
    143.08610263
    143.08610263
    142.81749709
    143.33443633
    143.38059445
    143.47639208
    143.20582242
    143.13323940
    143.30229303
    143.29755750
    143.29755750
    143.27650742
    143.28581574
    143.27163981
    143.16776822
    143.06920990
    143.20528383
    143.23585032
    143.23585032
    143.43791958
    143.43791958
    143.43791958
    143.42929870
    143.35492758
    143.02347501
    143.38562501
    141.98439742
    140.92479847
    142.63384040
    142.56831454
    142.47053566
    142.47053566
    142.47053566
    142.79079217
    142.79079217
    143.11438633
    142.91199224
    143.32572575
    143.32572575
    143.32572575
    143.31748352
    143.34489877
    142.93169043
    143.05013597
    143.47521519
    143.47667137
    143.38078579
    143.37439409
    143.44276486
    143.44276486
    143.36708142
    143.38060974
    143.38060974
    143.23522644
    143.23522644
    143.23522644
    143.20888666
    143.20888666
    143.22942735
    143.22942735
    142.64010856
    142.64010856
    142.46611398
    142.46611398
    142.43242720
    142.05649005
    143.10265111
    143.10265111
    142.93946590
    142.93946590
    142.92888773
    142.92888773
    143.03903877
    142.30309388
    142.31761530
    142.62014604
    142.54175125
    142.54175125
    141.41743242
    142.56896755
    142.23319252
    142.28052603
    142.27516495
    142.63947336
    142.55930904
    142.55930904
    142.42918614
    142.50827160
    142.31641118
    142.35162589
    143.28583366
    143.22861176
    142.90218724
    142.43992741
    142.40627314
    141.73963643
    141.69596982
    141.70199154
    142.31552959
    142.47314875
    142.82580795
    142.59133011
    142.59133011
    142.61438303
    142.80674957
    142.51495757
    142.92285322
    143.23141676
    142.81445420
    142.19444046
    141.86372040
    142.28198917
    142.28253596
    142.28253596
    142.92067781
    142.82164757
    142.95078279
    143.46225010
    143.47119101
    143.47119101
    143.44955005
    143.44955005
    143.38676178
    143.34297073
    142.06381253
    142.80006655
    142.81073739
    143.02778823
    142.76866738
    143.01498174
    142.78764562
    143.25220525
    143.31961786
    143.15589225
    143.14336158
    142.59679632
    143.18360611
    143.18360611
    143.25963676
    143.21463740
    143.23734968
    143.37107002
    142.74287334
    142.48369491
    140.69848341
    140.69848341
    141.07274994
    141.07274994
    141.07274994
    141.07274994
    141.07274994
    141.39208004
    141.40986673
    142.88003716
    141.73593965
    142.77902277
    142.77902277
    142.77902277
    142.49246699
    141.56275088
    142.18743742
    142.41590568
    142.75163746
    142.90598932
    142.54039121
    142.54039121
    143.15190217
    143.45156964
    143.41453563
    143.18870043
    143.18870043
    143.23065571
    142.77521328
    142.98576959
    143.15295457
    141.17229671
    142.65030501
    142.65030501
    142.65030501
    142.41913532
    141.63041032
    141.63041032
    141.85401308
    142.91632579
    142.79403785
    142.25415911
    142.59560640
    142.96349611
    142.96349611
    142.96349611
    142.96349611
    142.89252938
    142.45492564
    142.45492564
    142.34870833
    142.46247812
    143.02288703
    143.22626563
    143.22626563
    143.43080970
    143.43379430
    143.47058170
    143.05391344
    142.00535505
    142.00535505
    142.00535505
    141.70013506
    141.70013506
    141.05832043
    141.25214621
    142.94401313
    142.94401313
    142.88470796
    143.17190776
    143.17190776
    140.26391692
    140.26391692
    140.46464528
    140.46464528
    140.46464528
    140.82645867
    140.82645867
    139.82931189
    142.86512149
    142.44615232
    142.39466431
    142.38733182
    142.57635023
    142.57635023
    142.57635023
    141.81599273
    141.81599273
    142.77995063
    142.93506070
    142.87136917
    143.19623371
    143.11516709
    143.20678897
    142.98457166
    142.95256042
    143.05484877
    142.14196156
    141.43046699
    141.43046699
    141.43046699
    141.37649572
    141.37649572
    141.37649572
    142.75854799
    143.15689223
    143.28741839
    143.29283081
    143.38667334
    143.38717886
    143.47466375
    143.44742502
    143.38119862
    143.06021574
    143.06021574
    142.87461152
    142.87461152
    142.87461152
    142.87629167
    142.87629167
    142.92752785
    142.97138649
    143.01407104
    143.12446662
    143.12446662
    143.12446662
    143.12446662
    143.11095287
    143.11095287
    143.11095287
    143.11095287
    142.67740491
    143.02893668
    143.20469902
    143.20469902
    143.08774158
    142.28619133
    143.18069974
    143.30470071
    143.15007757
    143.32641200
    143.46095594
    143.44236333
    143.44236333
    143.46828709
    143.46824940
    142.71374742
    142.95235383
    142.95336422
    143.06764288
    142.92190974
    142.79625578
    143.41061308
    143.41061308
    143.39149686
    143.35988084
    143.34974872
    143.43748066
    143.43748066
    143.42129862
    142.48362666
    142.48362666
    142.63910818
    142.63910818
    142.63910818
    143.46374572
    143.46374572
    143.46374572
    143.39046661
    143.39466995
    143.39466995
    143.22482608
    142.84822197
    142.84822197
    141.81212286
    142.25127930
    142.25127930
    142.46798465
    142.48599123
    142.92995797
    142.92995797
    142.92995797
    142.92995797
    142.86755268
    142.67690008
    143.15230838
    143.33587887
    143.23560041
    143.32807773
    143.32910448
    143.32910448
    143.48254680
    143.48254680
    143.48254680
    143.47808957
    143.00766571
    141.51941391
    142.06961735
    140.62736556
    140.45762324
    141.73874637
    141.73874637
    141.73874637
    143.02869880
    142.83284875
    142.82993264
    143.16905908
    143.16905908
    143.16905908
    143.16905908
    142.65291601
    142.42390439
    141.29982829
    141.29982829
    142.85922740
    142.85922740
    142.70839070
    142.62842321
    141.26787196
    141.26787196
    141.26787196
    143.19650303
    143.34918170
    142.92796235
    142.92796235
    142.92796235
    143.14153007
    143.14153007
    142.46569347
    141.74533346
    141.74533346
    141.74533346
    143.43466302
    143.44290227
    143.45199035
    143.38143329
    141.92978618
    139.71464785
    139.15463615
    140.97906888
    140.27857871
    140.27857871
    142.12703762
    142.63039381
    142.81168605
    141.81579305
    142.28205608
    142.09822791
    142.56800667
    142.56800667
    142.56800667
    142.56800667
    142.56800667
    142.56800667
    142.20864360
    143.08270955
    143.48353368
    143.48717802
    141.31922796
    142.95102789
    143.13285454
    143.14439462
    143.14439462
    143.37024986
    143.21056935
    143.21056935
    143.09983070
    143.29364920
    143.29726470
    143.36271176
    143.35703098
    143.42849874
    143.39351871
    143.37444288
    143.33240030
    142.68806698
    142.68806698
    142.94196988
    143.03671941
    143.29197156
    143.09054613
    143.03525142
    142.97041402
    141.99997160
    142.01696086
    142.37482530
    142.02732855
    142.02732855
    142.02732855
    142.02732855
    142.02732855
    143.07102365
    143.24811906
    142.53130622
    142.55003662
    142.55003662
    143.29959514
    143.21133413
    143.32864806
    142.95432719
    142.95432719
    142.75920423
    142.57347068
    143.36356817
    143.36206011
    143.06209956
    143.06209956
    142.15727516
    141.24875283
    141.94549364
    142.61919099
    142.79403027
    142.79517248
    142.67847976
    141.68210272
    143.15175744
    142.78767468
    142.07432193
    140.97014415
    140.97014415
    140.97014415
    140.97014415
    141.24442349
    141.18570488
    142.11121836
    142.11121836
    141.51729436
    142.44230093
    142.44230093
    142.44230093
    142.44230093
    142.54745935
    142.54745935
    142.54745935
    142.54745935
    141.94999209
    143.35445440
    143.35445440
    143.38290026
    143.38290026
    143.46617388
    143.46617388
    143.46617388
    143.46617388
    143.42356801
    143.45677253
    143.45677253
    143.21169140
    143.21169140
    142.70402059
    142.72795661
    142.60503843
    142.60503843
    143.40998284
    143.27290066
    143.29945761
    143.31163785
    143.43531545
    143.45050026
    143.24578455
    143.24578455
    142.99002250
    141.66917587
    141.13398270
    141.13398270
    141.13398270
    141.13398270
    141.13398270
    141.99001013
    141.99001013
    142.04694374
    142.04694374
    142.04694374
    142.42724619
    142.99727372
    142.99727372
    142.99727372
    143.01357286
    143.07732180
    143.07964332
    142.56117531
    142.52330966
    142.52330966
    141.41467641
    138.20733390
    138.20733390
    143.26942030
    143.26942030
    143.03058580
    143.01766496
    143.01766496
    143.01576745
    143.22843355
    143.23577832
    143.22942242
    143.22942242
    143.22777825
    143.05275434
    143.27254724
    143.34991930
    143.14307018
    143.14986430
    142.91786923
    142.91786923
    142.48441676
    142.48441676
    143.33833429
    143.33642443
    143.30683765
    143.32214798
    142.61660361
    142.61660361
    142.61660361
    142.71902394
    143.14423685
    143.14423685
    142.91861528
    142.91861528
    142.91861528
    142.90938124
    142.54518754
    141.40023175
    141.40023175
    142.87254979
    143.32258083
    142.79915788
    142.87491897
    142.87491897
    142.87491897
    143.25220572
    143.25220572
    143.24849174
    142.87066525
    143.07297735
    142.96926247
    142.96926247
    142.76632902
    143.31485068
    143.20104159
    143.20104159
    142.91707375
    143.06181214
    143.06181214
    143.11497284
    143.11497284
    143.11497284
    143.19108415
    143.19108415
    143.19108415
    143.17105329
    143.29048601
    142.75147335
    142.61282070
    142.88520659
    143.36831249
    143.48342985
    143.40119317
    143.27357786
    143.28621226
    143.42619471
    143.36381921
    143.38050130
    143.19163513
    143.19163513
    143.19163513
    143.20150237
    143.15904615
    143.15904615
    143.16796798
    143.11647524
    143.11647524
    143.06165895
    142.99667558
    143.12105564
    143.12255765
    143.12020831
    143.12020831
    143.14676508
    143.14676508
    143.26253331
    142.49394186
    142.59693051
    143.12024072
    143.01730091
    143.01730091
    143.03264003
    142.32580548
    142.98922454
    142.83423026
    141.78492382
    141.78492382
    142.57323162
    143.22256126
    142.87985015
    142.87985015
    142.87985015
    141.87221109
    142.37202586
    141.29379512
    143.32991426
    143.37119556
    143.14739701
    143.06452551
    143.06452551
    143.06452551
    143.06452551
    143.06452551
    143.18660554
    143.23472153
    143.30129401
    143.33517589
    143.35343449
    143.40428641
    143.32832659
    143.32832659
    143.26150919
    143.17256418
    142.89325933
    142.75283002
    142.76202785
    142.76202785
    142.76202785
    143.46196115
    143.41570601
    143.36655299
    143.33647865
    143.08191734
    143.10213560
    143.10213560
    143.10213560
    143.15844638
    142.86694671
    142.66883418
    140.65622286
    140.83493309
    143.12433223
    142.94094353
    142.33264756
    142.33264756
    142.61408293
    143.23347898
    143.23347898
    143.23379282
    143.14572369
    143.31831066
    143.31831066
    142.46275610
    142.49729814
    142.53511183
    139.30044280
    139.30044280
    142.02646248
    142.13978154
    142.13216795
    142.28216356
    142.28216356
    142.24265163
    142.24265163
    142.34705915
    142.34705915
    141.93667185
    142.17302221
    142.52583311
    142.52583311
    142.51066326
    142.73840704
    141.11972720
    141.11972720
    142.52518771
    142.82773358
    142.84484126
    143.12926928
    142.79328080
    142.79328080
    142.32590227
    142.90508839
    142.77339253
    142.87388340
    142.87388340
    142.73941237
    142.90172557
    142.83264290
    143.26970198
    143.27315994
    143.39825622
    143.39009605
    140.00410692
    140.00410692
    140.00410692
    140.00410692
    140.00410692
    140.10748687
    140.77531160
    140.04913024
    140.04913024
    141.51374666
    141.51374666
    141.13644621
    140.93952337
    141.85396813
    141.85396813
    141.85396813
    141.65142123
    141.10694706
    142.11591974
    142.71169178
    142.85100014
    143.20279549
    143.20279549
    141.96794891
    143.25534115
    143.25534115
    142.11949050
    143.11158573
    143.00627552
    142.75934613
    142.82286562
    143.18799358
    143.05112940
    142.67625461
    142.96654915
    142.92568246
    142.86648453
    143.24841326
    143.24841326
    143.24841326
    143.24599455
    143.47464236
    143.48741128
    143.46591423
    143.44563180
    142.20992832
    142.79686624
    142.64935585
    142.71234548
    143.09559110
    143.42886129
    143.42886129
    143.36316357
    143.36316357
    143.31232912
    143.47555292
    143.14383705
    143.14383705
    143.48884596
    143.48516063
    143.48516063
    143.48516063
    143.04641134
    143.19817156
    143.35750039
    143.35592816
    143.29697922
    143.36761237
    142.84943605
    143.07676840
    142.88275170
    143.24849587
    143.41642901
    143.41642901
    142.90061364
    141.94906893
    141.95789942
    141.22423237
    142.64537368
    142.64537368
    142.64537368
    142.74341413
    143.05727002
    143.35841461
    143.20360561
    143.33139394
    142.97921320
    142.70045293
    143.00509714
    142.25241987
    141.91818814
    141.91818814
    141.91818814
    140.81427004
    140.81427004
    142.36211597
    143.39190237
    143.39190237
    143.26257794
    142.85270087
    142.21011123
    142.21011123
    140.47462595
    140.10924894
    140.10924894
    140.22916060
    140.22916060
    140.23898224
    140.50710058
    139.97682152
    139.97682152
    139.97682152
    139.59336279
    139.59336279
    139.59336279
    141.53653382
    141.60896060
    141.56152658
    140.90659192
    140.90659192
    140.90659192
    141.19691077
    141.19691077
    141.84852260
    142.57236772
    142.72184918
    142.72184918
    142.64077072
    142.32309922
    142.23100591
    141.57751323
    141.57751323
    142.40773188
    141.71346358
    141.61180646
    141.61180646
    140.59431545
    140.77596414
    140.85474210
    140.85474210
    140.85474210
    140.85474210
    140.85474210
    140.85474210
    140.85474210
    140.99931305
    140.99931305
    141.77645267
    141.51601896
    141.51601896
    143.34282857
    143.34282857
    143.34282857
    143.34282857
    143.29472088
    143.34631663
    143.34631663
    143.34631663
    143.34631663
    143.17410179
    143.17410179
    140.74767894
    143.27427107
    143.19900237
    143.28914232
    143.28914232
    142.10728564
    142.46259390
    142.49143992
    142.49143992
    143.18806801
    142.56626668
    141.45822777
    142.73268865
    142.98485879
    143.03145901
    142.50777957
    142.75763575
    142.73228435
    142.73228435
    142.73228435
    142.73228435
    142.73228435
    142.03570836
    142.10951001
    142.16203204
    142.10483326
    143.27832352
    142.59959620
    142.59959620
    142.59959620
    142.47885272
    142.95717903
    142.95734216
    142.96854483
    142.96854483
    143.16522065
    143.00903514
    142.80127567
    142.80127567
    140.71627264
    140.71627264
    140.53663763
    140.53663763
    140.20875131
    140.11868725
    140.11868725
    140.11868725
    140.11868725
    140.11868725
    141.35518236
    141.25443689
    142.32531822
    142.58031997
    141.94137928
    137.94907966
    141.16495651
    141.79734992
    143.00213692
    143.03773288
    143.05491292
    142.35938132
    142.71762046
    141.99972835
    141.57066847
    141.57066847
    141.42634396
    141.09316140
    143.07159054
    143.14604904
    142.74172633
    142.76093051
    142.76093051
    142.41949004
    142.41949004
    141.78421306
    143.19672656
    143.26798445
    142.55723360
    142.12757580
    142.12757580
    141.90790474
    142.32354014
    141.80461404
    141.80461404
    141.80461404
    141.58320904
    142.34593392
    142.34593392
    141.79425646
    142.86162150
    143.04846574
    142.89275916
    143.22349845
    143.21296590
    142.06776446
    142.66561056
    142.61961189
    142.39009115
    142.39009115
    142.74423133
    142.69600878
    142.63152550
    142.63152550
    142.55502532
    142.55502532
    142.82596875
    142.82596875
    141.50121569
    142.14823540
    142.14823540
    142.58974351
    142.06093768
    142.06093768
    142.07280062
    142.57454724
    141.89490625
    141.43664268
    139.92783748
    139.92783748
    140.66489608
    140.66489608
    140.66489608
    141.88248180
    140.49198371
    140.97844590
    140.65652358
    141.03399976
    141.03399976
    141.03399976
    142.16227691
    142.26364173
    141.12710733
    142.57860793
    142.74436186
    141.89245321
    141.89245321
    142.23198139
    142.23198139
    141.57146930
    141.97249962
    141.97249962
    142.16238129
    140.58461570
    141.99307224
    141.99307224
    142.24979309
    142.48988583
    142.71146906
    142.82595754
    142.76189065
    142.72434760
    142.72282282
    142.72282282
    142.74834382
    142.74834382
    143.04418568
    143.30573697
    143.30573697
    143.30573697
    143.30573697
    143.13808699
    143.48325220
    143.22398678
    143.02481550
    143.02481550
    142.86022099
    142.18130187
    142.18130187
    142.42758105
    143.27436604
    143.29384031
    143.29384031
    143.36831580
    143.36831580
    142.65282173
    141.44793895
    141.44793895
    141.49990488
    141.75862778
    140.45336464
    139.14080331
    139.14080331
    139.14080331
    139.28256363
    139.28256363
    139.28256363
    136.40540579
    136.40540579
    138.88643124
    141.48954728
    142.90861785
    142.90861785
    143.34698664
    143.42928610
    143.45795969
    143.27545772
    143.27545772
    143.25384028
    143.17579366
    143.10465787
    142.90371556
    142.90371556
    143.20674648
    143.24360638
    142.98068743
    142.98068743
    142.98068743
    143.38808215
    143.31196319
    143.01222550
    142.13344290
    142.95837033
    142.95837033
    143.00287504
    142.98591775
    143.38330444
    142.30923107
    142.18777964
    141.51956152
    141.59906750
    141.59906750
    143.41123446
    143.46699617
    143.44124126
    143.12084680
    143.12084680
    141.79745619
    140.38759983
    140.38759983
    141.77928248
    139.77461463
    139.77461463
    139.77461463
    139.77461463
    141.26148663
    140.69270896
    140.78900473
    140.78900473
    140.78900473
    142.91679204
    142.97199280
    143.19106721
    143.09664436
    142.82403901
    143.17132778
    142.73332424
    142.73332424
    142.73332424
    142.44342657
    142.58487401
    141.64314989
    142.44268697
    140.38647255
    140.22333851
    139.26216616
    142.86847327
    143.11860231
    143.33733426
    143.23844872
    143.38394626
    143.47334323
    143.47334323
    143.29231653
    143.27703223
    143.25793214
    142.90698388
    143.05741369
    143.29102141
    143.36137280
    142.66209977
    141.93633487
    141.27678317
    141.27678317
    142.24975703
    142.24975703
    142.69098242
    143.21182861
    142.84587160
    143.31093463
    143.34051901
    143.11824354
    142.85736127
    142.94500588
    142.96007732
    142.19028884
    142.56444282
    143.22589298
    142.96706842
    142.92213308
    143.35775887
    143.43221772
    142.45282704
    142.36411782
    141.13756315
    141.82042953
    142.71989146
    143.41595838
    143.39110423
    143.39497155
    143.25674442
    143.24671239
    143.24671239
    143.36157062
    143.36157062
    143.27021327
    143.46974000
    143.47609438
    143.47895063
    143.47895063
    143.47895063
    143.47021047
    143.46837650
    143.46837650
    143.48038322
    143.28910989
    143.13072486
    143.21075556
    143.21075556
    142.61882062
    143.06598349
    143.30524990
    143.41102273
    143.41102273
    143.43188038
    143.45757437
    143.01034578
    143.29675583
    142.56397841
    142.77220955
    142.29287180
    143.08672694
    142.78696511
    142.78696511
    143.32042694
    140.80410161
    140.80410161
    142.43246171
    142.45501370
    142.25713491
    142.85675083
    142.77359579
    142.46965322
    142.02253094
    142.02156145
    142.02156145
    142.02156145
    142.02156145
    142.15132694
    142.81196874
    143.46500168
    143.46857014
    143.46857014
    143.46857014
    143.46857014
    143.45498313
    143.31648624
    143.32933607
    143.47154839
    143.47154839
    143.47803188
    143.48388190
    142.44601868
    143.31898525
    142.25314953
    141.96139311
    142.02445897
    142.02445897
    142.02445897
    142.02445897
    141.92147171
    142.10279459
    142.75614132
    142.83482838
    143.26006938
    143.26006938
    143.23907026
    143.23907026
    143.23907026
    143.23988748
    143.07670880
    143.02476368
    143.02476368
    142.28120532
    142.28120532
    142.29491657
    141.99724743
    142.07566621
    142.07566621
    142.15138347
