    230.70182829
    230.55725215
    230.55725215
    230.60339910
    230.59782009
    230.43685519
    230.43685519
    230.12635135
    230.14517382
    230.52630319
    230.64684932
    230.53356743
    231.32403500
    231.27773489
    231.18899543
    231.30363228
    230.63017886
    228.68945253
    229.94514908
    230.59103028
    231.54623079
    231.52443645
    231.50920384
    231.06109472
    231.35355683
    231.20277063
    231.70114662
    231.62985986
    231.71020318
    231.69530906
    231.85112295
    231.85620286
    231.02652880
    231.29744351
    231.29744351
    231.10116403
    231.06643607
    231.03924070
    231.03924070
    230.05142463
    230.04706348
    231.23610518
    230.57091933
    229.75974832
    229.75974832
    229.75974832
    229.75974832
    229.75974832
    231.23964910
    231.23964910
    231.73120914
    231.53670612
    231.76068656
    231.13915359
    230.81972162
    230.81972162
    230.44414675
    230.36587370
    230.23096247
    231.30544627
    231.30805189
    231.53226517
    231.71074137
    231.86554802
    231.84474696
    231.82407886
    231.82448350
    231.80032127
    231.80032127
    231.80032127
    231.44517115
    231.86342053
    231.86342053
    231.83224327
    231.78630185
    231.78630185
    231.79072505
    231.72764084
    231.72764084
    231.72764084
    231.69680631
    231.85323531
    231.77878093
    231.70420932
    231.70495198
    231.69409620
    231.80803646
    231.80356733
    231.71358796
    231.69500931
    231.40231758
    231.52314392
    231.69724082
    231.23299600
    231.51795357
    231.82583738
    231.82583738
    231.77869894
    231.81652932
    231.77238960
    229.94437782
    230.86771480
    231.76587102
    231.76587102
    230.70916521
    231.32312281
    230.51948639
    230.91291076
    230.82601399
    230.64444962
    230.58875275
    230.44423883
    229.74616954
    230.05502619
    230.06692136
    230.15706140
    230.15706140
    229.92660981
    229.96562542
    230.02751586
    230.28448590
    229.03723195
    229.03723195
    229.01215946
    229.17694669
    229.17694669
    229.17694669
    229.17694669
    230.17624791
    230.17624791
    230.25835407
    230.25835407
    230.48822337
    230.72593074
    231.03668360
    230.92157590
    230.92157590
    230.69097210
    230.69097210
    230.83144669
    230.86267050
    231.20899355
    230.90106338
    230.90106338
    230.90106338
    230.80316926
    230.80316926
    230.84456815
    230.97524805
    230.97524805
    229.37882220
    230.61855089
    230.63902407
    231.14992175
    229.71661098
    229.08717778
    229.67279208
    230.19745803
    231.32926696
    231.14607897
    230.29442186
    228.17530021
    228.57594911
    229.53766435
    230.83566858
    230.81604127
    230.81764582
    230.79452297
    230.03735646
    230.02493442
    230.02493442
    230.02493442
    228.31029865
    228.71218008
    229.02223332
    229.67250800
    229.67250800
    229.67250800
    229.67250800
    229.83392208
    229.42062786
    229.42062786
    230.48491449
    230.48491449
    230.48491449
    230.48491449
    230.48491449
    230.48491449
    231.54227475
    231.63576289
    230.95087008
    231.45629456
    231.45629456
    231.67552174
    231.78881487
    231.08388173
    231.13599462
    231.14268679
    231.74560614
    231.73261201
    231.70665537
    231.27939487
    231.41290013
    231.41290013
    231.86135490
    231.86135490
    231.85137719
    231.76134044
    231.81698781
    231.86770534
    231.86765422
    231.33447785
    231.30569890
    231.30569890
    230.68563535
    230.67609896
    231.27978950
    231.39343181
    231.39343181
    231.24081447
    231.24081447
    231.34370595
    231.71895521
    231.71895521
    231.44102542
    231.86315322
    231.85720565
    231.86597893
    231.83955826
    231.81317135
    231.81317135
    231.81317135
    231.39828151
    231.44569801
    231.78972908
    231.78972908
    231.80711437
    231.81070367
    231.75401534
    231.42052879
    231.42052879
    231.26980255
    231.20259921
    229.60331386
    228.53416201
    227.29003503
    227.29154971
    226.44947251
    226.44947251
    227.92680481
    231.37270138
    230.92950487
    231.62897241
    229.63387944
    230.63501920
    231.81486074
    231.03233401
    230.97450802
    230.97450802
    230.76771405
    230.94481737
    231.38768661
    231.38768661
    231.38768661
    231.42334644
    231.49299311
    231.49299311
    231.47631420
    231.31573931
    231.13270711
    231.78636897
    231.68368663
    231.57778366
    230.80367788
    230.75066523
    231.14260538
    231.14260538
    231.31028700
    231.31028700
    231.31028700
    231.82033035
    231.77789086
    231.77705424
    231.37879837
    231.61316776
    231.78774247
    231.25084228
    231.25084228
    231.25084228
    229.13174799
    229.13174799
    231.51302966
    231.39335585
    231.39335585
    231.61339849
    231.72343895
    231.54031706
    228.58125978
    230.19721397
    230.19721397
    231.10351228
    230.88784514
    230.88784514
    230.91547174
    229.87298141
    229.70609186
    229.70609186
    229.51919719
    230.08047489
    230.06502612
    230.26316638
    230.26316638
    230.26316638
    231.48347372
    231.18856536
    231.31214526
    231.36785616
    231.36785616
    231.36785616
    230.44705776
    230.72835516
    229.05554404
    229.05554404
    229.99072475
    229.99072475
    230.49813066
    230.53735817
    231.00170800
    228.43518490
    228.43518490
    228.43518490
    228.81361477
    229.61976543
    229.61976543
    229.54248051
    227.70119074
    227.70119074
    227.70119074
    229.64557481
    229.04332882
    229.04332882
    229.71369636
    231.02321548
    231.15460371
    231.31637805
    230.44729580
    230.44729580
    230.44729580
    230.59940044
    231.83136601
    230.56941878
    231.15403477
    231.15403477
    231.15403477
    231.22085717
    231.22085717
    231.22085717
    231.22085717
    231.63651306
    231.63651306
    231.31834951
    231.31834951
    231.31834951
    230.53375723
    231.66071860
    231.64373412
    231.64491295
    231.48035751
    231.40407014
    231.46423602
    231.46423602
    231.46423602
    231.51328878
    231.61958409
    231.55371141
    231.67941766
    231.73474907
    231.75484058
    231.84976353
    231.84976353
    231.84976353
    231.86964239
    231.87302043
    231.85521783
    231.87336323
    231.87336323
    231.87336323
    231.84714795
    231.83832745
    231.84765756
    231.78460818
    231.76683888
    231.37490660
    230.95290091
    231.58624304
    231.56566890
    231.46993992
    231.46993992
    231.50417551
    231.40274608
    231.23939629
    231.53169012
    231.18184761
    230.85126971
    231.73180437
    231.21659647
    229.37556053
    229.37556053
    228.95441183
    229.38506360
    229.95604525
    229.95604525
    230.15881396
    231.14576924
    231.75267655
    231.68462202
    231.79883077
    231.86649819
    231.72331431
    231.53313381
    231.53313381
    231.53313381
    231.53313381
    231.83771340
    231.84361818
    231.69841783
    231.76293919
    231.76293919
    231.78530805
    231.86727799
    231.84983569
    231.83418369
    231.83418369
    231.83418369
    231.85701647
    231.64086249
    231.64086249
    230.70623397
    230.68520535
    231.45641439
    231.29184076
    231.29184076
    231.24495771
    231.46737468
    231.46737468
    231.46737468
    231.31606108
    231.23197488
    231.23197488
    231.73221269
    230.40258563
    230.23295602
    230.22271814
    230.42581245
    230.70842456
    230.24346967
    229.87618710
    229.87618710
    229.87618710
    229.81532579
    231.30525491
    231.32009476
    231.73188487
    231.84324138
    231.01112910
    231.40253833
    231.12305451
    230.87214417
    230.71864246
    230.28909105
    230.26097417
    230.26097417
    229.82369725
    229.61263014
    230.10422990
    230.62509603
    230.62509603
    230.55198352
    230.04853618
    231.18403067
    231.18403067
    231.21496635
    231.36101897
    231.43001376
    231.45947281
    231.64302458
    231.64302458
    227.46512468
    227.46512468
    227.46512468
    227.46512468
    228.08624058
    228.08624058
    228.08624058
    228.08624058
    228.08624058
    229.40852773
    229.40852773
    229.40852773
    230.87784435
    230.71209146
    230.47209481
    230.47209481
    229.38844890
    229.44108453
    229.44108453
    229.51358616
    229.51358616
    229.51358616
    230.95040396
    230.95040396
    230.95040396
    230.95040396
    230.95040396
    231.52559127
    230.52228398
    231.23754572
    231.23754572
    230.94288308
    231.38018493
    231.55280111
    231.55280111
    231.42482534
    231.42482534
    231.42482534
    231.65420316
    231.36228735
    230.56975736
    230.56975736
    230.56975736
    230.56975736
    230.56975736
    230.77218919
    231.01852475
    228.90449326
    228.90449326
    228.90449326
    229.25199529
    229.25199529
    229.25199529
    230.66058214
    230.98841156
    231.48389066
    230.86969067
    230.86969067
    229.44522908
    230.28380082
    229.67914977
    229.67914977
    230.55605627
    231.37884389
    231.64581878
    231.68128685
    231.69096554
    231.69096554
    231.69096554
    231.64589839
    231.64589839
    231.79862853
    231.74364548
    231.14947738
    231.49056585
    231.81271406
    231.81271406
    231.81271406
    231.81271406
    231.81271406
    231.79663717
    231.37483199
    229.81815936
    231.55607031
    231.64247865
    231.55850499
    231.63002314
    231.72824070
    231.72824070
    231.72824070
    231.71462379
    231.60885615
    231.43039480
    231.40644787
    231.40644787
    231.40644787
    229.92485950
    229.92485950
    229.92485950
    231.06392301
    231.35233381
    231.60044699
    231.43542213
    231.84674040
    231.83004449
    231.83004449
    231.57253430
    230.99804429
    230.99804429
    230.94537243
    230.37537825
    230.40118732
    229.61597254
    231.07642353
    230.64885069
    229.50238586
    230.01956465
    231.16011713
    231.48330285
    231.51092979
    231.60127609
    231.61843315
    231.61843315
    231.22894496
    230.91423015
    231.37463176
    230.47098184
    230.47098184
    230.39619434
    229.22062197
    231.22939120
    231.09476256
    231.00803841
    231.02269388
    231.18415582
    231.07313129
    231.09585764
    229.51195950
    229.98514211
    229.42005773
    229.42005773
    228.85303564
    228.85303564
    228.85303564
    228.85303564
    228.85303564
    228.03133689
    229.21542155
    229.73729946
    229.89147056
    229.86462142
    228.17032056
    230.90782316
    230.90782316
    230.90782316
    230.90782316
    229.84246442
    229.84246442
    229.11971167
    229.11971167
    229.52240948
    229.52240948
    230.39065473
    231.66224822
    231.66224822
    230.34243132
    230.08382569
    230.52973404
    230.52973404
    231.83177922
    231.61044544
    231.61044544
    231.52974746
    231.74237844
    231.78130046
    231.78130046
    231.68547140
    231.86743411
    231.86743411
    231.63849298
    231.66522605
    231.66522605
    231.55495386
    231.40642292
    231.40642292
    230.91541591
    231.29626427
    231.29626427
    231.29626427
    231.49209842
    231.61232213
    231.64138805
    231.64138805
    231.62390574
    231.87127787
    231.77133344
    231.77269833
    231.55260331
    231.55260331
    231.55260331
    231.26408195
    231.44637874
    231.32271630
    231.28670202
    230.54579496
    230.54579496
    230.68299431
    228.28447327
    228.28447327
    228.89590162
    228.89590162
    227.84174450
    228.99794073
    231.40171579
    229.85612595
    229.85612595
    229.76175806
    229.76175806
    231.06781233
    230.93735489
    230.40366795
    231.73640813
    231.54833352
    231.77983924
    231.79295251
    231.18789308
    231.04317190
    231.00015671
    231.00015671
    231.00015671
    230.63414960
    231.43787606
    231.43787606
    231.43787606
    230.94452162
    230.94452162
    230.94452162
    230.94452162
    230.44651191
    230.44651191
    230.44651191
    230.91038066
    230.96369308
    230.23594169
    229.50374693
    225.34951116
    225.56563961
    230.57872890
    230.61524798
    230.61524798
    230.61524798
    231.45289819
    231.45289819
    230.91038978
    230.81352900
    230.82182860
    229.30970254
    230.43046482
    228.94512066
    228.94512066
    228.94512066
    228.94512066
    228.94512066
    227.28911727
    228.43175136
    228.43175136
    229.18575191
    226.63468993
    223.78219868
    223.78219868
    223.78219868
    223.78219868
    223.78219868
    224.95153034
    224.95463550
    224.95463550
    224.95463550
    224.95463550
    225.52808582
    225.52808582
    227.89067393
    229.47373282
    229.47373282
    229.47373282
    229.47373282
    229.47373282
    228.08267817
    228.08267817
    228.08267817
    228.08267817
    229.74128602
    229.74128602
    230.20602559
    228.68533501
    230.29697407
    229.96313464
    227.80301476
    228.24386736
    228.24386736
    230.20819726
    230.27116553
    230.23068404
    230.23068404
    230.23068404
    230.09991507
    230.97507640
    231.15263856
    231.15263856
    231.42593245
    231.40056667
    231.40056667
    231.59475083
    230.75147104
    226.15226364
    228.76148941
    230.85557353
    229.65085016
    229.65990736
    229.65990736
    229.65990736
    229.65990736
    229.93777830
    229.93777830
    231.10508019
    230.15717441
    230.15717441
    228.07605037
    228.07605037
    229.86819834
    229.86819834
    229.89094334
    229.89094334
    229.94852851
    229.94852851
    228.43072311
    231.19120802
    231.19120802
    231.14431309
    231.14431309
    230.80957478
    231.21478367
    231.04264613
    231.04264613
    231.04264613
    231.04264613
    230.94713475
    231.26065982
    231.20811278
    231.27989188
    231.44254743
    231.30142967
    231.30142967
    231.05131180
    230.08595392
    230.08595392
    229.26661498
    229.26661498
    229.26661498
    229.26661498
    231.34918126
    231.56399042
    231.56713556
    231.56713556
    231.32011764
    231.65093595
    231.83271329
    231.83271329
    231.79177401
    231.56231655
    231.56231655
    231.22682626
    231.07757960
    231.15868868
    231.22950075
    231.24850203
    230.91268404
    230.91268404
    230.52326935
    230.43886427
    230.28208008
    229.70929054
    230.16937738
    229.96518497
    230.22631472
    229.56096001
    229.56096001
    229.56096001
    229.89044797
    228.46871455
    229.77214234
    229.77214234
    229.77214234
    229.77214234
    229.77214234
    231.01837668
    231.37771367
    231.52699018
    231.52699018
    231.36001085
    230.95880384
    231.58295504
    231.72945830
    231.66546726
    231.75757303
    231.75757303
    231.74037951
    231.74037951
    231.60646633
    231.41713536
    231.76468056
    231.70279219
    231.07562608
    229.40124446
    231.10157006
    231.11551511
    231.09518788
    230.50876865
    230.63627360
    230.82112242
    230.96249715
    231.15839477
    231.15839477
    230.98769588
    231.43011162
    231.22943258
    230.37660224
    230.35849194
    230.17186959
    230.17186959
    230.17186959
    227.81463516
    225.67933669
    225.67933669
    225.59304202
    225.59304202
    224.06884574
    225.95344434
    225.95344434
    225.95344434
    227.70823313
    227.70823313
    230.09975739
    230.50920708
    230.78593722
    230.78593722
    231.52855626
    231.12657344
    231.12657344
    231.12657344
    231.15550409
    231.08163913
    231.55800711
    231.70592931
    231.71782688
    231.43426809
    231.43426809
    230.66725004
    230.74395087
    230.68752660
    230.68752660
    230.89748603
    230.89748603
    230.27250539
    231.59619030
    231.59619030
    231.53367432
    231.53427123
    230.50378617
    230.37892979
    230.37892979
    230.37892979
    230.37892979
    231.27469244
    231.47304163
    231.47304163
    230.18025062
    230.63333444
    230.41048926
    231.40703685
    231.40876799
    231.41546562
    231.66423011
    231.46495605
    231.87098511
    231.82307577
    231.82307577
    231.82307577
    231.83297467
    231.83297467
    231.54665091
    231.54665091
    230.93410149
    229.87699830
    229.87699830
    227.99691147
    227.99691147
    227.99691147
    227.99691147
    227.99691147
    227.99691147
    226.67238326
    230.60939220
    230.39196964
    230.78705528
    230.78705528
    230.93271884
    230.93271884
    230.83211084
    230.88467121
    230.81943846
    230.86723645
    231.05292951
    231.05292951
    231.49605511
    231.38702836
    231.38702836
    230.74042575
    231.19834699
    231.21146082
    231.21146082
    231.21146082
    231.07566834
    229.93452703
    230.08930109
    230.09818423
    229.97816479
    229.97816479
    229.97816479
    229.62735617
    229.62735617
    231.37674240
    230.93529767
    230.95076457
    230.85905894
    230.85905894
    230.64601199
    231.14976568
    231.23770727
    231.23770727
    230.33475238
    230.32414786
    231.21914982
    231.22118793
    231.17752038
    231.17752038
    228.20215110
    224.29756521
    228.33745990
    228.16498393
    229.46442848
    230.76234865
    230.91005084
    231.42937930
    231.43526586
    231.43526586
    231.41250644
    231.41250644
    231.41250644
    231.41250644
    231.41004619
    231.41004619
    231.41004619
    230.49318534
    228.48913338
    229.22812475
    230.58611642
    231.38511025
    231.68496765
    231.68266864
    231.68266864
    231.83978264
    231.76089856
    231.14619513
    231.14619513
    231.34538921
    229.96241312
    229.96241312
    229.80999657
    229.93134198
    229.72752713
    229.17532141
    229.64202143
    230.58897486
    230.88808818
    230.88808818
    230.88808818
    231.21465389
    230.11632886
    230.63333517
    230.55385456
    230.55385456
    230.51169650
    230.51169650
    231.69298290
    231.69298290
    231.69298290
    231.71260303
    231.71260303
    231.71782092
    231.09503758
    231.02489801
    231.12803184
    230.61263963
    230.65618865
    230.65618865
    230.80317574
    230.83695577
    230.83695577
    231.28017208
    231.62814435
    231.62814435
    231.78784087
    231.81717556
    229.92493063
    229.18928603
    229.53193258
    229.53193258
    227.78023426
    228.07158961
    229.32042682
    229.47311429
    229.47311429
    230.50369170
    231.72608715
    231.74442694
    231.41943600
    229.92530432
    230.00160183
    230.69733536
    228.71946576
    230.94813271
    230.98414536
    230.81801402
    231.24168414
    231.46496009
    231.37879585
    229.96513590
    230.07155382
    230.89731522
    230.03263339
    229.52187796
    229.29029099
    228.17601203
    227.46721023
    229.17311162
    229.17311162
    229.17311162
    226.13471470
    226.13471470
    228.07270386
    230.71160828
    230.96725840
    231.09001487
    230.51608751
    229.54643391
    229.46062623
    231.25343622
    231.20459813
    231.39469001
    231.30197591
    231.43760560
    231.50541649
    231.62969302
    230.49509070
    230.05137736
    230.05137736
    230.49722636
    230.55986520
    228.84839329
    229.13230718
    229.13230718
    229.13230718
    229.04772613
    229.57991296
    229.77430905
    230.92035927
    230.49847264
    230.49847264
    230.49847264
    230.73998180
    230.73998180
    230.55175070
    231.44480650
    231.47806248
    231.23015628
    231.55624265
    231.64696300
    231.85302693
    231.84671982
    231.81810014
    231.66046164
    231.66046164
    231.87494971
    231.80580256
    231.74599887
    231.41291669
    231.41291669
    231.23017111
    231.52690397
    231.32629076
    231.32629076
    231.53097745
    231.53097745
    231.50607613
    231.73942308
    231.73942308
    231.46579442
    231.77985304
    231.46269224
    231.39915478
    231.86098507
    231.86243808
    231.80571452
    231.85692920
    231.75439450
    231.77123122
    231.86864010
    231.87377110
    231.60617219
    231.55262919
    231.55262919
    231.80112603
    231.83947255
    231.83947255
    231.83947255
    231.81542269
    231.74053368
    231.65488984
    231.61806548
    231.61806548
    231.63873405
    231.66596553
    231.68376295
    231.34319202
    231.51337694
    231.41767486
    231.65991802
    231.62303403
    231.45979042
    231.27274647
    231.57438409
    231.57438409
    231.57438409
    231.66454160
    231.83421797
    231.61953563
    231.61937155
    231.67033382
    230.95947041
    230.95947041
    231.02780090
    231.02780090
    231.02780090
    231.50038676
    231.50038676
    231.50038676
    231.30952598
    230.71057848
    231.61007349
    230.98982304
    230.98982304
    230.41154596
    231.19463854
    229.71201916
    230.19896154
    230.61153123
    230.61153123
    230.64980789
    230.98881977
    231.27679589
    231.19355813
    231.49119370
    231.25774687
    231.54249983
    231.79415227
    231.78922574
    231.77889835
    231.80287999
    231.76916321
    231.76844649
    231.76844649
    231.71040742
    231.70033596
    231.56297069
    231.59120771
    231.49508949
    231.16333386
    231.17165393
    231.32818485
    231.69386469
    231.81572957
    231.87329182
    231.76557374
    229.42506909
    229.42506909
    230.49039794
    230.49039794
    229.87505509
    230.66111856
    230.66111856
    230.66111856
    230.66111856
    230.26320467
    230.26320467
    230.41344082
    230.41344082
    230.53938986
    231.70111311
    230.71253006
    230.71253006
    231.47894389
    231.03059057
    231.03059057
    231.40044982
    231.42639416
    231.42639416
    231.47469687
    231.48473089
    230.99403857
    231.27004219
    231.53397733
    231.53397733
    231.67935662
    231.68443995
    231.40891290
    231.63041163
    231.63883767
    231.63767008
    231.03722839
    231.02977824
    230.49877849
    230.62368492
    230.13661115
    230.13661115
    230.56877597
    230.56877597
    230.95540721
    230.55186422
    231.59911019
    231.32251076
    230.84161113
    230.84161113
    230.69009370
    230.69009370
    230.46143319
    230.46143319
    229.68262878
    229.68262878
    230.76700399
    230.76700399
    230.73503255
    228.81618475
    230.36552724
    231.18687841
    231.85732901
    231.85730849
    231.86765517
    231.86765517
    231.86564812
    231.86564812
    231.86705778
    231.83564981
    231.86759497
    231.26190963
    231.39569662
    231.39569662
    231.73122434
    231.78806037
    231.86560580
    231.86560580
    231.79685254
    231.75045528
    231.76228111
    231.66779990
    231.03766050
    231.03766050
    231.26661415
    231.26661415
    231.50108299
    231.72069441
    231.72280276
    231.84200901
    231.84200901
    231.78644856
    231.80066009
    231.67883037
    231.00853586
    230.13178046
    231.35072884
    231.57112822
    231.48454357
    229.80115554
    229.80115554
    229.80115554
    230.70535322
    230.70535322
    230.52554335
    231.01599494
    231.02577391
    231.02577391
    231.02577391
    231.02577391
    231.13641309
    231.13836590
    231.30813287
    231.30813287
    231.30813287
    231.14840151
    231.65164946
    229.89085221
    229.54344367
    228.84939143
    228.84939143
    229.19704000
    230.77710715
    231.42796009
    231.39398448
    231.39398448
    230.35924171
    231.10958944
    230.65477185
    230.78743823
    231.01475583
    231.58847147
    231.75695418
    231.30691785
    231.30691785
    231.30691785
    231.36708745
    231.36708745
    231.49729549
    231.25899160
    231.25899160
    231.24957597
    231.01514298
    228.92196955
    228.92196955
    228.92196955
    228.92196955
    228.92196955
    229.92464104
    229.92464104
    230.65968794
    229.85997675
    229.85997675
    228.45349730
    228.45349730
    228.45349730
    230.73010897
    231.79690652
    231.75786974
    231.73107549
    231.73107549
    231.46162567
    231.44792426
    231.41123235
    231.01471573
    230.80610591
    231.04493576
    231.62761640
    231.67750346
    231.37330149
    231.48791592
    230.23982018
    230.23982018
    231.68376568
    231.69587990
    231.72940573
    231.69054333
    231.45512419
    230.75284501
    231.43856692
    231.85358937
    231.84525762
    231.63874609
    231.63874609
    231.22976719
    231.24704378
    231.61846343
    231.63066254
    231.19858929
    231.24562485
    231.56706492
    231.29121242
    231.33953881
    231.33953881
    231.37061393
    231.56134502
    231.63688296
    231.63462366
    231.63462366
    231.77761212
    231.59580725
    231.58648743
    231.58280075
    231.58280075
    231.34988557
    231.46006045
    231.45973012
    231.45973012
    231.45973012
    231.69279809
    231.37198010
    231.09742642
    230.29695480
    230.64210894
    230.64210894
    230.64210894
    231.57335903
    231.57335903
    231.60944767
    230.38871576
    230.38871576
    229.19199202
    229.43491154
    230.04602987
    228.81300008
    228.81300008
    229.70273487
    229.70273487
    230.48342971
    230.48342971
    230.21382981
    230.04220535
    230.04220535
    230.07408458
    230.07408458
    230.07408458
    230.07408458
    230.07408458
    229.53021818
    230.14766663
    230.44011113
    230.44011113
    230.44011113
    230.79342889
    230.89710151
    230.86968455
    230.86968455
    231.50015064
    231.41106589
    230.42570935
    230.42570935
    230.79230939
    229.99036067
    229.99036067
    230.26922679
    230.29498263
    231.52035668
    231.52035668
    231.13525576
    230.97179829
    230.57790875
    230.53786030
    230.58452755
    231.43696322
    231.43696322
    230.73802406
    230.73802406
    230.96052593
    230.96052593
    230.96052593
    230.96052593
    231.85760490
    231.71555401
    231.67600647
    231.67600647
    230.76317401
    231.30758158
    231.30758158
    231.30758158
    231.28087407
    231.28087407
    230.50826916
    231.06269174
    231.05491835
    231.05491835
    231.12684772
    230.58344221
    230.31787666
    230.31787666
    231.54105697
    230.99452296
    230.99452296
    230.43645736
    230.35417518
    229.57891761
    230.49723032
    231.00937872
    229.59711820
    229.59711820
    227.99411753
    228.37407097
    228.37407097
    228.37407097
    228.37407097
    228.37407097
    228.82218784
    228.82218784
    230.33835291
    230.33835291
    230.44769517
    231.50530275
    231.50530275
    231.50530275
    231.31775972
    231.31775972
    231.40941469
    231.34993083
    231.11505768
    231.30820576
    231.68491948
    231.68491948
    231.33375654
    231.44753412
    231.70780496
    231.70780496
    231.77550820
    229.37689817
    229.33945211
    229.33945211
    229.33945211
    229.33945211
    231.40416628
    230.89741738
    230.94235377
    230.91545350
    230.91545350
    230.92447979
    230.92447979
    230.92447979
    230.96949196
    231.30896443
    231.33346424
    231.32777399
    231.25866946
    231.32310035
    231.46387138
    231.33317460
    231.42857933
    231.42857933
    231.48452098
    231.45968192
    231.45968192
    231.09683114
    231.53817508
    231.45922472
    231.45484113
    231.02966752
    230.30685774
    230.30685774
    230.63525885
    231.09056023
    231.09056023
    230.30197353
    230.17367407
    230.99927979
    229.84904296
    230.81694414
    230.68320822
    229.28184672
    229.81246857
    230.23759198
    231.45875266
    231.47712185
    230.02565369
    228.84739154
    228.22448892
    227.79060668
    227.79060668
    228.74348121
    228.74348121
    229.59159877
    229.59159877
    229.21861211
    229.64185066
    229.53831886
    230.39818664
    231.26872392
    231.30115633
    231.30115633
    230.98635413
    230.66221382
    231.07366380
    230.63007440
    230.63007440
    230.58732259
    230.11360066
    230.95682945
    231.15369529
    231.15369529
    231.15369529
    230.92994839
    230.92994839
    231.06095623
    231.06095623
    231.12550186
    231.36285758
    230.18408773
    230.18408773
    229.70764318
    229.77484579
    230.45021139
    230.59257811
    230.52598507
    230.52907765
    230.18157438
    230.54135982
    230.97631714
    230.60383730
    231.14958134
    231.14958134
    231.77858665
    231.00358158
    230.86793785
    230.94378767
    231.10435032
    231.10435032
    231.10435032
    230.50474220
    231.06500079
    231.06268537
    231.06268537
    231.11891827
    231.47920944
    231.45399853
    231.38999682
    231.38999682
    231.02782908
    231.03570005
    231.03570005
    230.18133821
    230.78736341
    231.13219211
    231.17277355
    231.07734289
    231.07734289
    231.00290763
    230.87514597
    231.22841280
    230.62339966
    230.62339966
    231.23707193
    231.35082107
    231.87488891
    231.87488891
    231.56970669
    231.37486088
    231.01138370
    229.67493238
    229.67493238
    229.67493238
    229.96532959
    229.96532959
    229.96532959
    229.86948092
    230.55046099
    230.22463622
    230.22463622
    230.22463622
    230.06959702
    230.06959702
    230.06959702
    229.00580333
    229.00580333
    229.00580333
    229.00580333
    229.00580333
    230.01162167
    230.01162167
    230.01162167
    230.01162167
    230.22737056
    231.31103732
    231.31239725
    231.54920633
    231.54920633
    231.62206650
    231.02703417
    231.34211241
    231.34211241
    229.85657075
    228.98090523
    228.98090523
    228.98090523
    228.98090523
    228.09582119
    228.09582119
    229.71200765
    230.47187984
    230.47187984
    230.47187984
    230.54875159
    225.98512670
    225.07151979
    225.07151979
    225.46840781
    225.46840781
    225.46840781
    229.78526926
    229.78526926
    229.78526926
    230.37451524
    230.37451524
    231.43769934
    231.43769934
    231.53643508
    231.53643508
    231.52131834
    231.51317622
    231.76221754
    231.81655618
    231.48496738
    231.47314204
    231.70929908
    231.58703949
    231.58703949
    230.73973789
    230.82226927
    231.15037951
    230.20328700
    229.93137265
    229.93137265
    231.23007654
    231.08893857
    231.27421201
    231.28678617
    231.28678617
    229.72809700
    228.92098209
    231.46908458
    231.35907188
    231.80854463
    231.83733202
    231.83733202
    231.83733202
    231.39220307
    231.39220307
    231.39220307
    231.82386387
    231.76773715
    231.51276660
    231.01367993
    230.74175922
    231.51739126
    231.64196381
    231.67642650
    231.51775643
    231.31633343
    231.31633343
    231.31633343
    231.55182313
    231.55011015
    231.55254141
    231.61103998
    231.77727404
    231.78990577
    231.87498414
    231.18499684
    231.21805859
    231.21805859
    231.21805859
    231.09074407
    229.46657024
    229.54494435
    229.54494435
    229.54494435
    230.56123279
    230.56123279
    230.64605064
    230.64605064
    230.25418346
    230.82420331
    228.64382621
    226.30239358
    226.30239358
    226.30239358
    226.30239358
    228.89814434
    228.89814434
    228.89814434
    227.86882853
    229.02411716
    229.68627847
    230.42482313
    231.87189172
    231.41056792
    230.36959047
    231.06751093
    231.37069350
    231.37069350
    231.36961749
    230.98428530
    230.44993139
    230.86192026
    231.53761265
    231.81044913
    231.81044913
    231.81044913
    231.54862849
    231.66632618
    231.14451141
    229.87553591
    230.22882534
    230.19713296
    231.66620836
    231.24903241
    231.21831423
    229.67403472
    229.67403472
    229.67403472
    230.06424782
    230.06424782
    229.39461153
    230.74238522
    230.74238522
    230.79427160
    230.79427160
    230.79427160
    230.79427160
    231.03863582
    230.92646006
    230.92646006
    230.92646006
    231.13158948
    231.13158948
    231.10179343
    231.10179343
    231.63904667
    231.63809936
    231.21338681
    231.21338681
    231.79422264
    231.70131852
    231.69119675
    231.69119675
    231.69119675
    231.75440550
    231.75440550
    231.04453859
    230.83868945
    231.61651790
    231.82048195
    231.75627032
    231.73196895
    231.73196895
    231.73196895
    231.60117527
    231.60117527
    231.72828592
    231.71142130
    231.71142130
    231.12514032
    230.97118491
    231.25758340
    231.25758340
    231.80970985
    231.72313062
    230.95029616
    230.95029616
    229.91509252
    229.91509252
    229.50384196
    231.85417170
    231.81083038
    231.79469427
    231.87432675
    231.79964347
    231.71486848
    231.66576748
    231.48663761
    231.35441069
    231.25601715
    231.25601715
    231.33849219
    231.49608710
    230.47036604
    230.22001922
    230.22001922
    230.38412809
    230.38381973
    231.38577358
    231.38577358
    231.35999620
    231.01229649
    231.26039959
    231.26039959
    231.13451475
    231.13451475
    231.13451475
    231.17032495
    231.55957476
    231.40265367
    231.19159556
    231.19159556
    231.26942894
    231.26942894
    231.44858252
    231.56263056
    231.84634566
    231.84634566
    231.80915157
    231.69471868
    231.77559922
    231.77559922
    231.77559922
    231.76182385
    231.76417607
    231.71883210
    231.69738356
    231.71293274
    231.71337351
    229.15180536
    231.66284433
    231.16883955
    231.16883955
    231.76655144
    231.76655144
    231.76077339
    231.70313685
    231.70313685
    231.49187868
    230.25082628
    229.59091862
    229.59091862
    229.29702276
    229.29702276
    231.25857897
    231.11136749
    230.66136060
    231.15576118
    230.82458501
    231.16096422
    231.20938609
    231.12432294
    231.12432294
    231.18112738
    230.51425947
    230.51425947
    230.51425947
    231.03075919
    231.78212585
    231.78212585
    231.74963769
    231.82360596
    231.58896571
    230.91847780
    231.70805260
    231.82021045
    231.79119985
    231.85289374
    231.84321613
    230.99207247
    230.50818105
    231.24629251
    231.34503364
    231.45719153
    230.02027870
    230.46179180
    230.46179180
    230.51344109
    230.51344109
    230.51344109
    230.47015465
    230.47015465
    230.61304804
    230.95495883
    230.65367166
    231.00069803
    231.69450924
    231.66084459
    229.36769900
    230.30556543
    230.89446540
    230.89446540
    230.89446540
    231.52272166
    231.52272166
    231.68951594
    230.74257520
    231.16015661
    231.33974993
    231.47069309
    231.47069309
    231.31434421
    231.48118673
    231.48118673
    231.47811890
    231.50168547
    231.50168547
    231.42370368
    231.62256482
    231.66711564
    231.36666924
    231.03090444
    231.03090444
    231.73371557
    231.69102133
    231.35652124
    231.44855342
    231.48442284
    230.71079132
    231.61553400
    231.61553400
    231.49105107
    231.54891438
    231.54891438
    231.54891438
    231.54891438
    231.09739549
    231.09739549
    230.75647409
    230.49989581
    230.60455999
    230.60455999
    230.60455999
    230.91113840
    230.61939110
    230.61939110
    230.61939110
    230.01187747
    230.14238819
    231.80999169
    231.20023230
    231.49252983
    231.49252983
    231.49252983
    229.26962380
    231.14315157
    231.14315157
    231.20236286
    231.14765590
    231.34230783
    231.33795988
    231.29716197
    231.15731224
    231.15731224
    231.41418076
    231.11529063
    231.43444596
    231.42833380
    231.61750140
    231.61750140
    231.27703471
    231.79438211
    231.70110237
    231.67302718
    231.66703655
    231.61240772
    230.65174292
    231.38929063
    228.96525988
    229.92437722
    230.39723028
    231.06433033
    231.01858140
    231.14229748
    231.12031337
    230.42540256
    230.42540256
    231.12980953
    229.97038403
    230.22832975
    230.92246189
    230.98177009
    231.51074253
    231.55794816
    231.39388968
    231.74686584
    231.69875982
    231.69875982
    231.22226717
    231.22226717
    230.47139696
    230.60987682
    231.29111566
    231.43956856
    231.85395358
    229.96611745
    230.94142759
    231.84002649
    231.81403706
    231.86949326
    231.87572546
    231.72412438
    231.72412438
    231.76835790
    231.73196333
    231.86599571
    231.78048778
    231.73927796
    231.74221356
    231.77148668
    231.77148668
    230.47011468
    228.22404972
    228.22404972
    228.22404972
    229.64798607
    230.08807178
    230.08807178
    231.30801364
    231.30331274
    229.31364805
    229.31364805
    229.39494802
    230.61958993
    228.89800042
    228.89800042
    230.91621908
    231.11713109
    230.87896587
    231.38731391
    231.32400743
    231.82875035
    231.82875035
    231.69442965
    231.69442965
    231.58636267
    231.61055421
    231.35366902
    231.21045153
    231.64452136
    231.19444159
    231.19444159
    230.17220324
    230.98028681
    231.87434440
    231.85888566
    231.83720583
    231.74669257
    231.82006339
    231.82804082
    231.73884496
    231.73884496
    231.69313630
    231.73091415
    231.83648989
    231.22460843
    231.77001830
    231.67193520
    231.65469341
    231.65503547
    231.66914777
    230.66269964
    230.66269964
    230.66269964
    229.40441216
    228.98181913
    225.80285765
    222.02402588
    221.59622997
    221.59622997
    221.59622997
    221.59622997
    221.59622997
    222.56382594
    222.56382594
    222.56382594
    222.55739717
    227.47199392
    227.47199392
    227.47199392
    229.26334223
    226.46954024
    226.46954024
    226.07227303
    226.97459482
    226.97459482
    230.59939793
    230.97290890
    230.97290890
    230.97290890
    228.71397069
    230.37114982
    230.54458357
    230.54458357
    229.48347886
    229.48347886
    229.48347886
    231.44921389
    231.60907663
    230.68277489
    230.90454544
    230.17508878
    230.34150313
    231.65315425
    230.95682957
    230.95682957
    230.86405005
    231.25409638
    231.67766359
    231.72384778
    231.61312649
    231.60134907
    231.51170421
    231.51170421
    229.52446126
    229.52446126
    229.73787166
    229.73787166
    229.73787166
    229.63840105
    229.98951886
    229.16279807
    229.16279807
    231.28928566
    231.28928566
    231.24971146
    231.18429381
    231.34900020
    231.74746104
    231.74746104
    230.79162385
    229.85877168
    229.85877168
    230.82002727
    230.56579467
    230.60444556
    230.08661546
    229.78328439
    229.97847817
    229.97847817
    229.97847817
    229.18642990
    229.18642990
    231.44549555
    231.40778268
    231.34704230
    231.33660740
    231.34443592
    231.43675053
    231.53375235
    231.57248595
    231.32066190
    230.97904606
    230.97904606
    230.06434613
    229.36710780
    229.94819027
    229.94819027
    229.94819027
    229.94819027
    231.00664623
    231.00664623
    231.07687862
    231.05722168
    231.05722168
    230.80926802
    231.41426845
    230.26809494
    230.35710047
    231.36367707
    231.32475868
    231.86329899
    231.74851814
    231.77600839
    231.72273662
    231.72273662
    231.72273662
    231.72273662
    231.85573498
    231.85573498
    231.02131030
    230.96147498
    231.26795388
    230.34516748
    231.43509854
    230.85192472
    231.21934679
    231.21934679
    230.94310736
    230.94310736
    231.19041346
    230.91132464
    230.91132464
    227.87216423
    227.87216423
    227.87216423
    230.51812968
    230.51812968
    228.15435180
    230.02310468
    230.55389960
    229.51667404
    231.39336080
    231.67421205
    231.81225054
    231.81225054
    231.81225054
    231.81889876
    231.78481398
    231.79953917
    231.75001336
    231.75001336
    231.31166672
    231.31166672
    231.50521621
    230.48538590
    231.34252597
    231.34252597
    231.34252597
    230.64595387
    230.64595387
    230.70830169
    230.70830169
    230.70830169
    230.70830169
    230.86428772
    230.00200057
    230.00200057
    230.00200057
    230.27241698
    229.92244914
    229.75661546
    231.24511911
    231.19376496
    230.96271152
    230.96271152
    230.96049921
    231.64105659
    231.60907005
    231.65895426
    231.82735990
    231.86002310
    231.75255845
    231.74736593
    231.82709236
    231.82709236
    231.83156104
    231.83156104
    231.83156104
    231.83156104
    231.82016354
    231.82016354
    231.61541516
    231.61541516
    231.71663730
    231.59811029
    231.59811029
    231.00990483
    229.79691510
    229.79691510
    229.79691510
    229.79691510
    230.48964164
    230.44515155
    231.46236547
    231.46236547
    231.81011641
    231.81011641
    231.72478614
    231.72478614
    231.75169185
    231.82287947
    231.79537862
    231.79537862
    231.79537862
    230.82696161
    231.54495738
    231.54495738
    231.59677974
    231.55460466
    231.59680167
    231.59680167
    231.59680167
    231.58787868
    231.70164839
    231.80517215
    231.63292143
    231.82961720
    231.62805056
    231.62805056
    231.31178584
    231.40173855
    231.80321389
    231.80321389
    231.80321389
    231.72567583
    231.72567583
    231.80096932
    231.76797916
    231.79875506
    231.79040384
    231.82129312
    231.87051369
    231.86437652
    231.85492691
    231.85817699
    231.69500094
    231.08632936
    230.15735630
    229.73068065
    229.73068065
    231.83254729
    231.83254729
    231.83254729
    231.83254729
    231.86023798
    231.67862763
    230.64136740
    230.64136740
    230.64136740
    231.12653165
    231.06716197
    231.74617432
    231.62853408
    230.97869582
    231.03264880
    231.03264880
    231.03264880
    231.74934658
    231.74934658
    230.87187648
    230.60432138
    230.60432138
    230.60432138
    231.72315508
    231.43309374
    231.55480642
    231.40375664
    230.87757949
    230.96446176
    231.10805396
    231.10805396
    231.61002325
    231.68589161
    231.61313549
    231.64250022
    230.06451431
    230.06451431
    231.01018543
    231.01018543
    231.23819833
    231.03430707
    231.17903331
    230.40893086
    231.45514237
    231.45514237
    231.66051445
    230.94571202
    230.94571202
    230.70488631
    230.70488631
    230.75876323
    231.48615602
    231.48615602
    231.48615602
    231.35586471
    231.47431684
    230.32920147
    229.94356417
    231.10948503
    231.07727528
    231.38770008
    231.22637909
    231.25395499
    231.27418894
    231.41561182
    229.01389218
    229.01389218
    228.87221046
    228.87221046
    231.55830321
    231.37622141
    231.58956026
    231.45649585
    231.45142979
    231.79021002
    231.73178732
    231.73178732
    230.54668223
    230.54668223
    230.54668223
    230.38530821
    230.38530821
    230.91068010
    231.12880237
    231.21938032
    231.33801236
    231.39163169
    231.37214715
    231.15868048
    231.27727056
    231.47646225
    230.92054006
    230.67317417
    231.40788011
    231.32095565
    231.36964143
    231.32855090
    231.12926758
    231.12926758
    231.12786832
    231.12786832
    231.12786832
    230.70324758
    231.54426556
    231.54426556
    231.41597689
    231.53350932
    231.50084232
    229.53884414
    229.53884414
    229.49207945
    230.71720319
    230.40043599
    230.78792236
    229.79816330
    229.79816330
    229.79816330
    230.05913494
    231.14553451
    231.62481006
    231.72471951
    231.48545792
    231.53862642
    231.30207175
    231.58657703
    231.68765086
    231.65778000
    231.63163922
    231.63163922
    231.63163922
    231.02697173
    231.02697173
    231.71709194
    231.63262831
    231.63262831
    231.57627088
    231.74583197
    231.74583197
    231.45010536
    231.52503977
    231.63710515
    231.63710515
    231.74111533
    231.72785717
    231.54602200
    231.54602200
    231.23740935
    230.96682145
    231.28591586
    231.28591586
    231.31019534
    230.61612542
    230.24048828
    231.31528349
    231.01070144
    231.01070144
    231.09459917
    230.78511903
    231.12246821
    230.20674840
    230.20674840
    229.41021523
    230.15865920
    230.28249695
    229.08974669
    229.08974669
    226.83177386
    226.83177386
    225.12189409
    231.24043559
    230.00647989
    231.05480673
    231.08377649
    231.08377649
    231.28451284
    229.82490566
    228.73404909
    230.48626605
    230.48626605
    230.18287292
    230.18287292
    230.63717014
    229.36785869
    231.59084574
    231.70508678
    231.44895742
    231.34212443
    231.47719294
    231.66056307
    231.66056307
    231.67677133
    231.47828411
    231.35263648
    231.35263648
    229.79307170
    229.79307170
    229.79307170
    229.79307170
    230.14657645
    230.30833444
    230.30833444
    230.98891599
    230.98891599
    230.98891599
    230.98891599
    230.98891599
    230.14969637
    231.08066903
    231.08066903
    231.08066903
    231.02741378
    231.02741378
    231.41343157
    231.31483726
    231.70438653
    231.60225424
    231.61475333
    231.61475333
    231.61475333
    224.33438855
    224.33438855
    229.97279403
    229.83798750
    229.74966869
    229.74966869
    229.74966869
    229.74966869
    229.74966869
    229.84528928
    229.84528928
    230.52239023
    230.57451866
    230.65408846
    230.65408846
    231.49686449
    231.70040632
    231.55086101
    231.55086101
    231.46231343
    231.28694000
    231.28694000
    231.35618131
    230.93844796
    231.86533430
    231.76195173
    231.16290148
    230.42852782
    230.42852782
    230.42852782
    231.41193234
    231.41193234
    231.37447983
    231.18001104
    231.33511214
    231.37016472
    231.36435857
    230.13127510
    230.24104154
    231.56282961
    231.52780762
    231.52780762
    231.69158574
    230.53303536
    231.65671001
    231.75382869
    231.75796516
    231.47224301
    231.70932999
    231.74039572
    230.31904608
    230.31904608
    230.51440899
    229.26948664
    230.46325660
    230.67338577
    230.67338577
    230.38689048
    230.38689048
    230.38689048
    230.74293529
    230.74293529
    230.74293529
    230.84103694
    230.86236595
    229.81698261
    229.81698261
    229.47274013
    229.79597121
    229.96878553
    229.79807674
    229.79807674
    229.79807674
    229.94277869
    230.09683478
    230.62580005
    230.62580005
    230.79120202
    230.60961567
    230.52853284
    229.93904653
    229.93904653
    229.93904653
    229.74877142
    231.11340183
    231.12181621
    231.12181621
    231.12181621
    231.31849338
    231.43762257
    231.43762257
    231.51410227
    231.37298408
    231.59030047
    231.49181865
    231.09718179
    230.11934295
    230.11934295
    229.05885099
    230.70005765
    230.67575137
    230.51913779
    229.92276959
    230.03329456
    231.72309137
    231.35506612
    231.35506612
    231.35506612
    231.35506612
    231.72608994
    231.68208093
    231.48219207
    231.56305051
    230.97403130
    230.96642437
    230.96642437
    230.96159974
    229.83553404
    231.28190468
    231.30983355
    231.30983355
    231.30983355
    231.44458147
    231.44458147
    231.44458147
    231.17568405
    231.29819999
    231.11932556
    231.11932556
    231.67430489
    231.56198801
    231.55435399
    231.55435399
    230.50467345
    230.86242900
    230.59671230
    230.59671230
    230.98415506
    230.98415506
    229.65657847
    229.62064951
    230.20052704
    231.41798689
    231.19878262
    230.97987967
    230.47102975
    231.41302497
    231.41302497
    229.87097798
    230.56434836
    231.49097020
    231.60295774
    231.70920877
    231.70920877
    231.77974089
    231.79994306
    231.79994306
    231.79994306
    231.53587149
    231.28008921
    230.99477048
    230.62330377
    231.34197660
    231.61221092
    231.54453980
    231.57026787
    231.57026787
    231.71348058
    231.70030681
    231.70078811
    231.70078811
    231.83690890
    231.84658459
    231.85974022
    227.64621858
    227.64621858
    230.83699533
    231.27838127
    231.60591591
    231.60591591
    231.71228423
    231.71228423
    231.28092648
    231.75590790
    231.50767264
    231.50767264
    231.59547746
    231.59547746
    231.46814239
    231.46814239
    230.96603896
    230.87017880
    231.17269901
    230.94886821
    230.29248744
    231.42039534
    231.60113828
    231.63229597
    231.53763904
    231.81248813
    231.28681383
    231.77211972
    231.77211972
    231.77211972
    231.87254483
    230.39483466
    231.35205691
    231.35205691
    231.54237605
    230.55048119
    230.71296565
    230.49330911
    229.93241753
    230.96933957
    231.41429217
    231.42317857
    231.41746086
    231.41528459
    231.41528459
    231.46497091
    231.46253986
    231.50128908
    231.48153430
    231.47762454
    231.37781292
    231.37781292
    231.54312031
    229.97642819
    229.36314149
    229.36314149
    229.36314149
    230.38482868
    231.21685779
    231.21685779
    231.44101533
    230.57176576
    230.96144206
    231.39827783
    231.39827783
    230.99549782
    230.99549782
    231.64193595
    231.59100797
    231.55768151
    231.48489143
    231.48489143
    231.65813019
    231.29246128
    230.32426920
    230.36863929
    230.86596369
    230.86596369
    230.86596369
    230.46778334
    230.46778334
    230.61747272
    230.61747272
    229.77084390
    229.77084390
    229.29918606
    229.29918606
    229.29918606
    230.54203254
    231.33128154
    226.14302533
    226.14302533
    226.14302533
    226.14302533
    226.14302533
    226.14302533
    229.31688016
    231.01599212
    229.91934952
    229.65804280
    229.56354469
    229.92890130
    230.64178430
    230.65146574
    230.57123275
    230.59630215
    230.74746827
    231.72106391
    231.77811574
    231.71933752
    231.71933752
    231.56629998
    231.71766469
    230.91445013
    231.12109389
    229.61018582
    229.46345985
    228.53419050
    228.15165093
    228.15165093
    228.03587241
    228.03587241
    228.03587241
    228.03587241
    226.89399820
    226.89399820
    231.19325035
    229.43339424
    230.04158570
    230.04158570
    229.23235351
    229.23235351
    229.54005656
    229.39818422
    229.39818422
    229.39818422
    230.14119975
    230.14119975
    231.31762397
    231.18104997
    230.85304216
    230.85304216
    231.29486201
    231.24655066
    229.90305929
    229.90305929
    229.17770652
    229.17770652
    229.17770652
    230.69911519
    230.70178261
    230.10986562
    230.21704409
    230.21704409
    231.47987961
    231.47987961
    231.63731697
    231.76430706
    231.47875738
    231.50408221
    231.52145187
    231.55593221
    230.61001768
    230.98850051
    231.05830920
    230.47273889
    231.15312618
    230.86731002
    230.99159206
    230.99505352
    230.76003077
    230.76003077
    230.99594499
    231.03529972
    231.25068560
    231.08953719
    231.61648451
    231.61640746
    231.44198293
    231.51949487
    231.51949487
    231.46854087
    231.46854087
    231.46854087
    230.77892101
    230.77892101
    231.21102227
    231.31591969
    231.29173308
    231.04996987
    231.65462103
    230.88136570
    230.64148075
    231.21765502
    231.67990426
    231.67990426
    230.97257322
    230.97257322
    231.59215378
    231.79191103
    231.79191103
    230.55429854
    230.55429854
    231.70673921
    231.70673921
    230.67509158
    230.26785197
    230.21543461
    230.21543461
    230.21543461
    231.03703512
    231.19305122
    231.65920817
    231.65920817
    231.62655055
    231.62655055
    231.79449554
    231.79449554
    231.70996616
    230.17978703
    230.35043084
    230.35043084
    230.35043084
    229.10466171
    229.10466171
    229.10466171
    231.67508430
    231.84441453
    231.84441453
    231.79604047
    231.81337226
    231.13043390
    230.85485595
    231.05586412
    230.48579083
    230.48579083
    231.64576654
    231.78461743
    231.76850427
    231.77528352
    231.76912193
    231.64771849
    231.74432239
    231.74348104
    231.74454606
    230.77308456
    230.77308456
    230.83059062
    230.70660396
    231.56694922
    230.20682826
    230.20682826
    230.70009834
    230.70009834
    231.12520633
    231.12520633
    231.64958323
    231.76978115
    231.55713990
    231.51753052
    231.55705078
    231.55705078
    231.16297987
    231.16297987
    231.17512985
    231.17512985
    231.13260543
    231.13260543
    230.99713423
    230.99713423
    230.49836617
    231.37673104
    231.37673104
    231.49547917
    231.29526987
    231.68640585
    231.60312807
    231.68247593
    231.68247593
    231.64083563
    231.64083563
    231.03641073
    231.02636118
    231.02636118
    231.14087980
    231.38531317
    231.26654187
    231.29021964
    231.78489727
    231.80735166
    231.83223609
    231.83223609
    231.85682776
    231.83976270
    231.85190266
    231.54038531
    231.54038531
    231.59812805
    231.48076899
    231.05696088
    231.35381333
    231.60405138
    231.40167584
    231.40216465
    231.42741773
    231.21157870
    231.21157870
    231.76333320
    231.27132237
    231.27132237
    230.99362934
    231.43209959
    231.66759601
    231.60777602
    231.62868151
    230.36856708
    229.06420978
    229.06420978
    229.06420978
    229.06420978
    229.06420978
    228.57945030
    228.57945030
    228.57945030
    228.57945030
    228.57945030
    229.18093550
    230.01075639
    230.00424904
    230.00424904
    229.24837840
    228.88961806
    228.88961806
    229.94307292
    229.94307292
    229.94307292
    230.67896124
    230.71480464
    230.72695979
    231.22643439
    231.69717968
    231.64578101
    231.43639341
    231.43639341
    230.70793077
    230.70793077
    230.70793077
    231.06733510
    231.10142314
    231.38356841
    229.67245991
    231.25193059
    231.25193059
    231.25193059
    231.25193059
    231.38521078
    231.38521078
    231.52493671
    231.52493671
    230.84795312
    231.55033792
    231.55033792
    231.65288888
    231.65288888
    231.59776066
    231.14444300
    231.14444300
    231.14444300
    230.88712589
    230.88712589
    230.88712589
    231.27370629
    229.62042613
    228.51268695
    228.51268695
    230.86744746
    231.41200911
    231.41200911
    231.04485732
    231.29353969
    231.76727594
    230.85692723
    230.67841039
    230.76320504
    230.76320504
    230.95192945
    231.07131263
    231.07131263
    230.80167352
    230.80167352
    231.43734692
    231.14843118
    231.14843118
    231.13351286
    230.47118088
    230.47118088
    230.47118088
    230.47118088
    230.44185167
    230.44185167
    230.44185167
    228.25638460
    228.25638460
    228.11621491
    228.11621491
    228.62646785
    228.68733449
    229.08436391
    228.41150139
    228.41150139
    228.41150139
    227.65080155
    227.94060308
    229.00666370
    229.38665368
    228.47570113
    228.94357620
    229.60789738
    230.97699256
    230.97699256
    230.97699256
    231.10760395
    231.33628069
    231.41397811
    230.24891853
    230.24891853
    231.46582965
    231.46582965
    231.48078073
    231.60360251
    231.63157941
    230.28502281
    230.28502281
    230.28502281
    229.80248890
    228.76463611
    230.27955480
    229.41956029
    229.07322770
    228.82225306
    228.84031118
    230.88683833
    231.50680997
    231.50680997
    231.50680997
    231.37181436
    230.46366565
    230.16787356
    230.16787356
    230.16787356
    230.57923904
    230.66610215
    230.32398624
    230.32133343
    230.32133343
    230.32133343
    230.32133343
    230.45727835
    230.20569619
    231.58775861
    231.40145803
    231.38897518
    231.38684648
    231.53765633
    231.80549890
    231.72787136
    231.66319566
    231.69509353
    231.75378213
    231.66096697
    231.68158386
    231.68158386
    231.53375743
    231.53375743
    231.53375743
    231.53375743
    230.04373659
    230.04373659
    228.42505219
    228.27209931
    228.27209931
    228.27209931
    229.81315736
    230.29668324
    230.29668324
    230.29668324
    230.10598963
    230.85626460
    230.96237608
    231.02111535
    230.97478868
    231.42904744
    231.42904744
    231.42904744
    231.41941088
    230.84578386
    230.86072437
    230.86222200
    230.88355812
    231.39755492
    231.03317451
    231.14450254
    231.27339493
    231.18793199
    231.23291479
    231.13786621
    231.00777834
    231.74282707
    231.51827249
    231.21262176
    231.80239877
    231.84785212
    231.85196062
    231.87602350
    231.50176685
    231.45468352
    231.45468352
    230.90749081
    230.90749081
    231.38475704
    231.38475704
    231.38475704
    231.55692413
    231.81538966
    231.64927390
    230.62118249
    225.10553402
    226.69404950
    226.69404950
    226.15750700
    225.99472981
    225.99472981
    225.99472981
    225.99472981
    227.41133541
    227.70896666
    228.62300977
    228.38825984
    230.33409156
    228.94631896
    229.39250376
    230.68535833
    230.72077707
    230.72077707
    231.77550608
    231.84279078
    231.86010141
    231.17173449
    231.37872802
    231.51315319
    231.45042805
    231.45042805
    230.62989257
    231.09155068
    231.07076828
    231.07076828
    231.33983479
    231.32010064
    231.56435963
    231.51906740
    231.51906740
    231.51959843
    231.39025260
    231.53913860
    228.56709727
    228.56709727
    228.56709727
    230.60709762
    230.31342750
    231.43799450
    231.54234702
    231.54234702
    231.53915693
    231.24493831
    231.65063132
    231.75996622
    231.77941046
    231.24344781
    231.41636494
    231.52012258
    231.67024301
    231.61604977
    231.63217228
    231.25661995
    231.25661995
    231.25661995
    231.22650649
    230.42318963
    230.42318963
    228.65439371
    229.79221217
    229.79221217
    231.77664598
    231.58253852
    230.80010497
    230.20559375
    230.31778708
    229.81817722
    230.88702973
    230.88702973
    230.23129489
    230.27416214
    230.27416214
    230.27416214
    230.98039670
    228.90167809
    228.90167809
    228.94449131
    228.94449131
    228.30460032
    228.30460032
    228.30460032
    228.30460032
    229.62765691
    229.62765691
    231.10984694
    231.61146068
    231.65563134
    231.24955263
    231.74341720
    231.71554792
    231.68805453
    231.66579632
    231.18394009
    231.50122897
    231.85991292
    231.76615140
    231.73748310
    231.67029518
    231.07056989
    230.41899673
    230.74633222
    231.74992631
    231.78984390
    231.79722465
    231.67623334
    231.67623334
    231.49318581
    231.42363619
    231.42363619
    230.96934427
    230.97372150
    231.01585703
    231.01798763
    231.01429176
    231.27069190
    231.33446641
    230.27797685
    229.71975984
    229.71975984
    231.33311772
    231.29405850
    231.29405850
    231.29405850
    231.17738161
    231.17738161
    231.69953028
    231.68806222
    231.64434951
    231.64705485
    231.59753981
    231.62373810
    231.84288687
    231.31337618
    231.62324836
    231.73043632
    231.73043632
    231.27919371
    231.64006615
    231.57253851
    231.79298580
    231.65786520
    231.63391811
    231.66316476
    230.03255196
    230.04170450
    230.07540442
    230.35666302
    231.14439129
    231.14439129
    231.03311203
    231.14812345
    231.76637997
    231.56924388
    230.49012524
    230.90789112
    230.90789112
    230.75779830
    231.07432474
    231.65017484
    231.33384776
    231.02450570
    231.22300299
    230.60161518
    230.16846357
    230.16846357
    230.16846357
    230.16846357
    230.08970110
    228.81313297
    231.00408754
    230.57361285
    230.56477204
    230.62548854
    231.07143133
    231.06377105
    231.25126995
    231.25126995
    231.67153902
    231.61896579
    231.74077216
    231.22096623
    231.22096623
    231.22096623
    230.06893700
    230.07625056
    230.35228064
    230.86029982
    230.86029982
    230.35709714
    231.52373066
    231.10197393
    231.11405729
    231.36483636
    231.36483636
    231.56846115
    229.11827392
    229.11827392
    229.11827392
    227.91711098
    227.91711098
    227.91711098
    227.91711098
    229.11217902
    229.83953445
    230.83237560
    230.90508738
    230.90508738
    230.84847845
    230.84847845
    231.53232871
    231.58232225
    231.58232225
    230.49708113
    230.49708113
    230.49708113
    230.49708113
    230.27555066
    231.56092623
    231.56092623
    231.83139848
    230.33202048
    229.93928822
    231.43794710
    230.64799470
    230.64799470
    230.64799470
    231.22418842
    231.22418842
    231.22418842
    231.48597223
    231.00444647
    231.23446269
    231.62968317
    231.56016784
    231.40293672
    230.29207368
    230.91812536
    230.73394736
    231.32108575
    231.32108575
    231.32108575
    231.32108575
    231.06234199
    231.06234199
    230.70628112
    231.52031467
    231.52031467
    231.52031467
    231.56411118
    231.64204265
    231.64204265
    231.43475458
    231.54019746
    231.54096406
    230.91533264
    231.05361155
    230.15162915
    229.59936574
    228.97605895
    229.45713230
    229.45713230
    229.45713230
    230.03430460
    230.58487920
    231.11538464
    231.55347344
    231.23833297
    230.94763926
    230.94763926
    231.63515330
    231.71341595
    231.71341595
    231.71341595
    231.68317357
    231.70094108
    231.78723321
    231.51735545
    231.49343842
    231.86274280
    231.86274280
    231.83071041
    231.83314332
    231.81241114
    231.86600761
    231.49472923
    229.63356746
    229.63356746
    229.63356746
    230.88768209
    230.49318880
    230.12325083
    227.86974008
    227.86974008
    227.86974008
    227.86974008
    231.68652941
    231.65754893
    231.74905664
    231.74905664
    231.69283579
    231.69283579
    231.69283579
    231.71645445
    231.63813167
    231.35636273
    231.57171160
    231.14682148
    231.14682148
    230.78977101
    230.78977101
    231.03705157
    231.10935983
    231.41389113
    231.76876393
    231.16532002
    231.36854861
    231.79264067
    231.24264858
    231.86197628
    231.67919325
    231.64355251
    231.64355251
    231.50451222
    231.67655369
    231.64962840
    231.71641096
    231.71115381
    231.71115381
    231.73056065
    231.73056065
    231.79744269
    231.79744269
    231.32140727
    231.10156069
    231.19651391
    231.18715837
    231.18715837
    231.33903656
    230.59765532
    227.67120234
    229.21013189
    229.21013189
    229.21013189
    229.21013189
    230.13776052
    231.81613450
    231.81613450
    231.62905794
    231.78799596
    231.71381862
    231.71381862
    231.71381862
    231.80590742
    231.79453470
    231.79482648
    231.78882798
    231.44751814
    231.52012399
    231.60017428
    231.44189703
    231.02775358
    231.04616007
    231.04616007
    231.40181137
    230.99962110
    230.99962110
    230.61629617
    230.77670918
    231.39548280
    231.39548280
    230.45277042
    230.45277042
    230.61023875
    231.33982226
    231.37345357
    231.37643558
    230.52643397
    230.93785028
    231.11463610
    231.78523171
    231.78523171
    231.78106267
    231.78106267
    231.78106267
    231.41157363
    231.23361209
    231.23361209
    231.56427398
    231.78685959
    231.78685959
    231.70046082
    231.62032023
    231.64582690
    231.57255942
    231.55947743
    230.50479743
    230.50479743
    230.78656612
    230.96147199
    231.47909073
    230.97389229
    231.35521700
    231.35521700
    231.49413204
    231.49413204
    231.49413204
    231.49413204
    231.35804058
    230.81005560
    231.13085706
    231.13085706
    231.13085706
    231.13085706
    231.28864876
    231.28864876
    231.28864876
    231.28864876
    231.31205480
    231.62067917
    230.68827505
    230.23755422
    230.23755422
    231.62647962
    231.49663075
    231.38484459
    231.67757896
    231.51025854
    231.51025854
    230.82224366
    230.82224366
    231.35240457
    231.50515140
    231.50515140
    231.74854644
    231.22087463
    230.65716118
    230.21406591
    230.21406591
    231.69497508
    231.33122279
    231.15574337
    229.94715892
    229.63767059
    230.39473813
    230.39473813
    230.05013422
    230.05013422
    230.62240453
    230.77744394
    230.77744394
    230.77744394
    231.14790957
    231.14790957
    231.32039426
    231.38244949
    231.38244949
    231.02005169
    231.09691756
    230.61066778
    229.80116900
    230.11142389
    230.58447726
    229.93763393
    230.68554956
    230.71386993
    230.75161442
    230.87399897
    230.87399897
    230.87399897
    231.51330188
    231.51330188
    231.04497779
    231.25657191
    231.25657191
    231.25657191
    231.27702322
    231.19394065
    231.71807998
    228.31108446
    228.31108446
    228.31108446
    228.84489875
    228.47801169
    229.56521962
    229.73693574
    229.73693574
    229.73693574
    229.37876080
    229.81347303
    229.81347303
    231.00396558
    231.59405583
    231.13770581
    230.39160604
    231.45117741
    231.63872441
    231.67947122
    231.71592184
    231.71592184
    231.56093908
    230.97045512
    231.45830127
    231.45830127
    231.45830127
    231.45830127
    231.45830127
    231.74140857
    231.74140857
    231.74140857
    231.71181684
    231.31003141
    231.80453830
    231.26096559
    231.16103149
    231.21966415
    231.16807045
    230.36028023
    230.36028023
    230.36028023
    231.81415154
    231.51953444
    231.62919664
    231.14261836
    231.01789845
    231.01789845
    231.01789845
    231.29097671
    230.79817426
    230.79817426
    230.79817426
    228.97144261
    228.97144261
    230.19558207
    230.62737265
    229.78932624
    229.78932624
    229.78932624
    229.92012420
    229.91841785
    230.57526843
    230.57526843
    229.57674797
    229.57674797
    230.61980506
    230.21423918
    229.86715249
    229.86715249
    230.75644380
    231.63810955
    231.53681654
    231.75292060
    231.63395570
    231.30836495
    230.93610641
    231.24288185
    231.25625131
    230.77644326
    231.25443457
    231.01215813
    230.47834062
    230.47834062
    230.64023260
    230.64023260
    230.30846956
    230.30846956
    230.30846956
    230.30846956
    230.30846956
    230.93117489
    229.98119115
    227.71847402
    227.71847402
    227.71847402
    227.71847402
    230.14198928
    230.14198928
    230.14198928
    228.51595114
    231.06476970
    231.07032679
    230.18131009
    229.89011242
    230.36819199
    230.36819199
    230.36819199
    230.36819199
    228.97937015
    228.67413379
    230.77675058
    231.11593678
    230.94135898
    230.94135898
    230.94135898
    231.35664897
    230.15749932
    231.50006391
    231.48258868
    231.53232772
    231.61956684
    231.86458653
    231.86081051
    231.87341858
    231.83807008
    231.46970734
    231.38989396
    230.56133268
    228.91377375
    231.04945091
    231.16907245
    231.33783541
    231.45645743
    231.74250355
    231.74246735
    231.79391503
    230.90934823
    230.54204161
    230.54204161
    231.03650190
    230.85226022
    230.85226022
    231.71271543
    231.70267714
    231.70267714
    231.72539122
    231.32495424
    230.61685897
    231.09087851
    231.14220570
    231.14220570
    230.94890024
    230.02288348
    230.02288348
    230.84258180
    230.97455800
    231.38417429
    230.97886069
    231.34381452
    230.66838183
    230.66838183
    231.73042035
    231.76552559
    227.94863932
    227.94863932
    227.94863932
    227.94863932
    231.79279946
    231.77513140
    231.77513140
    231.84340714
    231.66676591
    231.48310673
    231.39687973
    231.37042329
    231.36589268
    231.38877990
    230.63387076
    230.59349188
    231.38237098
    230.84379212
    230.84379212
    230.57467853
    229.27246117
    229.27246117
    228.74231136
    227.94956142
    228.47963339
    228.74702024
    228.74702024
    228.74702024
    230.19472338
    230.19472338
    229.39081925
    231.47350782
    231.09282633
    231.09775430
    231.09775430
    230.08953226
    226.25470418
    226.25470418
    226.25470418
    226.25470418
    228.26142693
    228.97364822
    228.97364822
    228.97364822
    228.97364822
    228.68101048
    231.41159716
    231.41159716
    231.80204678
    231.80204678
    231.78498138
    231.64862651
    231.87402573
    230.57126171
    231.17014509
    230.70950229
    230.49954921
    231.55907180
    230.16542252
    230.16542252
    231.44407307
    231.37731542
    231.07253081
    230.62634437
    230.62634437
    230.78207159
    230.77072428
    230.71886231
    229.57920732
    227.97893501
    227.97893501
    227.97893501
    227.97893501
    226.69967729
    229.16329565
    229.16329565
    229.67772093
    229.47999711
    229.47999711
    230.63908140
    230.63908140
    230.63908140
    231.35081513
    230.80422938
    231.51596563
    231.51596563
    231.51881043
    231.51881043
    231.56724142
    231.62859489
    231.62560979
    231.71143223
    231.71143223
    231.64076606
    231.64076606
    231.64076606
    231.29923861
    231.77472076
    230.90411505
    231.70036630
    231.72827528
    231.81842440
    231.81842440
    231.73159848
    231.78644859
    231.78644859
    231.86773247
    231.73250380
    231.73250380
    231.73250380
    231.78659129
    231.70645816
    231.61626873
    230.92215097
    229.41478676
    229.81557402
    230.00233346
    230.13600878
    229.59897974
    230.72296309
    231.04302302
    231.23499100
    231.23499100
    231.23499100
    231.23562880
    231.23562880
    231.23562880
    230.73688217
    230.77590916
    230.77590916
    230.37772261
    230.37772261
    230.37772261
    231.54506327
    231.54506327
    231.54506327
    231.45005003
    231.45005003
    231.27952400
    231.35780224
    231.31641584
    231.31641584
    230.68449281
    230.64340606
    230.10022654
    230.16207975
    230.37249568
    229.89382105
    230.19921371
    230.19921371
    230.19921371
    230.45174514
    230.45174514
    230.45174514
    231.03124204
    231.22338204
    231.15214492
    231.42896397
    231.55302339
    230.89803109
    230.89803109
    230.89803109
    230.89803109
    229.37941317
    229.37941317
    231.11605709
    231.11605709
    231.17936032
    231.17936032
    231.87203328
    231.87203328
    231.50080409
    231.68379807
    231.78121235
    231.78959320
    231.65116835
    231.36640502
    231.33693248
    231.37987899
    230.65062503
    230.65062503
    230.77176925
    230.77176925
    229.69191234
    229.69191234
    229.69191234
    228.10990911
    228.10990911
    228.10990911
    228.10990911
    229.82986518
    229.82986518
    231.70340155
    230.97149327
    231.29611439
    231.02558007
    230.67950948
    230.67950948
    231.67035665
    228.76161317
    228.76161317
    228.48543550
    228.40704619
    230.40625140
    231.58875820
    231.70495551
    231.75094794
    231.74401836
    231.80589439
    231.77928441
    231.56226691
    231.54034055
    231.57545671
    231.57545671
    231.75619503
    231.75619503
    231.67936434
    230.66284989
    229.84884704
    229.84884704
    229.00309927
    229.00309927
    229.36437141
    231.14584001
    230.64601647
    231.26590253
    231.26590253
    231.59584489
    231.47638069
    231.47638069
    231.48349693
    231.51638182
    231.51638182
    231.50639165
    231.27028308
    231.72085642
    230.18294073
    231.46887082
    231.46887082
    230.91862789
    230.07147008
    230.02062856
    230.22557568
    230.77815128
    231.47690707
    231.58037462
    231.61033224
    231.41500607
    231.44154076
    231.44154076
    231.81826240
    231.70447307
    231.70447307
    230.95796586
    231.61973887
    231.04623852
    231.47606902
    231.51137520
    230.94913757
    230.94913757
    230.86121263
    230.42017601
    230.29865547
    230.29865547
    230.29865547
    230.29865547
    231.31278340
    231.27550266
    231.27550266
    231.01805290
    231.81919932
    231.46728240
    231.46811628
    231.57246673
    231.57246673
    231.01017578
    230.27345709
    230.27345709
    230.78942419
    230.97555991
    231.81786149
    231.81786149
    231.77837770
    231.81846711
    231.80720796
    231.25018471
    231.31191455
    231.31191455
    229.80877552
    230.09931675
    230.22063527
    229.64338994
    229.64338994
    229.14195523
    229.14195523
    229.14195523
    229.32947391
    231.08748733
    231.08748733
    230.29406367
    230.29406367
    230.29406367
    230.29406367
    230.29406367
    231.51786730
    231.68043582
    231.68043582
    231.71670067
    231.59270836
    231.67121640
    231.66421031
    231.69736486
    231.83100459
    231.83100459
    231.83100459
    231.19644531
    231.44121567
    231.51761182
    231.51761182
    231.62549458
    231.62549458
    231.62549458
    231.69699466
    231.29819137
    231.05676560
    231.52731367
    231.22710553
    231.19425609
    231.13261680
    231.34041990
    231.54582067
    231.48910924
    231.48910924
    231.48910924
    231.22084502
    230.60355470
    229.77000863
    229.77000863
    231.01292055
    230.87235834
    230.21984211
    231.40428531
    231.36068741
    231.36068741
    231.08847529
    230.03879504
    229.71087861
    230.42820660
    231.00767205
    231.00984181
    231.00984181
    230.42588529
    230.42588529
    229.54759337
    231.33863577
    231.61795270
    231.10460968
    230.82791542
    230.82791542
    230.49852642
    230.17588346
    231.20060988
    231.62230049
    231.62287781
    231.58897722
    231.78651884
    231.77906428
    231.77624074
    231.77624074
    231.77496753
    231.77496753
    231.72415425
    231.81765606
    230.74246816
    230.74246816
    230.74246816
    230.74246816
    230.00412951
    230.00412951
    229.44094716
    231.46953671
    230.14327777
    230.14964968
    231.01128670
    231.27739336
    231.27739336
    231.45013218
    231.12624769
    231.12624769
    231.17875831
    231.51399683
    231.50145293
    231.78918576
    231.72344621
    231.60676666
    231.57015330
    231.77913451
    231.81629427
    231.83347989
    231.83347989
    231.15734751
    230.52987647
    229.86783781
    230.82474810
    230.53024953
    230.71425836
    229.27140807
    229.27140807
    229.28409829
    229.96047362
    229.27448720
    229.27448720
    229.27448720
    229.27448720
    228.94041881
    230.81513600
    229.29341888
    230.20406749
    230.20406749
    230.72470052
    230.53444518
    229.69838798
    230.81364424
    230.84982415
    230.73306790
    230.38271045
    230.38271045
    228.09085265
    228.09085265
    226.83385906
    226.83385906
    228.67055445
    229.64406837
    229.64406837
    229.64406837
    229.94243756
    229.94243756
    229.94243756
    230.14309469
    230.98598551
    230.87422050
    231.68096553
    231.68597767
    231.68597767
    231.78685509
    231.78685509
    231.67644186
    231.67644186
    231.56383286
    231.56383286
    231.84891248
    231.87314190
    231.64574912
    231.72057826
    229.87836240
    229.84521528
    229.84521528
    230.87106897
    230.25063913
    231.06409553
    231.00903512
    231.02900391
    230.71147946
    231.01610006
    230.82922539
    230.62508263
    230.05297515
    230.37653617
    230.14369071
    230.13507634
    230.13507634
    230.13507634
    230.22907827
    230.15323310
    229.16306670
    229.16306670
    229.16306670
    229.16306670
    229.16306670
    229.21733247
    229.21733247
    230.38417255
    230.26968659
    230.14569522
    230.14569522
    230.14569522
    230.19311128
    230.35916625
    230.51480477
    230.51480477
    231.08618338
    231.35477705
    231.35477705
    231.60542510
    231.37505403
    231.37174376
    231.37241791
    231.38201132
    231.33372847
    231.33372847
    230.20738270
    230.54215923
    229.80762027
    229.80762027
    228.58869805
    230.54456322
    231.70075072
    231.70075072
    231.70075072
    231.71473063
    231.77982602
    231.66696520
    231.23689621
    231.23689621
    231.23689621
    231.29064366
    231.29064366
    231.39751391
    231.39751391
    231.45286077
    231.45286077
    231.40195728
    231.32511381
    231.32511381
    230.28363048
    230.28363048
    229.57126786
    231.14420155
    231.14420155
    231.61435692
    231.59968791
    231.46534239
    231.61714786
    231.45306282
    231.51235801
    231.58183764
    231.21162481
    231.56293106
    231.56293106
    231.12736110
    231.46389410
    231.46389410
    230.43615824
    230.43615824
    229.86140278
    229.86140278
    229.86140278
    229.95280065
    230.99064592
    230.57855733
    230.77707180
    230.77707180
    230.77707180
    231.24909815
    230.35743338
    230.58198025
    229.64290004
    228.81073087
    228.15412275
    228.15412275
    229.75754314
    230.06914966
    231.26351306
    231.26014184
    230.74629144
    231.06935279
    230.23356099
    230.51437527
    230.22179114
    230.45424662
    231.27352558
    231.27352558
    231.39826486
    231.37124555
    231.58047593
    231.58047593
    231.58047593
    231.78623609
    231.77575568
    231.39372469
    231.02324576
    231.02324576
    231.02324576
    231.46696718
    231.20245488
    231.20245488
    231.20245488
    229.71268306
    229.71268306
    229.71268306
    229.71268306
    229.71268306
    229.71268306
    229.71268306
    229.66332637
    229.66332637
    229.84615552
    231.21841701
    230.83295655
    230.83295655
    230.87684674
    230.91591317
    231.66492812
    231.32377655
    230.03742002
    230.03742002
    230.03742002
    231.86890273
    231.86890273
    231.87363855
    231.87507486
    231.66130860
    231.54284555
    231.51530074
    231.51530074
    231.68748311
    231.68748311
    231.68748311
    231.83207246
    231.82276531
    231.82276531
    231.82276531
    231.62875537
    231.62203918
    231.62823532
    231.84208683
    231.84208683
    231.87511281
    231.82785670
    231.79566854
    231.80133979
    231.80450378
    231.74661960
    231.86226312
    231.87285113
    231.86809318
    231.86798952
    231.77394233
    231.63237384
    231.63237384
    229.96006224
    229.96006224
    231.05292994
    231.05292994
    231.05418967
    230.90385483
    231.62439694
    231.71318759
    231.52876830
    231.14963308
    231.14963308
    231.14963308
    229.08084613
    229.08084613
    231.69900754
    231.69900754
    230.77860391
    230.53168200
    231.13470487
    230.15799584
    230.16501127
    231.39192302
    231.38641725
    230.83632546
    230.83632546
    231.01192564
    231.01192564
    231.85407788
    231.60187904
    231.62499208
    231.22636178
    231.22636178
    230.69551025
    230.69551025
    230.69551025
    231.87112539
    231.80541142
    231.78826220
    231.73582397
    231.77264945
    231.71957838
    231.59221347
    231.60405740
    231.61237375
    231.28535946
    231.28535946
    231.02085098
    230.60102824
    230.60102824
    230.15213062
    229.01179311
    229.55378431
    228.32470493
    229.47156204
    228.10266310
    228.10266310
    228.10266310
    228.10266310
    230.44494918
    230.33605017
    230.98804416
    231.20970564
    231.35704562
    231.35704562
    230.23739817
    230.44133827
    231.24690119
    231.54597539
    231.09098159
    230.69276938
    229.71463022
    229.71463022
    229.55507299
    229.55507299
    230.06822962
    230.06822962
    230.03780069
    230.03780069
    230.03780069
    231.63543051
    231.26695900
    231.31262701
    231.34399396
    231.00141488
    230.65704193
    230.65704193
    230.37421065
    230.37323960
    230.37323960
    230.46648644
    231.01783820
    231.26948951
    231.26948951
    231.26948951
    231.26948951
    231.58334116
    231.53655709
    231.74683529
    231.18170836
    231.55007393
    231.64345583
    231.67251207
    231.73826387
    231.73826387
    231.51703933
    231.70178252
    231.38168096
    230.02637640
    230.02637640
    229.43408264
    231.55941983
    231.84330839
    231.86749246
    231.86421188
    229.63963760
    229.63963760
    229.52108868
    229.52108868
    228.44820815
    228.86961523
    228.86961523
    229.21636166
    229.21636166
    229.21636166
    230.98819951
    231.10384429
    231.10384429
    231.10384429
    231.10384429
    231.66819722
    231.04054732
    231.39550964
    231.37842842
    231.37842842
    231.20269012
    231.19582505
    231.73043486
    231.74436677
    231.76050252
    231.49039586
    231.49039586
    231.49039586
    231.63151604
    231.13654286
    231.44500536
    230.78355565
    231.20509023
    231.61728713
    231.61728713
    231.72532358
    231.75100585
    231.58468191
    231.63640386
    230.46107384
    230.32934519
    230.32934519
    230.32934519
    231.34823746
    231.34823746
    231.57728587
    231.78225747
    231.78225747
    230.57716840
    230.54573194
    231.67572064
    231.67572064
    229.81384297
    229.81384297
    229.81384297
    231.71219744
    231.45506214
    231.86854389
    231.76385771
    230.28690701
    230.28690701
    230.28690701
    230.28690701
    230.58031299
    231.76377032
    231.69933015
    231.73965254
    231.73965254
    231.27792448
    231.61933703
    231.60093509
    231.79439353
    231.79439353
    231.59440442
    231.66273837
    231.79723972
    231.81120048
    231.83020404
    231.20137925
    231.49455884
    231.57494670
    231.57494670
    231.57494670
    231.31223149
    230.86606949
    229.76930061
    229.16917941
    228.82575391
    228.82575391
    228.41780790
    228.55290158
    228.25253728
    227.84625897
    228.01470718
    226.47364877
    226.47364877
    228.28692820
    228.28692820
    230.71367627
    230.71367627
    231.56960751
    231.86147807
    231.83604302
    231.85332765
    231.85750178
    231.85750178
    231.85750178
    230.61866977
    230.30991286
    230.60667627
    231.75836301
    231.69728691
    231.53847757
    231.59537189
    231.59537189
    231.43537799
    230.37429120
    230.62431766
    230.84268266
    229.94393728
    229.94393728
    229.92041051
    231.34881866
    231.32149855
    231.56821036
    231.62283265
    231.39728975
    231.39090826
    231.24069756
    231.05558240
    230.54333862
    230.54333862
    231.10702047
    231.54996806
    231.04184990
    231.04184990
    231.70838123
    231.85929207
    231.82615821
    231.73636375
    231.70395718
    231.39387450
    231.39387450
    231.39387450
    231.55975979
    231.51050609
    231.69769053
    231.61856666
    231.63140576
    231.59655523
    229.66518649
    229.66518649
    229.62717932
    229.62717932
    229.95202926
    231.25140123
    231.25140123
    231.25140123
    230.78694553
    230.54621698
    230.84978851
    231.09932627
    230.60184573
    231.19026053
    231.16154350
    231.16030680
    231.16030680
    231.09056866
    231.09056866
    231.09056866
    231.26547106
    231.26547106
    230.81305440
    231.46520412
    231.46520412
    231.38416377
    231.47003295
    231.47882810
    231.77713561
    229.86072911
    230.04508008
    230.04508008
    230.04508008
    230.03444246
    230.03444246
    230.03444246
    229.35331323
    229.35331323
    229.35331323
    229.79373343
    230.19843051
    230.19843051
    231.14589243
    231.04225671
    231.04225671
    230.56934711
    231.53905164
    231.33531302
    231.01799315
    231.01894615
