    229.14449992
    227.68374123
    228.61783227
    228.61783227
    226.98787979
    226.95735122
    226.95735122
    226.95735122
    227.75661105
    227.75661105
    227.75661105
    228.85675517
    228.85675517
    228.85675517
    228.81942815
    228.81942815
    229.52141297
    229.27822001
    229.09534995
    229.74739362
    229.74739362
    229.93658644
    229.93658644
    229.84327947
    228.30134863
    228.30134863
    228.30134863
    228.42712684
    227.52440010
    227.52440010
    227.76751329
    228.17846617
    228.78873764
    228.80688897
    229.08604982
    228.70842009
    228.70842009
    228.78944599
    228.78944599
    228.08513471
    228.58953608
    228.94852267
    229.13773110
    228.24861004
    228.33990336
    228.33990336
    228.66791924
    228.16709950
    229.08047143
    229.17351247
    229.61845564
    230.05890816
    230.06112471
    229.32741800
    229.38080303
    228.94417166
    229.48316548
    229.73138122
    229.75297978
    229.73114904
    229.79153765
    229.78105370
    229.77860662
    229.94695486
    229.94695486
    229.96175907
    229.95640769
    229.95640769
    229.95640769
    229.97350381
    229.60453104
    229.60453104
    229.60798560
    229.65937826
    228.99952474
    228.97085534
    228.97085534
    228.61914665
    228.68068176
    228.68068176
    229.21184861
    229.21184861
    228.78949990
    228.78949990
    228.65488315
    228.87175772
    229.61304640
    230.01533261
    229.74783360
    229.49240776
    229.51758530
    229.51758530
    229.35660386
    229.44065299
    229.19286503
    229.19286503
    229.71773633
    229.33317765
    229.38221477
    229.77769125
    228.67381429
    229.33238667
    229.44756876
    229.48104154
    229.55037442
    229.55564986
    229.94404772
    229.51502796
    229.51502796
    229.65153740
    230.02049961
    230.00691353
    230.01121265
    229.30125189
    229.20993610
    229.52592612
    229.62116692
    229.92037880
    230.05187192
    230.05247258
    230.00990040
    229.90881219
    229.80552168
    229.46271484
    229.46271484
    229.46271484
    229.46271484
    229.59001892
    229.59001892
    228.71150888
    226.07021935
    226.07021935
    226.07021935
    228.79436576
    229.56465039
    229.56465039
    228.83359452
    229.43818685
    229.45838761
    229.42208350
    229.42208350
    229.65326063
    229.83939661
    229.83939661
    229.61246517
    226.96538990
    228.64461657
    228.51421353
    228.63638277
    229.56951025
    229.06717974
    229.02601566
    229.29660125
    229.29533578
    228.19684300
    228.19684300
    228.17198188
    228.21166348
    228.21166348
    229.16824853
    229.10723586
    228.12583009
    228.12583009
    227.79820052
    227.79820052
    227.48900111
    227.48900111
    227.91100630
    226.24945927
    226.24945927
    225.66707726
    226.64267762
    227.60589770
    225.50643949
    225.50643949
    225.73885952
    226.08781716
    226.08781716
    225.40960385
    225.40960385
    227.27145804
    227.23679656
    227.80725956
    227.80725956
    225.74436646
    225.74436646
    225.74436646
    224.85755320
    224.85755320
    224.85755320
    226.70994782
    228.30172715
    229.32924718
    229.36616171
    229.93852515
    229.98563005
    229.97757910
    229.98900859
    230.00662802
    229.31549319
    229.61814155
    229.61814155
    229.61814155
    230.00558402
    230.02296566
    230.02947489
    230.02947489
    229.97343572
    229.85155411
    229.60694312
    229.63382475
    229.61018539
    229.61018539
    229.53696859
    229.56746253
    229.42058706
    229.35878278
    229.69874778
    229.47778277
    229.79951878
    229.65553742
    228.34459243
    228.94736239
    228.94736239
    229.03274834
    229.03274834
    228.41070500
    228.64634083
    228.64634083
    228.64634083
    228.64634083
    228.85788781
    228.85788781
    229.22580511
    229.22580511
    229.22580511
    229.22580511
    229.77894940
    229.73122113
    229.69099616
    229.69099616
    229.45803622
    229.07525998
    229.07525998
    229.07525998
    229.07525998
    229.07525998
    229.86233232
    229.88541891
    229.81122996
    229.88338867
    229.88308318
    229.88994889
    230.03939045
    230.03307348
    229.96395486
    229.96395486
    229.93815314
    229.98685747
    230.00630270
    229.65155261
    228.71905310
    228.71905310
    229.02772310
    230.00169335
    229.99241631
    229.99241631
    229.99241631
    229.98945838
    230.06479086
    229.73307856
    229.73307856
    229.82965909
    229.82965909
    229.82965909
    229.82965909
    229.75101549
    229.75101549
    229.75101549
    229.59674208
    225.21551564
    225.21551564
    228.04888387
    229.30927057
    230.02539587
    230.02704806
    229.93396243
    229.95245967
    230.03997954
    229.90901393
    229.74889615
    229.74889615
    229.46943690
    229.30867349
    229.84756633
    229.52027429
    229.52027429
    229.10762181
    229.81672474
    229.94655107
    229.73892783
    229.65266158
    229.43846075
    229.33747873
    228.13374709
    228.52489219
    228.16764914
    228.06331720
    228.00639586
    228.19322508
    229.19035829
    229.37762096
    228.90806172
    228.90806172
    229.30404169
    229.32012469
    229.32012469
    229.32625204
    229.40800842
    229.02580782
    229.02580782
    229.82232320
    229.62194901
    229.62194901
    229.62194901
    229.62003385
    229.12827687
    229.42753833
    229.32354815
    229.32354815
    229.32354815
    229.39190916
    229.39190916
    228.79555113
    228.89878868
    229.38832922
    229.38832922
    229.33307892
    229.63963421
    228.92510052
    228.92510052
    228.41249729
    228.41249729
    228.41249729
    228.57473030
    229.31533242
    228.90544461
    228.90544461
    228.89161637
    228.89161637
    226.59678666
    226.98049616
    226.98049616
    226.98049616
    226.33158791
    229.10593116
    228.73601251
    228.73601251
    228.73601251
    228.56957097
    229.12190670
    229.12190670
    229.12190670
    229.12190670
    229.08152399
    229.13948477
    227.83482963
    227.68695343
    228.10683639
    229.43243883
    229.43243883
    228.19133014
    228.19133014
    228.44329619
    229.57698153
    229.59195638
    229.59195638
    229.33079317
    228.02550864
    227.94918578
    228.67055254
    228.32468346
    229.23756540
    228.16322930
    228.16322930
    228.16322930
    229.26273741
    229.26273741
    229.31490779
    229.57550478
    229.57550478
    230.04160902
    229.89516138
    229.08247662
    229.62985203
    229.62985203
    228.66424356
    228.66424356
    228.66424356
    228.66424356
    229.63977697
    229.63977697
    229.17265421
    229.17265421
    229.87721546
    229.67453457
    229.22354849
    229.57877755
    229.64373354
    229.69056767
    229.79471214
    230.03740074
    230.04544458
    230.00146399
    230.04589444
    230.00057518
    229.88530815
    229.92205757
    230.00093755
    229.94296907
    229.57785503
    229.59833162
    229.36894391
    229.36894391
    229.65522084
    229.65522084
    228.85527918
    229.44696630
    228.31393697
    227.36013788
    227.36013788
    225.84742504
    228.63827276
    228.58209950
    228.58209950
    229.15405985
    229.68319230
    229.68319230
    229.30950805
    229.99930221
    229.97308137
    230.00386699
    228.68159983
    229.15838431
    226.70706372
    226.70706372
    228.67980382
    228.67980382
    228.69372464
    228.69372464
    228.69139274
    228.50746958
    226.71509880
    226.71509880
    227.98828850
    227.80657641
    227.83824631
    227.83824631
    227.22876679
    227.36069706
    228.33300593
    228.49576539
    228.49906091
    228.37473170
    228.91010130
    228.79195667
    229.09967576
    228.70407374
    228.58813136
    228.53943203
    228.55913273
    228.24336115
    227.36573535
    227.11839682
    227.35985373
    226.38118438
    228.83273982
    228.72466829
    228.04006347
    229.49085829
    229.45446010
    229.81368979
    229.82572511
    229.96135768
    229.88936266
    229.88936266
    229.88936266
    229.89968058
    229.99822140
    229.90455065
    229.90455065
    229.26437935
    229.39061912
    230.06715016
    230.06715016
    230.06715016
    230.06198747
    230.06050394
    230.06050394
    229.86153606
    229.39163876
    229.26235505
    229.41272882
    229.40611513
    229.40611513
    229.40611513
    229.40611513
    229.65073983
    229.65073983
    228.89269829
    229.40769815
    229.40769815
    229.76157236
    229.76157236
    229.64745359
    229.64745359
    229.79400526
    229.82281297
    229.96632471
    230.05296220
    229.93041892
    229.93041892
    229.08143437
    229.08143437
    229.51868286
    229.56191903
    229.56191903
    228.00123149
    228.00123149
    229.26361779
    229.28814070
    229.28814070
    229.28814070
    229.68305283
    229.45971188
    229.43977522
    229.90121863
    230.06127957
    229.85874838
    229.85874838
    229.81590994
    229.59789421
    229.88500720
    229.71026185
    229.75621010
    229.76694554
    229.76694554
    229.68329359
    229.81669210
    230.02254148
    229.26066678
    229.97135031
    229.69345280
    229.68661989
    229.82937617
    229.12347717
    229.97249522
    229.58514203
    229.58514203
    227.94091408
    225.65333628
    225.65333628
    225.65333628
    229.49764545
    229.70807206
    229.73286619
    228.94388159
    230.07139943
    229.91924120
    229.91924120
    230.05486464
    230.06237217
    230.06784427
    230.05095290
    230.06352237
    229.92548406
    229.86336762
    229.70313854
    229.70313854
    229.57742220
    229.57742220
    229.57736962
    229.38892877
    229.38892877
    229.38892877
    229.92908957
    229.92908957
    230.00189101
    229.89455598
    229.89536481
    229.95314463
    229.98593360
    229.98593360
    230.03490553
    229.96880042
    229.30809692
    229.30809692
    229.72991301
    229.70982960
    229.70982960
    228.86256258
    228.86256258
    227.78059029
    227.19996854
    227.19996854
    225.76205214
    224.94873096
    224.94873096
    227.33374907
    227.33374907
    226.82411162
    226.82411162
    226.82411162
    228.87080225
    228.87080225
    228.94331193
    228.94331193
    228.90680281
    226.33976619
    226.33976619
    227.69346409
    227.99083517
    224.83496892
    228.04571874
    228.41824043
    228.41824043
    228.41824043
    229.61668666
    229.61668666
    227.96898239
    227.96898239
    227.96898239
    229.57752076
    230.01092444
    230.00440118
    230.00440118
    229.99875787
    229.89426376
    229.89502070
    229.99046793
    229.98716055
    229.91438262
    229.96042519
    229.95665087
    230.04410793
    229.33841497
    229.27330719
    229.14372841
    229.04101529
    227.23237882
    229.81849604
    229.81849604
    229.75945547
    229.91465759
    229.91465759
    229.95874758
    229.59884446
    229.59884446
    229.30765138
    229.19636604
    229.48008017
    229.53852759
    229.53852759
    228.89831687
    228.94552718
    228.94552718
    228.84636084
    228.84636084
    228.55762047
    229.16108324
    229.18301146
    229.18301146
    229.38370256
    229.38370256
    229.79504136
    229.94283162
    229.99530684
    229.99530684
    229.38011505
    229.38011505
    229.42196116
    229.02774582
    229.56640065
    229.39507347
    229.39507347
    229.39507347
    229.39507347
    229.39507347
    229.81322429
    229.86608475
    229.58553069
    230.06439201
    229.83928564
    229.42041848
    229.11039167
    229.11039167
    229.55232706
    229.64183175
    229.64183175
    229.64183175
    229.95244668
    230.00424152
    229.93950692
    229.16157937
    229.17636053
    229.22409168
    229.22409168
    229.14137642
    230.02315350
    230.00286315
    230.05109800
    230.06737421
    229.96819737
    229.83831247
    229.68546926
    229.68860106
    229.68860106
    229.68860106
    229.54492418
    229.54492418
    228.86989469
    228.86989469
    228.23423186
    228.17711138
    227.40657553
    227.40657553
    228.66458883
    228.90718142
    229.17549315
    229.86798041
    229.74988444
    229.74988444
    229.70284211
    229.69996345
    229.71593545
    228.76512489
    228.21079967
    228.21079967
    227.03035491
    225.57710362
    227.74043790
    228.90007917
    228.90007917
    228.46409425
    229.87237577
    229.90512349
    229.52901663
    229.17144179
    229.17144179
    229.17144179
    229.74067849
    229.74067849
    229.45360095
    228.51115788
    228.58951086
    228.58951086
    229.24148509
    229.24148509
    228.93499062
    229.96518121
    229.85947508
    229.84074158
    229.68985066
    229.84564256
    229.85453440
    229.85453440
    230.00173453
    230.05085954
    230.05085954
    229.93027995
    229.77805038
    229.73436699
    229.49908663
    228.91301932
    227.63905799
    227.63905799
    228.45266923
    228.93135510
    228.95736310
    228.94150009
    228.94150009
    228.94150009
    228.45615441
    228.45615441
    229.92426377
    229.92426377
    229.89678772
    229.80376319
    230.04195998
    229.92667422
    229.92667422
    229.68904284
    229.97146603
    229.91413965
    229.91926448
    229.41459142
    228.10266280
    228.10266280
    228.10266280
    228.06217040
    229.11886192
    229.79985577
    229.00971281
    229.17639558
    230.05392550
    229.59772026
    228.83416892
    227.23512604
    227.23512604
    227.23512604
    228.51302662
    228.61582627
    228.79155383
    229.69041861
    229.06168011
    228.89136228
    229.10548296
    229.10548296
    228.74922775
    228.50116628
    228.78972688
    229.07725856
    228.64741539
    228.30443970
    228.36243454
    228.36243454
    228.84942946
    228.84942946
    228.84942946
    228.84942946
    228.84942946
    228.49971291
    228.49971291
    228.49971291
    229.00038060
    229.21980513
    229.66532893
    229.09925185
    229.06372887
    229.02811045
    228.85849344
    228.85849344
    228.88482041
    228.88482041
    228.18178567
    228.77210803
    229.33042433
    229.38021744
    229.54560860
    229.54560860
    228.94264821
    228.72784299
    228.72784299
    228.44370025
    228.44370025
    226.34430297
    227.04666469
    227.04666469
    227.04666469
    227.48326262
    227.48326262
    228.86730897
    228.73816411
    228.73816411
    227.91599518
    227.91483615
    227.91483615
    227.91483615
    228.63210367
    228.63210367
    228.63210367
    228.83864276
    228.83864276
    228.41294062
    228.28873334
    228.79826386
    229.38578849
    229.66868708
    229.67325193
    229.80497065
    229.80497065
    229.95457680
    229.95457680
    229.97210560
    229.22155591
    228.70889679
    229.62956087
    229.62956087
    229.61999699
    229.71643345
    229.73811047
    229.73811047
    229.68583962
    229.63230693
    229.63230693
    229.63230693
    229.87346885
    229.96384225
    229.98270675
    229.16260674
    228.59964059
    228.59964059
    229.04149022
    228.52218727
    228.52218727
    228.71919209
    228.71919209
    228.71919209
    228.17682063
    228.17682063
    227.08258942
    229.50282158
    229.84239226
    227.25600740
    229.15743084
    229.18943806
    229.12707602
    228.76294407
    228.96275759
    228.96275759
    228.97739884
    228.87330860
    228.85412592
    228.85412592
    229.16876872
    226.18306433
    227.20940003
    227.22966147
    227.22966147
    227.42887109
    228.41257374
    229.40657808
    229.40657808
    229.37155663
    229.37155663
    229.46940795
    229.97161449
    229.97161449
    229.57036783
    229.53114902
    229.60653767
    229.70122993
    229.88038385
    229.88038385
    229.88038385
    229.49185333
    229.33331894
    228.57017277
    228.54101754
    228.54101754
    229.35678443
    229.30701648
    228.84399690
    228.32641326
    228.84300603
    228.84260418
    228.49059911
    228.55975743
    227.79611777
    229.45270456
    229.12432114
    229.12432114
    229.58952036
    229.58952036
    229.95493456
    229.88174672
    230.00452470
    230.04398369
    230.00079141
    230.05686649
    230.05686649
    230.00287030
    229.76988161
    229.67375526
    229.73986677
    229.68885459
    229.59148419
    229.59148419
    229.59148419
    228.97072571
    228.31917769
    227.43834393
    227.71983604
    227.40118535
    228.94715774
    228.58513150
    228.98783089
    228.33128960
    228.33128960
    228.07401471
    228.04360578
    228.04360578
    228.04360578
    228.82921911
    228.66478283
    228.31586551
    227.64741222
    227.64741222
    227.64741222
    227.76811800
    226.59215684
    227.46995321
    227.50753886
    227.73545442
    228.32986273
    228.30574944
    228.66884679
    228.66884679
    228.96015898
    229.26484542
    229.26484542
    229.30773342
    229.35017032
    229.30941084
    228.58414662
    228.68500183
    228.68500183
    228.58461386
    228.58461386
    229.10102067
    229.09039225
    229.09052212
    229.10414291
    228.45299692
    228.81227682
    228.13573808
    228.45306217
    228.45306217
    228.45306217
    227.86755190
    229.44129845
    229.44129845
    228.91081172
    228.09171719
    227.19110928
    227.19330149
    227.19330149
    228.43568464
    227.01823873
    227.62023433
    227.62023433
    227.62023433
    227.92501082
    228.30559730
    228.10453823
    228.46070048
    229.09658174
    228.60455601
    228.60455601
    228.03486436
    229.31485712
    229.01682214
    228.21923412
    228.21923412
    228.36746334
    227.96506673
    228.72563330
    228.72563330
    228.55381118
    228.55381118
    229.17711973
    229.12170016
    229.36151998
    229.34461646
    229.17041641
    229.35946229
    229.35946229
    229.25164248
    229.74511698
    229.39824842
    228.70174906
    228.57523146
    228.11739104
    228.11739104
    228.11739104
    228.11336134
    228.11336134
    228.10263243
    228.00462797
    228.00462797
    228.00462797
    228.00462797
    227.97664754
    227.88997409
    227.88997409
    226.65888775
    226.65888775
    225.29680963
    225.29680963
    228.48408074
    226.65864324
    229.66120141
    229.14771351
    229.62388972
    228.81372774
    229.44313463
    229.89412917
    229.71936342
    229.74480393
    229.87806427
    229.88997023
    229.84763227
    230.01522982
    229.96792212
    229.91925349
    229.91925349
    229.39777613
    229.84963180
    229.84963180
    229.40029647
    229.51716884
    229.52255878
    229.27865382
    229.27865382
    229.41654621
    229.26713657
    229.52900661
    230.05383722
    230.01770898
    230.01612483
    230.02911386
    230.04165232
    229.80654630
    229.89071980
    229.89882735
    229.96296109
    229.01121543
    228.41563019
    227.94048762
    227.94048762
    229.44610535
    229.44610535
    229.92126806
    230.05747367
    229.98404056
    229.98666857
    229.99697241
    230.06531819
    230.06846879
    230.03429732
    229.83106310
    229.84392483
    229.84392483
    229.87806818
    229.43949336
    226.67176274
    227.17826474
    227.67609228
    227.67609228
    227.67609228
    227.52460249
    227.52460249
    227.52460249
    227.52460249
    228.55545435
    228.55545435
    228.25439195
    228.64448642
    228.74718489
    228.72085315
    227.98778057
    227.96640085
    227.96640085
    227.96637679
    228.28889965
    228.46386632
    228.74367292
    228.59050640
    228.54366555
    228.68744038
    228.32276793
    226.79842722
    226.55264007
    226.55264007
    227.01762479
    226.80961130
    227.56691583
    226.77202734
    226.86193397
    226.86193397
    228.12000441
    228.06514125
    226.66206098
    227.08829372
    227.63306301
    227.63306301
    227.63306301
    228.20317122
    228.52937438
    228.14008664
    228.14008664
    228.84939185
    228.24234517
    228.24234517
    228.10579022
    227.61534026
    227.90948631
    228.30342599
    228.48991547
    228.70758502
    229.10289509
    229.00464948
    229.00464948
    229.51932442
    228.83480787
    228.80224376
    228.80224376
    229.57348958
    228.42927295
    229.20360143
    229.01748317
    229.02857279
    229.02857279
    229.02857279
    229.22467773
    229.26911410
    228.85900792
    229.88811149
    229.47917012
    229.72326575
    229.85805193
    229.91664148
    229.91664148
    229.74635251
    229.74635251
    229.74635251
    229.49948999
    228.90617085
    228.94353479
    229.66615716
    229.66615716
    229.82490675
    229.81635010
    229.81635010
    229.23297488
    229.23297488
    229.23297488
    229.23017320
    229.23017320
    229.26109169
    229.26109169
    229.26109169
    229.76390643
    229.64613312
    229.71781965
    229.24309222
    228.39164246
    228.56054226
    228.83133198
    228.83133198
    230.06799092
    229.71106454
    229.89469265
    229.89469265
    229.92281145
    229.87137839
    229.77836274
    229.78778861
    229.78778861
    229.78778861
    229.78778861
    229.78519782
    229.85920241
    229.93969321
    228.77539316
    228.77539316
    228.85344303
    230.02131767
    229.29432978
    229.60210994
    229.83068915
    229.95831246
    229.53226853
    228.79755816
    228.89943907
    228.90768771
    229.58098233
    229.91794189
    229.99473152
    229.68689828
    229.68689828
    229.15645023
    227.09036985
    227.55820201
    230.04139006
    230.03844015
    229.98996660
    230.07149791
    230.06893256
    229.71508878
    229.63341286
    229.67933006
    229.18602225
    228.73235442
    228.73235442
    228.55606333
    228.64284850
    227.10917528
    229.61148802
    229.61148802
    229.78325181
    229.93393393
    229.85820103
    229.81640517
    229.92524351
    229.47236027
    229.47236027
    229.77208700
    229.71321503
    229.71321503
    229.00773414
    229.00773414
    229.00773414
    229.73395722
    229.73395722
    229.73395722
    229.66221527
    229.22734806
    229.22486314
    229.32995001
    229.26318371
    229.10067927
    229.10067927
    229.55261269
    229.55261269
    229.56892069
    229.70314290
    229.70314290
    229.70314290
    229.70314290
    229.70314290
    229.70314290
    229.70314290
    229.73963056
    229.73963056
    229.55628415
    229.55721642
    229.56595944
    229.67641259
    229.07566139
    228.89349563
    228.89349563
    228.89349563
    228.88221941
    228.84922025
    229.32502269
    228.95787931
    229.00275384
    228.93256204
    230.02712629
    228.43008867
    228.00635390
    228.17798625
    227.84520295
    228.79280212
    229.78084476
    229.41735984
    229.03366394
    229.26525588
    229.18689004
    229.44707854
    228.67443082
    229.11413206
    227.62023079
    227.65583052
    228.58901044
    228.58901044
    228.58901044
    228.18763281
    228.63015928
    229.24027242
    229.58338598
    228.65156921
    229.18195605
    229.74260387
    229.74260387
    229.76762350
    229.80349446
    230.02242568
    229.99025537
    229.91126603
    229.67456883
    229.67456883
    229.67456883
    229.73627413
    229.47051342
    228.70027932
    228.21211217
    228.21211217
    228.19674617
    228.59010665
    228.59010665
    228.59010665
    228.71865663
    228.53329837
    228.61798924
    228.78846715
    227.65303865
    227.59334870
    227.59334870
    229.98606863
    230.02809599
    230.02809599
    230.05752866
    230.05348583
    229.93787995
    229.59410921
    229.55914121
    229.61041471
    229.55797478
    228.97502778
    228.97502778
    229.23138224
    229.34266921
    228.89858040
    228.88029369
    228.88029369
    228.88029369
    228.88029369
    228.88029369
    228.62398156
    228.61548701
    228.61548701
    228.92441250
    228.92441250
    229.31373231
    229.21999627
    229.21999627
    228.76351862
    228.76351862
    230.01362505
    230.01362505
    229.71907990
    229.99573745
    229.87744875
    229.86566776
    229.86306795
    229.69078898
    229.55035879
    229.42309510
    229.43626270
    228.16649797
    228.16649797
    229.00936535
    229.00936535
    229.00936535
    229.00936535
    228.94809688
    228.92134877
    228.39305853
    227.32923504
    228.04724652
    228.66938095
    228.25790403
    229.43319607
    229.25531921
    229.25531921
    229.25531921
    226.71694900
    228.22584831
    228.48171569
    228.50709391
    228.50709391
    228.50709391
    229.09486986
    229.34396126
    229.64766074
    229.41122150
    229.68465006
    229.64580901
    229.64880991
    229.64880991
    229.64880991
    229.96290881
    229.40669562
    229.35233300
    229.35233300
    228.87786378
    228.88140816
    228.58931097
    228.15479140
    227.03054814
    227.03054814
    228.83974397
    229.22471196
    229.10338267
    229.16111007
    229.67733796
    229.67062402
    229.67062402
    229.32646334
    229.04398246
    229.39364167
    228.98029759
    228.64857621
    228.90763278
    228.67539012
    228.00272439
    227.05908618
    226.59731616
    224.93650758
    224.17275084
    224.17275084
    224.17275084
    225.36940074
    224.18289947
    225.27465381
    229.60511920
    229.75526981
    229.75526981
    229.75526981
    229.51720002
    229.14995408
    229.26587219
    228.40412929
    228.40412929
    228.40412929
    228.22116410
    228.83017980
    228.83017980
    228.83017980
    228.83017980
    227.69592151
    227.69592151
    227.69592151
    228.44009743
    228.76489455
    229.99079685
    230.03976835
    229.99539836
    229.72019006
    229.72019006
    229.72019006
    229.93417823
    229.93417823
    229.94784191
    229.95405445
    229.42602902
    229.05218078
    229.05218078
    229.05218078
    229.05218078
    228.58927393
    228.58927393
    227.54520508
    227.54520508
    227.54520508
    228.98634987
    228.98634987
    229.37721538
    229.20918587
    229.03157448
    228.34241598
    228.34241598
    228.57123563
    227.98332836
    229.46234202
    228.73498858
    228.52301956
    229.08840981
    229.27746460
    229.28713610
    229.81550491
    229.52587931
    229.60508405
    228.38031063
    227.21411076
    227.34401825
    227.34401825
    227.50951463
    227.50951463
    227.50951463
    227.04942096
    227.81789077
    227.54069923
    228.59463181
    228.59463181
    228.59463181
    228.59463181
    228.59463181
    229.04837936
    229.51977671
    229.35400846
    229.35400846
    229.02563677
    229.19348288
    229.48443325
    229.49994936
    229.44846088
    229.44846088
    228.56794172
    229.03624200
    229.07089853
    229.20468401
    229.11759095
    228.01461752
    228.01461752
    227.35506814
    227.32883130
    227.06282316
    227.63011113
    227.63011113
    227.96146220
    227.96146220
    229.81177083
    229.63988880
    228.51501030
    228.53265813
    228.75257187
    228.39885446
    228.39885446
    228.34780732
    228.94670949
    229.54694980
    229.87571359
    229.87571359
    229.99904108
    229.72171882
    229.66929085
    228.16655411
    228.89105165
    228.02955207
    228.65357330
    228.26917148
    229.40975137
    229.40975137
    229.47606041
    229.39156806
    229.61721693
    229.47082356
    229.10195514
    229.10195514
    229.10195514
    229.85334579
    229.81564245
    228.68033907
    229.88983926
    229.95190265
    229.93631455
    229.88683949
    229.65679130
    229.65679130
    229.06856485
    228.26302230
    228.26302230
    228.22708960
    227.67362853
    228.45318272
    228.46355076
    228.27452179
    228.98445787
    229.01730770
    229.01730770
    229.01730770
    229.03422827
    229.69470041
    229.41541956
    229.41541956
    229.41541956
    229.39840681
    229.39840681
    229.43724985
    229.43724985
    229.43724985
    229.65923511
    229.70033399
    229.99981606
    229.99981606
    230.06482591
    229.64567269
    229.73236338
    229.81748057
    230.06395419
    229.85345014
    229.72930945
    228.91432610
    228.91432610
    228.91432610
    228.91432610
    228.91493983
    227.05579301
    227.05579301
    227.05579301
    228.58243024
    228.58243024
    228.58243024
    228.92907739
    228.90106328
    228.90106328
    229.56985672
    229.56985672
    228.67588786
    229.71526724
    229.84823128
    229.79400843
    229.79558232
    229.79394099
    229.79394099
    229.49183718
    229.49183718
    228.88624929
    229.20171061
    229.23996856
    229.23996856
    228.97137863
    228.94496080
    228.79110694
    228.94612225
    229.08760053
    229.28968105
    228.71268247
    229.29783128
    229.29783128
    229.29783128
    229.72181916
    229.72181916
    229.72181916
    229.49198254
    228.84338766
    229.15349926
    229.15349926
    229.94842133
    229.79072224
    229.37211714
    229.51323157
    229.51323157
    230.01476022
    229.98043755
    229.98043755
    229.77032893
    229.77032893
    229.60359961
    229.43744102
    229.82718639
    229.96985640
    228.88979324
    228.86550413
    228.86550413
    228.86550413
    229.24888713
    229.24888713
    229.77591849
    229.91359795
    229.91359795
    229.95492008
    229.62659192
    229.73589712
    229.59373409
    229.59373409
    229.12827887
    229.64499929
    229.67093555
    229.00184133
    228.50114206
    228.50114206
    228.22736049
    227.34552530
    227.34552530
    228.91559666
    228.91559666
    228.71305774
    228.69728607
    228.69728607
    228.69728607
    228.38856586
    228.43239368
    229.16854536
    228.58594494
    229.17901480
    227.55789320
    227.55789320
    228.79847006
    228.82471308
    228.82471308
    228.82471308
    229.61306500
    229.68456818
    229.15614604
    229.40260522
    228.68065564
    228.68065564
    229.46659772
    229.46659772
    229.46659772
    229.46659772
    229.92961485
    229.95480184
    229.95171599
    229.76573520
    229.48656538
    229.54227691
    229.89196849
    229.99603144
    229.99603144
    229.95335802
    229.22409494
    228.93439968
    228.90718632
    228.42836262
    228.42836262
    229.19776492
    229.39444212
    229.35292519
    229.31253114
    229.59221032
    230.01067359
    230.01067359
    230.06271892
    229.09805790
    229.08900316
    227.75101127
    227.75101127
    228.33197643
    227.50971478
    229.58551120
    229.79726388
    229.92013386
    229.84708791
    229.84708791
    229.84708791
    229.72892708
    229.76026193
    228.71309050
    228.72728412
    228.72728412
    228.72728412
    228.72728412
    228.72728412
    228.62189173
    229.81866676
    229.67472875
    229.81429457
    228.07302437
    229.37747556
    229.45110064
    229.83081073
    229.95539313
    230.05570327
    229.76418086
    228.30418630
    228.30418630
    229.22834130
    228.92041028
    229.01436720
    229.01436720
    227.97757899
    226.39700985
    227.59655691
    228.06838195
    228.06838195
    229.64401138
    229.64401138
    229.60442094
    229.60442094
    229.60442094
    228.88833896
    228.88833896
    228.88833896
    227.25942592
    228.36982249
    228.36982249
    228.88419046
    228.97653758
    230.02492649
    229.94971765
    229.94971765
    230.03365258
    230.05511791
    229.91834905
    228.62761457
    228.97869460
    229.22355236
    229.08523838
    228.99129731
    229.09347776
    229.15613055
    229.15613055
    229.15613055
    229.92459215
    229.92459215
    229.70632197
    229.91829080
    229.72593447
    228.37945302
    229.07460578
    229.51157225
    229.40026702
    229.40280623
    229.15143029
    229.20009320
    229.67435040
    229.66332688
    229.97687407
    229.97687407
    229.97687407
    229.92235357
    229.72936360
    229.68508017
    229.95414209
    229.99049990
    228.23439719
    228.23439719
    229.21962818
    229.28821369
    228.90405100
    229.41952382
    229.39959738
    229.01339950
    228.95162667
    228.95162667
    228.85231548
    228.85231548
    228.04486315
    228.13030650
    228.13030650
    229.29084583
    229.09191040
    228.91884109
    228.77090121
    228.77090121
    228.77090121
    228.94494023
    228.89844842
    228.54913451
    228.54913451
    228.54913451
    228.70412949
    229.48839094
    229.83421247
    229.83040331
    229.78411368
    229.78411368
    229.78411368
    229.54290660
    229.42695164
    228.60221665
    227.20818826
    226.40256059
    226.40256059
    226.40256059
    227.33230197
    227.43198562
    227.43198562
    228.05007707
    228.24619881
    228.24619881
    227.53008680
    227.94750449
    227.94750449
    226.67186607
    228.34222605
    228.34222605
    229.03046865
    229.03046865
    227.83309858
    228.89267423
    228.89267423
    228.89224022
    229.09983202
    229.68286553
    228.59720268
    228.59720268
    227.67105235
    229.09578599
    228.75909845
    228.83881029
    228.83881029
    228.30890282
    228.30890282
    228.30890282
    228.30890282
    227.34283199
    227.34283199
    228.63248725
    229.67402790
    229.70512039
    230.02101732
    229.56015256
    229.00454057
    229.20615895
    228.50969758
    226.90654177
    226.90654177
    226.90654177
    226.90654177
    226.90654177
    226.90654177
    226.90654177
    227.30662402
    228.36356972
    227.63358385
    227.94370724
    227.94370724
    227.86707226
    229.24211144
    229.30548511
    229.10612515
    229.22179732
    229.70621801
    229.47432661
    228.49660157
    228.49660157
    228.40027872
    229.57378534
    229.57378534
    229.46923686
    229.52827036
    229.52827036
    229.52827036
    229.06848913
    229.06848913
    229.06848913
    229.01991984
    229.01898367
    229.53464388
    229.53464388
    229.49236552
    229.31753123
    229.63590559
    229.63590559
    230.04336181
    230.05537030
    229.98213977
    229.98213977
    229.98213977
    229.95187655
    229.95187655
    230.05975343
    230.05220899
    229.98469716
    230.01250101
    229.66392203
    229.66392203
    229.61228702
    229.91337438
    229.14635301
    229.19702535
    229.19702535
    228.87764985
    228.87764985
    228.88229054
    228.88229054
    228.88229054
    228.10664426
    228.10664426
    227.31172157
    227.25931582
    225.64957026
    226.82113013
    227.83051415
    228.20424419
    228.47475059
    228.20774673
    229.26313839
    230.04843300
    230.04182085
    230.04182085
    230.04182085
    230.01908652
    229.35474693
    228.21553083
    228.05478039
    228.05478039
    227.33682838
    228.44178823
    228.87054280
    229.30114223
    229.30114223
    228.74509268
    229.54651281
    229.76347283
    229.82453758
    229.82453758
    230.02871745
    229.73672163
    229.73672163
    229.12354816
    229.25152297
    229.25152297
    229.76520821
    229.76520821
    229.75489195
    230.05603153
    229.99453116
    229.99154669
    229.58896886
    229.59772284
    229.40640989
    229.21698411
    229.23536454
    229.73957289
    229.73957289
    229.89651112
    230.02328226
    229.41926299
    229.75531571
    229.87058236
    229.87058236
    229.86607822
    229.74238028
    227.82040107
    228.38114588
    227.24231884
    227.24231884
    227.24231884
    227.82762490
    228.95241975
    229.22423454
    228.90587189
    228.44053889
    228.83492673
    228.53487622
    228.53487622
    228.53487622
    228.59030774
    229.03833596
    227.69243434
    228.58197628
    228.58197628
    228.71069690
    227.60793149
    227.60793149
    229.31435837
    229.31435837
    229.31435837
    228.82330065
    228.82330065
    229.72076807
    229.72076807
    229.41988155
    229.34097395
    229.34097395
    227.21526075
    225.68611403
    226.00911191
    226.00911191
    226.00911191
    226.00911191
    227.65700469
    227.65700469
    227.54272603
    228.16721527
    227.45008443
    227.88859725
    227.88859725
    227.88859725
    227.88859725
    228.42096232
    228.17973391
    229.13470057
    229.96707524
    229.96707524
    229.96831470
    229.96831470
    229.22764859
    229.27898880
    229.85760529
    228.73355677
    228.73355677
    230.00648289
    229.92722618
    230.04648286
    229.71746832
    229.65569336
    229.54155131
    229.54155131
    229.54155131
    229.54155131
    229.54155131
    229.54155131
    229.54155131
    229.54155131
    229.54155131
    229.36386492
    230.00330962
    230.00604341
    230.00604341
    229.97168864
    229.88204173
    229.48897166
    229.52272575
    229.54708653
    229.78963302
    229.78963302
    229.95075169
    229.92856464
    229.92856464
    229.87485246
    229.85808221
    229.85808221
    229.39738045
    229.44060016
    229.01024482
    229.79914010
    229.79914010
    229.96299184
    229.69849001
    227.49406840
    229.48366280
    229.30247322
    229.06945128
    227.99675780
    229.34187809
    229.34187809
    229.34131021
    229.34131021
    229.34131021
    229.34131021
    229.19764111
    229.37072175
    229.86163692
    229.86163692
    229.86402822
    229.85860280
    229.88498057
    229.88498057
    229.78941000
    229.29730508
    229.36477963
    229.46616626
    229.46616626
    229.22835790
    228.84519137
    228.84519137
    228.98896703
    229.10601104
    229.10601104
    228.88388858
    228.83313639
    228.83313639
    228.83313639
    229.03501422
    229.44718939
    229.04556231
    228.95739069
    228.89646946
    228.89646946
    229.81077013
    229.51972423
    229.51972423
    229.02891017
    229.01536151
    229.62855496
    229.98768724
    229.98768724
    229.96716198
    229.90334383
    229.90334383
    229.90334383
    229.95192650
    229.19778227
    228.24595876
    229.75740901
    229.91705525
    229.91705525
    228.56948362
    229.09841327
    229.15655587
    229.15655587
    229.96349162
    229.63510432
    229.59821114
    229.26664884
    229.24121618
    229.86355378
    229.92567952
    229.92567952
    229.66562616
    229.66562616
    229.82131678
    229.69809904
    229.70011585
    229.88755673
    229.81086333
    229.81086333
    228.50970672
    228.69134256
    228.69134256
    228.76637354
    229.63633998
    229.31344500
    229.31344500
    229.63500967
    229.45654659
    229.97713654
    229.90970738
    228.84778990
    228.84778990
    229.61787779
    230.06991174
    230.06854515
    229.86146221
    229.20733046
    228.52673490
    227.85412506
    227.61808610
    228.65871328
    228.79745985
    228.95628843
    229.20937783
    229.92210000
    229.76566141
    229.79168668
    229.80373206
    229.80373206
    229.80373206
    229.91054606
    229.92224672
    229.94927686
    229.88780108
    229.76146689
    229.77588600
    229.67734498
    229.67734498
    229.81876238
    229.85973519
    229.72653246
    229.72653246
    229.70488508
    227.95155994
    227.95155994
    227.95155994
    227.95155994
    227.95155994
    227.80500336
    227.80500336
    227.79968048
    229.10985970
    229.45570589
    229.73860612
    229.86340512
    229.81153926
    229.90480964
    229.62362372
    229.62362372
    229.91271530
    229.91223003
    229.92179563
    229.47215448
    229.73859126
    229.67975157
    229.77068886
    229.78740420
    229.78033735
    229.80702891
    229.80702891
    229.87372748
    229.87372748
    229.84592530
    229.88021198
    229.66227494
    229.66227494
    229.74196386
    229.73003150
    229.77454367
    229.82841140
    229.60131603
    228.60351957
    228.87964664
    228.87964664
    228.34234188
    228.34138024
    228.05149854
    229.23922616
    229.75974115
    228.48364358
    228.48364358
    228.48364358
    228.48364358
    228.42014663
    228.44610992
    228.44610992
    229.24586132
    229.89683848
    229.89683848
    229.85765155
    229.85765155
    229.85765155
    229.85765155
    229.86309828
    229.86309828
    229.59906238
    229.39148260
    229.39148260
    229.39148260
    228.77732977
    228.77732977
    229.41520009
    229.45629009
    229.45629009
    228.34801135
    228.34801135
    228.34801135
    228.28700961
    229.44269079
    229.44269079
    229.31647507
    229.31647507
    229.31647507
    229.27728256
    229.12042848
    229.45106614
    229.43849656
    229.94507244
    229.12870080
    229.12829105
    229.27682065
    228.78364401
    229.18221423
    229.18221423
    229.18221423
    229.77397247
    229.97439240
    229.81196482
    229.03599000
    228.84122605
    228.58266430
    229.11279772
    229.59448967
    229.63400873
    229.18548235
    228.83998968
    228.01379130
    228.52893227
    227.78544652
    229.24774331
    229.24825694
    229.15722227
    229.30727875
    229.17940322
    228.13664182
    228.34170799
    228.88488899
    229.02087439
    229.45052375
    229.44181519
    229.77175995
    229.92962623
    229.17039689
    229.65032943
    229.56759712
    229.76616640
    229.88165194
    229.86254051
    229.97620781
    229.97328563
    229.77904340
    229.61746114
    229.26776456
    229.26776456
    228.95316046
    228.91672984
    229.32076420
    229.32076420
    229.79511681
    229.78184156
    229.76961695
    229.78487136
    229.78487136
    229.84245342
    229.59444559
    229.59444559
    229.35231574
    229.36853834
    229.35736440
    229.35736440
    229.93591142
    229.97883020
    229.97883020
    229.94420426
    228.90698936
    228.71324346
    227.82984519
    227.82984519
    227.82984519
    228.99798466
    228.63960793
    228.67721612
    228.67721612
    228.89938085
    228.88712469
    227.97195387
    228.31453933
    228.31453933
    228.56586370
    228.56586370
    228.56586370
    228.73504143
    229.13971307
    228.71635812
    228.60891704
    228.65185544
    228.65185544
    228.54204045
    228.54204045
    228.54204045
    227.73286569
    227.73286569
    227.92100293
    227.96241095
    229.75783696
    229.46853561
    229.64102769
    229.51432889
    229.99487510
    229.99487510
    229.34340180
    228.94788844
    228.91032096
    228.91032096
    229.14475116
    229.84551278
    229.41900014
    229.33779721
    229.57440376
    229.83361101
    229.83361101
    229.78392882
    229.80048940
    229.80048940
    229.80048940
    229.58233749
    229.62679896
    229.57054060
    229.58340864
    229.55814570
    229.55814570
    229.46481169
    229.46481169
    229.46481169
    228.49425489
    228.21513720
    228.22356016
    228.22356016
    228.22356016
    228.22356016
    229.76610828
    229.40825401
    229.96966998
    229.96966998
    229.75270509
    229.58509605
    229.58509605
    228.59443432
    229.01984639
    229.01886468
    228.88712061
    228.88712061
    229.17021483
    229.17021483
    229.50499154
    228.41572271
    228.30638709
    228.62436205
    228.62436205
    229.15142625
    228.93200566
    228.74561334
    228.70260594
    228.97719704
    229.16633552
    229.37173402
    228.50923057
    228.50923057
    229.21684597
    228.94254380
    228.58597578
    228.33235268
    228.33235268
    227.60475541
    226.96242578
    228.63217569
    228.63217569
    229.40794833
    229.72185117
    229.75702963
    229.78114002
    229.34091444
    226.98665750
    226.98665750
    226.98665750
    226.98665750
    226.98665750
    226.98665750
    226.98665750
    226.98665750
    226.98665750
    226.98665750
    226.98665750
    228.82764217
    228.21111184
    229.21376785
    228.59045372
    228.59045372
    228.59045372
    228.59045372
    229.47368245
    229.64946301
    229.64946301
    229.69982099
    229.89201089
    229.89201089
    229.90199160
    229.84834811
    229.67858096
    229.91485994
    229.90757573
    229.82139445
    229.73058763
    229.72154924
    229.72154924
    229.72154924
    230.00813476
    229.97203855
    229.82262466
    229.78961717
    229.78961717
    229.78961717
    229.88530466
    229.34899056
    227.76182682
    227.76182682
    228.49547020
    228.65402899
    229.08957451
    229.08957451
    229.08957451
    228.85219498
    228.82421449
    227.80808350
    228.81189049
    228.69667453
    229.44759511
    229.21274677
    229.43394228
    229.43394228
    229.45671512
    229.47844797
    229.47844797
    229.45706455
    229.29736998
    229.20062637
    229.62496686
    229.76070697
    229.78745840
    229.78745840
    229.45988505
    229.45988505
    229.45988505
    229.78245188
    227.55545126
    227.55545126
    227.64543007
    228.65512527
    228.23256086
    228.23256086
    227.90422333
    227.90422333
    228.74136829
    228.74136829
    228.89209157
    229.05073859
    228.91596423
    228.98758918
    229.18253600
    229.28181535
    228.81285212
    229.23390160
    228.85579253
    228.85579253
    228.44788235
    228.44788235
    228.32645172
    228.32645172
    228.54204302
    228.68011194
    228.98444351
    228.98444351
    229.73371866
    229.83061629
    229.30842167
    229.39027705
    229.75253650
    229.85549282
    229.85549282
    229.85549282
    229.80991669
    229.84606517
    229.84606517
    229.60245972
    229.87065509
    229.87065509
    230.03421303
    230.04630205
    229.64647224
    229.64647224
    228.95496249
    228.95496249
    228.95496249
    227.68758187
    227.98610784
    227.98610784
    227.98610784
    227.98610784
    227.98610784
    227.98610784
    227.98610784
    229.48039513
    229.29429479
    229.29429479
    229.27667185
    228.88133676
    229.43719255
    229.42561131
    229.89469425
    229.89849438
    229.36592429
    229.36592429
    229.96128498
    229.96128498
    229.96407911
    229.71368306
    229.89653118
    230.06036777
    229.96017196
    229.66121004
    230.02551496
    229.81789830
    229.81789830
    230.04390704
    229.99233630
    229.99904178
    229.67617952
    229.50471004
    229.50925830
    229.56768313
    229.56768313
    229.50714399
    229.51774367
    229.66050092
    229.66050092
    229.62653468
    229.71497158
    229.19589225
    229.41282476
    228.84372256
    228.02377677
    228.82863536
    228.83868435
    228.83868435
    228.71939787
    228.71939787
    228.71939787
    228.71939787
    229.21760618
    228.19055826
    228.83947087
    228.27773946
    228.27773946
    228.27773946
    228.70935065
    228.45048550
    228.21144910
    229.21380856
    229.41988448
    228.91564506
    228.91564506
    229.61090449
    229.61090449
    230.03433869
    229.89256406
    229.01505600
    229.45953462
    229.16391329
    229.41653132
    229.61121229
    229.61121229
    229.61121229
    229.52464908
    229.17616858
    228.83652520
    228.83652520
    228.83652520
    228.83652520
    228.83652520
    228.83652520
    229.57433074
    229.57433074
    229.29851506
    228.54831171
    228.98444228
    229.11319182
    229.77159140
    229.94035429
    229.88398903
    229.70709055
    229.70552008
    228.94000321
    227.64829973
    227.64829973
    229.39971234
    229.36670277
    229.78105641
    229.92265341
    229.86951630
    229.61075217
    229.81629842
    229.86150728
    229.86150728
    229.98618421
    229.98425200
    229.81286312
    229.85747087
    229.90982639
    230.01092502
    230.01092502
    229.31842611
    229.34805598
    229.74916566
    229.88272977
    229.71601701
    229.71601701
    229.71601701
    229.78762166
    229.90523806
    229.90523806
    229.93708587
    229.98338169
    230.00200230
    230.00200230
    230.00200230
    230.00200230
    229.96901163
    229.39274156
    228.66759883
    228.66759883
    228.86590294
    228.86590294
    229.69791912
    229.62668080
    229.62393371
    229.72833870
    228.93906193
    229.78620113
    229.92265889
    229.92265889
    229.92265889
    229.54180685
    229.30350801
    229.30350801
    229.88988644
    229.88988644
    229.89039000
    230.03875406
    230.06394047
    229.97733797
    229.97733797
    229.91575971
    229.13621222
    229.63676270
    228.77649893
    228.77649893
    228.77649893
    228.54220124
    229.69174505
    229.74586771
    229.79826974
    229.69537050
    229.51007398
    229.62252080
    228.34866872
    228.34866872
    228.80270302
    228.97768809
    229.19245880
    229.19245880
    229.19245880
    228.63976581
    228.63976581
    228.63976581
    228.32913367
    228.32913367
    228.32913367
    228.32913367
    228.32913367
    227.78556936
    227.78556936
    227.78556936
    227.78556936
    228.52623217
    228.26297326
    228.26297326
    229.25477160
    225.73529632
    225.73529632
    225.73529632
    227.24804714
    227.93235899
    228.74172648
    228.74172648
    228.55373940
    228.55373940
    229.05702712
    229.05702712
    229.08718693
    228.99181312
    228.63273160
    227.36613507
    227.36613507
    227.36613507
    228.34366463
    228.13830508
    228.08699926
    226.65081491
    227.16918316
    227.12915391
    227.35073449
    227.35073449
    227.35073449
    227.05020532
    227.05020532
    227.05020532
    228.75595064
    229.05354438
    229.47703753
    228.89981689
    228.89981689
    228.89981689
    228.63964316
    228.63790281
    228.79860547
    228.19243064
    229.42668261
    229.42668261
    229.23820068
    229.63887139
    229.65944785
    229.64817937
    229.99794398
    230.06896939
    230.07266228
    229.89004740
    229.83409940
    229.91570634
    228.98780252
    228.98780252
    229.21273897
    228.79932631
    228.79932631
    228.33659540
    229.98560277
    229.82250000
    229.82250000
    229.73829506
    229.60711608
    229.49363531
    229.88190314
    229.83256735
    229.79010914
    229.88994329
    229.47424855
    229.47424855
    229.47424855
    229.56313265
    229.93754170
    230.05560938
    230.06768408
    229.54389535
    229.75634478
    229.15455740
    228.73852566
    227.10642222
    227.99237240
    227.59490976
    227.59490976
    227.30748742
    227.30748742
    227.30748742
    229.24972299
    228.89017067
    228.89017067
    227.69579120
    229.39765834
    229.94537962
    229.93318597
    229.87782091
    229.68784844
    229.61195245
    229.34209435
    229.34209435
    229.37503237
    229.94114137
    229.68084085
    229.68295796
    229.68295796
    229.65662422
    229.86260281
    229.86260281
    229.69471593
    229.67845386
    228.86265674
    228.41551492
    229.03360016
    229.59313669
    228.65198288
    228.65198288
    227.92999695
    228.42508067
    228.71574233
    228.61702805
    229.67482399
    229.67482399
    229.19772097
    228.98413402
    228.54171294
    228.54171294
    228.54171294
    228.88673595
    228.88673595
    228.87082262
    228.07983110
    228.84151194
    229.28343271
    229.72452733
    229.83452154
    229.61864490
    229.80583429
    229.75905886
    229.94951509
    230.00318501
    229.76100233
    229.76100233
    229.75497773
    229.75497773
    229.75497773
    229.75497773
    229.78022314
    229.78022314
    229.81597086
    229.37469539
    229.37469539
    228.46138340
    228.45790151
    229.74445333
    229.12895884
    229.12895884
    229.12895884
    228.52014152
    228.52014152
    228.52951393
    228.40660990
    228.18141193
    228.76075645
    229.18881119
    229.47289210
    229.49109880
    229.49588386
    229.49588386
    228.16764755
    228.09827218
    228.09827218
    228.46263783
    228.46263783
    228.46263783
    229.74453574
    229.72766695
    229.93188181
    229.98726604
    229.98726604
    230.02123395
    229.97354221
    229.90258414
    229.88390603
    229.89026658
    230.01405071
    229.34150562
    229.17438504
    228.43945137
    229.49250002
    229.27222415
    229.27222415
    229.13344604
    228.12943749
    228.12943749
    228.12943749
    228.19995814
    228.19995814
    228.19995814
    228.15331877
    228.15331877
    228.23006019
    229.03525812
    228.74682862
    228.74682862
    228.95578721
    228.95578721
    228.73979224
    228.86781185
    228.90330991
    228.90330991
    229.80535444
    229.87804911
    229.87804911
    229.87804911
    229.87804911
    229.86388578
    229.86388578
    230.06311819
    230.07327846
    229.66034715
    229.72249553
    230.05094687
    229.95103307
    229.72251015
    229.72251015
    229.86837828
    229.82196926
    229.81404663
    229.83517644
    228.79710088
    229.12912529
    229.12912529
    229.12932898
    229.67017481
    229.88841068
    229.82692229
    229.82692229
    229.32524666
    228.45918244
    227.13216668
    227.13216668
    228.29161822
    228.31346231
    228.83234247
    229.62137342
    229.61873654
    229.40046306
    229.31982460
    229.47253061
    227.71464138
    227.50163848
    228.63343818
    228.75753185
    229.00829626
    228.49973182
    229.24513942
    229.24513942
    229.24513942
    229.33097568
    228.93215822
    229.28536661
    229.50250621
    229.85125121
    229.20678732
    229.96155775
    230.03286105
    229.45312055
    229.45144068
    229.45144068
    229.69856381
    229.69856381
    229.85322574
    230.01715606
    230.01715606
    229.95404767
    229.95404767
    229.95404767
    229.80615161
    229.77400836
    229.72683416
    229.72683416
    229.72683416
    229.69379001
    229.69379001
    229.69379001
    229.69963394
    229.69963394
    229.71415008
    229.82800050
    229.79130050
    229.60843908
    229.60843908
    229.63542842
    229.43735589
    229.69862639
    229.69862639
    229.99451147
    229.74034364
    230.06534378
    230.06534378
    230.06415220
    230.03565673
    230.03130225
    229.19269196
    229.19269196
    229.19269196
    229.55423957
    229.54090920
    229.46391466
    229.75675305
    229.71637313
    229.95235175
    229.95235175
    229.97348134
    229.97348134
    229.94029410
    229.94029410
    229.89418571
    229.50786758
    229.88050568
    229.89324379
    228.92612176
    229.98099140
    229.92939566
    229.93362975
    229.83655705
    228.37512111
    229.25933640
    229.45188177
    229.45188177
    229.73833387
    228.86138270
    228.41539762
    228.41539762
    228.33089558
    229.25862782
    227.89475940
    228.18828465
    228.32653056
    228.32653056
    228.79361315
    228.79776450
    230.02401371
    230.05134141
    230.03599884
    230.03599884
    230.06549668
    230.02224883
    230.03915399
    230.03915399
    230.03310200
    230.02946651
    230.05238037
    229.80107764
    228.49046196
    229.07474982
    229.59011928
    228.77545090
    228.37804490
    228.37804490
    227.27430889
    227.58367662
    227.32867475
    227.32142842
    225.92001147
    226.79677124
    229.26948232
    229.26948232
    228.95931582
    228.95931582
    228.95931582
    227.89695293
    228.31115033
    228.25519718
    227.13102631
    227.19690633
    228.15017623
    228.15017623
    228.15017623
    228.15017623
    228.15017623
    228.06172164
    228.06172164
    228.90336400
    228.89828763
    229.15261823
    228.52342059
    228.52342059
    228.85107504
    229.39195936
    228.90071865
    228.95902893
    228.95902893
    229.96809917
    229.98493935
    229.85489746
    229.47487052
    229.90592913
    229.74381513
    227.96876461
    227.96876461
    227.96876461
    227.57303394
    226.49231171
    226.49231171
    226.49231171
    228.08850154
    228.08850154
    228.59430623
    227.46432229
    229.63527701
    229.48701050
    229.66804171
    229.57756131
    229.57756131
    229.79653751
    229.79653751
    229.68163166
    229.63514947
    229.63514947
    229.63514947
    229.66189547
    229.99740830
    229.97460224
    229.97262503
    229.97499596
    229.69975282
    229.17606466
    229.12075890
    228.92596640
    229.15449399
    229.53355449
    229.53355449
    228.60153601
    228.98440027
    228.98440027
    229.38871396
    229.38871396
    229.35097632
    229.78155195
    229.75914823
    229.78782775
    229.78782775
    229.77621802
    229.79142037
    229.79142037
    229.62415745
    229.62415745
    229.95128408
    229.75044094
    229.74317320
    229.71208832
    229.70269760
    229.70269760
    229.54870282
    229.79853053
    229.81861830
    229.81566877
    229.73919375
    229.91590924
    228.26247454
    229.15669299
    228.99261218
    229.42103335
    229.28655705
    228.80285768
    228.67748304
    229.10458903
    229.13404752
    229.13404752
    228.18400902
    228.21079353
    228.21079353
    227.81479183
    227.81479183
    227.81479183
    227.81479183
    228.74827977
    227.93610539
    227.93610539
    227.93610539
    227.62450170
    227.74118346
    227.83859310
    227.83859310
    227.83859310
    228.92150247
    228.40970637
    228.88990950
    228.46868938
    228.85996654
    228.85996654
    228.91129208
    228.56409057
    228.89606108
    228.47335290
    229.24083672
    229.24083672
    229.24083672
    229.17705051
    228.51533948
    228.51533948
    227.81106287
    227.81106287
    227.44835705
    225.99964083
    227.12992202
    227.08084756
    228.44911968
    228.44911968
    228.80074758
    228.97144554
    229.36812664
    229.36812664
    229.36812664
    229.37586195
    228.46090483
    228.90356691
    229.76367502
    229.76367502
    229.76367502
    229.76367502
    229.46088021
    229.62171958
    229.62171958
    229.62171958
    229.92736012
    228.72605947
    228.72605947
    228.72605947
    229.29679074
    229.96183019
    229.96183019
    229.86923907
    229.11102890
    229.11102890
    229.02815478
    228.90752329
    228.88746763
    229.28396553
    229.28396553
    229.73572302
    229.29211984
    229.24831255
    228.62751656
    228.26745021
    228.93162912
    228.38941214
    229.22154377
    229.22154377
    229.00416886
    228.62341225
    228.68445052
    228.79292390
    228.73373810
    229.24732267
    229.34792749
    229.50215033
    229.50215033
    229.18838201
    228.03069042
    229.66218865
    226.42195081
    226.42195081
    226.42195081
    226.42195081
    226.81279012
    226.81279012
    229.06874977
    226.45601553
    227.92905344
    228.79655578
    228.79655578
    228.81798037
    228.91672148
    228.91672148
    228.54377169
    228.54377169
    229.20941258
    229.18237548
    229.18237548
    229.18237548
    229.18237548
    229.17356292
    229.86378641
    229.65539106
    229.65539106
    229.65539106
    229.35179278
    229.06302237
    229.71711572
    229.64544049
    229.09473372
    227.93162635
    227.80517832
    227.80517832
    227.80517832
    228.95697526
    228.98728200
    229.26598260
    228.57524950
    228.57524950
    228.32867783
    228.55695361
    229.63722803
    229.65387495
    229.50170390
    229.41427468
    229.44857306
    229.38777848
    228.17351049
    228.17351049
    229.35703942
    229.43120492
    229.80312067
    229.93458303
    229.93458303
    229.90125933
    229.90339682
    229.48839595
    229.49126608
    228.93431840
    228.62242762
    228.77894722
    228.77894722
    228.77894722
    228.77894722
    229.51726562
    229.85889687
    229.88791263
    229.88791263
    229.70854912
    229.70854912
    229.93909769
    229.94331279
    229.96957491
    230.01237043
    229.91285600
    230.00436622
    229.94970397
    229.94970397
    230.05041266
    230.00519187
    229.93383941
    230.00228498
    229.06168367
    229.06168367
    228.54020886
    228.54020886
    227.13846490
    227.11633271
    227.11633271
    227.11633271
    226.09294623
    227.51104001
    227.51104001
    227.51104001
    227.51104001
    227.51104001
    228.28000734
    230.03441218
    229.68913789
    230.04864456
    230.04864456
    230.04864456
    229.33595894
    230.05035828
    230.05035828
    229.49093785
    229.38863395
    229.95833056
    230.00175725
    229.50871984
    229.25176833
    228.62921594
    229.39973191
    229.16728204
    229.06413157
    229.06255619
    228.93245542
    228.93245542
    229.02661185
    229.02661185
    229.02951193
    229.89216018
    230.03839614
    229.86735930
    229.35767281
    229.45714981
    229.58573501
    229.58573501
    228.30276797
    228.30276797
    229.87848022
    229.87848022
    229.63873013
    229.35851444
    228.47053613
    228.90263881
    228.90263881
    229.11033104
    229.32190388
    229.32190388
    229.42718694
    229.42718694
    227.43119203
    227.43119203
    227.43119203
    227.12481086
    227.12481086
    229.82702768
    228.45569008
    228.45569008
    228.16828886
    229.58703254
    229.55574248
    229.57165071
    229.57165071
    229.57165071
    229.71714698
    229.09991042
    229.79229689
    229.28278467
    229.28278467
    229.39909366
    229.39909366
    229.28947424
    229.71517276
    229.71517276
    229.37530577
    229.37530577
    229.13529717
    229.13529717
    229.13529717
    229.13529717
    229.14729497
    228.94055091
    229.07075718
    229.07082289
    229.07082289
    230.07281750
    230.00261571
    229.99950694
    230.04804277
    229.91534198
    229.90217946
    229.89438482
    229.64140096
    229.58965247
    229.38446565
    229.05032986
    229.19051257
    229.52145780
    229.61871927
    228.94021405
    227.88541602
    227.34252402
    227.34252402
    227.28821874
    226.21205155
    228.59034472
    228.25166481
    228.25166481
    228.25166481
    228.25166481
    228.25166481
    228.52112711
    228.52112711
    228.52112711
    228.52112711
    228.52112711
    229.04498338
    229.04498338
    229.56515914
    228.89791922
    228.89791922
    228.90734520
    228.40208087
    228.18388321
    226.96975714
    226.96975714
    227.10595481
    228.46047877
    229.32227841
    229.32227841
    229.33771007
    229.34179632
    229.34179632
    229.02789855
    229.62068319
    228.08097433
    228.08097433
    228.63906359
    228.63906359
    229.60788410
    229.60788410
    229.58482380
    229.58482380
    229.58482380
    229.62770216
    229.62770216
    229.34835192
    229.52017474
    229.52017474
    229.52145588
    229.14147932
    229.27621625
    229.27621625
    229.27621625
    229.06707015
    230.03970274
    229.82602964
    229.82602964
    229.82602964
    229.91974826
    229.95326328
    229.99293038
    229.99293038
    229.99293038
    230.04852093
    229.88666927
    229.80571866
    229.93965791
    229.93965791
    229.70575171
    229.73091868
    230.02933853
    229.81853383
    229.79494639
    229.85919329
    229.30287879
    229.30287879
    229.50381212
    229.29515615
    229.29515615
    229.29515615
    229.29515615
    228.31363562
    229.40125643
    228.81313741
    228.76893455
    229.52853552
    229.68938284
    229.71377505
    229.79243575
    229.10137664
    229.69240066
    229.46398992
    229.25206107
    229.20556270
    229.04782466
    229.48934198
    228.41592203
    228.49616523
    228.49616523
    228.49616523
    227.67051623
    227.67051623
    227.67051623
    227.67051623
    226.46614459
    226.46614459
    226.46614459
    228.78672014
    228.21168190
    229.66775720
    229.72117003
    230.01202043
    230.02336388
    230.02461783
    229.92488773
    229.55722595
    229.93774060
    229.93774060
    229.65880568
    229.78256582
    230.07246145
    230.06766235
    229.84543936
    229.83954725
    229.84343736
    229.92435033
    230.02830224
    229.47637343
    229.47637343
    229.47637343
    229.47637343
    229.47637343
    229.68124582
    228.90301911
    226.51061970
    228.56721359
    226.49610823
    226.49610823
    226.65407656
    226.65407656
    229.25061966
    229.98156762
    229.72653119
    229.36112672
    229.61835686
    229.72577615
    229.87193625
    228.90406410
    228.95836674
    229.55062075
    229.38228250
    229.23072757
    229.14896107
    229.14896107
    227.74522021
    228.03134661
    228.03134661
    228.03134661
    228.03134661
    229.47833091
    229.47833091
    229.47833091
    229.42756148
    229.42756148
    229.42756148
    229.42756148
    226.67257216
    226.67257216
    226.67257216
    226.67257216
    226.67257216
    226.67257216
    226.67257216
    227.85307030
    227.85307030
    227.85307030
    227.85307030
    228.76373688
    228.76373688
    229.45704484
    229.14191175
    228.75001176
    228.83704007
    229.00484986
    229.00484986
    229.00484986
    228.16290385
    228.31250956
    229.07119600
    228.98112550
    229.26893848
    229.26893848
    229.26893848
    229.26893848
    229.30422593
    229.30422593
    229.30422593
    229.30422593
    228.68948568
    229.58215239
    229.27991690
    229.72909422
    230.04861478
    229.94557529
    229.53807808
    229.35020107
    229.18903447
    229.52564009
    229.58108010
    229.61633432
    229.61633432
    229.51507583
    228.53071719
    228.53071719
    228.53071719
    228.53071719
    228.53071719
    229.18064080
    229.18064080
    227.83299843
    227.86870105
    227.86870105
    228.34181880
    229.28062928
    229.29863688
    229.97217979
    229.75621224
    229.22449006
    229.22449006
    229.66196547
    229.66196547
    229.56352331
    229.56352331
    229.70438262
    228.81563879
    228.59983165
    228.33478152
    228.33478152
    228.13807452
    228.13807452
    227.35802083
    227.35802083
    226.35408092
    226.35408092
    227.44732292
    227.44732292
    227.34124622
    227.34124622
    227.34124622
    227.62253280
    228.37735210
    228.67347334
    228.90475682
    228.85647833
    229.32444355
    229.32444355
    229.32444355
    230.04469002
    229.99217399
    230.03814096
    230.06409323
    230.06409323
    230.03942051
    230.01494408
    230.01494408
    230.01494408
    230.01494408
    229.93444470
    228.65093786
    228.65093786
    228.65093786
    228.97106381
    228.99737014
    228.99737014
    228.99737014
    229.51648355
    229.61473697
    229.92047974
    229.93412793
    229.93412793
    229.93412793
    229.93412793
    229.74262178
    229.26660083
    229.26660083
    229.80512403
    229.94642161
    229.92022000
    229.96588598
    229.96665037
    229.36551349
    229.12999115
    229.12999115
    229.12999115
    229.25322911
    228.35738976
    227.41739850
    228.76104778
    228.38760122
    228.81271318
    228.65160592
    228.23922571
    229.42870307
    228.98289849
    228.81936940
    229.67054412
    229.57589608
    229.57589608
    229.57589608
    229.87364832
    229.80081018
    229.75683447
    229.96027932
    230.03132347
    230.03132347
    229.04064679
    229.89390541
    229.90746100
    229.90746100
    229.59036448
    229.27673081
    229.89037646
    230.05603124
    230.05603124
    229.97099327
    229.84522178
    229.91883258
    229.91883258
    229.91005733
    230.02111601
    230.02927358
    229.98205887
    229.98205887
    229.98205887
    229.40495710
    229.40495710
    229.43155504
    228.07022968
    227.54371756
    229.63408870
    229.82669220
    229.98652499
    230.05741633
    230.05741633
    230.06355970
    229.54956565
    229.69518926
    229.60429774
    229.53248483
    229.53248483
    229.53248483
    229.64134231
    229.64134231
    229.67062270
    229.06905575
    229.30502555
    229.30450580
    229.24404543
    229.35678286
    228.90125526
    229.46225609
    229.45989692
    229.59331628
    229.39716039
    229.77641430
    229.76744687
    230.01221295
    230.01221295
    230.01966246
    230.01093104
    229.97316512
    228.87005971
    227.99595113
    227.99595113
    229.44534324
    229.44534324
    227.13956116
    226.85015194
    226.84863991
    229.49294655
    229.49294655
    229.46462469
    229.46462469
    229.46462469
    229.44160710
    229.44160710
    229.67467408
    229.40095833
    229.40095833
    229.52054483
    229.51829080
    229.18990067
    229.18990067
    228.55433629
    228.55433629
    228.55433629
    230.03179884
    230.06642607
    229.51030438
    229.94400151
    229.88160964
    229.97957710
    230.02272024
    229.96467211
    229.26919473
    229.26919473
    229.27036193
    229.27088140
    229.33918957
    228.26268460
    228.01111990
    229.39789066
    229.39789066
    229.39789066
    229.97044265
    228.95655329
    229.72027609
    229.44529365
    228.69956453
    228.69956453
    228.23999674
    228.40352878
    225.38239220
    226.11550481
    226.45113338
    226.45113338
    225.89674293
    228.42786060
    227.49853382
    228.98047220
    228.98047220
    228.88245266
    229.07225754
    228.89584015
    229.53648412
    229.53648412
    229.49146959
    229.03200285
    229.80991972
    229.80991972
    229.80852560
    229.29643105
    229.22019673
    229.64884386
    228.25845694
    228.25845694
    229.29527523
    229.33826919
    229.92571506
    229.80953869
    229.91963698
    229.94368590
    230.06207645
    230.06207645
    228.42650542
    228.33817008
    228.33817008
    228.33817008
    227.93194977
    229.50659696
    229.46508407
    229.80332489
    229.79151367
    229.79151367
    230.07106548
    229.75730634
    229.64297964
    229.64297964
    229.64297964
    229.55136385
    229.50786451
    229.26303292
    229.24257090
    228.09882774
    228.09882774
    228.38623994
    228.50848903
    229.26572450
    229.43506546
    229.60746113
    229.87609992
    229.80456164
    229.64983134
    229.22050757
    228.66239835
    228.66239835
    228.66606089
    228.38981998
    228.38981998
    228.97035865
    228.97035865
    228.51246038
    228.51246038
    228.51246038
    228.92406561
    228.11756736
    225.81413994
    225.81413994
    225.81413994
    227.37658702
    227.93951098
    228.37724547
    227.85367213
    227.77543605
    228.89682157
    229.02104380
    228.25352814
    228.08356577
    228.08356577
    228.18000472
    227.82208945
    228.82654764
    227.72704404
    227.72704404
    229.60976199
    229.81214919
    229.63900576
    229.63900576
    229.53095735
    229.53095735
    229.53095735
    229.69636091
    229.25678399
    229.10928013
    229.10928013
    228.91543520
    228.85234775
    229.21082968
    229.21082968
    228.04461305
    227.76631262
    227.76631262
    227.76631262
    228.53103889
    228.02398919
    228.72597205
    228.89819028
    228.89819028
    228.86704530
    227.64729033
    228.69476576
    228.51668632
    227.99632885
    227.03459177
    227.33950554
    227.05100597
    227.89612436
    228.75024074
    228.75024074
    228.49784371
    228.46805061
    227.79186292
    226.50016397
    226.13201677
    226.36768469
    229.11803137
    229.20406928
    229.48546388
    229.67876640
    229.21180561
    228.97385239
    229.10426643
    229.31150099
    229.82934662
    228.96426335
    227.46608772
    227.46608772
    227.46608772
    227.46608772
    227.46608772
    227.46608772
    227.46608772
    227.46608772
    229.15157248
    229.38155490
    229.38155490
    229.35699376
    229.35699376
    229.35699376
    229.35699376
    229.70974410
    229.32147142
    229.79764481
    229.79764481
    229.98106192
    229.98106192
    229.99429013
    229.99429013
    229.94865728
    230.07148286
    230.05792269
    230.06545324
    230.06566059
    229.87335274
    229.72057033
    230.00591816
    230.00948488
    230.00948488
    230.01387608
    230.01387608
    229.51081182
    229.56074935
    229.56074935
    230.04431354
    228.87648921
    229.64726477
    229.96279522
    229.19860532
    229.29969501
    229.29969501
    229.68725325
    229.62742476
    229.55702158
    229.00778546
    229.49131058
    229.49131058
    229.61387355
    229.06087156
    229.35588028
    229.00968893
    229.00968893
    229.22767898
    229.25726294
    228.28439545
    227.65368476
    227.65368476
    227.65368476
    230.00988174
    230.06175036
    229.99410863
    229.99410863
    229.99410863
    229.99575632
    229.70796480
    230.02763436
    229.90468925
    229.90468925
    229.89886702
    229.69059035
    229.68749607
    229.10358937
    229.77913231
    229.78589791
    229.81230343
    229.81230343
    229.64218702
    229.83226120
    229.83226120
    229.75149972
    229.72323497
    229.72323497
    228.64977819
    228.64977819
    227.89523622
    229.96845580
    229.93238092
    229.93238092
    229.95913590
    230.04873544
    230.02316833
    229.98061371
    229.72110317
    229.68364417
    229.68364417
    229.94775732
    229.94775732
    229.94775732
    229.94775732
    229.94775732
    229.90639378
    229.86814628
    229.32770230
    229.32770230
    227.53439078
    229.77073350
    229.81538163
    229.89673919
    230.05195498
    230.06026421
    230.03334476
    229.60647579
    229.79029059
    230.04798951
    230.04798951
    230.05972750
    230.05972750
    230.05207387
    229.38632197
    229.38632197
    228.95478663
    228.96751026
    228.96751026
    228.96751026
    228.96751026
    228.96751026
    228.80879703
    229.48407782
    229.27078796
    229.76962190
    227.89120260
    227.89120260
    227.89120260
    228.30786710
    228.30786710
    229.27195185
    229.14973219
    229.14973219
    229.41761150
    229.39114817
    229.40851610
    228.44236782
    228.55464901
    229.31525769
    229.31525769
    229.24214786
    228.90475373
    228.90475373
    228.39344130
    228.39344130
    228.71417438
    228.00642629
    228.61692900
    228.61692900
    228.64574855
    228.29847861
    228.29847861
    228.29847861
    229.55684780
    229.31112722
    229.31112722
    229.47629856
    229.48259496
    229.52673998
    229.11634855
    228.64596218
    228.64596218
    228.64596218
    228.64596218
    228.64596218
    227.71860060
    229.96980330
    229.91056524
    229.88209396
    230.05099825
    230.05099825
    229.97341744
    230.02945722
    230.02601686
    230.02601686
    230.02539983
    230.02539983
    229.38204902
    229.22109054
    229.05698652
    229.16688449
    229.16688449
    229.81906335
    229.81906335
    229.81906335
    229.81906335
    229.81906335
    230.04205230
    230.04822912
    230.03558318
    229.72876425
    228.68392044
    228.24688603
    228.24688603
    228.39302031
    228.39302031
    229.76205494
    229.55015811
    229.41287791
    229.41287791
    229.41287791
    229.50704732
    229.79639016
    229.79639016
    228.86351372
    229.13578945
    228.56829688
    226.43192959
    227.44173485
    229.48385500
    229.63828278
    229.46157072
    229.06361633
    228.85814220
    227.92357925
    228.85203643
    229.18165286
    229.58710750
    229.44971986
    229.44971986
    229.98298439
    229.87563968
    229.87563968
    229.87563968
    229.97696586
    229.97696586
    229.50577852
    229.60545489
    228.80755628
    228.80755628
    229.48691519
    229.48691519
    229.49807784
    229.41863443
    229.41863443
    227.23440990
    228.15747853
    228.15747853
    228.67263625
    228.67206245
    228.41686024
    228.41686024
    227.92222680
    227.92222680
    228.69305384
    229.40702188
    229.46923402
    229.85724357
    230.02882623
    229.89078951
    229.56069489
    229.62655326
    229.35415101
    229.35415101
    228.99660797
    228.25365697
    227.26605617
    227.26605617
    227.00887587
    227.80595754
    227.80595754
    227.51836019
    227.96172303
    229.06932304
    228.50853697
    228.15140007
    229.55442305
    229.59730106
    229.83789037
    229.83789037
    229.83789037
    229.84372472
    229.84282682
    229.84282682
    229.84282682
    229.70316034
    229.70316034
    229.70316034
    228.07062586
    226.13533145
    229.70243111
    229.70243111
    229.42967411
    229.03955652
    228.67364152
    229.08794248
    229.32470188
    229.59545653
    229.64011616
    229.57242235
    229.79024185
    229.79024185
    229.79024185
    229.74242021
    229.65743343
    229.61078893
    229.77731947
    229.77980156
    229.68804491
    229.68804491
    229.69656905
    229.96547751
    229.89518217
    229.43393285
    229.68917620
    229.68917620
    228.14337889
    228.61492205
    229.98778277
    229.98778277
    229.94289903
    229.71219348
    229.71219348
    227.96918470
    227.96918470
    229.12396508
    229.12396508
    229.39651741
    230.05869329
    229.82256701
    229.92745745
    229.88968645
    229.88968645
    229.86678579
    227.85608055
    228.08276094
    227.87948513
    227.87948513
    227.87948513
    229.37971301
    228.71354854
    228.43741820
    227.52221442
    227.52221442
    227.34069519
    227.34069519
    228.09132365
    229.54202891
    229.94420083
    229.80043403
    229.80043403
    229.85648732
    229.71163980
    229.17979479
    228.34963281
    228.34963281
    228.34963281
    228.00552292
    228.00552292
    227.88383487
    227.85765849
    227.85765849
    227.85765849
    227.85765849
    227.80043374
    227.84687452
    228.31330870
    228.45296416
    228.27231750
    228.55418529
    228.46138975
    228.46138975
    228.14959491
    228.63232547
    228.78714387
    229.49001963
    229.75449344
    229.58730533
    228.92856856
    228.92002855
    228.91934899
    227.84790947
    227.31126888
    227.31126888
    228.83215536
    228.83215536
    227.10304329
    227.10304329
    227.16191099
    227.20576565
    228.48892175
    228.48892175
    228.48892175
    228.48892175
    228.48892175
    228.51878477
    228.00207784
    228.00207784
    228.00207784
    228.00207784
    228.75787744
    228.38430328
    228.77809798
    228.77809798
    228.77809798
    228.77809798
    228.77809798
    228.58147657
    229.30202112
    229.30202112
    227.72152513
    229.83760316
    229.83760316
    229.08154948
    229.08154948
    229.08154948
    229.29824871
    229.25704728
    229.80419877
    229.54450160
    228.62167853
    229.55792597
    228.71350300
    229.59330395
    229.59330395
    229.85077786
    229.69973581
    228.82466036
    228.82466036
    228.82466036
    228.82466036
    228.49792969
    228.48927342
    228.48927342
    228.71284828
    228.55606004
    228.56277291
    228.56277291
    228.56277291
    228.56277291
    229.25615226
    229.35555371
    229.35555371
    228.80670591
    228.80670591
    228.69017784
    228.92607469
    228.92607469
    228.92607469
    229.56158301
    229.56158301
    229.87465492
    229.78441512
    229.90108196
    229.90108196
    229.95715092
    228.92861732
    229.14862362
    229.26624923
    228.85988186
    228.85988186
    228.80278179
    228.80278179
    229.58946723
    228.42153476
    228.42153476
    229.77786497
    229.48875940
    229.48875940
    229.48875940
    229.48875940
    229.48875940
    228.66296241
    229.59527969
    229.27305767
    229.27305767
    229.27305767
    229.73946037
    229.73946037
    229.73946037
    229.83437163
    229.92819090
    229.96368101
    229.85511743
    229.47214013
    229.47214013
    228.33631980
    228.33631980
    228.33631980
    228.33631980
    229.69663870
    229.98480299
    229.88284792
    229.95329253
    229.98485714
    230.05858741
    230.05858741
    229.62094884
    230.01428113
    229.92744497
    229.50816137
    229.50816137
    229.50816137
    229.50816137
    230.02905644
    229.35636046
    229.35636046
    230.06224541
    229.70560607
    229.71168545
    229.79410284
    229.47763971
    229.47763971
    229.47763971
    229.47763971
    229.28581494
    229.88277857
    229.88277857
    228.75845719
    228.75845719
    229.99761595
    229.99761595
    227.31808780
    228.32545032
    228.27481233
    228.27481233
    228.49727673
    228.49727673
    228.49727673
    228.49727673
    229.92805722
    229.95811161
    229.91356989
    229.76973234
    229.57693601
    229.57693601
    229.57693601
    229.44528882
    229.53890229
    229.66017005
    229.93782090
    229.92144066
    229.92144066
    229.78672019
    229.85479620
    229.87055019
    229.54734926
    229.54734926
    229.54734926
    228.72978735
    228.52313753
    229.67844147
    229.56361400
    229.15652050
    228.82270269
    228.71897513
    229.46075627
    229.28360352
    229.28360352
    229.28360352
    229.84957954
    229.57079369
    229.72162727
    229.72162727
    229.30593234
    230.06193706
    230.04748676
    230.05195516
    229.92449961
    229.34855140
    230.04378823
    229.66760349
    229.52041559
    229.42585826
    228.89095767
    229.49565917
    230.00572368
    229.98569462
    229.98569462
    229.19792664
    228.81204823
    229.77631522
    229.77631522
    229.85706498
    229.61862862
    229.12091521
    229.12091521
    229.12091521
    229.91181819
    229.96183103
    229.03838437
    229.20185850
    228.30172220
    228.30172220
    228.34058818
    228.34058818
    229.33537266
    228.92557986
    228.54643912
    228.54643912
    228.94336584
    229.20659617
    228.83055572
    228.57357002
    229.52328140
    229.57484743
    229.49028972
    228.91968903
    228.25303474
    229.31390346
    229.54522401
    230.05489757
    229.45311315
    229.02254293
    229.29128355
    229.50016401
    229.50016401
    228.09308831
    228.22917868
    228.64629249
    229.23863143
    229.26157536
    229.92774823
    229.77449445
    229.67953901
    229.79334964
    229.93668098
    229.92998288
    229.94785364
    229.83324317
    229.64767258
    229.69057393
    229.58020735
    229.40464650
    229.40464650
    229.41002280
    229.41002280
    229.44693290
    228.73680757
    228.90834791
    229.94173468
    229.37678568
    229.37678568
    229.27252015
    228.62259807
    228.14559380
    228.14559380
    228.14559380
    229.87324571
    229.91784299
    229.47956129
    229.47956129
    229.47956129
    229.47956129
    229.75167454
    229.88518397
    229.88518397
    229.88518397
    229.15253145
    229.25295837
    230.04414171
    230.04414171
    230.04414171
    230.04692550
    230.01062552
    228.56272901
    228.56272901
    228.19023498
    228.19023498
    229.33033903
    230.03815674
    229.72341461
    229.72334367
    229.55516491
    229.52358485
    228.75917605
    228.75917605
    227.75620653
    227.75620653
    228.33997628
    228.33997628
    228.43961115
    226.00525386
    226.00525386
    227.00204447
    227.03286725
    228.02469137
    228.02469137
    226.84305656
    227.78203515
    227.63926459
    228.38795228
    228.41175368
    228.24128159
    228.24128159
    228.24128159
    228.24128159
    228.24128159
    228.24128159
    228.24128159
    228.24128159
    229.22117131
    229.22117131
    229.55643881
    229.69779252
    229.46834639
    229.59376325
    229.59533355
    229.61520994
    229.35533292
    229.25209888
    228.49818605
    228.49818605
    228.32993731
    226.31641776
    226.31641776
    226.36244003
    226.36244003
    227.01963682
    228.11875059
    228.11875059
    228.11875059
    227.94242011
    227.89388562
    228.12059677
    228.12059677
    228.12059677
    226.57563590
    226.57563590
    227.77815715
    228.12805090
    228.09533259
    228.09533259
    228.09533259
    228.67670179
    229.04342307
    229.04342307
    229.04342307
    229.21163272
    228.76656690
    229.62656634
    229.94770584
    229.94770584
    229.92846902
    230.04222321
    230.04222321
    230.04222321
    229.83169220
    230.00826785
    229.75200255
    228.73193476
    229.54966862
    229.46212303
    229.93631260
    229.98821135
    229.98821135
    229.91905644
    229.73058179
    229.73244640
    229.88427910
    230.01280537
    229.42189829
    229.61761495
    228.76949339
    229.21611223
    229.90760407
    230.05175902
    230.03985845
    230.02812838
    229.19028869
    229.73791252
    229.96655747
    229.84704357
    229.84704357
    229.32865246
    229.87413291
    229.94384540
    230.03557183
    229.57856046
    229.57856046
    229.52551052
    229.05490119
    228.17939015
    228.16237670
    228.16237670
    228.16237670
    228.16237670
    228.98096649
    229.55348238
    229.48447048
