    141.59916071
    141.80794799
    141.81060114
    142.03258385
    142.03258385
    142.00380806
    142.00380806
    141.93815411
    141.62897606
    141.50088102
    141.50088102
    141.81056948
    141.81056948
    141.85618004
    141.85618004
    141.76147136
    141.93714077
    141.93714077
    141.37927242
    142.03178778
    142.03197078
    142.03197078
    141.97127165
    141.91159951
    141.91159951
    141.91159951
    141.91159951
    141.91159951
    141.91201077
    141.91201077
    141.61420355
    141.00575986
    141.39257444
    141.64035110
    141.80978379
    141.91107908
    142.00845657
    142.00417736
    141.81323687
    141.97968410
    141.84229210
    141.84229210
    141.99178240
    142.00663239
    141.97768363
    141.98414963
    141.55532521
    141.55532521
    140.89425558
    140.89425558
    140.86880447
    141.96625108
    141.82075199
    141.82075199
    141.94401150
    141.94251153
    141.30105988
    140.49681983
    140.38396847
    139.85226445
    139.85226445
    141.78938117
    140.56158659
    140.93612436
    141.79517601
    141.86059782
    141.86059782
    141.82654007
    141.79665404
    141.52997346
    140.99765187
    140.95416677
    140.95416677
    140.95416677
    139.20721824
    139.23912390
    139.33222622
    141.02371442
    140.77860646
    140.68528981
    141.55745548
    141.53446988
    140.66901551
    140.66901551
    138.33184387
    140.76547796
    139.75055507
    139.75055507
    140.14480408
    140.36569697
    140.36569697
    141.68600782
    141.95380383
    141.90699973
    141.65665815
    141.65665815
    141.14273208
    140.77493865
    141.17530247
    141.63128169
    141.22556546
    141.13579183
    141.13579183
    141.66560484
    141.43136858
    141.40750502
    141.92236241
    141.86742716
    141.99487772
    140.76139343
    140.76139343
    141.10473894
    141.15349737
    140.98508971
    140.34600312
    140.34600312
    139.21077802
    139.21077802
    139.31214054
    139.31214054
    140.24253466
    140.24253466
    141.09235007
    141.09235007
    141.09235007
    141.09235007
    140.97146944
    141.60304952
    141.69270845
    141.84666647
    141.65519256
    141.91061178
    141.85028574
    139.88948540
    139.88948540
    141.13597901
    141.13597901
    141.13597901
    141.03804679
    140.65201853
    141.24375329
    141.45201924
    141.84253325
    141.41734014
    141.41734014
    140.32454881
    141.12800075
    139.86359490
    139.86359490
    139.50936697
    140.61764945
    140.46639412
    140.53612666
    140.53612666
    141.27369331
    141.28439429
    141.28439429
    140.61464307
    140.92718996
    141.34412635
    141.44995084
    141.24117902
    141.24117902
    140.79186269
    141.86526581
    141.97358367
    141.99069877
    141.56235369
    141.58567659
    141.58567659
    141.68239932
    141.68239932
    141.75959413
    141.36899662
    141.36899662
    141.36921469
    141.36921469
    141.16350540
    141.47593384
    141.47622321
    141.84623726
    140.28032525
    140.28032525
    140.28032525
    141.26716040
    141.18345769
    141.48258782
    141.15697158
    140.41236785
    140.83182817
    141.72483569
    141.30938397
    141.54685276
    141.60839127
    141.60839127
    141.69222754
    141.73456988
    141.73055096
    141.69276971
    141.38079979
    140.62469688
    138.06418016
    136.12588949
    138.12937608
    138.12937608
    140.20854047
    140.38054898
    140.38054898
    140.10385477
    141.06793096
    141.06793096
    141.60832197
    141.70870014
    141.49092317
    140.56342334
    141.78514607
    141.71553352
    140.81291408
    140.81291408
    141.36938160
    140.75353115
    140.90271049
    138.60827725
    138.60827725
    138.60827725
    138.60827725
    138.60827725
    137.68369799
    137.68369799
    138.62973790
    138.62973790
    140.40423636
    141.24303268
    141.24303268
    141.27259962
    140.72719401
    140.76492562
    141.09496545
    141.09496545
    141.83022310
    141.83637082
    141.83523380
    141.79440959
    141.98903250
    140.70538600
    140.70538600
    139.62867715
    139.64097768
    139.13080630
    136.82609320
    140.37773769
    140.55307928
    139.83315290
    140.23333139
    140.23204035
    140.23204035
    140.56747772
    140.57263986
    141.88564592
    140.99619367
    140.99619367
    141.14771053
    139.95035380
    140.11267925
    140.61011519
    140.81014245
    141.72251880
    141.72251880
    141.70610963
    141.69659733
    141.82024779
    141.28380868
    141.40794884
    140.78855357
    141.21480661
    141.21480661
    141.06077949
    141.57836261
    141.61126508
    140.91620331
    141.41668417
    141.43016239
    141.38100246
    141.97230241
    141.98215222
    141.97611455
    141.93070680
    141.78315298
    141.40743344
    141.40743344
    141.40743344
    141.42865074
    141.70178305
    141.76401543
    141.88432581
    141.85962851
    142.02008632
    142.02008632
    141.88327991
    140.84176660
    141.44376336
    141.06187436
    139.96145580
    139.96145580
    138.52361154
    138.52361154
    139.79011986
    139.79011986
    139.60278872
    140.18008521
    140.53439364
    140.58548582
    141.26605045
    141.26605045
    141.26704314
    141.36447252
    140.93883422
    140.78962389
    140.28377501
    140.92489274
    140.92489274
    141.24981531
    140.93031934
    140.76291015
    139.73740762
    139.73740762
    139.67236386
    141.12287459
    141.73697013
    141.86653966
    141.59569711
    141.88212273
    141.48190526
    141.48190526
    141.52854681
    141.98201717
    141.58656312
    141.58656312
    141.51752602
    140.78530959
    140.97551672
    140.97551672
    140.97551672
    141.16095253
    141.88131057
    141.51320963
    140.98696406
    141.14544974
    141.21322962
    141.16583483
    141.49132239
    140.70515259
    140.70515259
    140.70515259
    140.70515259
    141.63729243
    141.95140505
    141.91151260
    141.91151260
    141.74443196
    141.32307292
    141.25553241
    138.78082026
    141.41077573
    141.41077573
    141.02836149
    140.01520519
    139.37272011
    141.09031270
    140.29307015
    140.29307015
    140.29307015
    140.29307015
    140.29307015
    141.73707529
    141.82747281
    141.82747281
    141.89102033
    141.89102033
    141.67075939
    141.67075939
    141.89476953
    141.89859716
    141.00305927
    140.89599372
    141.15231744
    141.15231744
    141.52127408
    139.95459591
    140.28934252
    140.22638305
    140.22638305
    140.22638305
    140.22638305
    139.02971624
    139.02197686
    139.02197686
    139.02197686
    141.74396609
    141.89067996
    141.86372259
    141.68753616
    141.76852881
    141.93380296
    141.75513843
    141.75513843
    141.77195112
    141.79036838
    141.77868624
    141.89204909
    141.81189816
    141.50763012
    141.69028208
    141.32828385
    141.32840546
    141.74060847
    141.92872603
    141.85783021
    141.55866291
    141.90273594
    141.86506110
    141.81107255
    141.74266533
    141.72621319
    141.69619427
    141.63651488
    141.74684170
    141.74684170
    141.96067200
    141.95378598
    142.02488160
    141.93423253
    141.93423253
    141.58635827
    141.58635827
    141.58635827
    141.58635827
    141.34127951
    141.15567875
    141.15567875
    141.91526046
    141.97284110
    141.97948047
    141.94582258
    141.79006131
    141.78972064
    141.78972064
    140.84576513
    141.88559924
    141.66225869
    140.70936089
    140.70936089
    139.63194531
    139.63194531
    140.24140902
    140.24140902
    141.11587194
    141.83614442
    141.21206209
    141.42714505
    141.10901027
    141.52433471
    141.52433471
    141.47204339
    140.15420676
    141.10602301
    140.83936318
    140.83936318
    140.85042187
    140.96132174
    140.97398976
    141.09844967
    140.31223675
    141.32327813
    141.70565752
    141.70565752
    141.70565752
    141.70112817
    141.70112817
    141.49882482
    141.59830947
    141.69681335
    141.26241032
    141.04046432
    140.60289393
    140.28146164
    139.10349461
    139.10349461
    139.30878549
    139.30878549
    139.30878549
    136.91684023
    136.91684023
    140.22198838
    140.13530997
    140.86299079
    140.25298274
    140.25298274
    139.91726973
    139.91726973
    140.63834977
    141.14936077
    141.63997602
    140.36352656
    140.57349125
    141.88140585
    141.76081549
    141.76081549
    141.76081549
    141.76081549
    141.46573808
    141.71344716
    141.72607414
    141.72607414
    141.84444064
    141.59327834
    141.10684799
    141.17545823
    141.75581404
    141.72792765
    141.72792765
    141.45696077
    141.46279908
    141.04966842
    139.47382578
    139.47382578
    139.47382578
    139.47382578
    139.47382578
    141.30885918
    140.85457668
    140.81788438
    141.28927855
    141.28927855
    141.28927855
    141.68315001
    141.68315001
    139.97671193
    140.60437795
    140.60437795
    141.26490339
    141.70858852
    141.46694266
    141.32188334
    141.27923552
    140.03941707
    140.39996930
    140.10604179
    140.10604179
    141.22537386
    141.48845623
    141.64680569
    141.61069261
    141.61069261
    141.61069261
    141.50452411
    140.68207622
    140.68928949
    141.02945452
    141.02945452
    141.45017525
    141.34660484
    139.52335262
    139.52335262
    139.56276067
    138.61541402
    138.61541402
    140.11232464
    140.11232464
    140.11232464
    140.53144144
    140.41343709
    140.80917313
    140.80917313
    141.00341357
    140.95579025
    141.04594016
    141.57570584
    141.06346925
    141.10613478
    141.10613478
    138.01656482
    137.93097822
    139.81955778
    140.95941298
    140.98407378
    141.06918536
    141.63828561
    141.39084554
    141.61680690
    141.61680690
    141.32362158
    141.69683504
    141.15152956
    139.47749905
    139.47749905
    139.48546858
    139.48546858
    139.48546858
    138.66167249
    141.79755510
    141.80843635
    141.80843635
    141.12855057
    141.14938060
    141.79518337
    141.92479439
    141.99970516
    141.99970516
    141.99970516
    141.97576562
    141.96623137
    141.70019407
    141.67307370
    141.55791838
    141.16675512
    141.62342617
    141.85298269
    141.82259096
    141.87883876
    141.87883876
    141.20491056
    141.37216701
    141.12511642
    141.35650426
    141.35650426
    141.70802132
    141.40941180
    141.43600571
    141.44116881
    141.35646203
    141.54576052
    141.52767664
    141.52767664
    141.60916394
    141.74801742
    141.74801742
    142.00654895
    141.98366838
    141.97037047
    141.92767213
    141.92767213
    141.92180641
    141.90941423
    142.02338922
    141.23682128
    141.23682128
    141.23682128
    141.23682128
    141.76563720
    141.21652531
    141.82539488
    141.82539488
    141.83615217
    141.71855133
    141.61421122
    141.81152610
    141.79500594
    141.16195974
    141.16195974
    141.30350705
    141.30350705
    142.00609298
    141.94280893
    141.96139608
    141.97351560
    141.92640877
    141.71449511
    141.96652943
    141.96652943
    142.03077688
    141.98828226
    141.95539542
    141.79333022
    141.79333022
    141.39003925
    141.66366665
    141.97534576
    141.97534576
    141.97534576
    141.33003724
    141.33003724
    139.57843691
    139.50551981
    139.50551981
    139.50551981
    140.53108515
    140.85996591
    137.66045948
    137.66045948
    138.01391965
    138.01391965
    137.73771521
    137.73771521
    138.50324354
    138.09493028
    138.09493028
    139.41311132
    139.41311132
    141.33226364
    138.90150217
    140.13526328
    141.47326017
    141.47326017
    141.46258405
    141.46258405
    140.76740217
    140.30920182
    141.43972654
    140.75782147
    139.29819984
    139.29819984
    141.25948673
    142.01303066
    141.81001678
    141.90676535
    141.63641358
    141.63641358
    141.65616046
    141.65616046
    141.03437869
    141.10559561
    141.04323362
    141.04323362
    141.04323362
    140.41029296
    141.39121065
    141.15958218
    141.15958218
    141.11847432
    141.11847432
    141.11847432
    141.11847432
    140.61183060
    141.65865557
    141.65865557
    141.64993396
    141.94654146
    141.95427829
    141.78449615
    142.03010771
    141.73418831
    141.73418831
    141.78634133
    141.81045537
    141.81045537
    141.82778867
    141.78334343
    141.83411009
    141.83411009
    141.36254459
    141.31368793
    141.31368793
    141.31368793
    141.31368793
    141.40871359
    141.57594804
    141.68181750
    141.47650544
    139.41667542
    139.41667542
    139.66615348
    140.50146209
    140.48467746
    141.10819309
    141.10874041
    140.72290795
    141.76115516
    141.67681069
    141.44224455
    141.44224455
    141.44224455
    141.44224455
    141.30034302
    141.29146097
    141.55488508
    141.95808990
    141.95808990
    141.98421524
    141.97570827
    141.98218070
    141.98218070
    141.08135674
    140.95392426
    141.62448649
    140.84248253
    139.94664008
    139.81172152
    139.81172152
    139.81172152
    139.81172152
    139.81172152
    139.81172152
    139.39443917
    139.39443917
    139.39443917
    139.39443917
    139.39443917
    140.21522080
    140.11702584
    141.12156521
    141.90903166
    141.90903166
    140.49401448
    141.42179186
    141.46131160
    141.19494718
    141.19494718
    141.66550863
    141.66233803
    141.81724104
    141.83912924
    141.59153191
    141.47862572
    141.47862572
    141.45152468
    141.82253890
    141.82253890
    141.86723105
    140.48371822
    140.57169241
    140.57169241
    140.16959693
    139.74954303
    141.74120313
    141.60898482
    141.60898482
    141.26356131
    141.58312960
    141.65140500
    141.57838805
    141.09571989
    141.60687267
    141.56593769
    141.49216923
    141.50570890
    141.31720728
    141.29613605
    141.25177149
    140.95321082
    141.93610410
    141.85925482
    141.85615209
    141.85615209
    141.60506633
    141.61147928
    141.61147928
    141.63615497
    141.63615497
    141.58538818
    141.45761772
    141.46024852
    141.91141842
    142.00113021
    141.43156061
    141.43156061
    140.96458781
    141.20717937
    141.19561798
    141.55797728
    141.12189372
    141.12189372
    141.12189372
    141.46218544
    141.55404974
    142.02613869
    141.61148682
    141.61148682
    141.61148682
    141.60125003
    141.69164726
    141.43901253
    141.82887496
    141.82887496
    141.95139337
    141.95071963
    141.96907593
    141.92728171
    141.93033778
    141.99676845
    141.98713209
    141.82338846
    141.82338846
    141.82338846
    141.74247247
    141.74247247
    141.73879161
    141.42384548
    141.02927602
    140.84369086
    140.55022660
    139.46353108
    139.66294421
    139.66294421
    141.42089728
    141.42089728
    141.42089728
    141.41641798
    141.41641798
    141.94811545
    141.30579083
    141.30579083
    141.41536153
    140.25955830
    140.25955830
    141.43821392
    141.33023255
    141.64093208
    140.33607071
    140.33607071
    141.46765093
    141.46765093
    141.47417021
    140.27582471
    140.26658254
    139.94241374
    139.94241374
    139.94241374
    139.94241374
    141.06101796
    141.81143748
    141.74312090
    141.81366162
    142.03008215
    142.03008215
    141.61579473
    141.49797581
    141.64861794
    141.83503682
    141.84234645
    141.74167407
    141.24588380
    141.35096339
    140.80305425
    140.91244781
    139.76455048
    139.76455048
    139.76455048
    139.76455048
    140.78431085
    141.48596180
    141.32288219
    141.32288219
    140.50632315
    139.98573748
    139.98573748
    139.98573748
    139.98573748
    139.98573748
    140.33866046
    141.52832486
    141.52832486
    141.76600613
    141.08330502
    141.48283137
    141.48283137
    141.94034296
    142.00420417
    142.02700455
    141.85399459
    141.85399459
    141.90247650
    141.90247650
    141.88112482
    141.97862834
    141.79084762
    141.68896662
    141.67013995
    141.75557617
    141.61319830
    141.61319830
    141.96210433
    142.00826725
    142.00826725
    141.26176153
    138.12651372
    139.35262399
    140.85659029
    140.47415478
    141.23148064
    141.23148064
    141.23148064
    140.87585451
    141.07801825
    141.07801825
    141.45541531
    140.91558978
    140.52250962
    139.78255945
    139.78255945
    139.69597213
    139.69597213
    140.70917642
    140.70917642
    140.70917642
    140.86634390
    141.86488481
    141.99549577
    142.01570581
    141.99364959
    139.74243397
    141.27200152
    141.27200152
    141.51417534
    141.67172483
    141.67172483
    141.77560485
    141.77560485
    141.77560485
    141.80710181
    141.80616219
    141.77705753
    141.97460666
    141.97460666
    141.97460666
    141.48874283
    141.41036778
    141.31741801
    141.31741801
    141.05480449
    141.87668541
    140.76380282
    140.79259908
    139.61982651
    139.97194276
    139.97194276
    139.97194276
    140.55629880
    140.55629880
    141.13929727
    140.01009043
    138.97377797
    138.97377797
    138.97377797
    138.97377797
    138.97377797
    138.97377797
    139.06271161
    139.06271161
    139.06271161
    138.44249455
    138.98560356
    140.95961238
    140.83721356
    138.89556797
    140.53053792
    140.53053792
    139.35022128
    139.13825920
    139.12128839
    141.08359729
    141.08359729
    141.08359729
    141.08359729
    141.14368484
    141.13039201
    141.29585130
    140.73639017
    140.80161174
    140.80161174
    140.66269318
    140.66269318
    140.66269318
    140.66269318
    140.66269318
    140.66269318
    140.48212742
    140.48212742
    141.02360289
    140.39818012
    141.18057416
    140.78189661
    141.00823902
    141.25042084
    141.20112737
    141.30364761
    141.26512111
    140.73498484
    140.73498484
    140.55627961
    140.55627961
    140.81967535
    141.84236754
    141.28323848
    141.28323848
    141.59951451
    141.61605221
    141.61605221
    141.61605221
    141.30567087
    141.55538598
    140.93689597
    138.99071071
    138.99071071
    138.69409988
    138.69409988
    140.11184984
    140.11184984
    140.11184984
    140.11184984
    140.66686140
    141.14977319
    141.48118057
    141.48118057
    140.38946515
    140.97601731
    140.64404938
    141.32456745
    142.00143011
    142.01439400
    142.00981045
    141.90205328
    141.34361864
    141.34361864
    141.34361864
    139.42724110
    141.14002538
    141.02493939
    139.79081457
    141.33709805
    141.17459737
    141.31974455
    140.31770965
    140.31770965
    140.31770965
    140.31770965
    139.79216798
    141.39443060
    141.88910599
    141.34047665
    141.28737132
    141.05607186
    141.04654732
    141.08872845
    141.08872845
    141.08872845
    141.08872845
    141.08872845
    141.09233273
    141.54027131
    141.94113145
    141.94113145
    141.94113145
    141.94113145
    141.94113145
    141.94113145
    141.94113145
    141.94113145
    141.94979324
    141.65115116
    140.59960465
    141.56223812
    141.52454002
    141.34204175
    141.73107087
    140.94828717
    140.94828717
    140.70181446
    140.70181446
    140.70181446
    140.70696410
    140.70696410
    141.45178349
    141.59206386
    141.77824971
    141.16065778
    141.16065778
    141.16065778
    139.32640935
    139.32640935
    138.63410889
    140.32609326
    139.32628402
    140.62332995
    140.62332995
    140.62332995
    140.82700016
    141.46910240
    141.93749436
    141.93749436
    141.93749436
    141.99892106
    141.85495566
    141.85495566
    141.66884244
    141.96350675
    141.94706859
    141.76695111
    141.76695111
    141.39471504
    141.85252271
    141.96124098
    141.83970531
    141.98369382
    141.90530873
    141.05924678
    141.36972589
    141.88978369
    141.90893269
    141.90359359
    139.94135294
    138.41015184
    138.41015184
    139.51131323
    139.51131323
    139.46360862
    139.46360862
    141.51055464
    141.54688195
    141.31679079
    141.40869993
    142.02969401
    141.89694934
    142.01628142
    141.69503777
    141.40601080
    141.74740175
    141.32806140
    141.92424606
    142.02602736
    142.03242984
    141.94049904
    141.91493511
    141.80856904
    141.80856904
    141.80856904
    141.93193449
    139.92847126
    139.92847126
    139.79927566
    139.79927566
    141.50048795
    141.57166382
    141.87399523
    141.87599730
    141.87118802
    141.67848750
    140.40743734
    140.18974489
    139.43206901
    141.22147243
    141.13535350
    141.48641046
    141.20897135
    141.44160235
    141.72432457
    141.59639356
    141.55411564
    141.55452235
    141.74421344
    141.98907832
    141.99654832
    141.56195052
    141.56492174
    140.71059978
    140.71059978
    141.32642911
    141.32642911
    142.03128958
    141.87343496
    140.97269190
    141.44818478
    141.35248372
    141.35248372
    141.46869507
    140.72759557
    141.16231432
    141.16231432
    141.16231432
    141.21007826
    141.53022253
    141.53022253
    141.28491762
    141.92345181
    141.86780027
    141.97886476
    141.99794920
    141.98555880
    141.98555880
    142.02314646
    141.24290836
    141.24290836
    142.01303310
    141.85595699
    141.76892441
    141.49023258
    140.99192871
    140.42115705
    141.07632295
    141.33418432
    141.33418432
    141.03907846
    141.03907846
    140.69771420
    140.69771420
    141.10709479
    141.10709479
    141.10709479
    141.10709479
    141.10709479
    141.29926570
    138.92815538
    138.92815538
    138.15275097
    138.15275097
    138.75384305
    138.69155053
    138.17160191
    140.34380791
    140.10802697
    140.10802697
    138.76253093
    139.30203603
    139.76325326
    139.71270477
    141.99028218
    141.99028218
    141.96084572
    141.83292555
    141.83292555
    141.72028436
    141.01544245
    141.01544245
    141.01544245
    141.01544245
    141.01544245
    141.46299152
    141.46299152
    140.40690804
    141.49273682
    141.53178578
    141.53178578
    141.55828632
    141.18780446
    141.18780446
    141.18997338
    141.18997338
    141.28962537
    141.46712573
    141.46712573
    141.13290241
    141.13290241
    140.36800151
    137.46208110
    137.65714226
    137.65714226
    138.74477642
    139.66989933
    139.66989933
    140.31276771
    141.40586380
    141.53440415
    141.89145849
    141.89145849
    141.83744336
    142.01223015
    142.00068375
    142.00556290
    142.00556290
    141.50270696
    141.50270696
    141.63992806
    141.09297082
    140.82400254
    141.35881517
    141.60129212
    141.76718022
    141.76718022
    141.71340016
    141.36741526
    141.25483826
    141.00430410
    141.00430410
    141.35561531
    140.69611293
    141.37752059
    141.85826514
    141.85826514
    141.49611233
    141.49611233
    141.49611233
    141.45224996
    140.64999078
    141.13465144
    141.51169703
    141.51169703
    141.68914769
    141.68914769
    141.30163908
    141.30163908
    141.53647207
    141.64797667
    140.49793449
    141.16103018
    141.16103018
    141.22178583
    141.31336066
    141.31336066
    141.31336066
    141.31336066
    140.34760386
    140.34759123
    140.34759123
    140.34759123
    140.34759123
    140.34759123
    140.43543534
    141.16491593
    141.98438174
    141.99865556
    141.95268405
    141.95268405
    140.94268356
    140.75593777
    140.91776974
    141.09510814
    141.09510814
    141.09510814
    141.09510814
    141.09510814
    141.09735458
    141.99290609
    141.98319788
    141.89385628
    141.90914465
    141.57336992
    141.60438155
    141.45763641
    141.20128925
    141.20128925
    141.34253738
    141.51081891
    141.51081891
    140.52783674
    140.52783674
    140.82595972
    140.82595972
    141.72545973
    141.77776131
    141.78907896
    141.78907896
    140.08257279
    140.39562373
    140.39562373
    139.75452043
    139.75452043
    139.64525468
    139.95502362
    141.21952837
    141.21952837
    141.64351752
    141.08916159
    140.31581798
    140.31581798
    140.34730555
    140.20739819
    141.05555283
    141.79000558
    141.94159059
    141.21226783
    141.21226783
    141.21932407
    141.60118406
    141.69398353
    141.65164787
    141.65164787
    141.40733290
    141.48587380
    141.67782458
    141.76454051
    141.12276579
    141.74244084
    141.73996958
    141.73996958
    141.73996958
    141.73996958
    141.73996958
    141.75899512
    141.44495698
    141.43633859
    141.43633859
    141.44355311
    141.44355311
    141.84338479
    141.63705942
    141.50301052
    140.27666826
    140.25095999
    140.28088597
    140.30140925
    140.30140925
    140.03057806
    139.89553563
    140.95532450
    141.40333687
    141.40333687
    141.51745551
    141.40060639
    141.35967367
    141.40872088
    141.42205277
    140.09015436
    140.13157255
    139.99790081
    139.65316318
    138.07239642
    138.84524554
    138.84524554
    138.40039001
    138.40039001
    139.52136068
    140.26503794
    140.26503794
    139.87883219
    139.89425040
    139.62600974
    139.62600974
    138.35511163
    138.35511163
    138.35511163
    138.35511163
    138.35511163
    138.35511163
    138.35511163
    138.35511163
    138.35511163
    138.27614677
    138.29084745
    137.76254543
    139.57627501
    139.57627501
    138.27957383
    139.58609333
    139.75601815
    140.53494986
    140.53494986
    140.67958325
    141.01372128
    141.36349308
    141.73391543
    141.53256578
    141.35165824
    140.80350821
    140.80350821
    141.43890646
    140.12992138
    140.12992138
    140.12992138
    140.12992138
    140.53653312
    139.19849705
    139.19849705
    139.19849705
    137.90871803
    137.90871803
    138.66417150
    137.93464354
    140.11898071
    138.55877924
    138.83174958
    138.83174958
    140.13139352
    140.13139352
    140.13139352
    139.63838451
    139.67132754
    140.38773259
    140.38773259
    140.38773259
    139.65930825
    140.07915942
    140.07915942
    140.36330182
    140.07478791
    140.07478791
    140.17030318
    141.10025115
    141.25516179
    140.43959780
    140.43959780
    140.42228247
    141.12902449
    141.12902449
    141.07196066
    140.77545932
    141.75885206
    141.65973743
    141.13493620
    140.40275086
    141.83936395
    141.83936395
    141.54202395
    141.13532175
    141.60720418
    141.67396241
    141.56302112
    141.45189948
    141.38682459
    141.63308382
    141.76556173
    139.35711744
    139.26885251
    139.26885251
    139.26885251
    139.83413800
    139.83413800
    139.83413800
    139.83413800
    141.16857837
    141.44666892
    141.64396704
    141.71375024
    141.83248863
    141.83248863
    142.01172063
    142.00348273
    142.00348273
    142.00348273
    142.03236669
    142.00543672
    141.95005651
    141.59494239
    141.59494239
    141.59494239
    142.02041711
    142.02169692
    142.02314627
    141.86049615
    141.86049615
    141.86049615
    141.65554329
    141.85790635
    141.74665730
    141.74665730
    141.71135400
    141.76853526
    141.54286423
    141.54286423
    141.54286423
    139.43050566
    139.43050566
    139.43050566
    139.20019881
    139.20019881
    140.28720016
    140.77849527
    140.77849527
    140.77849527
    140.49051026
    140.46378905
    141.64686603
    141.27862594
    140.23871737
    140.23871737
    140.35201075
    139.81996557
    139.91760733
    141.21980812
    141.21980812
    141.21980812
    141.79019683
    141.73236829
    141.45531661
    141.62483075
    141.71751721
    141.85982317
    141.56034573
    141.56034573
    141.56034573
    141.67734264
    141.63918024
    141.68872303
    141.68872303
    140.68921007
    141.36946863
    142.03173512
    141.70030261
    141.77790028
    141.60779045
    141.09081200
    141.05622244
    141.72637706
    141.46496449
    141.89653400
    140.57054058
    140.57054058
    140.24156938
    141.23150235
    141.23150235
    141.46883444
    141.58903219
    141.57911308
    141.56800779
    141.83832064
    141.70651566
    140.91077877
    141.05936133
    141.05936133
    141.49652425
    141.93960149
    141.76648923
    141.31337637
    141.72795212
    140.98188647
    140.82440925
    140.82209817
    141.84459178
    141.93699291
    141.92854108
    141.92854108
    141.27731609
    141.27731609
    140.94250876
    140.94250876
    141.01033973
    141.23603098
    139.40647778
    139.40647778
    139.40647778
    139.40647778
    138.49921339
    137.97459770
    137.13613744
    137.13613744
    137.13613744
    140.61482921
    140.61482921
    140.59762975
    140.59762975
    140.59762975
    141.15661599
    141.28217635
    141.28217635
    141.28217635
    140.72923125
    140.72923125
    140.72923125
    140.72923125
    140.72923125
    140.61040550
    140.61040550
    140.85303450
    140.85303450
    140.36644965
    140.36644965
    140.36644965
    141.09140541
    140.23048135
    140.58314761
    140.64723662
    141.70821370
    141.99865303
    141.89402786
    141.89402786
    141.97188927
    141.95765629
    141.86699861
    141.67992838
    141.63381114
    141.30317641
    141.30317641
    141.24009549
    141.17079342
    141.17079342
    141.52647274
    141.53381248
    141.53381248
    141.55026581
    141.98811206
    141.98811206
    141.84912611
    141.33805750
    141.74204981
    140.90845735
    140.90845735
    141.61299810
    141.61299810
    141.42932087
    141.38371753
    141.14896315
    141.09064840
    141.09064840
    141.09064840
    141.09064840
    141.56757969
    141.78347594
    141.76114872
    141.09083817
    141.22383295
    141.22383295
    141.07026780
    140.50411973
    140.29130952
    140.65435572
    140.57781355
    140.31136783
    140.61494963
    140.80924506
    140.80924506
    140.89086707
    141.98666403
    141.98666403
    141.98666403
    142.02609027
    141.99484044
    141.99082359
    141.98349106
    141.78149157
    141.46052721
    141.92084265
    142.02475899
    142.00078666
    141.97954388
    141.97688345
    141.55043795
    141.29817884
    140.91214251
    140.09209147
    141.64617198
    141.61711550
    141.07803528
    141.07803528
    141.07803528
    140.85222323
    140.85222323
    141.46713209
    141.46713209
    141.61098490
    141.50152395
    141.35879972
    141.35879972
    141.02446030
    141.02446030
    140.39478126
    140.39478126
    140.39478126
    141.55579094
    141.55579094
    141.45551129
    141.98561978
    141.98312030
    140.63216794
    141.88696963
    141.88090408
    141.78097929
    141.97659399
    141.87191466
    141.86148311
    141.81191062
    141.79120401
    141.77949583
    141.77949583
    141.77949583
    141.77949583
    141.79656586
    141.79656586
    141.82325697
    141.89813016
    141.69583875
    141.64464349
    141.65420202
    141.62541730
    141.62541730
    141.62541730
    141.99572775
    141.97801957
    141.97801957
    141.45507141
    140.30898136
    140.30898136
    141.30286773
    141.47929815
    140.48643260
    141.24139525
    141.24139525
    141.20803261
    141.20803261
    141.09429751
    141.71452590
    141.73895151
    141.42853946
    141.36592158
    141.36592158
    141.91242901
    141.93172443
    141.93172443
    142.00178614
    142.01274199
    141.99339691
    141.98151863
    141.98037774
    141.98037774
    142.02372443
    142.02372443
    142.02372443
    142.02372443
    141.74625532
    141.01135904
    141.01373335
    141.66656965
    141.76654375
    141.13581357
    141.55387867
    140.83552254
    141.44980319
    141.88328605
    141.88328605
    141.91644320
    141.93917786
    142.03039716
    142.03039716
    142.03039716
    141.85640254
    141.85640254
    141.32793203
    141.24297157
    141.24297157
    140.99652592
    141.14442363
    139.36595411
    141.33932224
    141.32779879
    141.33650388
    142.01216510
    142.01159539
    142.00281529
    141.95708362
    141.83020469
    141.86050393
    141.83697292
    141.83697292
    141.82439486
    141.84317348
    141.61235214
    141.71974306
    141.71974306
    141.79571347
    141.79571347
    140.79799032
    140.76207227
    141.25865330
    141.55586786
    141.55586786
    142.01174848
    141.47042339
    141.55213400
    141.74829370
    141.72567723
    141.67695884
    141.64310599
    136.14887483
    136.14887483
    138.71661148
    138.37783785
    139.65690775
    140.14233978
    140.44148455
    140.23930602
    140.23930602
    140.56045919
    140.63716251
    139.48442907
    139.69974939
    141.05821078
    139.84246607
    140.49577116
    140.46373443
    140.55732621
    140.08235910
    141.15811807
    141.17339300
    139.92245113
    140.49072926
    140.49072926
    140.49072926
    141.12323937
    141.12323937
    141.55320829
    141.79516747
    141.79516747
    141.63792525
    141.78145411
    141.70414426
    141.70414426
    140.42071962
    140.42071962
    140.86363591
    140.98870356
    141.09857794
    140.21827640
    140.16651107
    139.49475366
    140.89977566
    140.41332802
    140.66727221
    140.93401622
    140.93401622
    140.63525258
    141.02393339
    140.95932196
    141.74946543
    141.62866570
    141.61003292
    141.66456838
    141.83748327
    141.83748327
    141.83748327
    141.34105335
    141.10735971
    141.33548930
    141.65487208
    141.50400076
    141.49501548
    140.51441072
    139.02567055
    139.02567055
    139.66610046
    139.66610046
    140.29316943
    140.29316943
    140.29316943
    141.00454232
    141.01083019
    140.64875926
    140.49409057
    141.34563567
    141.23573577
    140.84901265
    141.78154266
    141.78154266
    141.78154266
    141.85676440
    141.95762247
    141.84056667
    141.57665843
    141.60316489
    141.82447741
    141.82447741
    141.90305835
    141.95878792
    141.97292271
    141.97292271
    141.99999949
    141.99999949
    141.99999949
    141.99999949
    142.00182746
    142.00182746
    141.88490588
    141.88490588
    141.81075702
    141.78739222
    141.85896080
    141.74460966
    141.85576616
    141.85576616
    141.96399042
    141.81278759
    141.66035309
    141.98206826
    142.00234555
    142.01638814
    141.76403216
    141.89567457
    141.30317688
    141.30317688
    141.87234978
    141.98097059
    141.98428547
    141.82778309
    141.79527788
    141.79527788
    141.73871706
    141.89330647
    141.86074284
    141.79423305
    141.79297969
    141.97845446
    141.87080813
    141.90500986
    141.46361515
    141.43242847
    141.52294631
    141.78985957
    141.78985957
    141.78577228
    141.78577228
    141.62304808
    141.80937770
    141.52551672
    141.52551672
    141.39942005
    141.39942005
    141.39942005
    141.55161562
    141.47850107
    141.50889285
    141.52343939
    141.47482606
    140.68316194
    140.83953144
    140.92170437
    140.92170437
    141.74999657
    141.74999657
    141.74999657
    142.02333927
    142.01281636
    141.99760310
    141.70769137
    141.43463070
    141.43463070
    141.12341481
    141.12341481
    141.44418940
    141.44418940
    141.44418940
    139.74384466
    140.81705923
    141.01517380
    141.90692344
    141.99506689
    141.98016091
    141.14101179
    140.94576023
    140.94576023
    140.72347299
    140.72347299
    141.54582278
    141.54582278
    141.54582278
    141.68415901
    141.68415901
    141.61068273
    140.88172492
    140.41610598
    140.41610598
    140.78816021
    140.78816021
    141.77152425
    141.66958245
    141.28822318
    141.28822318
    141.14748684
    141.46920631
    140.99191793
    139.17414941
    140.00989366
    140.00989366
    141.18368554
    140.81093928
    140.31075211
    140.33766210
    140.75671420
    140.95071212
    141.64598805
    141.56928917
    141.37510957
    141.70925109
    142.01392894
    141.99456490
    141.95147906
    141.74982144
    141.82004201
    141.95591768
    141.95591768
    141.95591768
    141.86026298
    141.81477985
    141.92337112
    140.97939621
    141.53635359
    140.89777963
    141.86427818
    141.90043120
    141.95384872
    141.95384872
    141.99029372
    141.99761356
    141.91402466
    141.91402466
    141.91402466
    141.99497482
    141.99497482
    141.99347469
    141.99416750
    141.63880405
    141.84254468
    141.84254468
    141.84254468
    141.77907500
    141.77907500
    141.73787184
    141.73787184
    141.94416737
    141.94416737
    141.54141426
    141.53496322
    140.91625843
    140.91625843
    141.32706386
    141.31347481
    141.84663496
    141.93950231
    141.74104253
    141.74104253
    141.94627757
    141.29514479
    141.29514479
    141.49151031
    141.73979617
    141.30441784
    141.49700246
    141.35611760
    141.35611760
    141.30128637
    141.65889361
    141.83606837
    141.83606837
    141.87580257
    141.87580257
    141.28514118
    140.70877479
    140.70877479
    140.84319390
    140.84319390
    140.53000222
    141.62704958
    141.96549459
    141.94975970
    141.89308454
    141.69981615
    141.66640968
    141.69614426
    141.73604011
    141.52704228
    141.06922297
    141.53851828
    141.53851828
    141.59674997
    141.59674997
    141.59674997
    141.56477085
    141.66089543
    141.59026915
    141.52888911
    141.57931392
    141.57931392
    141.57931392
    141.57931392
    140.25809575
    138.77480539
    138.77480539
    137.03494658
    137.93994439
    137.93994439
    137.93994439
    137.93994439
    137.70539052
    137.95012635
    137.95012635
    137.95012635
    138.61495204
    136.27173144
    136.27173144
    139.27960179
    137.90628058
    137.90616976
    139.66849507
    139.66849507
    140.38772774
    140.98317917
    140.71727296
    141.08051132
    141.05415270
    140.85377822
    139.55763927
    139.41044009
    139.41044009
    139.41044009
    139.79740803
    140.25598555
    141.00074919
    141.01639118
    140.78638070
    140.78638070
    140.78638070
    140.87624899
    140.87624899
    141.00948604
    141.24251365
    141.40225335
    141.42256681
    140.06901876
    140.06901876
    139.09657402
    139.09657402
    139.44845294
    139.44845294
    139.44845294
    141.53620992
    141.35119780
    140.47471629
    140.41157782
    139.54604750
    139.59893909
    139.59893909
    141.13092585
    141.84896718
    141.56710368
    141.30395882
    141.06388063
    141.27567440
    141.42022544
    140.65712481
    140.65712481
    140.04613034
    139.88741782
    140.29736853
    140.37174010
    141.56182736
    141.56182736
    141.56182736
    141.83364996
    142.01930375
    141.99356754
    141.40412469
    141.40412469
    140.73111242
    141.13661307
    141.60193605
    141.37661927
    140.90664443
    139.92411925
    139.92411925
    139.92411925
    138.05135072
    138.05135072
    138.05135072
    138.74877075
    138.69804842
    140.98180987
    141.74817132
    141.74817132
    141.72764531
    141.72764531
    141.72764531
    141.73717355
    141.81825791
    142.02862574
    140.27300049
    140.14454256
    140.91002008
    139.48225122
    141.54674870
    141.35855465
    141.35855465
    141.97943022
    141.96575449
    141.98359326
    141.93608118
    141.98345763
    141.94582859
    141.71611918
    141.84925546
    141.86527182
    141.86527182
    141.37007867
    141.75729744
    141.82846542
    141.89232161
    141.79430939
    141.69463605
    141.74522960
    140.93771006
    140.93771006
    140.93771006
    140.93771006
    140.71147123
    140.71147123
    140.16220631
    140.16220631
    140.16220631
    140.16220631
    140.60307220
    140.79714460
    140.79714460
    140.79714460
    141.64550594
    141.64550594
    141.56283539
    139.03133153
    139.03133153
    139.03133153
    139.15704826
    139.15704826
    139.15704826
    141.25760743
    141.41542048
    141.03937236
    138.17998428
    138.80971295
    139.05241637
    140.90770474
    140.85676822
    140.85676822
    140.95528013
    140.93859213
    141.33393097
    140.78351337
    141.00339955
    140.37228043
    140.31352668
    140.31352668
    140.31352668
    140.31352668
    141.29565568
    141.52224849
    141.17070932
    141.10835052
    140.82712830
    140.58586051
    140.58586051
    139.61264403
    141.07890645
    141.07890645
    141.02069850
    141.02069850
    140.33585235
    140.33585235
    140.33585235
    140.33585235
    140.33585235
    141.37767711
    141.38001837
    141.38001837
    141.26005884
    141.50573902
    141.14863211
    141.17495661
    141.76860555
    141.84997042
    141.73071483
    141.72589733
    141.68909268
    141.55991731
    141.55991731
    141.54014814
    141.54014814
    141.54014814
    141.28721507
    141.10278974
    141.60095048
    141.02724799
    139.74347213
    139.74347213
    139.72369832
    139.72369832
    139.61794461
    139.51273686
    140.32717480
    140.32717480
    141.08615766
    141.08615766
    141.10550839
    141.10550839
    140.93710629
    140.08730811
    140.33530033
    141.28793063
    140.94526298
    140.95446616
    140.25741813
    140.25741813
    139.09952415
    139.49525978
    140.91784791
    141.63084811
    141.63084811
    141.63084811
    141.63084811
    141.92797544
    141.92797544
    141.49257063
    141.69077321
    141.69077321
    141.68012038
    141.90073995
    141.98362550
    141.93144609
    141.93073681
    141.14962282
    141.14962282
    141.07706952
    141.07706952
    141.07706952
    140.81842421
    140.93039079
    140.96088854
    140.92403954
    139.01119750
    137.75500252
    136.29199866
    136.47773105
    136.47773105
    139.62856459
    139.33017464
    137.78428644
    139.80816272
    139.80816272
    139.80816272
    139.06503818
    139.06503818
    139.06503818
    141.62113867
    141.89899642
    141.84433704
    141.84964944
    141.40337394
    141.48930007
    140.36195108
    140.38824444
    139.18901338
    139.18901338
    139.09368942
    139.09368942
    139.09368942
    139.09368942
    139.82652207
    140.11791941
    140.72531494
    140.72733444
    140.72194179
    140.72194179
    140.72194179
    140.78670200
    141.34071858
    141.55875854
    141.64575726
    141.87454582
    141.38704059
    141.37294141
    141.33626252
    141.33626252
    141.33626252
    141.15992522
    140.71924576
    141.45971894
    141.89837448
    141.41773488
    141.92476159
    142.02342434
    142.02342434
    141.99852001
    142.00125315
    141.82615797
    141.66599756
    141.17012209
    141.65081115
    141.87446675
    142.01577778
    142.00609410
    142.00609410
    141.88950609
    141.20119856
    141.82424163
    141.47153404
    141.47584319
    141.53140365
    141.78453265
    141.94970360
    141.94970360
    142.03222412
    142.03222412
    140.92981257
    141.18760789
    141.03860445
    141.74381703
    140.73264577
    140.73264577
    140.73264577
    140.73264577
    141.64022207
    141.65930657
    141.97681961
    141.92685322
    141.95430972
    141.92791548
    140.13842472
    140.13842472
    140.13842472
    140.13842472
    140.13842472
    141.39414586
    139.83616969
    141.84263572
    141.84263572
    141.78473051
    141.78473051
    141.78473051
    141.49808709
    141.49808709
    141.49583605
    141.49050892
    141.83813318
    141.92833289
    141.76939222
    141.69349640
    141.69349640
    141.47659124
    141.47659124
    141.71900152
    141.69789843
    141.16291428
    140.13818760
    141.08081852
    141.60066534
    141.29804608
    141.29804608
    141.64494406
    142.00036228
    142.02558837
    142.02558837
    142.02558837
    142.01431739
    141.94866791
    141.97556970
    141.98048065
    141.98048065
    142.02950395
    141.07102882
    140.90599387
    140.90599387
    141.64262254
    140.63013815
    140.79903453
    140.79903453
    141.53983570
    142.00121427
    142.02795145
    142.02795145
    141.89981955
    141.66913326
    140.36492658
    140.61939095
    138.71113225
    137.43125594
    140.28074606
    140.94338874
    140.94338874
    140.30476014
    141.16201171
    141.15256089
    139.89220996
    139.88326306
    139.88326306
    140.03402102
    139.59135563
    140.56529402
    140.46563036
    140.46563036
    140.46563036
    140.46563036
    140.35223635
    140.35223635
    140.90044810
    141.86985047
    141.78438480
    141.35352404
    141.66128868
    141.36748233
    139.05598673
    139.05598673
    139.05598673
    141.01474479
    141.01474479
    141.47313879
    141.33724775
    141.45851083
    141.39656626
    141.98111246
    141.82205260
    141.47791380
    141.47791380
    141.25617574
    141.15659122
    141.70798809
    142.01580080
    141.96389413
    141.92863147
    141.95119805
    141.94916133
    141.56555995
    141.56555995
    141.61750670
    141.86039090
    141.85554783
    141.85086682
    141.75157302
    141.73024438
    140.31271844
    139.66195814
    140.71370263
    141.61731602
    141.75776600
    140.78671111
    140.81368578
    140.81368578
    140.90561651
    140.26749784
    140.26749784
    140.26749784
    141.45094937
    141.17642690
    141.55034692
    141.55034692
    141.55034692
    140.48825122
    139.74118503
    139.74118503
    139.74118503
    138.12333143
    139.25898303
    139.25898303
    139.25898303
    139.93065874
    141.22820771
    141.74065735
    141.10941859
    140.23718687
    140.93177329
    140.93177329
    141.68528815
    141.65022894
    140.77759508
    140.49957904
    140.49957904
    140.49957904
    140.49957904
    140.49957904
    140.49957904
    140.49957904
    140.49957904
    140.49957904
    140.49957904
    140.49957904
    140.49957904
    140.29655818
    141.43041971
    139.79406617
    141.14952162
    140.36055684
    140.36055684
    139.30252783
    139.46947696
    139.96541477
    140.47977173
    140.47977173
    140.47977173
    141.36628610
    141.61396079
    141.61396079
    141.09213377
    141.63331189
    141.63331189
    141.82005839
    141.90927150
    141.90927150
    141.90927150
    142.00602496
    142.00602496
    142.01958284
    142.02289195
    141.98661655
    141.84278521
    141.84278521
    141.70164555
    141.81905546
    141.38506627
    140.33847394
    141.49068241
    141.43895791
    141.47312967
    141.47312967
    141.31271813
    141.35940919
    141.23518253
    141.51642917
    141.61807585
    141.65405264
    141.25852228
    141.70939193
    141.71006928
    141.35808835
    141.79600136
    141.78698798
    141.85566032
    141.80478038
    141.13096822
    141.71020547
    140.24497366
    141.91575758
    141.74678283
    140.21166957
    140.46906018
    141.37348348
    141.61969546
    141.61969546
    141.15149297
    140.96466938
    139.81259010
    139.81259010
    140.04282150
    140.04282150
    140.28724481
    140.28969513
    139.73309452
    141.17267101
    141.08722195
    141.34318858
    141.40790594
    141.41076760
    141.41076760
    141.30522981
    141.65223077
    141.65223077
    141.83766533
    141.84344898
    141.54652370
    140.55427544
    139.85154153
    139.36827878
    139.71075622
    137.42553420
    139.67521566
    139.55237513
    138.98720888
    139.07428785
    140.04450289
    139.86311966
    141.47778445
    141.74884397
    141.82317789
    141.95555405
    141.88612673
    141.40119115
    141.42624760
    139.41761046
    139.41761046
    139.41761046
    140.19892790
    139.30022423
    141.28886170
    141.92432532
    141.87675839
    139.94520474
    139.94520474
    140.01493251
    140.01493251
    140.01493251
    140.76289628
    140.77188537
    141.94934878
    139.93831336
    139.82278364
    139.99876739
    140.92474584
    140.92474584
    141.36374847
    141.36374847
    140.94441876
    140.97971300
    140.97971300
    140.97971300
    140.95513402
    140.77087131
    140.77087131
    140.77087131
    138.05667659
    138.05667659
    138.46235758
    138.46235758
    137.69217356
    139.65128346
    140.52886312
    141.16079031
    140.59518486
    139.89630170
    141.03141311
    141.03141311
    140.62227805
    140.62227805
    141.66727768
    141.66727768
    141.79926899
    141.87454439
    141.27706675
    141.41426275
    141.10892821
    141.37544009
    141.70880347
    141.52529909
    139.84498509
    139.84498509
    139.84498509
    141.76757760
    141.76757760
    141.76757760
    141.19476296
    141.64610881
    141.64610881
    140.64527611
    140.64527611
    140.64527611
    140.64527611
    140.64527611
    140.64527611
    140.64527611
    140.08682549
    138.39796657
    138.39796657
    138.39796657
    138.39796657
    138.35267660
    138.35267660
    139.21389181
    140.97335127
    141.31041746
    141.89826985
    140.94689822
    140.73351716
    141.47342383
    141.28763395
    141.28763395
    141.46063282
    141.46063282
    141.98838107
    141.85066106
    141.82495184
    141.83968714
    141.99556134
    141.75690412
    141.75690412
    141.52738175
    141.46698397
    141.23724131
    141.57615958
    141.96662151
    141.96766656
    141.96312262
    141.84572372
    141.84572372
    141.84572372
    141.84993133
    140.86870095
    139.36486550
    139.36486550
    138.09475863
    139.64473051
    139.64473051
    141.14372020
    140.98287193
    141.48550606
    141.45944264
    140.88037934
    140.88037934
    141.29748027
    139.77233017
    139.77233017
    139.34769521
    137.70740567
    138.73045310
    138.73045310
    140.05403810
    140.09652067
    138.93672342
    139.93958369
    138.28884953
    138.28884953
    138.84366862
    141.30173567
    140.95475385
    141.00653808
    141.00653808
    140.94769934
    141.22042466
    141.03398685
    141.32063214
    141.32063214
    141.29668672
    140.91618145
    141.31118792
    141.80214926
    141.81013795
    141.91068817
    141.96411456
    141.96411456
    141.96411456
    141.28400023
    141.55032633
    141.90900303
    141.94618298
    141.80598650
    141.79653755
    141.79653755
    140.32140004
    141.66664467
    141.69826646
    141.74275643
    141.74275643
    141.56099276
    141.93193414
    142.02175351
    141.95942967
    141.94545912
    141.95915771
    141.88902398
    141.83334334
    141.16769037
    141.16769037
    140.61292140
    140.61292140
    140.55383551
    140.55383551
    140.55383551
    141.42049023
    141.58835296
    141.14541382
    141.14541382
    141.55801382
    141.79256450
    141.79256450
    141.93408534
    141.71948389
    141.71948389
    141.68858081
    141.68858081
    140.71082817
    141.61807618
    141.19712026
    141.77594985
    141.75435766
    141.38639968
    141.22925723
    141.22925723
    140.76970898
    139.23666535
    140.47592307
    140.47592307
    140.52752512
    134.85730278
    135.19504290
    135.57130065
    137.96370435
    137.96370435
    139.29475009
    139.29475009
    139.04467446
    140.43375605
    141.70210442
    141.29105825
    141.41721274
    140.21616283
    141.13033839
    141.13033839
    142.01881654
    142.00830634
    142.00830634
    142.02165280
    141.99285059
    142.02814026
    141.99369666
    141.84186755
    141.62164553
    141.62164553
    141.64696324
    141.54295636
    140.48908702
    141.60046190
    141.64697278
    141.76654770
    141.75457217
    139.64244419
    140.71952597
    140.85586128
    140.98613219
    141.99794607
    141.97668629
    141.99146564
    141.87290099
    141.86357902
    141.86357902
    141.89744102
    141.95686796
    141.69205270
    141.66188120
    141.66188120
    141.02186151
    141.02186151
    141.84166757
    141.17597801
    141.17597801
    140.53717039
    141.11949933
    141.07939456
    141.10841156
    141.72244148
    141.81161605
    141.98781193
    141.98940335
    141.89197011
    141.28274276
    141.29108074
    141.35421579
    141.45861259
    141.18038940
    141.18038940
    141.81269680
    141.81269680
    141.76402258
    141.93900538
    141.58817681
    140.81690637
    141.05081664
    141.05081664
    140.29490862
    140.99268319
    141.29128798
    141.29128798
    141.54279121
    141.60653098
    141.02114854
    141.02114854
    139.95905837
    139.95905837
    139.83429825
    139.84345970
    139.84345970
    140.91180784
    141.63370388
    141.60524348
    141.87920447
    141.85737784
    141.87048181
    141.87048181
    140.95836106
    141.05107760
    141.10320295
    141.10320295
    141.51453481
    141.90596397
    141.48751249
    141.30075502
    141.91211148
    141.81908724
    141.91803092
    141.91803092
    141.87759487
    141.51219310
    141.51219310
    140.92986998
    140.44296524
    141.00541701
    141.00541701
    141.06786681
    141.06786681
    141.16443052
    140.97681848
    141.45778340
    141.45697679
    141.63518832
    141.65771070
    141.81614878
    141.81614878
    141.61214506
    141.60496305
    141.60496305
    141.60496305
    141.78504473
    140.30971723
    140.30971723
    141.71061339
    141.83104648
    141.43439254
    141.12365595
    140.99427810
    140.99877035
    140.79279206
    140.48211786
    140.48211786
    140.56888209
    140.56888209
    140.08217119
    140.08217119
    140.08217119
    140.20270451
    140.46181299
    140.46181299
    139.84135138
    141.47867985
    141.97791789
    141.97931857
    141.52755026
    141.41990168
    141.10561305
    141.29720143
    140.70330861
    138.97657591
    139.45057777
    138.82790801
    140.97579498
    140.71749505
    139.30923161
    140.24530417
    140.24530417
    139.62438183
    139.40091178
    138.34907546
    138.34907546
    138.34907546
    138.92876871
    138.92876871
    138.92876871
    141.41903824
    141.55241401
    142.01334510
    142.01334510
    141.92152111
    141.85667772
    141.76942007
    142.01592764
    141.89820275
    141.95838291
    141.96544960
    141.36184525
    141.89979576
    141.01020789
    140.14421984
    140.89976088
    140.89976088
    140.16847129
    140.16847129
    140.71195946
    140.93449200
    140.48130068
    140.73468762
    140.81163297
    140.92672916
    141.60013462
    141.39095103
    140.87152122
    141.68791336
    141.67430440
    141.67430440
    141.96657704
    141.86797141
    141.74697493
    141.74697493
    141.37551413
    141.33645630
    141.15250893
    141.51077463
    141.51077463
    140.33888906
    140.15889042
    140.64819846
    140.64497652
    140.64497652
    140.32841627
    138.73366713
    140.44517493
    139.48666058
    139.55302568
    139.55302568
    140.84329725
    141.15496187
    141.15989566
    140.85766959
    140.85346441
    141.06857486
    140.93788306
    140.93788306
    140.81844874
    140.62384525
    140.47703876
    140.47703876
    140.47703876
    139.80534460
    139.80534460
    139.80534460
    141.77813927
    141.73276160
    141.77492604
    141.82579777
    142.02207098
    142.02207098
    142.00798351
    141.98892059
    141.99511547
    141.99257878
    141.43898811
    138.75952367
    138.75952367
    138.75952367
    139.29903092
    139.29903092
    138.83031573
    140.74040108
    139.42805889
    139.39355121
    139.39355121
    139.54245889
    139.76212714
    139.76212714
    139.71876472
    139.71876472
    139.45643692
    140.16986251
    140.16986251
    140.16986251
    140.16986251
    140.16986251
    140.80879796
    139.96280101
    139.97309962
    138.33175311
    138.15366802
    138.56376870
    138.56376870
    138.56376870
    138.56376870
    137.72055126
    137.72055126
    137.72055126
    139.89396042
    139.89396042
    140.59156393
    140.59156393
    140.59156393
    139.80077971
    139.86848071
    140.55512280
    140.55512280
    140.41097662
    140.41097662
    141.64493991
    141.84685948
    141.81475071
    141.87127935
    141.81507384
    141.43488296
    141.29394372
    140.61466724
    141.63094434
    141.63755713
    141.63755713
    141.41610554
    141.53435596
    141.92974645
    141.96062520
    141.56290858
    141.87078562
    141.75354946
    141.59155945
    141.59155945
    141.59155945
    140.92585431
    141.28238144
    141.29832944
    141.14391274
    141.14391274
    141.14391274
    141.14391274
    141.80401087
    141.52219475
    141.64041269
    141.64041269
    141.57545549
    141.57545549
    141.57545549
    141.57545549
    141.57545549
    142.03050523
    141.98849668
    141.72375931
    141.00316729
    141.53440312
    141.66316653
    141.05660237
    141.05660237
    141.05660237
    141.47923716
    141.47923716
    141.33071581
    141.33071581
    141.17051283
    140.92343320
    140.77493638
    140.77043495
    141.52752284
    141.42703910
    141.42703910
    141.42703910
    141.42703910
    141.43400472
    141.68186608
    140.90026689
    140.90026689
    140.27558778
    140.81632330
    141.37931014
    141.37931014
    141.37931014
    141.98592745
    141.99089292
    142.02120845
    141.64063075
    141.94588743
    141.93184500
    141.93089936
    141.86103462
    141.85372905
    141.91217814
    141.95501646
    141.90709096
    141.95546236
    142.01809123
    142.01809123
    141.85857452
    141.90681641
    141.98485091
    141.28651924
    141.28651924
    141.28651924
    140.94945399
    140.94945399
    140.94945399
    140.60471490
    140.60471490
    141.84833682
    141.86426882
    141.98546229
    141.94738544
    141.45420825
    141.23944957
    141.54251146
    141.54251146
    141.60254207
    140.14736381
    139.19910480
    141.98582454
    141.43558523
    141.43558523
    141.33864901
    141.33864901
    141.85973445
    141.08106874
    141.08106874
    141.08106874
    141.08106874
    139.52249403
    139.52249403
    139.16753985
    139.16753985
    139.16753985
    140.79685364
    140.72916968
    140.72916968
    140.79001459
    140.79001459
    138.58212861
    138.58212861
    139.88323169
    141.71584492
    141.92835302
    141.96456034
    142.01069591
    142.02988620
    142.00469839
    141.57344550
    141.56264009
    141.68628065
    141.28118496
    141.61709150
    140.90001189
    140.90001189
    140.90001189
    140.74946337
    139.74069015
    139.74069015
    139.74069015
    141.40832670
    140.88658015
    141.31835067
    141.24348337
    140.95652662
    141.10039766
    141.12064296
    141.70023519
    140.45293632
    138.98760749
    139.90417100
    141.79282902
    140.68041737
    140.68041737
    140.48247752
    140.88583473
    140.51784309
    140.51784309
    140.51784309
    139.10409675
    140.87698858
    141.07369800
    140.99010385
    141.70619438
    141.71659864
    141.97314401
    141.99307601
    141.99307601
    141.96880919
    141.98022224
    141.96753931
    141.55205537
    141.96819700
    142.01495074
    142.00656699
    141.80290750
    141.98690990
    141.98690990
    140.97263979
    141.02326087
    141.53311198
    141.39802731
    141.39802731
    141.98290457
    141.68147704
    141.60814182
    141.42944234
    141.65254724
    141.65254724
    141.65254724
    141.97274175
    141.96084260
    141.93980690
    141.93980690
    141.93980690
    141.88206866
    141.88206866
    141.88206866
    141.56864312
    138.81894544
    138.81894544
    138.87259088
    138.07506414
    138.07506414
    138.07506414
    136.48522136
    136.48522136
    139.53896242
    139.53896242
    139.10046930
    140.03505266
    140.03505266
    139.97507467
    139.97507467
    139.97507467
    139.97507467
    140.23031628
    138.66982005
    138.42459380
    141.03527604
    140.58039075
    141.25694901
    141.25694901
    141.11333454
    141.78494650
    141.87499265
    141.82537024
    141.89762632
    141.69189590
    140.75746689
    140.75746689
    141.52783765
    141.52783765
    141.52783765
    141.79413109
    141.44750520
    141.33741905
    140.35271004
    140.35271004
    140.35271004
    140.35271004
    139.63335738
    141.02979290
    139.41658639
    139.65385050
    140.37894014
    140.29520884
    140.05818526
    139.43550248
    141.67457625
    141.74825580
    141.74825580
    141.63619336
    141.33632759
    141.33632759
    141.33632759
    141.39170824
    141.67239892
    141.55538326
    141.55538326
    141.55538326
    141.55538326
    141.53580344
    141.29025891
    141.40108705
    141.79479602
    141.96418660
    141.93626438
    141.62741876
    141.62741876
    141.62741876
    141.62741876
    141.62741876
    141.69393249
    142.00080510
    141.96098154
    141.96098154
    140.55733103
    138.04135985
    141.13017361
    141.99728116
    141.04596767
    140.84186597
    140.13425778
    140.92253967
    140.92253967
    140.92253967
    141.86836420
    141.89941736
    140.95106068
    140.95106068
    140.95106068
    140.95736866
    138.88250829
    140.93065552
    140.93065552
    141.14994207
    141.14994207
    141.14994207
    141.97561025
    142.03031002
    142.02097105
    142.02097105
    141.17267019
    141.17267019
    141.17267019
    141.17267019
    141.38871306
    141.38871306
    141.39713616
    141.39713616
    141.39713616
    141.47451391
    140.77451100
    140.77451100
    140.77451100
    141.46068321
    141.46068321
    141.47529416
    141.47529416
    141.47529416
    141.47529416
    141.46863940
    140.67187532
    140.19264994
    140.92805140
    140.92805140
    140.69117830
    141.48523441
    141.79803265
    141.79803265
    140.93517822
    140.93517822
    140.35843037
    140.19337333
    139.14588983
    139.14588983
    141.95459977
    141.95795620
    141.85233963
    141.76534898
    141.76534898
    141.95807242
    141.95977738
    142.00402943
    141.99640702
    141.77077111
    141.97922832
    141.97922832
    140.51896911
    140.51896911
    139.56162309
    141.11208988
    140.83029835
    141.45786456
    140.77346324
    139.92153443
    139.92153443
    139.92153443
    140.49595602
    140.49595602
    140.49595602
    140.57069812
    140.57069812
    141.52994039
    141.35148131
    141.80077820
    140.37175288
    140.37175288
    140.37175288
    140.69232345
    140.69232345
    140.60546918
    140.32580252
    140.43822804
    140.82995397
    140.82995397
    140.70829753
    140.70829753
    141.17273942
    141.17322457
    139.85578949
    139.17991900
    139.99805150
    140.14099141
    141.50888439
    141.81489219
    141.38629923
    141.72090453
    141.67760445
    141.89983644
    141.47415777
    141.71180222
    141.78878135
    140.93599435
    141.54797843
    141.56171960
    141.48590430
    141.72392467
    140.02554885
    139.77324213
    139.54981618
    138.23480154
    139.86034585
    139.86034585
    140.46868622
    140.46868622
    140.57591473
    140.57591473
    139.40138718
    139.40138718
    139.91780937
    139.91780937
    139.91780937
    140.73675195
    140.48582554
    140.48582554
    139.87021243
    139.76770982
    141.20504983
    141.66317101
    141.80795561
    141.78373573
    141.32580936
    141.04541363
    140.50592258
    140.50592258
    141.82776110
    141.20101544
    141.89400671
    141.89400671
    141.79085574
    141.82738365
    141.88296035
    141.60570634
    141.60570634
    141.62661076
    141.61645143
    141.78877390
    141.78877390
    141.76257633
    140.76019537
    140.85778653
    141.35491248
    141.43966755
    141.56364993
    139.90630690
    139.90630690
    140.61048980
    141.96223367
    141.53695360
    140.64657921
    139.70667122
    139.70667122
    139.72968246
    139.72968246
    140.37781705
    140.37781705
    140.26604822
    139.79636488
    140.90010704
    141.49180279
    141.92645602
    142.01848811
    142.01848811
    142.01848811
    142.02158449
    142.02158449
    141.02211994
    141.61693857
    141.92657357
    141.93007578
    141.88163586
    141.88163586
    141.85996629
    141.83248769
    141.20626855
    141.80161411
    141.80161411
    141.22595052
    141.04661863
    140.37189066
    141.25688542
    140.87045362
    140.33764097
    139.35103673
    140.26382308
    140.26382308
    140.33347683
    140.33347683
    139.90543596
    139.84599979
    140.16794479
    140.04316121
    139.94053671
    140.89535926
    141.62936999
    141.83611855
    141.06571678
    139.54481770
    140.91384625
    141.08607012
    141.02166011
    141.35388600
    141.35388600
    140.52780070
    140.96982273
    140.70828399
    141.77645252
    141.77645252
    141.57077490
    140.89992009
    140.89992009
    140.86005532
    141.60396966
    141.60513172
    140.32532911
    141.75449845
    140.36902255
    140.36902255
    140.40330714
    141.49458565
    140.80681608
    141.27232566
    140.33334549
    140.24689422
    141.79545033
    141.98933069
    141.91282469
    141.91282469
    141.91609733
    141.91968200
    141.80665760
    141.66680481
    140.85730922
    140.85730922
    140.80675428
    139.55528007
    141.32035154
    141.79853485
    141.79853485
    141.81400178
    141.09458342
    141.09458342
    139.71067444
    139.71067444
    140.44360810
    140.44360810
    141.42677533
    141.32770318
    141.33298125
    140.68065684
    140.90015348
    139.98255542
    138.95326144
    138.95326144
    139.99890695
    140.08697527
    138.58631293
    140.20923445
    137.21232524
    136.05646057
    136.05646057
    136.05646057
    136.05646057
    136.05646057
    136.02814151
    136.02814151
    134.83320666
    134.83320666
    134.83320666
    134.83320666
    137.31501972
    137.31501972
    138.52586903
    138.99316042
    138.32043313
    139.59021646
    141.66546186
    141.49201649
    140.70624304
    141.17225735
    140.89424490
    140.86081744
    139.58219071
    139.15822206
    139.15822206
    139.15822206
    139.15822206
    139.15822206
    139.33276243
    140.33775787
    140.33775787
    140.40979683
    140.68653750
    140.88039089
    139.72718722
    139.71173228
    139.71173228
    141.46554686
    141.46554686
    141.66176562
    141.66176562
    141.33788390
    140.15181637
    139.31558466
    139.95707573
    140.28617435
    140.28617435
    141.12444610
    141.88769414
    141.62327485
    141.62327485
    141.23193763
    141.56685832
    141.08831507
    140.25578181
    140.25578181
    140.25578181
    140.26669308
    140.26669308
    141.26075476
    141.26075476
    140.53090402
    139.85075881
    141.70230295
    141.70230295
    141.65589563
    141.11433836
    141.12819363
    140.99193759
    140.99193759
    140.99193759
    140.60891190
    141.63369391
    141.37236020
    141.20692993
    141.56035747
    141.91560428
    141.91560428
    141.91560428
    141.90895515
    142.02084625
    141.51128341
    141.51128341
    140.93456073
    140.93456073
    140.63800449
    140.63800449
    141.77012884
    141.77012884
    141.61962370
    141.65666737
    141.65666737
    141.33414180
    141.42341827
    140.54360649
    140.19410770
    140.19410770
    141.42933460
    141.36869723
    141.36869723
    141.90283064
    141.87813943
    141.62215554
    141.62985041
    141.59937011
    141.48780248
    141.54864135
    141.87814648
    141.96089368
    141.97860461
    142.02696575
    141.94147966
    141.94147966
    141.97910201
    141.97910201
    141.75463298
    140.92834480
    141.94449965
    141.92312146
    141.89948954
    141.86665716
    141.85386194
    141.80069565
    141.80069565
    142.01537315
    142.02911921
    141.98275431
    141.99816392
    141.79441073
    141.60472649
    141.60472649
    141.75647616
    141.83078082
    141.21617662
    141.21617662
    141.21617662
    141.56837052
    140.88900352
    140.88900352
    140.88900352
    140.88900352
    141.00900198
    140.14711818
    139.64772437
    139.64772437
    139.42185778
    139.42185778
    139.42185778
    139.42185778
    139.42185778
    139.88882612
    139.88882612
    139.88882612
    139.88882612
    141.22537205
    141.57361070
    141.57361070
    140.89008500
    140.71764408
    141.06387822
    141.06387822
    141.06387822
    141.06387822
    141.06387822
    141.28820614
    141.73537592
    141.82085908
    141.82085908
    141.82085908
    141.82085908
    141.85799813
    141.81011793
    141.80441059
    141.80441059
    141.80441059
    141.82219685
    141.82060415
    141.99662184
    141.93136136
    141.42118798
    141.28053656
    141.28053656
    141.93152499
    141.07203186
    141.07203186
    141.11476302
    139.77006758
    141.93133403
    141.71554884
    141.76929347
    141.76929347
    141.76928723
    141.76821820
    141.31847116
    140.61986504
    140.61986504
    141.49378270
    141.48091124
    141.18331036
    140.89000792
    138.86185190
    139.96870160
    139.96870160
    140.26469652
    140.67751979
    138.97703498
    139.95479631
    138.35586736
    141.44235869
    141.35417218
    141.35417218
    141.45449961
    141.17790662
    141.18542959
    141.18542959
    141.18542959
    141.66843791
    141.66843791
    141.51751454
    140.59554016
    141.41075711
    141.36911632
    141.36911632
    141.25235118
    141.25068490
    141.33940917
    138.90292195
    139.60975172
    138.21844175
    138.21844175
    139.40510326
    139.40510326
    139.40510326
    139.59658474
    139.59658474
    141.07040194
    141.07040194
    140.31123671
    140.31123671
    141.22210290
    140.59046512
    140.98823711
    140.98823711
    140.85864602
    140.85864602
    141.00258439
    141.00258439
    141.00368687
    141.06034819
    140.77239390
    140.99925424
    139.91836257
    139.59659063
    139.59659063
    141.27286969
    141.69333693
    141.77974038
    141.88383824
    141.77669015
    141.16001660
    141.84728882
    141.84470358
    141.84470358
    141.84470358
    141.69048727
    141.69048727
    141.40787491
    141.40787491
    141.55902158
    140.65815682
    139.45888869
    139.45888869
    139.45888869
    139.45888869
    139.54511688
    139.54511688
    138.58032234
    141.00685749
    141.54156343
    141.54156343
    141.54156343
    140.69070765
    141.45368035
    139.61364872
    139.61364872
    141.64913127
    141.61816034
    141.70991208
    141.81880719
    141.79436719
    141.76718359
    141.29668929
    141.29668929
    141.38407109
    141.38407109
    141.25921262
    141.25921262
    141.74345981
    141.40052685
    141.12772752
    141.14898568
    141.88286768
    141.88799412
    141.73433912
    141.74641097
    141.30122755
    141.30122755
    141.30122755
    141.16948985
    141.16948985
    141.89066431
    141.40120950
    141.40120950
    141.40120950
    141.40120950
    141.35125632
    141.35125632
    141.42277279
    140.52798419
    140.52798419
    140.52798419
    140.03785007
    140.58681336
    140.84371547
    140.84371547
    140.75251315
    140.75251315
    141.62640247
    141.54255783
    141.54255783
    141.54255783
    141.41918838
    141.41946485
    141.91221837
    141.91121065
    141.91325607
    141.91325607
    140.87601151
    138.92378150
    138.92378150
    138.89995934
    141.83150755
    141.58464054
    141.18893786
    141.18364561
    141.41934531
    141.75868085
    141.31361847
    140.63941680
    140.63941680
    141.46082625
    141.46082625
    141.46082625
    141.37993448
    140.67044232
    140.67044232
    140.75732330
    139.84213183
    139.84213183
    139.84213183
    140.02884067
    140.40673226
    140.40673226
    139.25538865
    138.56139292
    136.84378287
    136.84378287
    136.84378287
    138.42811081
    140.74313621
    140.74313621
    140.58887368
    139.13484601
    139.13484601
    139.13484601
    138.38242507
    138.45509705
    138.66021793
    140.44537499
    140.94222292
    140.94222292
    140.01536908
    139.90650092
    138.70182853
    140.06890023
    140.06890023
    141.20013070
    141.75103643
    141.75103643
    141.76885630
    141.84448161
    141.48918306
    139.27069023
    139.49427752
    139.49427752
    137.06603431
    137.06603431
    137.06603431
    137.06603431
    140.76179703
    140.91268672
    140.68811818
    140.83155321
    141.68574444
    141.65730798
    141.66724953
    140.67105120
    140.67105120
    141.23762751
    141.32067847
    141.32616301
    141.32616301
    140.94545774
    139.93386881
    139.82537607
    139.82537607
    139.82537607
    141.13578800
    141.13578800
    140.52869348
    140.52869348
    141.06905909
    141.06905909
    141.06905909
    141.06905909
    140.59297804
    140.59297804
    139.62290105
    139.11798007
    139.11798007
    140.75024104
    140.75024104
    141.42493878
    141.80973480
    141.64361574
    141.64361574
    141.12546903
    141.39626451
    141.85670805
    141.96081694
    141.96081694
    141.98376119
    141.35418480
    141.35418480
    141.05908192
    140.96321905
    141.29178572
    141.29178572
    140.47795345
    140.47795345
    140.79039821
    140.79039821
    140.79039821
    140.79039821
    140.48688160
    140.06297960
    140.06297960
    139.48797503
    140.12973301
    141.12188037
    141.12936893
    141.12936893
    141.12936893
    141.12936893
    141.09351556
    141.85301385
    142.00097817
    141.98751467
    141.97405093
    141.85764006
    141.85749350
    141.81955772
    141.80137147
    141.48768893
    141.51090447
    141.51090447
    140.84772969
    140.49422781
    141.51959936
    141.69702548
    141.69702548
    141.59364797
    141.72011708
    141.44356330
    141.79192761
    141.87726699
    141.71798545
    140.89023952
    140.47152672
    140.11152491
    141.31919426
    141.31919426
    140.72687097
    141.35763990
    140.96759875
    140.96759875
    140.96759875
    140.96759875
    141.08097954
    141.08097954
    141.07703013
    139.60780526
    139.60780526
    139.81340358
    141.39574143
    141.39574143
    141.18833079
    141.61738047
    141.54695901
    141.54695901
    141.54695901
    141.52005082
    141.82193677
    141.88987588
    141.44392180
    141.44392180
    140.09137602
    140.20113887
    140.28285078
    140.28285078
    141.03169904
    141.03169904
    141.03169904
    140.96631591
    140.71861422
    140.78100823
    141.07767359
    141.03227143
    141.03227143
    140.79034610
    140.12115161
    138.92250831
    138.92250831
    138.71901507
    138.48635084
    140.22849504
    140.22849504
    140.89767159
    140.89767159
    140.89767159
    141.08375185
    141.20369262
    141.61121008
    141.61121008
    141.18039241
    141.02113695
    141.11960106
    141.03143582
    140.94222222
    141.63386708
    141.63402421
    141.33089567
    141.57722147
    141.57722147
    141.95520916
    141.94765391
    141.94765391
    141.94765391
    141.94765391
    141.96341866
    141.99331789
    141.94254559
    141.76060605
    141.77886675
    141.77886675
    141.21114223
    141.92304665
    141.92304665
    141.92304665
    141.92304665
    141.72689496
    141.72539581
    141.72539581
    141.72539581
    141.92089037
    141.82131567
    141.82131567
    141.11279244
    140.81550764
    140.55363394
    141.93173305
    141.91817350
    141.91817350
    141.90761145
    141.95549508
    141.95549508
    141.97037174
    141.51754710
    140.48020193
    140.83853991
    140.83853991
    141.10811269
    141.55856452
    141.64859303
    141.64859303
    141.51594065
    141.58557770
    141.61795470
    141.61795470
    141.36273514
    141.22311612
    140.71124998
    141.13090222
    141.13090222
    141.13090222
    140.34564112
    141.20038339
    140.88866061
    141.19975642
    141.19975642
    141.19975642
    141.63586248
    141.51206668
    141.51206668
    141.51206668
    141.13652254
    141.61989984
    141.61989984
    141.95965218
    141.59411685
    141.59411685
    141.59411685
    141.53297870
    141.53297870
    141.53297870
    141.53297870
    141.63267667
    141.46630876
    141.43771325
    141.43771325
    141.39947081
    141.90064737
    141.49209049
    141.41995912
    141.41995912
    141.84029337
    141.71691617
    141.37072982
    141.87560676
    141.65434526
    141.89650840
    141.99664810
    141.76955304
    141.37763132
    141.38302773
    139.14249500
    139.14249500
    140.21254730
    140.21254730
    140.21254730
    140.21254730
    140.21254730
    141.56041349
    141.95360295
    141.95360295
    141.08873129
    141.08873129
    141.73665243
    141.65623328
    141.59445034
    141.57090041
    141.29745776
    141.10292763
    141.11619649
    141.57245023
    141.57245023
    141.70438744
    142.00359106
    141.99001868
    141.99001868
    141.77329432
    141.99102554
    141.97508505
    141.97508505
    141.97508505
    141.62657383
    141.46109147
    141.46109147
    141.46109147
    141.35913404
    141.53968019
    141.53968019
    140.60937028
    140.68189107
    140.77638937
    140.77960010
    140.01281737
    141.40292081
    141.59585292
    141.59585292
    141.67198960
    141.68680613
    141.43219099
    141.30905364
    141.25328504
    141.26520315
    141.26520315
    141.25793709
    141.65820568
    139.67677994
    139.67677994
    139.67677994
    139.67677994
    139.67677994
    139.67677994
    139.43227552
    139.68306614
    139.68306614
    139.68306614
    139.68306614
    139.68306614
    141.60414515
    141.75221511
    141.77071930
    141.41274784
    141.70617308
    141.83941156
    142.02956237
    141.96690729
    141.95434551
    141.95750963
    141.90101614
    141.90101614
    141.38164624
    141.28559880
    141.28559880
    141.53793693
    141.82336870
    141.82336870
    141.82336870
    140.32136989
    140.44930316
    140.09229290
    140.92558328
    141.99089723
    141.98874336
    141.35751370
    140.72237135
    141.58876397
    141.43869181
    139.84061440
    139.84061440
    140.22843171
    140.32965801
    141.07086643
    140.79042714
    139.95424140
    138.46427216
    141.21252517
    140.85249570
    140.66937756
    140.98727636
    140.28418704
    140.44598430
    140.46605940
    141.39881649
    141.39881649
    141.39881649
    141.39881649
    141.21059666
    141.07183670
    141.18279874
    141.18279874
    139.23315882
    139.23315882
    139.23315882
    140.48035234
    140.48035234
    140.48035234
    140.48035234
    140.48035234
    139.57233158
    139.71094543
    139.71094543
    139.32682803
    139.32682803
    139.32682803
    139.32682803
    140.84356220
    141.40824603
    141.40824603
    140.48635934
    140.48635934
    140.73859484
    141.40889387
    141.49688272
    141.62502666
    141.12717170
    141.12717170
    141.09253316
    137.82939322
    137.82939322
    137.82939322
    137.82939322
    137.82939322
    137.82939322
    138.93757639
    141.23990036
    141.64321883
    141.90430639
    141.87244900
    141.85795491
    141.90258399
    141.90258399
    141.80196295
    141.95236390
    141.94666841
    141.77926570
    141.96913541
    141.80714063
    141.27725411
    141.74285691
    141.74285691
    141.45952528
    141.45952528
    141.45952528
    141.45952528
    141.27927024
    141.44208079
    141.44208079
    141.32778023
    141.59425471
    141.59425471
    141.58721014
    141.87818870
    141.87818870
    141.87818870
    141.87818870
    141.71082890
    141.69608679
    141.62634766
    141.62634766
    141.78407430
    141.78642604
    141.93545065
    142.00523399
    141.87379896
    141.96550426
    141.88984242
    141.66653326
    141.69940550
    141.46589889
    141.41787856
    140.34840385
    140.34840385
    139.50977239
    139.95377492
    139.95377492
    139.93878607
    139.93878607
    139.98962777
    140.25185747
    140.25185747
    138.62447572
    138.62447572
    138.62447572
    139.47511902
    139.75790321
    139.75790321
    140.05291804
    140.05291804
    140.05291804
    140.05291804
    141.00720354
    141.70478688
    140.65205667
    140.65205667
    140.65205667
    141.36674031
    140.83230660
    140.92949347
    141.01236198
    141.29126379
    140.90591835
    141.17602013
    141.76094604
    141.89508816
    141.80834251
    141.80799738
    141.55318041
    141.56370267
    141.59919840
    139.00495674
    139.00495674
    139.38288979
    139.38288979
    139.38288979
    141.32615440
    141.29244847
    141.71237111
    141.60876144
    141.74530073
    141.74194005
    141.74194005
    141.49556759
    141.96899739
    141.71556708
    141.58560982
    141.58560982
    141.76833532
    141.84936370
    141.86498128
    141.86498128
    141.84889677
    141.86774104
    141.66889697
    141.37204063
    140.33687294
    141.04756372
    141.01374803
    141.86891434
    141.86891434
    141.92348462
    141.92348462
    141.92348462
    141.90210227
    141.90210227
    141.90210227
    141.65859729
    141.65859729
    141.65859729
    141.63528997
    141.60383789
    140.91568007
    140.91686715
    141.65491211
    138.41416982
    139.82263282
    139.82263282
    140.02872700
    139.84363470
    139.33711303
    139.33537187
    139.95871736
    139.95871736
    140.37490467
    140.92318515
    141.71260264
    141.91414118
    141.91414118
    141.66802537
    141.66529278
    141.40237288
    141.74005738
    141.82178282
    141.23538901
    141.53249810
    142.01842346
    142.01125700
    142.01152439
    142.00974958
    142.00974958
    142.01003387
    142.02127387
    140.46178778
    139.95173961
    139.95173961
    140.71714867
    140.71714867
    140.71714867
    140.71714867
    141.43761991
    141.55151262
    141.58485970
    141.87144941
    141.92681027
    141.91148191
    141.39067901
    141.39067901
    141.95502185
    141.93171147
    140.66619650
    141.47844998
    141.94614229
    141.66485905
    141.67980597
    141.92339829
    141.82713084
    141.08537230
    141.08537230
    140.98444832
    141.01638748
    141.01638748
    141.01638748
    141.01638748
    141.05595791
    141.05595791
    139.42681934
    139.42681934
    141.07157845
    141.50457458
    141.57656788
    140.25691886
    142.01713484
    141.88036733
    141.93058109
    141.64719887
    141.89596299
    141.84746462
    141.99371275
    141.99367995
    141.69542539
    141.69542539
    141.35317764
    140.51954318
    140.08512078
    140.16700895
    140.16700895
    140.16700895
    138.73747669
    138.73747669
    138.73747669
    137.64554912
    137.64554912
    137.64554912
    137.64554912
    137.64554912
    137.64554912
    137.64554912
    140.75322442
    140.75322442
    140.96500715
    141.94523147
    141.93081324
    141.93081324
    141.96536943
    141.86646661
    141.86646661
    141.49705325
    141.55020844
    141.74285341
    141.50336249
    141.33840590
    140.95744190
    140.95744190
    139.73202012
    139.73202012
    141.07987419
    141.97498432
    141.97498432
    141.97498432
    141.93816167
    141.93816167
    141.92617962
    141.92086186
    141.97513169
    141.23200158
    141.23200158
    141.23200158
    141.71751784
    141.71044793
    141.99228917
    141.99228917
    141.99228917
    141.83860831
    141.83860831
    141.83860831
    141.91269140
    141.65525329
    141.01851048
    141.32711777
    139.55660418
    140.15188501
    139.75516523
    139.75516523
    140.67030347
    140.67030347
    141.29021448
    141.29021448
    141.29021448
    140.56802200
    141.17647532
    141.13361950
    141.98716705
    142.03250409
    141.64318352
    141.80952327
    141.45619247
    140.80121406
    141.58850070
    141.58850070
    141.58850070
    141.70447231
    141.46322399
    141.46322399
    141.38374163
    141.82799441
