    219.98427850
    220.14070289
    220.14070289
    220.14070289
    220.47052619
    220.50902504
    220.54452498
    220.40155389
    220.22882494
    220.29836113
    217.66054649
    219.09843280
    219.09843280
    220.86961480
    221.05546211
    221.01344096
    220.98644924
    219.91033709
    219.30805766
    219.30805766
    218.89181854
    219.78332855
    219.77520611
    219.81855519
    220.07344359
    219.62859296
    219.62859296
    219.62859296
    219.61253841
    219.76826367
    219.76826367
    219.72855831
    220.71576703
    220.49025531
    220.49025531
    220.16686467
    220.11291488
    218.99808236
    220.22177943
    220.52966623
    220.52966623
    220.40005393
    220.64728830
    220.64728830
    219.30241176
    219.80884061
    219.80884061
    220.43472373
    220.41200927
    220.75942284
    219.38613113
    219.04213861
    220.77885478
    220.15209613
    220.15209613
    220.51813998
    219.94594552
    219.94594552
    220.59097509
    221.04761759
    220.68454644
    220.84782953
    220.84782953
    220.80157059
    220.43429741
    220.47036562
    220.60782101
    220.79126624
    219.76304707
    219.69406768
    219.67970059
    219.81893317
    219.81893317
    220.58677401
    220.31487220
    220.05628861
    219.09222405
    220.25925979
    220.38237855
    220.38237855
    220.59559987
    219.09396303
    219.20946966
    220.17388648
    220.03328101
    220.03328101
    220.06562690
    220.06562690
    220.24710911
    220.24710911
    219.73156706
    221.03470358
    221.03470358
    221.02781097
    221.05816700
    220.97280642
    220.97280642
    220.63431767
    220.49183581
    219.86485976
    219.53680582
    219.53680582
    219.53680582
    219.10862274
    219.07254126
    219.07254126
    219.07254126
    219.09276419
    219.65774452
    219.73952543
    219.49627917
    216.70876354
    217.85571565
    217.85571565
    217.32123111
    216.87602564
    217.72489228
    217.72489228
    217.72489228
    219.07187532
    219.07187532
    218.70021286
    218.70021286
    218.70021286
    218.70021286
    218.45983190
    219.62913528
    219.71261341
    220.38117837
    221.03697641
    220.96222748
    221.03497757
    221.03497757
    221.06280855
    220.70086189
    220.70086189
    220.69229891
    221.02876347
    221.02876347
    221.07664925
    221.08996678
    220.78981766
    220.74128064
    220.93047998
    220.93047998
    220.99196672
    220.86184539
    220.34538600
    219.51331556
    219.48410049
    218.88141528
    218.88141528
    218.28866662
    220.85284911
    220.17458211
    220.93712146
    220.82855814
    220.78653368
    220.87196445
    220.27453252
    219.08654581
    219.47545817
    219.47545817
    219.94183063
    219.56422399
    219.56422399
    219.56422399
    219.72629977
    219.72629977
    219.72629977
    219.72629977
    220.59253451
    220.52957048
    220.53019650
    220.53019650
    220.38192832
    220.77030187
    220.77030187
    220.77030187
    220.77030187
    220.79576091
    220.29361348
    220.25668107
    220.25668107
    220.25668107
    220.25668107
    218.89663049
    218.37862206
    218.32392595
    218.32392595
    220.19944103
    220.27379689
    220.18060200
    220.18060200
    218.59689610
    218.59689610
    218.93248004
    218.85994414
    218.88241176
    217.00262469
    219.59514717
    220.48413532
    220.37371907
    221.01110613
    221.01110613
    221.08982007
    221.04827106
    221.08077652
    221.06710711
    221.01644514
    221.04238814
    221.11068620
    220.80111885
    220.55935714
    220.63943560
    218.25186102
    219.41345229
    219.56528801
    219.56528801
    220.89680812
    220.44318852
    220.18107729
    219.94519037
    219.94519037
    219.88542729
    220.62490707
    220.43487014
    220.70870743
    220.70870743
    220.71474504
    220.78418928
    220.61092256
    221.09375419
    221.09375419
    221.09375419
    221.04173743
    220.95896673
    221.03328293
    221.03207137
    221.03207137
    221.03207137
    221.05181598
    221.03224375
    221.03224375
    221.03224375
    220.93458929
    220.37922585
    220.37922585
    220.69865743
    220.87094641
    219.57710936
    219.85202169
    219.01005445
    219.71240868
    220.18819607
    220.07530036
    220.44706098
    220.90088951
    220.84393842
    221.00807361
    220.40938950
    220.16270363
    220.16270363
    220.16270363
    220.16270363
    220.13432188
    219.53330564
    219.53330564
    219.09376148
    213.64313421
    213.64313421
    213.64313421
    213.22994153
    213.22994153
    214.82238245
    218.52070488
    217.76826311
    220.03691391
    220.17049067
    219.86743328
    220.67965943
    220.09829284
    219.87836803
    219.87836803
    219.87836803
    218.65543922
    217.32179041
    218.53602962
    217.13760445
    220.06637936
    220.00671662
    218.52369660
    218.52369660
    218.52369660
    218.52369660
    219.28445427
    219.28445427
    219.99850235
    220.51580299
    220.17559306
    220.87230553
    220.10489356
    220.15010736
    220.34520759
    221.05324609
    220.55391799
    220.35054514
    220.35054514
    220.59651469
    220.63884414
    220.27510605
    220.30752879
    219.74406607
    219.20097305
    219.10625517
    219.06558651
    219.43747496
    219.44540527
    219.16399210
    219.16399210
    220.91839641
    220.79445995
    220.79582083
    220.75628799
    220.19528785
    220.19528785
    220.53527304
    221.02041076
    220.97320971
    220.97320971
    220.97320971
    220.91563560
    220.91563560
    220.95873414
    220.98460620
    220.98460620
    221.00651420
    220.97357045
    221.10208431
    221.10208431
    221.08064308
    220.91364654
    220.90569743
    220.90569743
    220.77309417
    220.77966617
    220.95634295
    220.58421105
    220.58421105
    220.63202737
    219.96921609
    219.68162726
    219.68162726
    218.00027609
    218.00027609
    218.77150807
    219.11866346
    219.11866346
    218.58733715
    217.89974211
    218.86189362
    218.86189362
    218.86189362
    218.86189362
    219.00604460
    219.23163182
    219.51323031
    219.51323031
    220.38811039
    220.94440617
    220.86486311
    220.95215356
    220.16252913
    220.16252913
    220.16252913
    220.16252913
    220.94306306
    221.02564974
    221.01761667
    221.01344755
    220.65641215
    220.91790550
    221.00645358
    220.80396348
    220.80396348
    220.90012352
    221.03002165
    221.03080454
    221.06597627
    220.96785730
    220.96614906
    220.93621839
    220.93621839
    220.93621839
    220.41132633
    220.41132633
    220.46072306
    220.93508726
    220.83927769
    220.30855373
    220.49570797
    220.34064048
    220.34064048
    219.70793764
    219.70793764
    219.64441159
    219.64441159
    218.02948488
    218.02948488
    218.02948488
    218.02948488
    218.02948488
    220.42103813
    220.42103813
    220.42103813
    220.35997525
    220.94642855
    220.94642855
    220.27063230
    219.51595705
    219.51595705
    219.04716667
    219.56340233
    220.79911844
    220.80095834
    220.80273632
    220.80273632
    220.80273632
    218.69972140
    220.31029443
    220.31029443
    219.64825735
    220.99445968
    218.71616378
    219.89487386
    219.89530887
    219.89530887
    219.89530887
    218.82009767
    218.82009767
    218.82009767
    218.82009767
    218.82009767
    218.93025004
    220.00037444
    220.00037444
    221.09537049
    221.09462884
    221.09462884
    220.93414041
    220.43876697
    220.31247533
    220.97368338
    220.97368338
    220.93888473
    220.79533160
    220.64126143
    220.45671812
    220.45671812
    220.76556215
    219.96623062
    219.86237662
    220.57974301
    220.72788988
    220.85092780
    220.82210675
    220.77527815
    220.74972503
    220.77166655
    220.77166655
    220.77166655
    220.77166655
    219.84895303
    217.96783035
    218.44278708
    219.69222488
    220.26443789
    220.29862726
    220.90790071
    220.86588311
    221.00243607
    221.05679564
    221.06942539
    221.06942539
    221.08728029
    221.10098269
    221.10427027
    220.61488726
    219.45836739
    219.51352800
    219.51352800
    219.71701831
    219.37935384
    219.94324062
    219.12377553
    220.25000605
    220.15285153
    220.15285153
    219.33199946
    219.76622617
    221.10322919
    221.09417735
    221.09417735
    220.49589188
    220.77440404
    220.53828501
    221.08662895
    220.47378318
    220.47378318
    219.92557583
    219.92557583
    218.81844146
    218.81844146
    218.81844146
    220.01015478
    220.01015478
    220.16845126
    220.44117400
    219.58135135
    220.29122551
    221.08150801
    221.08513734
    221.08513734
    220.96223082
    221.05944686
    220.87772255
    220.64769293
    220.45934727
    219.69232770
    219.79013177
    219.73690676
    219.73690676
    219.73690676
    220.31526316
    220.81834453
    220.81834453
    219.98600709
    219.98600709
    220.27681823
    221.07085804
    220.76370898
    220.14724203
    220.59843757
    220.59843757
    221.08096332
    220.68871866
    220.93446896
    221.01773475
    220.64174147
    220.69775192
    220.95200965
    221.11189972
    220.90053155
    221.01529545
    220.89240354
    220.89240354
    220.89240354
    220.89240354
    220.72769855
    220.63546916
    220.80257510
    220.94481868
    220.42870167
    220.48476991
    220.48476991
    218.68566560
    220.81252354
    220.81252354
    220.97214148
    221.09178606
    220.66165577
    220.99691980
    220.95558633
    220.95558633
    220.82868124
    220.95215033
    219.51443073
    220.41225719
    220.86008626
    220.44917987
    220.59276194
    220.77645270
    220.68147306
    220.77899666
    220.76737428
    220.74276006
    220.33922450
    220.33922450
    220.33922450
    220.89391974
    220.89545815
    221.05383976
    220.66608297
    220.66608297
    220.81976203
    220.98457786
    220.49770089
    220.91125845
    220.91392208
    220.85442584
    220.53826873
    220.16943977
    220.16943977
    220.16943977
    220.38607193
    220.30671653
    220.38702756
    220.57093854
    220.57093854
    220.08951349
    220.08951349
    220.02878945
    220.02878945
    220.79855865
    220.72462114
    220.72462114
    220.72787049
    221.07290091
    221.11008346
    221.11008346
    220.98104944
    220.98104944
    221.10865595
    221.11259255
    221.07424157
    221.07424157
    221.05075380
    219.98184187
    220.07869135
    220.99917955
    221.03959401
    220.68319659
    220.73763894
    217.22084373
    217.22084373
    217.22084373
    218.22691887
    218.22691887
    218.22691887
    218.47662247
    218.47662247
    219.77636333
    219.77636333
    220.24082207
    220.24082207
    220.28326376
    220.02990724
    220.23593009
    220.64941666
    220.39241579
    218.63111565
    219.59205619
    219.59205619
    220.71974573
    220.71974573
    220.53490387
    220.09207232
    220.68524467
    220.46243458
    220.45601028
    219.93780930
    219.93780930
    219.93780930
    220.81640139
    220.78974731
    220.57073168
    220.98316765
    220.98316765
    220.56413044
    220.56413044
    219.76296181
    219.48629531
    218.65934035
    217.70304375
    217.70304375
    219.40309014
    219.40309014
    219.40309014
    219.40309014
    220.55284849
    220.55284849
    220.55284849
    220.52222873
    220.52222873
    220.43411539
    219.43516621
    218.62626931
    218.91995191
    218.82915452
    219.23326694
    218.20411893
    220.59234001
    219.09747334
    220.11115498
    220.13394286
    220.13394286
    220.01239391
    220.97544397
    220.97544397
    221.04782223
    220.38307505
    219.90381236
    220.84729484
    221.01906382
    220.52724298
    220.52724298
    220.62089790
    220.66718399
    220.09919795
    220.15588723
    220.83071981
    220.49908106
    220.60803946
    220.36048691
    220.45825755
    220.28293382
    219.88074203
    220.20098686
    219.85223446
    219.80098761
    219.60916952
    217.94025647
    217.09176500
    217.09176500
    217.09176500
    217.09176500
    217.09176500
    217.09176500
    216.93698940
    217.48755976
    217.60317539
    219.20337494
    219.73090814
    219.96174928
    220.34495373
    220.05768882
    219.99072424
    220.90181322
    219.75848878
    220.29793154
    220.72321312
    220.67844812
    220.26051501
    220.60925112
    220.60925112
    220.60925112
    220.88056264
    220.75244434
    220.76538340
    220.66065125
    220.90552804
    220.93460360
    220.93460360
    220.93460360
    220.93460360
    220.98077013
    220.98077013
    221.03155463
    220.51870353
    220.24324186
    218.48125919
    217.05133774
    217.05133774
    218.65775421
    219.17065062
    220.34573490
    221.03730968
    221.03730968
    221.03730968
    221.04601546
    220.82027884
    220.88861691
    220.64162998
    220.64162998
    220.60567587
    220.60567587
    220.53777245
    220.65248275
    220.37487391
    220.34894541
    218.82363488
    218.82363488
    218.92620942
    218.92620942
    218.92620942
    219.10443404
    219.10443404
    219.10443404
    217.30857381
    219.27964399
    219.11848770
    220.19668004
    220.19668004
    220.84559312
    220.85774209
    220.85774209
    220.84705786
    220.84705786
    220.77004634
    220.77004634
    220.36060853
    220.36060853
    220.81237936
    220.43345674
    220.20155711
    220.20155711
    220.29636921
    220.96444085
    220.90616811
    220.90616811
    220.93089229
    220.93089229
    220.98844755
    220.98844755
    220.96111323
    220.96111323
    220.95939269
    220.95939269
    220.47211618
    220.47211618
    220.53366911
    221.03363098
    221.03363098
    221.03363098
    221.03363098
    221.06967423
    221.08261165
    220.69400904
    220.62652523
    219.57973044
    219.57973044
    220.20598127
    220.20598127
    220.20598127
    220.20598127
    220.49113545
    221.01696961
    221.01696961
    219.94400664
    219.94016494
    220.91738358
    221.08821886
    221.09003044
    220.95429113
    220.87330443
    219.88576381
    219.88576381
    220.53160807
    220.49101207
    220.49101207
    219.41675005
    219.41675005
    219.41675005
    220.48991626
    220.48991626
    220.63473918
    220.62707830
    220.62707830
    220.61190184
    220.53031165
    220.53031165
    220.53031165
    220.51591682
    220.51591682
    220.86914414
    220.86914414
    219.30471960
    220.59094337
    220.40597727
    220.40597727
    219.97178768
    220.58603281
    220.58603281
    218.56385944
    218.56385944
    218.36854257
    220.74238051
    220.74238051
    220.74238051
    221.08622357
    221.08622357
    221.04622372
    220.94277828
    221.02549377
    221.02549377
    220.91231249
    220.57989369
    220.57989369
    220.65389664
    220.80613425
    220.80613425
    220.90904697
    220.97557295
    221.02129040
    220.97616209
    220.56324813
    220.52379788
    220.11305999
    220.23686944
    220.23686944
    220.27337027
    221.04158947
    220.51785369
    220.67142770
    220.67142770
    220.24866511
    220.21592382
    220.24434646
    220.24434646
    220.24434646
    219.28509038
    219.28509038
    219.28509038
    219.28509038
    220.33338938
    220.34392380
    220.72000166
    220.30031331
    220.94377748
    220.94377748
    219.44858763
    219.44303930
    219.44303930
    218.87427206
    218.87427206
    219.98272727
    219.98272727
    219.98272727
    220.33076639
    220.86903069
    220.86903069
    220.86694516
    220.89202838
    220.89202838
    220.81291965
    220.81291965
    220.90069450
    220.90069450
    220.74846251
    220.74846251
    220.74428520
    220.79353239
    220.94511120
    220.43295922
    220.43295922
    220.27816503
    219.73702713
    220.61890964
    219.63784851
    217.28363268
    219.80357064
    219.80357064
    219.80357064
    220.15645686
    220.09076682
    220.03725382
    219.35356452
    219.76277205
    219.76277205
    219.09342093
    219.09342093
    218.07171501
    218.29968793
    218.26805801
    218.34897519
    219.08674186
    218.84966193
    219.69079452
    219.79551927
    219.42635328
    218.71820701
    218.71132758
    217.09448743
    217.68430282
    217.68430282
    218.49598138
    218.49598138
    219.62793384
    220.60311494
    220.62008341
    220.71086536
    220.71086536
    220.51068780
    219.67491584
    219.67491584
    219.71539757
    219.71539757
    219.71539757
    218.95066628
    218.95066628
    219.13088754
    220.68164741
    220.68164741
    220.68164741
    220.68164741
    220.53689597
    220.51858728
    220.76388591
    220.74308309
    221.08160972
    220.53274410
    220.89599014
    220.89599014
    220.89599014
    220.90374043
    220.90374043
    220.78119963
    221.01119835
    221.01119835
    221.02887452
    221.10762164
    221.01229772
    220.98082038
    220.50077496
    221.03817063
    221.03817063
    220.93077399
    221.07303390
    221.05237344
    221.10125913
    220.89630138
    221.10192884
    221.11408003
    220.68727169
    220.68727169
    220.68727169
    221.07083852
    220.92171787
    221.05375923
    221.08293639
    221.08293639
    220.83733112
    220.92494163
    220.94842627
    219.90027941
    219.60492714
    219.57330796
    219.57330796
    217.55304741
    217.55304741
    219.24177195
    217.48652649
    219.91138764
    219.00423081
    218.31253082
    216.03981431
    217.02002867
    218.72651244
    218.86128361
    219.73840409
    218.95257767
    218.40074427
    218.75726075
    218.72267901
    218.72267901
    216.96224808
    218.67307712
    220.43762515
    220.74115540
    220.58108036
    220.94635069
    220.94635069
    220.91012439
    221.02282906
    221.03796411
    220.98697332
    220.98697332
    220.95799339
    220.98850541
    220.99556065
    220.57148809
    220.57148809
    220.31810845
    221.06057278
    221.07870716
    221.11402838
    220.87890491
    220.58582810
    220.57133775
    219.11924420
    220.48808596
    220.77766913
    220.80186867
    220.39373547
    220.11450781
    220.13282315
    219.77676629
    220.25055475
    220.33266382
    219.36845309
    219.36845309
    219.36845309
    219.36845309
    219.49440850
    220.25343286
    219.50531910
    219.50531910
    220.12221567
    220.12221567
    220.12221567
    221.10975695
    221.08813291
    220.87556771
    221.07081326
    221.07081326
    221.02612265
    221.02612265
    221.02612265
    221.00825519
    220.93255769
    220.93255769
    220.99671421
    219.29479069
    219.29479069
    219.29479069
    220.22834559
    220.55120666
    220.83279492
    220.62556121
    220.42994155
    220.56327230
    220.89027999
    220.89027999
    220.50266265
    220.74473403
    218.79945060
    218.79945060
    218.79945060
    218.79945060
    218.49212537
    218.49212537
    218.49212537
    218.52862407
    218.52862407
    220.11166523
    220.11166523
    220.11166523
    219.53002745
    219.31271304
    218.11037274
    218.90609427
    218.90609427
    218.90609427
    217.74540122
    218.35543994
    218.78708750
    217.93300255
    218.38219772
    220.27387550
    220.56259407
    219.90387012
    219.90387012
    219.90387012
    219.90387012
    220.02665789
    220.02665789
    220.74087902
    220.74087902
    220.76689179
    220.61102938
    220.61102938
    220.50821797
    220.69628552
    220.46118789
    220.45814415
    220.26647723
    220.25234653
    220.25234653
    220.51149203
    221.03747180
    221.04205113
    221.00619700
    220.35309910
    220.24393333
    220.39420098
    219.82520724
    219.97914578
    220.17039879
    220.35983222
    219.32167348
    220.22276612
    220.62146663
    220.66036009
    221.02352835
    221.03953557
    219.88543900
    219.88543900
    219.88643253
    220.03480126
    219.05943825
    219.05943825
    219.05943825
    219.05943825
    219.88582926
    219.88582926
    219.88582926
    219.10601587
    220.39527535
    220.88274987
    220.54418864
    220.69605791
    219.82996965
    218.94736572
    219.00540281
    219.37546820
    219.37546820
    219.26089376
    219.84217061
    219.90588652
    220.26289349
    220.26289349
    220.26289349
    220.26289349
    220.30067085
    220.72933495
    220.72933495
    220.94655736
    220.90167735
    221.02353678
    221.02353678
    220.60430882
    219.54480269
    219.77395875
    220.68166358
    220.07467380
    220.07467380
    220.90315093
    221.05645244
    220.99644944
    221.07663843
    221.01615966
    221.01615966
    220.27871449
    220.31669633
    220.31669633
    220.31669633
    220.31669633
    220.07675909
    220.10890091
    217.82454293
    217.67096180
    217.67096180
    218.95152406
    219.55234913
    219.55234913
    219.55234913
    219.76762896
    219.76762896
    219.94914507
    219.94914507
    218.93184440
    218.95761306
    219.96992761
    220.81761762
    220.74556871
    220.89325933
    220.89325933
    220.89297422
    221.06974813
    221.06974813
    221.06974813
    221.00104780
    221.00104780
    220.34243663
    220.75657476
    219.88334803
    219.95833769
    220.86194404
    220.64902062
    220.96448485
    220.96448485
    220.91849124
    220.91849124
    219.12901971
    217.60969896
    217.60969896
    217.60969896
    217.20310153
    217.20310153
    219.82482766
    219.82482766
    219.28268763
    220.84202908
    220.72771867
    220.72771867
    220.98533223
    220.98533223
    220.98533223
    220.85675295
    220.96820633
    220.96820633
    221.01664750
    221.01366400
    221.09744824
    220.83608066
    220.83608066
    220.83608066
    220.83608066
    220.90616425
    220.99840124
    220.36003593
    220.36003593
    220.01910802
    219.94867938
    220.48509886
    220.58754390
    220.54336626
    220.54048061
    220.03485784
    220.46825728
    220.46825728
    221.11002674
    220.82875972
    220.84522663
    220.97301569
    220.99857169
    220.99857169
    220.96991981
    220.96991981
    220.99095540
    220.95820820
    220.68450356
    220.68450356
    220.68450356
    220.32859299
    220.17742325
    220.17742325
    220.17742325
    220.29340711
    220.36860185
    220.35821987
    218.81662107
    220.35251067
    220.50360474
    220.50360474
    220.35671413
    220.81676669
    220.81676669
    221.05965059
    221.05965059
    220.89198683
    220.80345396
    220.85715603
    220.85715603
    220.85715603
    220.85715603
    220.87389967
    220.87389967
    220.87389967
    220.87389967
    219.72658011
    219.72658011
    220.44702919
    219.97051774
    219.97051774
    219.39976712
    220.10008810
    219.73246796
    219.89474865
    219.89474865
    219.85881011
    220.52845814
    220.64727875
    220.27706134
    220.62730326
    219.22263113
    218.21052809
    218.21052809
    217.28658542
    217.28658542
    217.28658542
    217.28658542
    220.19384636
    220.19384636
    219.86734129
    220.14393712
    220.14554029
    220.77441221
    220.77441221
    220.77441221
    220.77913513
    220.77913513
    220.97810537
    220.12830063
    220.13214954
    220.15263568
    220.81353548
    220.88429518
    220.93834033
    220.57102486
    220.78336962
    220.87171255
    220.97730058
    220.97730058
    220.76308286
    220.76308286
    219.39447827
    219.39447827
    219.39447827
    219.39447827
    220.65888808
    220.65888808
    220.87190309
    219.21977780
    220.00724268
    220.52137973
    220.69309465
    220.08480354
    218.99432634
    220.77805187
    220.62883673
    221.08865930
    220.77927809
    220.73131741
    219.91600085
    219.99467849
    220.19971523
    220.19971523
    218.99078100
    218.99078100
    215.91746253
    220.65708634
    220.40182830
    220.40182830
    220.93959997
    221.10504387
    221.07478990
    221.07478990
    221.03946616
    221.09283925
    221.09283925
    221.09283925
    220.98965789
    220.98244031
    220.98244031
    220.96557876
    220.41950473
    220.58485632
    220.57093545
    219.20127645
    219.20127645
    219.20127645
    220.97937840
    220.96734652
    220.96734652
    220.96734652
    220.96734652
    220.92575244
    221.01307090
    221.05176868
    217.50602517
    218.69946207
    218.69946207
    218.69946207
    217.21780437
    217.39576731
    217.39576731
    218.27008937
    218.27008937
    218.39569435
    218.39569435
    219.85083972
    219.87115885
    220.01126648
    220.01126648
    220.01126648
    220.35068489
    220.03551780
    219.11965419
    219.08933483
    219.39549206
    218.91542194
    218.31869865
    216.73462116
    216.73462116
    216.55835865
    218.28827557
    218.28827557
    219.78514837
    219.88065630
    221.05384693
    220.63035996
    220.84236225
    220.63943535
    220.64808920
    220.50127990
    220.50127990
    220.67758327
    221.02001998
    221.02788378
    221.02788378
    221.05844116
    221.09907965
    220.65502076
    220.71066010
    220.73620918
    220.73620918
    220.24135927
    220.65665872
    219.92731922
    220.99618347
    220.99618347
    221.06372044
    220.62946611
    220.62946611
    220.93298096
    220.85875282
    220.85875282
    220.63025393
    220.63025393
    220.63025393
    220.63879518
    220.81376949
    220.69524657
    220.66479311
    220.71734250
    220.89661872
    220.96465441
    220.96465441
    220.81549398
    220.81549398
    220.43674624
    219.26129305
    219.26129305
    220.96286121
    220.96286121
    220.73534301
    220.27937431
    220.27937431
    220.27937431
    220.27937431
    219.66882992
    219.66882992
    220.49261143
    221.05744185
    221.05744185
    221.05744185
    221.05744185
    221.05744185
    221.05744185
    218.31411278
    217.85684705
    217.85684705
    217.82723252
    217.82723252
    215.35935909
    217.16793123
    217.16793123
    217.16793123
    218.86300851
    219.31818054
    220.16492567
    219.68585222
    219.68731692
    219.49802090
    219.47524409
    219.47524409
    219.47524409
    218.03263308
    218.45760043
    218.77622244
    218.77622244
    218.77622244
    218.77622244
    218.77622244
    218.77622244
    218.74011888
    217.62404371
    218.34307436
    215.70228171
    215.70228171
    217.72641139
    215.30626603
    215.30626603
    215.93353621
    215.93353621
    215.47285180
    215.47285180
    216.26967707
    216.26967707
    215.69200046
    216.29765479
    216.29765479
    215.52999161
    217.45986537
    217.80850210
    217.80850210
    219.18290181
    219.18290181
    219.92532033
    219.67471346
    219.67471346
    219.56634447
    220.12595391
    220.12784679
    220.00183642
    219.62803387
    220.39676660
    220.39676660
    220.26621169
    221.03900371
    221.05119516
    221.08269625
    220.23905995
    220.83248642
    220.83248642
    220.62152898
    220.55205843
    220.52793374
    220.52793374
    220.65280580
    220.65280580
    220.65280580
    220.72000632
    219.75007349
    220.45235509
    220.45235509
    220.45235509
    220.28286208
    220.40612056
    220.40612056
    220.09915436
    219.87925718
    219.87925718
    220.61838192
    220.44326440
    218.65909501
    219.10600082
    218.75413594
    218.75413594
    218.75413594
    218.98499647
    219.29579487
    219.29579487
    219.37393681
    219.27761267
    218.90687163
    219.51932789
    219.51932789
    219.51932789
    219.51932789
    221.11118123
    220.67556495
    220.67556495
    220.67556495
    220.76866007
    220.76866007
    220.75658643
    220.75658643
    220.75658643
    219.25678404
    219.26500682
    219.10459857
    218.41338043
    218.41338043
    217.80570954
    216.20271156
    216.20271156
    216.20271156
    216.20271156
    215.16335059
    215.16335059
    215.16335059
    216.12371126
    217.57120796
    218.42969340
    218.80781829
    218.80781829
    218.80781829
    218.80781829
    218.42835013
    218.42835013
    218.42835013
    218.42835013
    218.42835013
    216.14493771
    216.14493771
    216.12508157
    216.12508157
    216.12508157
    216.41864912
    216.41864912
    217.00136928
    217.64838556
    217.14973414
    215.61865474
    214.58097281
    216.01528072
    216.01528072
    216.01528072
    216.01528072
    216.72454729
    216.95180005
    216.95180005
    217.12101308
    218.45118080
    219.30299214
    219.30299214
    220.50711225
    220.55472549
    219.50091411
    220.15636971
    220.94091805
    220.44895832
    220.57437056
    220.42125461
    220.42125461
    220.15838933
    220.88101253
    220.95576642
    220.90788331
    220.90788331
    220.90788331
    220.95703170
    220.44507907
    220.46798590
    220.46798590
    220.29314087
    220.44022182
    220.77090058
    221.02365730
    221.00962455
    221.00439204
    219.04153634
    219.04153634
    219.04153634
    219.04153634
    218.82286415
    218.82286415
    218.48421251
    218.48421251
    220.74455650
    220.58424045
    220.42567834
    220.42567834
    220.79164090
    220.80269984
    220.89919130
    220.89919130
    220.89919130
    220.96439448
    220.73419902
    220.85847158
    220.72527461
    214.68705776
    214.69370272
    214.69370272
    216.71238054
    218.65162481
    219.97700886
    220.94118889
    220.93843328
    220.99478209
    220.37419809
    218.55645030
    218.62663201
    218.62663201
    218.62663201
    219.86690121
    220.08588993
    220.97290505
    220.95470785
    220.01489454
    220.78517192
    220.75224609
    220.10933730
    220.10933730
    220.10933730
    220.10933730
    220.40174041
    220.40129059
    220.09427614
    220.45971075
    220.42388604
    220.42388604
    220.41546552
    220.00465792
    220.92080694
    220.82892796
    220.18862696
    220.76903780
    220.76903780
    220.66930958
    220.92731592
    221.07580785
    221.07611066
    218.96838237
    219.47193184
    218.95143109
    216.97040401
    220.43503418
    220.33725295
    219.97257113
    220.13801866
    220.14082735
    219.73118454
    220.65956820
    220.65956820
    220.57269166
    220.65654778
    215.44932159
    218.20822196
    219.23913571
    218.09800044
    217.27238432
    217.19179134
    217.19179134
    215.47022314
    217.63130492
    217.63130492
    217.63130492
    217.63130492
    217.83076667
    219.08350045
    219.08898316
    219.08898316
    219.08898316
    219.80191728
    219.80191728
    219.75187827
    219.48846359
    219.48846359
    218.70795256
    218.87351290
    218.50866364
    218.25719665
    219.31964744
    217.65014780
    218.84706279
    218.84706279
    217.13507680
    218.91384146
    220.11003766
    220.32696944
    220.38970160
    218.19633803
    218.70398081
    218.70398081
    219.23182523
    219.23182523
    219.88717126
    219.88717126
    219.88717126
    219.88717126
    219.65682637
    219.43811776
    219.43811776
    219.83363428
    220.79541594
    220.79541594
    219.00016285
    219.00016285
    219.09191843
    218.90504600
    220.07932840
    220.20698625
    219.39948745
    219.90655466
    219.90263182
    220.29251656
    220.91135566
    220.78584175
    220.97347094
    220.97347094
    220.96070156
    220.28450495
    220.26800423
    219.22829581
    219.22829581
    219.22829581
    219.61784832
    219.61784832
    219.36135217
    219.36135217
    219.36135217
    219.36135217
    219.36135217
    218.82992242
    218.82992242
    219.68211151
    219.99112846
    219.55048962
    219.75611682
    219.75611682
    219.82957715
    219.82957715
    219.82957715
    218.01179010
    220.33212846
    220.33212846
    219.91103637
    220.37095999
    220.37095999
    220.53822203
    220.53822203
    220.52369300
    220.02107656
    220.11197888
    219.64869593
    219.96599682
    220.35982513
    220.35982513
    219.62126708
    219.86073928
    219.46580956
    219.46580956
    221.05998920
    221.07215844
    221.07215844
    221.02226550
    221.02226550
    221.09649647
    221.09748852
    220.77931171
    219.96927516
    219.05715960
    219.60965013
    219.59014589
    218.96008020
    218.96008020
    219.00278256
    219.00278256
    219.00278256
    217.44031995
    217.44031995
    216.45099624
    216.45099624
    216.45099624
    216.45099624
    216.45099624
    216.45099624
    216.45099624
    216.45099624
    216.31238746
    216.31238746
    216.31238746
    216.60258240
    216.60258240
    216.60258240
    216.33102242
    216.33102242
    217.71285339
    218.49486062
    218.46665891
    218.51038744
    218.37978220
    219.57471212
    219.57471212
    219.43598698
    219.88709814
    219.24839171
    219.70391663
    219.66844632
    219.57590330
    219.57590330
    218.95023021
    219.91788514
    218.29046623
    218.16930633
    218.42611664
    218.42611664
    219.49868224
    219.49868224
    220.03802587
    220.03802587
    220.03802587
    220.36065757
    220.68778628
    220.68778628
    220.52945662
    219.61406634
    219.61406634
    219.61406634
    220.37876233
    219.02645695
    218.83158151
    220.12453627
    220.26996221
    220.26996221
    220.26996221
    220.48629759
    220.48629759
    220.47593534
    220.44573280
    220.44502015
    220.00464621
    218.69333011
    218.69333011
    220.67807626
    219.75978170
    220.03183953
    220.73429921
    220.79334363
    220.79334363
    220.63015307
    220.63015307
    220.63015307
    220.14951656
    220.28896242
    219.77374586
    219.42699539
    219.39858319
    219.41408019
    219.46331969
    219.46331969
    219.97242645
    219.97242645
    220.65099508
    220.65099508
    220.65099508
    220.86974265
    220.45242580
    220.21889072
    220.00735476
    217.66563641
    217.66563641
    217.93285929
    217.93285929
    216.82615709
    218.64977241
    219.11756570
    219.11756570
    218.71355072
    219.22023400
    219.22023400
    216.73495313
    216.73495313
    216.73495313
    216.43057522
    216.43057522
    216.43057522
    214.03671251
    214.03671251
    214.03671251
    214.03671251
    214.03671251
    217.05126649
    219.59667149
    219.59667149
    220.23737288
    220.72340020
    220.72340020
    220.86751665
    220.62664521
    220.11858846
    220.18053577
    220.18053577
    220.29263297
    220.29263297
    220.29263297
    220.99268536
    220.99268536
    220.99727629
    220.91878361
    220.78104128
    221.02440446
    221.00035641
    220.68017064
    220.64651975
    220.64651975
    220.64651975
    220.73616558
    220.48881515
    220.52035959
    220.59103745
    220.57922274
    220.36020733
    220.14000426
    220.14000426
    220.80771219
    220.82558819
    220.11195044
    220.11224431
    220.11224431
    220.11224431
    219.78714192
    220.21451576
    220.15974269
    219.87829216
    219.87829216
    220.06288260
    220.51104306
    220.30908531
    220.55914802
    220.62707644
    220.16071916
    220.25277717
    218.26996879
    218.26996879
    218.26996879
    216.95237455
    218.09135326
    217.27705997
    216.38375211
    216.38375211
    218.72116092
    218.34906780
    219.27664840
    219.28406104
    219.28406104
    220.58570914
    220.87722251
    220.83931191
    220.60933929
    220.73869455
    220.40738768
    220.75877270
    220.75829474
    220.73996885
    220.65548123
    220.65548123
    220.62942100
    220.86753951
    220.67405166
    220.68878178
    220.16849185
    220.95330899
    221.02899320
    220.82579571
    220.66056846
    220.66056846
    220.26725850
    219.47643045
    219.93133858
    219.99687969
    220.54997690
    220.75783211
    220.72587094
    220.08239635
    220.54409984
    220.54409984
    220.64960805
    220.58050527
    220.68285479
    219.86434658
    220.12836160
    219.36637895
    219.36637895
    219.60528833
    219.62849267
    219.58431908
    218.99544999
    218.99544999
    219.73421021
    219.73421021
    219.73421021
    220.29431020
    219.68729531
    220.96704489
    220.87910012
    220.43203968
    220.23965180
    219.63751442
    219.32067386
    219.13371890
    218.20007727
    218.20007727
    218.20007727
    218.20007727
    218.20007727
    219.56712780
    219.56712780
    220.27534312
    219.50916608
    219.50916608
    219.50916608
    220.27078064
    220.87901025
    220.94673708
    220.94673708
    220.32508845
    220.61939584
    220.61939584
    220.47018725
    220.64653683
    221.01293446
    221.03039125
    221.00066987
    219.45624894
    219.45624894
    219.45624894
    219.45624894
    219.45624894
    219.94057523
    220.78334501
    220.73939840
    220.73939840
    220.73939840
    220.73939840
    220.76927997
    220.76927997
    220.86808279
    220.86808279
    220.63835987
    220.63835987
    220.63835987
    220.14990291
    219.73338255
    219.73338255
    219.95576250
    221.07599361
    221.08916664
    221.07110578
    221.07110578
    221.04447986
    220.26962506
    220.26962506
    219.90938231
    220.64699228
    220.63828889
    220.99115167
    220.99115167
    221.05320942
    221.10875937
    220.69269272
    220.69676849
    220.65423844
    220.61337675
    220.64853468
    220.64853468
    220.90815864
    220.63385668
    220.62669350
    220.62669350
    220.62669350
    221.09808493
    221.08052738
    221.07274198
    221.06809255
    221.06050897
    221.07197753
    221.07359107
    221.07359107
    220.70482711
    221.02544904
    219.80301604
    220.85712920
    220.82793757
    220.08200216
    220.14265745
    220.48082621
    219.59561391
    218.88662603
    218.88662603
    217.91127251
    219.15508310
    219.15508310
    219.15508310
    220.35986118
    220.62225667
    219.65666125
    219.68748522
    219.68748522
    219.68748522
    219.68748522
    219.68748522
    219.93566137
    219.93566137
    219.64781398
    219.64781398
    220.50111622
    220.47437480
    220.43202140
    220.46490924
    220.36025539
    220.27765677
    217.58338749
    217.58338749
    218.81285394
    218.81285394
    218.81285394
    218.81285394
    218.81285394
    218.10974520
    218.86686457
    219.10274189
    219.92125892
    218.67781255
    218.67781255
    217.36395008
    217.36395008
    216.18847457
    215.88422144
    215.88422144
    216.69869635
    216.69869635
    217.54755513
    220.13605951
    220.98635819
    220.97489104
    220.97489104
    220.88898999
    220.94190052
    221.05195992
    220.66136300
    220.63503973
    220.80383653
    220.80383653
    220.78409234
    220.62650640
    219.77163862
    219.80241195
    219.80241195
    220.04495015
    220.04495015
    220.77729890
    220.74734078
    220.37756857
    220.50927717
    220.50927717
    220.36463702
    220.07673861
    219.83025701
    219.83025701
    219.83025701
    219.83025701
    219.83025701
    219.83025701
    218.96780748
    218.96780748
    219.36488240
    220.03294601
    220.60220224
    220.51592214
    220.82268490
    219.21564253
    219.21564253
    219.21564253
    219.06286506
    219.06286506
    220.33534040
    220.65005362
    221.02326757
    221.02326757
    221.05323439
    221.05323439
    221.05244517
    220.39282287
    220.39282287
    220.53362476
    220.53362476
    220.53362476
    220.53362476
    220.07675360
    219.35821991
    219.35821991
    219.50819622
    220.17360904
    220.17360904
    220.17360904
    220.00913683
    220.94078550
    221.02886725
    221.06051809
    220.93265695
    220.96302948
    220.96302948
    220.96302948
    220.96302948
    220.93622744
    220.93622744
    220.86544817
    220.97573185
    221.09937835
    221.09937835
    220.96748240
    220.96748240
    220.73487296
    221.05154288
    220.87994979
    220.86445395
    220.68522940
    220.64382976
    220.63101541
    220.63101541
    220.54848345
    220.54848345
    220.04025466
    219.85874930
    219.69141476
    219.69141476
    219.38233773
    219.37035864
    219.37035864
    219.64220211
    220.13785045
    220.90114581
    221.01850985
    220.87486552
    220.38325506
    220.38325506
    220.38325506
    219.49844408
    219.49844408
    219.49844408
    220.87502925
    220.78874722
    220.78874722
    220.78874722
    220.06000936
    221.10754813
    221.10754813
    221.09920397
    221.09817069
    221.09817069
    221.09817069
    221.06850687
    221.09973947
    220.92901906
    220.93949440
    220.89526905
    219.75389772
    221.03383988
    221.03383988
    221.05159076
    221.05058351
    221.05116401
    220.75937794
    220.75937794
    220.75937794
    220.67278423
    220.92212541
    220.90489509
    220.95116122
    221.07035883
    221.07035883
    221.10149447
    220.52511948
    220.77631916
    220.92391553
    220.86750961
    220.87303601
    220.75717044
    221.05161913
    220.83717835
    220.83717835
    220.83717835
    220.76779136
    220.76779136
    220.76779136
    220.17705468
    220.17705468
    220.31778567
    220.31778567
    219.91430197
    219.91430197
    219.76063078
    220.29395985
    220.40719598
    220.77521363
    220.93332387
    220.99640913
    221.11414184
    221.11414184
    221.11414184
    221.11414184
    221.11414184
    221.11532874
    220.93308918
    220.96194418
    220.00515063
    220.02346714
    220.02346714
    220.02346714
    220.02346714
    220.46152834
    219.93921563
    219.93921563
    220.96576912
    220.51872084
    220.30785560
    220.30785560
    220.30785560
    220.30785560
    220.43215306
    220.40888988
    220.56964494
    219.82205525
    219.82205525
    219.82205525
    220.26673568
    220.32876643
    220.63894165
    220.63894165
    220.63894165
    220.62740185
    220.62740185
    220.49151186
    220.36449214
    220.36449214
    221.01539796
    220.99496727
    220.99496727
    221.06044294
    220.47354084
    220.52614283
    218.63724466
    218.63724466
    218.63724466
    219.72524139
    219.30735825
    220.10300056
    220.10300056
    220.60726471
    220.69872990
    220.68937571
    220.93381849
    220.93381849
    220.84291163
    220.84291163
    220.84291163
    220.84291163
    220.79320750
    220.79320750
    220.79320750
    220.95316333
    220.95316333
    220.95316333
    220.95316333
    220.95316333
    220.95131726
    220.95131726
    221.01471288
    220.94618884
    220.93774990
    221.02593856
    221.07234556
    221.07432032
    220.95934152
    220.95934152
    221.04705730
    220.65024524
    220.67082451
    220.48814584
    220.98126822
    220.98126822
    220.98126822
    220.71858137
    220.55309841
    220.55309841
    220.55309841
    218.50578177
    220.58672197
    220.58672197
    220.58672197
    220.90562632
    220.90562632
    221.07238050
    220.92022785
    220.79096864
    220.82334116
    220.61648158
    220.63908587
    221.04679372
    221.09043291
    221.09737717
    220.38649865
    220.22789877
    220.22789877
    220.22789877
    220.50515261
    220.52405089
    220.52405089
    219.89570621
    219.89570621
    220.76818350
    220.76818350
    220.76818350
    216.75645231
    216.75645231
    217.55468591
    217.55468591
    219.03400393
    219.54067553
    219.54067553
    219.54067553
    219.65143449
    219.65143449
    219.65143449
    220.35393963
    220.35393963
    220.35393963
    220.80262613
    220.75216827
    218.75531631
    221.01064463
    221.01532911
    220.73674624
    221.04390876
    221.07899074
    221.07899074
    221.07899074
    221.06020035
    220.86110412
    220.83022702
    220.83022702
    220.79982526
    220.79982526
    220.58770936
    220.76565641
    216.58978727
    217.30480868
    217.30480868
    217.30480868
    217.30480868
    217.19391858
    216.25489404
    216.25489404
    216.25489404
    216.25489404
    216.25489404
    219.78218932
    219.78218932
    219.87801423
    219.53801147
    217.73543342
    217.60974557
    219.06476387
    219.06476387
    219.66597466
    219.54029458
    217.87895600
    217.87895600
    219.71219659
    220.87476672
    220.48858746
    220.45114613
    220.50785373
    220.73188148
    219.77073010
    219.57345487
    219.57345487
    219.23358701
    218.36057252
    218.36057252
    218.16667834
    218.39552598
    218.38529539
    218.26415940
    218.84743722
    220.03810727
    220.03810727
    220.03810727
    220.24849538
    220.24849538
    220.38884629
    220.99922323
    220.99922323
    220.99922323
    221.06383444
    220.94613571
    220.94613571
    220.60999074
    220.60999074
    220.73482452
    220.82378341
    220.82378341
    220.95402462
    220.36009196
    220.37091939
    217.45798149
    217.45798149
    217.45798149
    217.45798149
    217.45798149
    219.89073266
    218.82852864
    220.50646434
    220.93246918
    220.93246918
    220.93246918
    220.86647414
    220.25575846
    220.78187777
    220.78772128
    220.78772128
    220.78772128
    220.78772128
    220.94517299
    220.94517299
    220.91184840
    219.12289164
    219.68824505
    219.68824505
    220.51138016
    220.11830794
    220.11830794
    220.00043447
    218.72855896
    218.72855896
    218.63736899
    218.80769933
    217.43273012
    219.81951137
    219.81951137
    220.01359857
    220.65031489
    220.65031489
    220.61274964
    220.61274964
    221.10705684
    221.10206472
    221.10206472
    221.10206472
    221.09542374
    221.09542374
    221.09542374
    221.09542374
    221.10451426
    221.10451426
    220.78429679
    220.78429679
    220.78429679
    221.09907850
    221.09907850
    221.07075785
    221.08125428
    221.06957721
    221.04513104
    220.85489092
    220.99835385
    220.23579163
    220.23579163
    218.97534754
    218.97534754
    218.81253343
    219.07446286
    219.02789854
    219.06661567
    219.06661567
    219.81764051
    218.83459066
    219.23391479
    219.23391479
    219.23391479
    219.57514823
    218.90275311
    219.26951934
    219.26951934
    219.26951934
    219.32217466
    219.99050845
    219.99050845
    220.26029298
    220.26029298
    220.07472931
    220.07472931
    220.07472931
    220.25959119
    219.37712218
    220.21477574
    220.21477574
    220.21477574
    220.57339187
    220.57339187
    220.85980434
    220.77263127
    220.79694354
    220.55192133
    220.60645769
    218.62209374
    218.62209374
    220.11436846
    220.08066927
    220.08691427
    219.61682642
    216.95802244
    216.95802244
    216.95802244
    216.95802244
    218.53510405
    220.26115283
    219.16875372
    220.05644878
    220.54746464
    220.44364088
    220.40712992
    219.34311608
    220.36833852
    220.55255382
    220.86897836
    220.74332791
    219.76289826
    219.76289826
    219.76289826
    219.76289826
    219.76289826
    220.80059020
    220.35297192
    220.35297192
    220.98960900
    220.83368703
    220.83368703
    219.91471464
    220.72002068
    220.68773806
    217.46269012
    219.69171281
    219.69171281
    219.69171281
    219.69442424
    219.69442424
    219.69442424
    219.69442424
    219.69442424
    219.69442424
    219.61992982
    219.98065351
    219.98065351
    219.51351840
    219.51351840
    219.51351840
    219.51351840
    220.08454127
    219.92954216
    219.57915323
    220.74836158
    220.75106921
    220.75106921
    221.05146532
    220.99735845
    221.01551370
    220.97842293
    220.97842293
    220.98276542
    220.98276542
    221.03907915
    221.03907915
    221.03907915
    221.05982796
    221.03779412
    221.01008984
    221.01008984
    220.89211103
    220.86498926
    220.80190205
    220.80190205
    220.56554530
    219.54054658
    219.54054658
    218.95264760
    218.95264760
    219.57814675
    219.76335551
    220.54768123
    220.48205426
    220.48205426
    220.92739262
    220.89774883
    220.89774883
    220.58482763
    220.46673535
    218.01531721
    218.40172515
    218.40172515
    219.91363248
    220.10554952
    220.10554952
    220.10328566
    219.85683296
    219.84742536
    219.16593567
    217.69390477
    217.69390477
    220.37653339
    220.46611532
    220.46611532
    219.90323354
    219.29112998
    219.29112998
    219.25497904
    219.97728680
    220.41193775
    220.41193775
    219.89591948
    219.89591948
    219.89591948
    219.61827095
    219.86604317
    220.32983389
    220.94102101
    220.97498498
    220.90165398
    220.42904173
    220.42904173
    220.65397106
    220.65397106
    220.92913754
    220.24671165
    220.24671165
    220.24671165
    220.80989919
    220.80594130
    220.50987753
    220.91490092
    221.03778185
    221.03778185
    220.87457382
    220.87457382
    220.86293025
    220.97520269
    220.63201102
    220.62653445
    220.58934680
    220.58934680
    220.80888945
    220.58465278
    220.56606489
    220.32594785
    220.28186616
    219.48043460
    220.36779954
    220.36593260
    220.60395424
    220.36491970
    220.25116855
    219.52620952
    219.52620952
    220.51077940
    220.51077940
    220.93565686
    220.71762970
    220.80234745
    219.92318925
    219.92318925
    219.82158969
    219.82158969
    220.11839721
    220.11839721
    220.65320982
    220.65320982
    220.65320982
    220.81338871
    220.73123108
    220.86112928
    219.64913444
    219.47715172
    218.60513598
    218.60513598
    218.60513598
    218.60513598
    218.60513598
    218.60513598
    218.60513598
    218.60513598
    218.60513598
    218.60513598
    220.56760896
    220.46811783
    220.46811783
    220.50881843
    220.47027029
    220.47027029
    220.47027029
    219.22837350
    220.25884321
    220.25884321
    220.24429714
    219.82535327
    217.93514198
    215.46114042
    217.93727920
    219.68293380
    219.87328523
    220.02366508
    220.72989514
    220.85161004
    221.07374260
    220.99011845
    220.98845070
    220.23092422
    221.02512077
    220.97260056
    220.96696287
    220.34033933
    219.89737236
    219.89737236
    219.89737236
    219.89789038
    219.89789038
    220.69718373
    220.56034407
    220.56034407
    220.57475547
    220.99779200
    220.91355751
    221.07792241
    221.05882150
    221.08888503
    220.93068595
    221.01732145
    221.01952262
    220.84570928
    220.84570928
    220.84570928
    220.99341277
    220.87113289
    220.87113289
    220.95614060
    220.91772458
    220.28271714
    220.28271714
    220.28271714
    220.28271714
    220.51910984
    220.51910984
    220.27292726
    220.27292726
    220.27292726
    220.27292726
    220.10286813
    219.57303360
    218.99920089
    219.04714712
    219.04714712
    219.04714712
    219.04714712
    218.21226758
    220.20145278
    220.43998067
    219.93230499
    219.86108312
    220.32254889
    218.78891822
    218.78891822
    218.78891822
    219.67564883
    219.90877777
    219.90877777
    219.90877777
    219.90877777
    219.90877777
    218.99955382
    220.36238791
    219.81362937
    220.88503697
    220.81772075
    220.77408696
    220.77408696
    220.77408696
    221.05056759
    221.03979792
    221.03979792
    221.05829143
    220.99754908
    219.87883695
    220.09575699
    220.16902938
    220.36860437
    220.25004147
    219.45015552
    219.45015552
    219.32921895
    219.32921895
    218.97838402
    218.97838402
    218.97838402
    218.97838402
    219.15812161
    220.85412764
    220.28195065
    220.53439051
    220.53439051
    220.52289656
    221.08976868
    221.08976868
    221.07630538
    220.99646206
    220.99646206
    220.81765418
    220.81765418
    221.08766724
    221.03800275
    220.76829403
    220.92021834
    220.62079154
    219.78682665
    219.79109136
    219.79109136
    220.37425575
    220.37425575
    220.37425575
    220.42505663
    219.48371305
    219.36908186
    217.83224693
    220.46031276
    220.46031276
    220.00573805
    219.86607903
    218.18597961
    218.18597961
    219.74146578
    219.74146578
    219.74146578
    220.76284537
    221.01857782
    220.99349647
    219.37693968
    219.37693968
    220.26258297
    220.26258297
    220.26258297
    220.01668195
    220.02795888
    219.60910606
    219.32138215
    219.32138215
    219.49863357
    220.70888697
    220.43031449
    221.08371848
    220.98760720
    220.98760720
    221.04407475
    221.04407475
    220.85521382
    220.85521382
    220.52110437
    220.47157752
    218.83348670
    218.83348670
    219.11596549
    218.63049719
    219.54384454
    218.88271942
    218.88271942
    218.77477197
    217.70711251
    217.70711251
    216.41169189
    217.30540211
    215.24073582
    215.53229520
    215.95062611
    215.95062611
    215.95062611
    215.95062611
    215.95062611
    215.75728110
    217.77565921
    215.02792114
    215.02792114
    215.02792114
    215.02792114
    215.90167049
    217.45808367
    217.45808367
    217.56390665
    215.94721994
    219.15928006
    219.15928006
    219.02160297
    219.34351522
    219.22059252
    219.22059252
    220.43318552
    218.37425299
    219.73801282
    219.73801282
    219.67264901
    218.32144436
    218.32144436
    218.32144436
    218.32144436
    220.41493101
    220.37431620
    220.37431620
    220.37431620
    220.35508193
    220.17380082
    220.17380082
    220.17380082
    220.22875687
    220.22875687
    220.23184445
    220.04246765
    220.04246765
    220.07043019
    219.99403578
    220.10812312
    219.60408977
    220.65240644
    219.84341408
    219.84341408
    219.94520895
    219.62394332
    219.62394332
    219.62394332
    219.62394332
    219.62394332
    219.58579024
    219.48302015
    218.81869073
    219.18731844
    219.87605946
    219.87605946
    219.70872914
    219.70872914
    219.70872914
    219.79099690
    219.79099690
    220.11547755
    220.11547755
    220.11547755
    220.30580491
    220.87746456
    220.87746456
    220.86909137
    220.86909137
    220.86909137
    220.92492848
    220.92492848
    220.79782708
    219.59688601
    220.25599899
    220.25599899
    220.25196279
    220.57896336
    218.78366137
    218.78366137
    219.23752844
    219.23752844
    219.33894078
    219.33894078
    219.33894078
    219.33894078
    219.13380602
    219.13967411
    219.10408729
    220.55452293
    220.33930759
    219.74026178
    220.69917215
    220.79020127
    220.79020127
    220.75583932
    220.56070167
    220.45545679
    219.52002301
    219.52002301
    219.64402821
    219.64402821
    219.54687627
    219.54687627
    219.54687627
    220.16523108
    219.75153450
    219.21784729
    218.46334599
    219.84461547
    219.84607685
    219.58139157
    220.93029706
    221.07887738
    221.07887738
    221.07887738
    221.07887738
    220.87068362
    221.03638156
    221.03638156
    221.02573684
    220.68608296
    220.62854905
    220.66133582
    220.46156000
    220.34612247
    220.34612247
    219.91263560
    219.91263560
    220.70266887
    220.76585895
    220.76585895
    220.76585895
    220.82061988
    220.08025114
    219.93665117
    220.21790111
    220.21790111
    220.89214568
    220.67163471
    220.70117362
    220.73712464
    220.73712464
    220.83876755
    220.07401253
    217.78562339
    217.78562339
    217.78562339
    217.78562339
    217.60734834
    218.16757224
    217.35779349
    217.35779349
    216.75611700
    216.75611700
    217.76512556
    217.68036554
    217.12423006
    217.45380899
    219.45743113
    220.54105332
    220.49573804
    221.06126394
    221.06126394
    220.83992201
    220.83992201
    220.84839676
    220.95965071
    220.80976439
    220.80976439
    220.97591072
    220.18594093
    220.18792924
    220.25671788
    220.25671788
    220.25671788
    220.25671788
    220.84863644
    220.13811197
    220.13811197
    220.13811197
    220.13811197
    220.10817700
    219.86820737
    220.91591262
    220.91591262
    220.55347643
    220.71044545
    220.69435026
    220.69435026
    220.71959954
    221.06453826
    221.09176360
    221.08410738
    221.06738197
    220.99486744
    221.10919285
    221.06366420
    220.19817147
    220.19817147
    218.16958320
    217.78830187
    217.78830187
    217.78830187
    217.78830187
    220.43126847
    220.43126847
    220.92315658
    220.53108773
    218.42862734
    218.42862734
    218.29345005
    218.29345005
    218.29345005
    219.43019294
    220.44718663
    220.23477545
    219.22100564
    218.34801896
    218.34801896
    218.34801896
    218.34801896
    218.26187533
    219.17064554
    219.17064554
    220.15875836
    220.15875836
    220.15875836
    220.15875836
    219.61955100
    220.68353604
    220.68353604
    220.61132162
    220.62420977
    220.91742924
    220.34531321
    219.57508915
    219.57508915
    219.50569791
    219.37700108
    219.07988834
    217.72838563
    217.72838563
    217.37256008
    217.37256008
    218.57409266
    218.76794112
    219.16458874
    218.76276100
    218.76276100
    219.96673266
    220.02175226
    220.02175226
    220.02175226
    220.76092907
    220.58952639
    220.58952639
    220.58952639
    221.05087376
    220.24268936
    220.53759370
    219.56061621
    219.56061621
    218.23452510
    218.23452510
    218.23452510
    218.49076900
    218.49076900
    218.49076900
    218.49076900
    220.21963768
    220.21963768
    219.22354867
    219.22354867
    220.07730784
    220.09589343
    220.48606136
    220.39549754
    219.86310571
    218.99036348
    218.99036348
    219.58233110
    219.41708378
    219.41708378
    219.25273624
    219.87467254
    219.87467254
    218.50922144
    219.42180616
    219.22840180
    219.22840180
    219.36983636
    220.41122896
    219.99219020
    218.03329093
    218.03329093
    219.70100463
    219.30220396
    219.61092019
    219.61092019
    220.72231424
    220.84474897
    220.84474897
    221.06444348
    220.72768312
    220.71934818
    220.36071189
    220.36071189
    220.36071189
    221.09103191
    220.97258506
    220.41264453
    220.41264453
    220.41264453
    220.41264453
    220.59168910
    220.64757175
    220.77270570
    220.02667543
    220.08064093
    218.69225516
    218.69225516
    219.75675605
    218.78373625
    218.78373625
    219.58560256
    219.58560256
    219.77375172
    219.55751907
    219.61867629
    219.61726526
    219.61726526
    219.00255643
    218.72604206
    218.42168376
    218.29702209
    218.29702209
    217.89202862
    216.98883773
    215.00115351
    215.00115351
    215.00115351
    215.00115351
    215.00115351
    217.37477017
    217.28298790
    217.28298790
    216.16258590
    215.83166388
    217.62474937
    218.10833898
    218.10833898
    218.10261854
    218.01194596
    218.01194596
    218.01194596
    218.01194596
    219.41402140
    219.41402140
    219.42350929
    219.42350929
    219.13401823
    219.28310647
    219.33162238
    219.37168873
    220.42325971
    221.07909483
    220.69080962
    220.69080962
    220.67699025
    220.75573619
    219.73755832
    219.73755832
    220.77772693
    220.77772693
    218.83774658
    220.35248205
    219.57597106
    218.92927902
    218.92927902
    219.68860262
    220.48695580
    220.40719084
    218.38891474
    218.38891474
    218.92524885
    218.92524885
    218.92524885
    218.87563783
    218.83273050
    219.44999848
    218.56414538
    219.76247354
    219.76247354
    219.76247354
    221.02471345
    221.02471345
    221.00948044
    220.88320039
    220.35470824
    220.35470824
    220.35470824
    221.05956375
    221.08049928
    220.91220837
    220.91220837
    220.88192833
    220.84147775
    221.00650724
    220.76378509
    220.76378509
    220.76378509
    220.76378509
    220.56871594
    220.67465609
    220.67465609
    221.09642101
    221.11355493
    221.11086448
    221.11086448
    221.11086448
    221.02406087
    220.63182338
    220.09150080
    221.03736008
    220.39985698
    220.83818860
    220.63587481
    220.54921052
    219.47137027
    219.47137027
    219.73939285
    219.47432103
    220.86773689
    220.28703381
    220.28703381
    220.51665120
    220.51665120
    220.51665120
    220.30102689
    220.79453838
    220.87162627
    220.84573096
    220.88589300
    220.93634962
    220.93634962
    220.32817115
    220.38567866
    220.12682528
    220.12682528
    220.45549721
    220.43854873
    219.85933617
    219.68008510
    219.27907824
    219.27907824
    219.27907824
    220.25570699
    220.25570699
    219.06871224
    218.82721227
    220.08815860
    220.53641717
    220.75013244
    220.45680202
    219.96985777
    220.08549028
    219.05214609
    220.12722244
    219.01873147
    219.01873147
    219.01873147
    220.15786842
    220.15786842
    218.06766727
    218.06766727
    218.06766727
    218.06766727
    218.82269596
    220.65447887
    220.65447887
    220.33945180
    220.01116528
    220.09128835
    220.09128835
    220.46859369
    219.69653075
    219.58797115
    218.70258599
    218.70258599
    217.90094388
    217.90094388
    217.90094388
    217.90094388
    219.11810607
    219.11014463
    219.09054886
    219.38224788
    219.79509844
    219.95253728
    219.95253728
    219.95228888
    219.72517758
    220.37784919
    220.33131890
    219.89861368
    219.89861368
    219.89861368
    219.48930297
    219.72879892
    220.05001631
    220.05001631
    220.05001631
    219.92338303
    219.92338303
    220.11494124
    219.89462192
    219.82730338
    220.55080277
    219.86823453
    219.73571243
    220.52254664
    218.56378449
    218.09019911
    218.40139316
    217.56063604
    217.93926763
    217.74056454
    217.74056454
    217.74056454
    214.58606345
    214.51877700
    215.75335543
    215.75335543
    215.75335543
    216.02211668
    217.97743495
    218.79054286
    218.71906926
    219.76353800
    219.76353800
    220.23233498
    220.23233498
    220.48128752
    220.58862523
    220.71570144
    220.79632321
    220.98993125
    221.11504450
    220.61992858
    220.59237224
    220.66500687
    220.21561651
    220.21561651
    220.21561651
    220.33825573
    220.33825573
    220.33825573
    220.77022387
    220.82655487
    219.63723608
    218.42016969
    219.17902525
    219.89922592
    219.00780976
    219.00780976
    220.21261720
    220.44399293
    218.91722929
    219.31526538
    220.54177565
    220.65973637
    220.65973637
    220.80971082
    220.83022245
    219.87141259
    219.87141259
    219.87141259
    220.88822145
    221.10735950
    221.09524508
    221.09524508
    221.09524508
    221.11509092
    221.11509092
    221.09327750
    221.09327750
    221.09327750
    221.09327750
    220.82201304
    220.97857118
    221.05525439
    219.97620958
    220.78198190
    220.89635126
    220.89635126
    220.95492145
    220.76750652
    220.16145646
    219.10336709
    218.72415458
    219.89039995
    218.92454818
    218.92454818
    219.61957580
    220.57492822
    220.49194616
    220.49194616
    220.72851013
    219.67816352
    220.39367873
    220.39367873
    219.65710389
    220.06410689
    219.27881982
    220.04608298
    220.95239954
    220.38821988
    220.54042391
    220.93722853
    220.91320763
    220.78660145
    220.78660145
    220.80648002
    220.36009055
    220.44859686
    221.02022172
    220.64672355
    220.76227667
    220.76227667
    220.44187725
    220.44187725
    220.42709117
    220.42709117
    220.16313841
    219.98430426
    221.03460079
    221.03460079
    220.26109441
    218.88904610
    218.88904610
    218.88904610
    218.88904610
    218.88904610
    218.88904610
    218.88904610
    219.46491653
    220.61916364
    220.84593085
    220.71848069
    219.95530570
    219.95530570
    219.95530570
    217.77614107
    217.77614107
    220.91555746
    220.75171398
    220.75171398
    220.97296938
    217.74799316
    217.74799316
    217.74799316
    217.64490071
    216.27758894
    217.55453452
    217.55453452
    217.55453452
    217.72361679
    217.69982412
    217.62451732
    215.63908226
    216.76022079
    216.76022079
    216.76022079
    216.92298048
    218.33740093
    218.33740093
    217.46335177
    217.46335177
    217.46335177
    217.72798723
    217.68463541
    217.68463541
    217.96422823
    220.21523046
    219.64598268
    219.57270014
    219.57270014
    219.57270014
    218.36220569
    218.56420253
    218.56420253
    218.56420253
    218.56420253
    220.23244002
    220.23244002
    218.79961338
    219.59423115
    219.97569822
    219.83804555
    221.05883185
    220.85534005
    220.74810356
    220.74810356
    220.95142133
    221.05338682
    221.01222673
    221.01020497
    220.89880913
    219.27920265
    218.88988104
    218.79209248
    219.37012562
    219.85896521
    219.83241248
    219.40100553
    218.96361475
    218.96361475
    218.43114898
    217.31304341
    216.98183179
    217.41492049
    216.96590316
    216.96590316
    217.66172494
    215.55340674
    215.65143322
    215.65143322
    217.76140792
    217.76140792
    217.76140792
    217.76140792
    219.09658343
    218.93448809
    219.16082104
    218.56563020
    218.02563809
    217.94001425
    217.94001425
    217.78796275
    217.28478833
    217.28478833
    217.28478833
    217.19586503
    217.19586503
    218.23506750
    218.23506750
    218.23506750
    218.89975556
    218.89975556
    218.89975556
    220.42773605
    220.03939526
    220.61047155
    220.61047155
    220.61047155
    220.57661735
    219.84852860
    218.65702976
    216.27951227
    215.42327337
    215.42327337
    217.08527654
    217.08527654
    217.08527654
    217.08527654
    216.93622823
    216.93622823
    218.77807159
    218.77807159
    219.05197342
    220.19441862
    219.23897018
    219.58306029
    219.27044033
    219.75433710
    219.75433710
    220.45732266
    220.45732266
    220.47456776
    220.47456776
    220.60800779
    218.71338964
    217.72805416
    216.95783689
    216.95783689
    216.95783689
    216.95783689
    216.95783689
    217.18390646
    217.18390646
    218.30232878
    218.30232878
    215.43590989
    215.43590989
    215.43590989
    214.73421139
    214.73421139
    214.73421139
    214.73421139
    216.35465457
    216.35465457
    217.93824234
    217.93824234
    217.93824234
    218.80742161
    219.44160682
    220.34956361
    220.28481463
    220.78718884
    220.45036884
    220.45036884
    220.77091172
    220.77091172
    220.83697895
    218.12688193
    219.91654438
    219.91654438
    219.91654438
    219.53009946
    219.53009946
    219.53009946
    219.53009946
    219.53009946
    220.47541339
    220.85604755
    220.75022101
    220.88214710
    221.01437335
    220.97638301
    221.05813455
    221.09012147
    220.78727953
    220.57278834
    219.82421766
    219.55135226
    219.71572592
    220.51515433
    220.51515433
    219.74793629
    219.07995020
    219.07995020
    218.84511950
    218.84511950
    218.84511950
    218.84511950
    217.83561195
    220.24307110
    221.09559390
    221.09266257
    219.15775225
    219.15775225
    219.23051917
    219.23051917
    219.80121681
    220.69575147
    220.69575147
    220.73262315
    220.78934753
    219.11482518
    219.59542577
    219.99477060
    220.45767948
    220.45767948
    219.88808744
    219.91225516
    218.93397468
    220.01774587
    220.51974786
    219.72144549
    219.06758769
    219.06758769
    219.97275845
    220.44199576
    220.15951170
    219.68005446
    221.01612570
    220.81954755
    220.78963673
    220.78963673
    220.78963673
    220.75331474
    220.75331474
    220.75331474
    220.91127195
    220.99067329
    220.99097607
    220.99097607
    220.85442097
    220.85442097
    220.85188735
    220.88708367
    220.96704815
    220.81406918
    220.88559635
    220.86534549
    220.80078232
    220.95902259
    220.95902259
    220.88126753
    220.88126753
    220.63322195
    221.00108407
    220.87928747
    220.81499377
    220.89443676
    221.01338481
    220.48187053
    220.80695579
    220.02924605
    220.00596945
    219.31471450
    219.31471450
    219.59171297
    219.79313328
    215.53054614
    215.53054614
    215.53054614
    219.61831691
    220.32269167
    220.32269167
    220.76467474
    220.76467474
    220.76467474
    221.00569759
    221.00569759
    220.92357012
    220.92357012
    220.89810919
    220.53649013
    220.39668445
    218.55638895
    220.75797642
    220.75797642
    220.61343891
    220.59994584
    220.59994584
    220.81786809
    219.60492049
    219.67617179
    219.67617179
    217.32511060
    220.00624679
    220.00624679
    218.61830921
    219.74701781
    219.74701781
    219.74701781
    219.74701781
    220.18858078
    220.18858078
    219.93412504
    219.40479130
    219.09735492
    218.20497717
    218.20497717
    219.66899601
    220.43212127
    220.85423248
    220.21727600
    220.68853015
    220.83495311
    220.83750503
    220.94290660
    220.97246091
    220.92262846
    220.92262846
    220.77813980
    220.68568280
    220.68568280
    220.86599285
    220.86599285
    220.49488302
    219.81216783
    220.38923020
    219.92523656
    220.08988444
    220.44496711
    220.77278566
    220.77278566
    220.88021617
    220.86680698
    220.94959866
    220.78528434
    220.46473873
    220.77227344
    220.36811287
    219.13181700
    217.89374070
    217.89374070
    217.89374070
    217.89374070
    218.61018643
    218.84495980
    219.79271511
    220.80158496
    220.30453588
    220.30453588
    220.30453588
    220.30453588
    220.04071646
    220.04071646
    219.93748444
    219.93748444
    219.48044118
    219.48044118
    219.15688736
    219.35104533
    220.65747037
    220.65784876
    220.57285991
    219.39765948
    219.68777196
    218.60692665
    218.73298279
    218.73298279
    218.73298279
    219.49383525
    217.92996375
    217.92996375
    217.92113467
    217.92113467
    217.92113467
    217.92113467
    218.87994341
    218.87994341
    218.87994341
    218.87994341
    217.93071050
    217.50970192
    217.50177716
    217.54076688
    216.79903867
    216.76462884
    215.98115556
    215.98115556
    215.98115556
    216.01982978
    217.66586843
    217.80548445
    217.80548445
    217.80548445
    219.53734887
    219.91257175
    219.63700906
    218.76092128
    218.76092128
    218.28903975
    215.61984557
    218.49327819
    217.41144422
    218.02013497
    218.02013497
    218.48155996
    218.91753362
    218.91753362
    218.71391505
    217.81468454
    217.81468454
    220.19347806
    220.89924472
    220.89924472
    220.89924472
    220.89636043
    220.89636043
    220.73154710
    220.76111553
    220.76111553
    220.76111553
    220.76456589
    221.06557654
    220.88156089
    220.95441026
    221.03649827
    221.05503737
    220.90219240
    220.90219240
    220.89161601
    220.60717863
    220.66863991
    220.66863991
    220.68009462
    220.67998614
    220.84276778
    220.79303113
    220.54811508
    221.04342766
    220.20267255
    219.37296619
    219.37296619
    219.85415074
    220.90707681
    220.90707681
    220.90707681
    220.91123829
    220.91123829
    220.90764877
    220.82999121
    220.82999121
    220.55101994
    220.65297639
    220.22896113
    220.22896113
    220.39127302
    220.37727922
    220.50818138
    220.54962141
    219.52842591
    219.52842591
    219.56081915
    218.53427421
    216.92729679
    218.55656735
    218.55656735
    218.55656735
    218.55656735
    219.10385465
    218.66845724
    218.66845724
    216.85885029
    216.85885029
    217.70465407
    217.70465407
    215.74348235
    215.74348235
    216.86092385
    218.34368036
    218.34368036
    219.58845281
    219.64460289
    219.75904210
    219.59364675
    220.05828411
    218.36737162
    218.97330175
    218.97330175
    218.89281217
    218.89281217
    220.88001591
    220.88001591
    220.95955729
    220.79245525
    220.79245525
    220.66595753
    220.95863344
    221.09660757
    221.10203448
    221.08178264
    221.06367469
    221.06367469
    221.04752172
    220.69935028
    220.32389454
    220.65837706
    220.64785802
    220.64785802
    220.47764987
    219.13754632
    219.13754632
    219.20172269
    219.20172269
    218.85697903
    220.16044418
    220.16044418
    220.34424899
    220.35033104
    220.86862136
    220.30451332
    220.30451332
    220.50798408
    220.66503577
    220.46500895
    220.46500895
    221.11139272
    221.10655314
    221.10854940
    221.10854940
    221.10854940
    221.10478227
    221.10197483
    221.10353332
    221.10306134
    221.10306134
    221.10306134
    221.10664924
    221.01683403
    221.01683403
    220.76560327
    220.51431556
    220.51431556
    220.14566467
    219.70414526
    219.74701787
    219.50805689
    220.30855510
    219.33823404
    219.33823404
    219.33823404
    218.02766601
    219.06028343
    218.44458925
    218.44458925
    218.44458925
    218.44458925
    218.44458925
    218.67337117
    218.54147865
    218.54147865
    219.55518075
    220.56980286
    220.56980286
    219.91913551
    219.91913551
    220.41203551
    220.41722722
    220.41722722
    220.41722722
    218.79791184
    217.45859924
    219.88839656
    220.15156080
    220.21659289
    220.20240522
    220.46921231
    220.28814489
    220.19172494
    220.75431411
    221.08598759
    221.08598759
    220.43905159
    220.43905159
    220.49091204
    220.49091204
    220.49091204
    219.68126340
    219.85957756
    219.89825255
    219.89825255
    220.77306664
    220.80984695
    219.08080622
    219.38012717
    219.38012717
    218.61221424
    220.52205391
    220.21269179
    218.66354784
    214.59122442
    217.63306050
    217.63306050
    217.63306050
    219.32192630
    217.56377557
    218.69210033
    217.09087155
    217.09087155
    217.09087155
    216.65981212
    216.65981212
    221.04012392
    221.02356911
    220.50687588
    221.04471163
    221.00621731
    221.00792195
    221.00792195
    220.96264517
    220.98921453
    221.04292480
    221.08262715
    221.08262715
    221.02474366
    221.04355494
    220.72262072
    220.72262072
    220.72262072
    219.65001192
    220.25455849
    220.55494609
    220.55494609
    220.48081367
    220.32099379
    220.56006890
    220.58537916
    220.29426761
    220.39528546
    220.39528546
    220.40443507
    220.40218555
    220.40218555
    220.40218555
    220.06894189
    220.52994588
    220.52994588
    219.64655771
    219.64655771
    219.66210250
    220.11947423
    219.85182473
    219.85182473
    219.87240029
    219.90540786
    219.90540786
    219.90540786
    219.76839602
    220.55128162
    220.71377699
    220.68900859
    220.68900859
    221.11288068
    221.10035116
    221.05580583
    221.05580583
    219.67558140
    219.67558140
    220.72148228
    220.72148228
    220.13067914
    220.33043902
    220.33043902
    220.51150872
    220.51150872
    220.69660628
    220.78391001
    220.76386545
    220.65736202
    219.37831181
    218.40274487
    218.40274487
    218.40274487
    219.02982795
    219.02982795
    219.02982795
    219.02982795
    220.14768206
    220.14768206
    219.79552687
    219.99573444
    220.23792656
    219.43952026
    219.43952026
    219.43952026
    219.95713863
    220.33058647
    220.33058647
    219.38940072
    219.33064987
    219.22025719
    217.78929180
    217.78929180
    217.78929180
    217.78929180
    217.78929180
    218.50851674
    218.03306495
    218.66617919
    220.20582063
    220.20582063
    220.20582063
    217.22147796
    219.08964080
    219.08964080
    219.08964080
    220.11012806
    220.11012806
    217.53434288
    217.53434288
    217.53434288
    219.34669257
    219.60495931
    219.60495931
    219.86510813
    220.65287851
    220.65287851
    220.53148005
    220.39216753
    220.39216753
    220.99414188
    220.99837771
    221.08883631
    221.07916965
    220.93552394
    220.48595753
    220.48595753
    220.48595753
    220.48595753
    219.58684608
    219.58684608
    219.58684608
    220.85359273
    220.97742863
    220.65069825
    220.65069825
    220.65069825
    220.73690836
    220.73690836
    220.90837026
    220.94638671
    220.92171332
    220.96038371
    220.61797551
    220.83989811
    220.82667994
    219.37798035
    218.80441168
    218.80441168
    220.02412521
    218.66155930
    218.66155930
    220.96523359
    220.31573531
    220.88170769
    220.34629108
    221.11553609
    220.84069101
    220.84069101
    220.74667496
    221.02691168
    220.95107367
    220.85413097
    220.72712390
    220.74949230
    220.80891942
    220.30345488
    219.07379962
    220.35474275
    220.99092942
    221.06508628
    221.07046396
    221.05759134
    221.05759134
    220.91733639
    220.93396644
    220.96068402
    220.66321957
    220.62399626
    220.11153171
    220.11153171
    220.28517495
    220.15213040
    220.92934199
    220.92934199
    220.92934199
    220.91930583
    220.16812184
    220.16812184
    219.13630423
    219.13630423
    219.13630423
    218.68840441
    220.12893885
    220.44103075
    219.92540145
    220.03257906
    218.87111649
    219.31634267
    219.31634267
    220.03386964
    218.91311348
    215.47768014
    218.77349671
    218.63395353
    220.23139715
    220.25909894
    220.60539983
    220.61822345
    220.55269110
    220.85502323
    220.58231244
    220.56295961
    220.56295961
    220.19090126
    220.64637014
    220.64637014
    220.90507233
    220.95617630
    220.16920698
    220.31652869
    219.67816942
    219.67816942
    218.77810368
    218.77810368
    218.77810368
    216.91411309
    215.44959940
    216.11884302
    215.56249354
    215.56249354
    216.52168559
    216.52168559
    216.52168559
    216.44412039
    218.23490417
    219.86133569
    220.20995252
    220.02535067
    220.02535067
    220.05436790
    220.20578129
    220.07959582
    219.74070382
    219.71674826
    219.54433568
    218.62777227
    219.24402937
    217.87053674
    217.87053674
    217.56792202
    218.21462472
    220.14658099
    220.60125488
    219.52605800
    219.56068386
    220.54084187
    220.32387587
    220.45567362
    220.45567362
    220.39585688
    220.39585688
    220.39585688
    221.09446630
    221.09446630
    221.09446630
    221.09446630
    220.98740810
    220.73829350
    221.02040326
    220.52815722
    220.97432226
    221.01450748
    220.03243427
    220.03243427
    220.03635381
    219.63531573
    219.63531573
    219.77482405
    219.64531299
    219.64531299
    219.57714692
    220.01927676
    220.23368036
    220.23409789
    220.23409789
    220.78513139
    220.63065478
    220.93564384
    220.76020817
    220.95070958
    220.81408422
    220.81408422
    220.37929636
    220.37929636
    216.46089865
    216.46089865
    219.71093558
    219.71093558
    219.71093558
    219.07652593
    219.42521444
    218.90985081
    218.90985081
    218.90985081
    220.13093821
    219.12563394
    218.24676717
    218.21259483
    218.21259483
    218.89783624
    218.89783624
    218.72056570
    218.72056570
    217.55906550
    217.55906550
    216.23313207
    217.26043248
    217.33926281
    219.96450292
    220.37479465
    220.37479465
    220.50831197
    220.59325838
    220.55198920
    220.55198920
    218.58950798
    219.69099706
    220.71597132
    220.68401518
    220.16700547
    220.16700547
    221.10642717
    221.10665244
    221.07211779
    220.83191431
    220.90679518
    220.90679518
    220.90679518
    221.07899703
    221.07673180
    220.93616219
    221.01025670
    220.91016992
    220.79921725
    220.22285964
    220.22285964
    220.22285964
    220.66507911
    220.95279611
    221.07329598
    221.10196572
    217.60053673
    217.60053673
    219.28825980
    220.51479153
    220.65839339
    220.79589986
    220.18113079
    220.04344831
    220.04344831
    220.09920869
    220.89304945
    220.89304945
    220.96990486
    220.89032559
    221.01623182
    220.81054005
    220.81231377
    220.81231377
    220.05852405
    220.00332310
    220.00791556
    219.06838764
    220.26058963
    220.73601677
    221.01521122
    220.94865400
    220.97913893
    220.97913893
    220.97913893
    220.81254416
    221.01131115
    221.01131115
    221.01131115
    221.10927260
    221.10927260
    221.03042575
    221.03042575
    221.03042575
    221.05249785
    221.02827280
    220.96975199
    220.96975199
    220.96975199
    221.00933623
    220.18720269
    220.18720269
    219.41515311
    219.90492571
    219.53090278
    218.12352498
    220.03539410
    219.58047170
    219.92986511
    219.92986511
    219.92986511
    219.71218968
    218.63421630
    217.86761129
    219.13211573
    219.13211573
    219.90827903
    220.89016920
    220.84589818
    220.84589818
    220.84589818
    220.95223585
    220.91631335
    220.91631335
    220.53996176
    220.16799626
    220.03587984
    220.90497869
    220.90497869
    220.90497869
    220.91512782
    220.91512782
    220.87269038
    220.87269038
    220.70183248
    220.70183248
    220.74153985
    220.84134252
    220.84384691
    220.85339690
    220.60625081
    220.60625081
    220.97980791
    220.98671333
    220.98671333
    220.92141669
    220.92141669
    220.92141669
    220.92141669
    221.10828211
    221.11084764
    221.11084764
    221.11084764
    221.11084764
    220.92833862
    220.30629333
    220.24282150
    220.77789887
    220.73449370
    220.55374957
    220.49801136
    220.49801136
    220.49801136
    220.49801136
    220.49801136
    220.71368468
    221.10484982
    221.10484982
    220.96899055
    219.63629199
    220.56044692
    220.45472991
    220.87260798
    220.74615543
    220.74615543
    217.31980207
    217.31980207
    216.99226281
    216.99226281
    216.99226281
    216.99226281
    217.88053670
    217.88053670
    220.50728548
    220.50728548
    220.50728548
    220.48141285
    221.08730038
    220.37840567
    220.35515781
    220.35515781
    220.35515781
    220.35515781
    220.35515781
    218.47067534
    218.97250108
    219.98462664
    219.98462664
    219.98462664
    220.50984510
    220.44449648
    220.44449648
    220.73408009
    220.72504388
    220.72504388
    220.72504388
    220.70520812
    220.70520812
    220.94314086
    220.78999911
    220.81145339
    220.61306748
    218.79199548
    218.74943014
    218.74943014
    218.43362806
    218.43362806
    218.22887236
    216.63232370
    219.36754876
    219.83682986
    220.21204682
    220.18495559
    220.18495559
    220.89286537
    220.93021502
    220.49126659
    220.70326653
    220.70326653
    220.79847499
    218.75538328
    217.95623481
    220.37169034
    220.37169034
    220.37169034
    220.46597500
    220.89765630
    220.58875084
    220.60463280
    220.45567826
    220.45567826
    220.68887849
    220.68887849
    220.84914693
    220.84914693
    220.84914693
    220.83910378
    220.39510415
    220.04436788
    219.46435205
    218.84789369
    218.94337488
    218.94337488
    218.94337488
    217.46582334
    217.00470098
    217.16959036
    217.16959036
    217.16959036
    218.57954227
    218.60470031
    218.69102620
    218.69102620
    217.83651217
    217.63027297
    217.63027297
    217.63027297
    217.21393671
    217.48017229
    217.48017229
    219.07215072
    219.51495332
    219.94779565
    219.62122969
    219.00107540
    219.00162136
    219.00162136
    219.66595434
    219.23455466
    219.71732927
    219.53050557
    219.16968773
    219.18557928
    219.35120613
    220.07919184
    220.26286674
    220.24966887
    220.24966887
    220.10857127
    219.95470658
    219.99478642
    219.99478642
    219.99478642
    219.81261259
    220.41555024
    219.80685965
    219.17665665
    219.17720909
    219.17720909
    219.17720909
    218.54854474
    217.97659191
    217.97659191
    218.26836992
    218.18338533
    218.53051572
