    113.03779240
    112.86703343
    112.84269712
    112.84269712
    113.40816954
    113.58394981
    113.64897009
    113.67097922
    112.83073684
    113.70452915
    113.70452915
    113.24457473
    113.24457473
    113.66507366
    113.83060863
    113.28185956
    113.23670304
    113.23081230
    113.21635718
    114.29927871
    114.38610077
    114.57771799
    113.89991078
    114.06285339
    113.82608141
    113.82608141
    112.17306808
    112.17306808
    112.77712072
    112.77712072
    113.39872384
    114.27595990
    114.27595990
    114.27595990
    114.27595990
    114.51196843
    114.51196843
    114.51196843
    114.51185455
    114.94210253
    114.94190893
    114.88074769
    114.88074769
    114.89732440
    114.89732440
    114.99884803
    114.74030865
    114.85296287
    114.78584162
    114.71101915
    113.08058269
    113.08058269
    113.51184784
    113.59898994
    112.18459084
    113.18092444
    113.18092444
    113.18092444
    113.62095424
    113.22954796
    113.97560507
    113.97560507
    114.60526367
    114.61026484
    114.69550259
    114.69550259
    114.69550259
    114.77259470
    114.54018448
    114.57318637
    113.24008599
    113.24008599
    113.24008599
    113.24008599
    113.24008599
    113.89176685
    114.82550706
    114.61700571
    113.79891486
    113.79891486
    113.14523259
    113.18642506
    113.62675164
    113.62675164
    113.92835767
    114.33319508
    114.46570964
    114.21552905
    112.72634191
    112.73072390
    112.78842470
    113.81333811
    113.78563888
    113.78563888
    113.52081796
    113.76033254
    113.73454106
    112.96995924
    112.70965235
    113.44993139
    114.49459715
    114.29724193
    113.43217384
    113.14910132
    113.14910132
    113.31674556
    112.25370769
    112.63533191
    112.95380094
    112.91574213
    112.91574213
    112.81676531
    113.02480295
    113.02480295
    113.02480295
    113.12280450
    113.12280450
    113.72982482
    113.86903045
    113.69089358
    113.97108589
    112.74712031
    113.56022340
    113.56022340
    114.01430735
    114.24255758
    113.87038757
    113.87038757
    114.25260580
    114.25260580
    112.86583579
    114.28402588
    113.99912583
    114.79729739
    114.77419834
    114.96226255
    114.82867077
    114.82867077
    114.82867077
    114.92722490
    114.92722490
    114.92205051
    114.92205051
    114.83266857
    114.84855005
    114.75430983
    114.64440311
    114.50615357
    114.50615357
    114.62854185
    113.28778061
    114.19251464
    114.11239041
    114.47782832
    113.76404570
    113.76404570
    111.78448254
    111.78448254
    111.74229600
    111.74229600
    111.74745419
    110.05224756
    110.05224756
    111.14783542
    112.47809849
    114.49627583
    114.42356908
    114.07620844
    113.78321641
    114.10248369
    113.20523725
    114.15970660
    114.94527425
    114.99642070
    114.90551141
    114.90551141
    114.90551141
    114.90551141
    114.90551141
    114.44094009
    114.44094009
    114.76489979
    114.76489979
    114.76489979
    114.79253321
    114.87083415
    114.69476994
    114.66911881
    114.26696189
    114.47409338
    114.39903114
    113.88708652
    114.43925958
    111.46852376
    111.46852376
    113.61209308
    114.77324857
    114.77433632
    114.80218688
    114.14411874
    114.33785787
    114.51082204
    114.73172447
    114.73172447
    114.73172447
    114.78143220
    114.78143220
    114.34134795
    114.33646331
    114.39506405
    113.54775590
    113.46467080
    114.51013068
    114.51013068
    114.51013068
    114.18282953
    114.72135524
    114.37687330
    114.37179911
    114.49934371
    114.49934371
    114.48832412
    114.39633688
    114.10532066
    113.41151142
    114.22149005
    114.22149005
    114.22149005
    114.22149005
    114.22149005
    113.14583933
    113.38489604
    113.48148699
    114.33344849
    114.33344849
    114.20482238
    113.83706520
    114.05233705
    114.05233705
    114.37094902
    114.43472238
    113.59425583
    114.09713323
    114.02245046
    114.29417050
    114.26641729
    113.59663308
    113.67296324
    113.67296324
    113.19023386
    109.60958569
    111.69946234
    111.85075879
    111.85075879
    111.85075879
    111.85075879
    111.85075879
    113.40688256
    114.98958687
    114.89229595
    114.86490223
    114.85890426
    114.73859190
    114.72630933
    114.72630933
    114.42317191
    114.75370365
    114.16856861
    114.16856861
    114.16856861
    114.05623637
    113.61101080
    113.61101080
    113.72978873
    112.98423670
    112.98423670
    112.98423670
    112.98423670
    112.98423670
    113.94478816
    113.80350389
    114.04824342
    114.59156399
    114.56206713
    114.64288338
    112.82299648
    114.89098301
    114.93682280
    114.52093886
    114.39174329
    114.39174329
    114.39174329
    114.69074371
    113.91380226
    114.20388622
    114.45037322
    114.45037322
    114.84725400
    114.93694667
    114.69598738
    114.94836152
    114.95380124
    114.96928345
    114.96414306
    114.64146186
    114.64146186
    114.64146186
    114.64146186
    114.64146186
    114.97452234
    114.93538860
    114.93538860
    114.85037686
    114.85037686
    114.97429824
    114.96709795
    114.92368173
    114.97812474
    114.76036868
    114.74033013
    114.43714104
    114.43714104
    114.42532979
    114.42532979
    114.19965422
    114.31757695
    112.95648718
    113.55776221
    113.49493124
    111.89851326
    112.49236264
    113.09974900
    112.70824375
    113.61831268
    113.61831268
    113.57961822
    113.76557496
    113.76557496
    114.60520334
    114.78310633
    114.91373139
    114.77753555
    114.77753555
    114.62181799
    114.54031440
    113.77945057
    113.77945057
    113.45961213
    113.89052389
    114.09123706
    114.55520606
    114.59950750
    114.48373866
    114.51479682
    114.51479682
    114.51479682
    114.51479682
    114.22160213
    114.65342500
    114.59915472
    114.59915472
    114.59915472
    114.84236089
    114.85944689
    114.44602598
    114.44602598
    114.44602598
    114.18334898
    114.38681895
    114.38681895
    114.58011070
    114.20367691
    114.22608037
    113.27412744
    113.27412744
    113.27412744
    113.27412744
    112.61494864
    112.62072327
    112.76581356
    112.27934710
    112.27934710
    113.67865880
    114.38215424
    114.53119925
    114.35968478
    114.35790332
    114.20946181
    113.45191553
    113.45191553
    114.35764322
    114.32167249
    114.32167249
    114.86044997
    114.97658406
    114.77610717
    114.93160168
    114.93523089
    114.93523089
    114.98555058
    114.93468875
    114.99463222
    114.99463222
    114.93826091
    114.93289945
    114.69603116
    114.82268501
    114.96370220
    114.77006582
    114.73268800
    114.85866899
    114.79593306
    113.83426549
    113.40706027
    114.56024967
    113.57025881
    114.13718493
    114.39645619
    114.48886306
    114.48733207
    114.14292688
    114.14292688
    112.57398548
    113.25926004
    113.58727847
    112.81564666
    112.30966918
    112.34182051
    112.34182051
    113.69559284
    114.35874750
    114.81908755
    114.81908755
    114.97096428
    114.77571786
    114.71442789
    113.76580698
    113.72329596
    113.74553630
    113.76018186
    113.46384454
    112.83200710
    112.07312891
    113.19071801
    113.19071801
    113.19071801
    112.91423220
    112.86627649
    111.74456222
    111.89796984
    114.77387755
    114.72873308
    114.72873308
    114.49974452
    114.47241040
    113.92599854
    114.11643217
    114.02961586
    114.26454075
    114.56292086
    114.71897278
    114.71897278
    114.71897278
    114.46601859
    114.46601859
    114.46601859
    113.93863445
    114.11424616
    114.11424616
    114.61803667
    113.87005742
    113.87005742
    113.87005742
    113.85937353
    113.85937353
    113.85937353
    113.51510200
    113.54338005
    114.32865612
    114.03658397
    113.93016361
    114.06631674
    114.22890953
    114.22890953
    114.40063038
    114.40063038
    114.40063038
    114.40063038
    114.07636853
    114.07636853
    113.66569426
    112.12103386
    113.07402728
    113.53364600
    113.95196033
    113.82235129
    114.06515631
    113.94453503
    113.83828952
    114.14855220
    113.50502654
    114.10832708
    114.10303152
    114.10303152
    114.10303152
    114.49482909
    114.49482909
    114.49482909
    114.25189731
    114.25189731
    112.72650166
    112.72650166
    112.72650166
    112.70055713
    112.96797592
    111.92764543
    111.92764543
    113.49933287
    113.07040858
    108.60142481
    113.12247400
    113.92471398
    113.51622609
    114.45994750
    114.79297388
    114.10164283
    114.05472432
    114.48164674
    114.48164674
    114.48164674
    114.98766299
    114.98766299
    114.99805041
    114.99805041
    114.99877426
    114.99879951
    114.99879951
    114.99879951
    114.98855833
    114.97082580
    114.93158103
    114.93158103
    114.59713190
    114.59713190
    114.61754018
    114.74170570
    114.33607507
    114.98822393
    114.97614232
    114.97044603
    114.25868295
    114.57713237
    114.88595654
    114.88595654
    114.96862520
    114.83812769
    114.83812769
    114.75293396
    114.71210175
    114.07656893
    113.32222798
    113.24648976
    113.24648976
    113.14774098
    113.14774098
    112.92224107
    112.92224107
    112.92224107
    112.92224107
    113.64699181
    113.64699181
    113.64699181
    113.64699181
    113.64082073
    114.63466246
    114.63466246
    114.48325258
    114.23388322
    114.14252228
    114.01840797
    114.01840797
    114.01840797
    114.02613928
    114.38685453
    114.38685453
    113.21500863
    114.85651013
    114.98030597
    114.98030597
    114.98030597
    114.98030597
    114.77830896
    114.77830896
    114.82808149
    114.59133966
    114.78634416
    114.79185766
    114.59701410
    114.97744293
    114.97744293
    112.42061162
    112.40162672
    112.40162672
    112.40162672
    114.50223315
    114.43882158
    114.43882158
    113.96245479
    113.96245479
    114.03760593
    114.03760593
    114.03760593
    113.94859499
    111.36259663
    113.84721170
    114.76856204
    114.76928488
    114.38913991
    114.38913991
    114.52053502
    114.79295095
    113.25237235
    113.25237235
    113.25237235
    113.25237235
    113.25237235
    113.26291298
    113.26291298
    114.48662196
    114.46558828
    114.46558828
    114.46558828
    114.98012501
    114.95153950
    114.95153950
    114.92237288
    114.92833175
    114.97917580
    114.98614614
    114.90540440
    114.88456223
    114.85732979
    114.90711813
    114.78343557
    114.94874111
    114.99106923
    114.29363544
    114.63551154
    114.63551154
    114.80051203
    114.26160767
    113.77717393
    114.22389075
    114.22389075
    113.38831247
    113.38831247
    113.38831247
    114.54918516
    114.46436216
    113.94755062
    114.54333585
    114.46414259
    114.58469045
    112.72943642
    111.48307845
    113.80523920
    114.44317267
    114.44317267
    114.44317267
    114.44317267
    114.04478663
    114.04478663
    114.77688504
    114.46248850
    114.44241346
    114.69825246
    114.69825246
    113.96455409
    114.11096944
    112.16923295
    112.16923295
    112.16923295
    112.16923295
    112.16923295
    112.56443678
    114.60258631
    114.42890753
    114.73332664
    114.73332664
    114.83145220
    114.77153378
    114.77153378
    114.77153378
    114.77153378
    113.60852971
    111.14746152
    111.14746152
    113.48367974
    113.48367974
    114.88438021
    114.66111787
    114.66111787
    114.66111787
    114.68162863
    114.68958253
    114.80201189
    114.99879530
    114.95275396
    114.95739434
    114.74787442
    114.53122004
    114.51902512
    114.38297263
    114.20929227
    114.22286614
    114.22286614
    114.22286614
    112.87367743
    114.16991373
    114.16991373
    113.84305697
    113.84305697
    113.74958978
    113.96148776
    114.63291550
    114.82934505
    114.82934505
    114.91468139
    114.94993737
    114.94993737
    114.95164768
    114.98863376
    114.96349764
    114.98360042
    114.97485550
    114.87839041
    114.91875479
    114.83473495
    114.87931116
    114.84827386
    114.84827386
    114.87131219
    113.87356908
    114.23471829
    114.63564202
    114.31032889
    114.63941356
    114.63941356
    114.63941356
    114.63941356
    114.36013412
    114.10825726
    113.84149309
    113.84149309
    114.12617395
    114.11073932
    114.34993475
    114.79933755
    114.64987088
    114.64987088
    114.88159517
    114.93930210
    114.90260406
    114.90927250
    114.99246496
    114.57611105
    114.57611105
    114.64128522
    114.60820968
    114.60820968
    114.56094468
    113.94255567
    113.94255567
    113.94255567
    114.04232682
    114.04232682
    113.80436481
    113.80436481
    113.80436481
    113.90435544
    111.88512192
    111.88512192
    111.88512192
    109.37886356
    109.37886356
    109.37886356
    106.81402960
    106.99177682
    114.67123155
    114.67123155
    114.27018725
    114.68769184
    114.68769184
    113.86501339
    114.42772622
    114.92624678
    114.99646348
    114.99583545
    114.98621395
    114.98621395
    113.33190401
    113.33190401
    113.33190401
    112.81802966
    112.81802966
    112.81802966
    112.81802966
    112.81802966
    112.40888881
    112.60465812
    112.60465812
    112.90008159
    112.90008159
    113.93805076
    112.51021523
    112.51021523
    112.65789910
    112.98647512
    112.98647512
    113.28576274
    114.22095119
    113.97614218
    113.97614218
    113.97614218
    113.97614218
    113.97614218
    113.88081629
    113.88081629
    113.88081629
    114.26536780
    114.26536780
    114.73421227
    114.63912109
    114.37916443
    114.37916443
    114.45955183
    114.26662618
    113.50744296
    113.50744296
    113.50744296
    113.37092826
    113.36009701
    114.34599805
    114.34599805
    114.34599805
    114.34599805
    114.34599805
    114.34599805
    114.91592553
    114.91592553
    114.32270484
    114.32385485
    114.32385485
    114.31778661
    114.31778661
    114.57308680
    114.99220919
    114.99220919
    114.99130303
    114.15781157
    114.17262038
    114.17262038
    114.20878491
    113.34137979
    114.85358615
    114.97856800
    114.97856800
    114.77332838
    114.89651176
    114.89651176
    114.89372922
    114.89372922
    114.99334903
    114.99334903
    114.99377711
    114.99378998
    114.96860656
    114.56763122
    114.48674725
    114.14417830
    114.48686048
    114.59955076
    114.77209852
    114.77209852
    114.58837777
    114.62992316
    113.63056316
    113.81526958
    113.81526958
    113.81526958
    114.04269953
    114.04269953
    114.56440905
    114.56440905
    114.93986613
    114.93986613
    114.14117838
    114.21500417
    112.83135547
    112.83135547
    114.76086330
    114.55040888
    114.55040888
    114.79365947
    114.50160770
    114.50959967
    114.79445636
    114.76524363
    114.83251260
    114.84929194
    114.35343633
    114.30958778
    114.57169680
    114.82397968
    114.86284112
    114.86531660
    114.82880145
    114.57684187
    114.58037315
    114.44123341
    114.25711045
    114.44287086
    114.26575454
    114.41434508
    114.41434508
    113.27755886
    113.27755886
    113.30449395
    114.28464216
    114.23214059
    113.51680851
    113.51680851
    113.51680851
    114.02253495
    114.02253495
    113.79079553
    113.79079553
    111.76292948
    111.76292948
    112.31374890
    112.31374890
    113.37465737
    113.37465737
    113.35555104
    113.41353532
    114.96306362
    113.83400278
    113.83400278
    113.83400278
    114.34079867
    113.85999388
    114.06442210
    114.06442210
    114.59682270
    114.58366793
    114.58366793
    114.75437190
    114.69628039
    114.58889109
    113.58678131
    113.58678131
    114.72571704
    114.72571704
    113.47043102
    113.47043102
    113.47043102
    113.68804025
    113.68804025
    113.68804025
    113.68804025
    113.68804025
    114.43319838
    114.44497862
    114.92661902
    114.92661902
    114.92661902
    114.92661902
    114.91067438
    114.91067438
    114.31667494
    114.26015815
    114.09430703
    114.86013695
    114.86013695
    114.25888332
    114.27953636
    114.27953636
    114.24959313
    114.58230615
    114.61658338
    114.39568239
    114.90722277
    114.90722277
    114.90722277
    114.90722277
    114.90723802
    114.70619811
    114.88227071
    114.80990509
    114.74179626
    114.15636915
    114.15636915
    113.96068727
    114.18065027
    114.28544265
    114.62586878
    114.34764113
    114.48019114
    114.74584110
    114.40397230
    114.26336130
    114.90220428
    114.90769576
    114.90769576
    114.90769576
    114.88200208
    114.65778263
    114.61655862
    114.67505160
    114.84198228
    114.85864691
    114.85799741
    114.50491446
    114.50491446
    112.60672485
    112.82459514
    111.94565403
    112.84476659
    112.84476659
    113.52462255
    113.70536574
    114.80414336
    114.72657341
    113.47029730
    114.96040084
    114.96040084
    114.96040084
    114.12500710
    114.29785615
    114.50848099
    114.62648447
    114.82126834
    114.83896726
    114.82157267
    114.91021007
    114.76003938
    114.68775844
    114.85417596
    114.76405614
    114.76405614
    113.15944127
    113.15944127
    113.15944127
    113.63453730
    113.00687910
    113.00687910
    112.66718647
    111.87775712
    111.35368503
    111.70262109
    113.13063555
    113.13063555
    114.52545921
    114.52545921
    114.48015760
    114.48015760
    114.51923799
    114.57635716
    114.67383682
    114.83353377
    114.78622175
    114.90834079
    114.90834079
    114.77645356
    114.50506088
    114.88075510
    114.51804994
    114.51804994
    114.37152071
    114.54360892
    114.54360892
    114.50424411
    114.02175169
    114.30079671
    114.30079671
    114.99691538
    114.99691538
    114.71937053
    114.59314320
    114.48501874
    114.94022003
    114.94022003
    114.96770033
    114.98166931
    114.87207498
    114.88960274
    114.88960274
    114.88960274
    114.88960274
    114.88960274
    114.93323142
    114.93866911
    114.92961534
    114.92961534
    114.59033173
    113.78158915
    113.74799661
    113.74799661
    113.39504433
    113.39504433
    113.39504433
    113.39504433
    113.39504433
    113.95226404
    113.95226404
    114.61035471
    114.69559555
    114.69559555
    114.68199303
    114.59586136
    114.06915719
    114.06915719
    114.98646103
    114.99680552
    114.89736972
    114.89736972
    114.89736972
    114.59271819
    113.87202062
    112.81520339
    112.81520339
    112.81520339
    112.81520339
    112.81520339
    114.91583750
    114.01935949
    114.01935949
    113.84640742
    113.84640742
    114.34664339
    114.34664339
    113.95720624
    114.27929558
    114.05844458
    114.43825935
    114.40004830
    114.35781223
    114.10114160
    114.07298373
    113.63800745
    112.25299172
    112.25299172
    111.76777950
    111.76777950
    110.89031139
    110.89031139
    112.06551928
    112.21945223
    112.77132242
    114.20351820
    114.09070232
    114.09789924
    114.34596316
    114.43891278
    114.00242864
    114.09026554
    114.13058002
    114.31234004
    114.60301410
    114.28814744
    114.28814744
    111.42033240
    113.20793122
    113.20793122
    113.20793122
    112.66138502
    113.83758244
    113.74201096
    113.74201096
    113.13743223
    114.21171976
    113.26192248
    113.26192248
    113.60934366
    113.80425582
    113.18102322
    114.39828047
    114.39828047
    114.39828047
    114.39828047
    114.58471210
    114.58471210
    114.79986257
    114.38123932
    114.45377885
    114.33788077
    113.19209281
    113.64640767
    113.44734866
    113.48784941
    114.45269401
    114.46835340
    114.46835340
    114.92451156
    114.93816740
    114.93816740
    114.86101886
    114.79855067
    114.79855067
    114.52170684
    114.52170684
    114.50638861
    114.88895133
    114.85863286
    114.85863286
    114.94367616
    114.97968371
    114.66120275
    114.42502936
    114.00492883
    114.48963575
    114.48963575
    114.54396074
    113.31353869
    112.38184819
    113.27322699
    113.27322699
    113.36106088
    111.33680043
    112.29938256
    111.40387851
    113.21790838
    112.64878650
    108.05899883
    108.05899883
    112.08222004
    112.08222004
    112.75719084
    113.29295804
    113.29295804
    113.29295804
    112.63651317
    112.59017731
    112.76257975
    112.76257975
    108.07957475
    108.07957475
    108.07957475
    108.07957475
    112.82980250
    113.40260241
    113.62687250
    113.81219418
    111.57128140
    111.57128140
    111.80080884
    112.51242942
    114.31873271
    114.19904745
    113.48225015
    113.08853633
    113.20819226
    113.20819226
    114.10610794
    112.74446279
    112.74446279
    112.74446279
    113.22491625
    112.87711413
    112.87711413
    113.20961133
    113.26152566
    113.26152566
    113.26152566
    113.26152566
    113.56590975
    113.56655825
    113.19780206
    113.59081593
    113.59081593
    113.59081593
    114.24916032
    114.33245979
    114.33245979
    114.25966559
    114.18292075
    113.16853362
    113.16853362
    113.04027202
    113.04027202
    113.84334870
    114.39183247
    114.94555062
    114.95062457
    114.95062457
    114.75383001
    114.75383001
    114.59980751
    114.77980292
    114.74863610
    114.37950246
    114.30685120
    113.87117136
    113.87117136
    113.87117136
    113.87117136
    113.87117136
    114.25877768
    114.25877768
    114.25107590
    114.43847638
    114.38971289
    114.38971289
    114.21098984
    114.21009920
    114.21009920
    114.46536359
    114.46536359
    114.46536359
    114.77605916
    114.78813915
    114.78813915
    114.78813915
    114.63700012
    114.64066096
    114.68809961
    114.68809961
    114.83075938
    114.39894676
    114.39894676
    114.26698464
    114.75078747
    114.75078747
    114.67823702
    114.88939720
    114.74131788
    114.22398531
    114.22398531
    112.74889742
    112.74889742
    113.04581262
    113.04581262
    113.04581262
    113.04581262
    113.21559147
    113.21559147
    113.21559147
    111.95246417
    112.90165418
    114.11123145
    114.80348926
    114.52435700
    114.23681418
    114.78761057
    114.56572404
    114.56572404
    114.76140097
    114.96353512
    114.86190959
    114.86067796
    114.86067796
    114.99187971
    114.60467646
    114.60467646
    114.36013307
    114.36013307
    114.35643428
    114.69837147
    114.69837147
    114.69837147
    114.69837147
    114.15484831
    113.94814549
    114.64244729
    114.93964020
    114.93964020
    114.93964020
    114.80367976
    114.74728981
    114.80255660
    114.81965352
    114.23111823
    114.23111823
    114.38936761
    114.38936761
    114.38813827
    113.94158475
    112.35407554
    112.35407554
    112.70687747
    112.16628969
    113.49073910
    113.62299827
    112.56415464
    112.31495922
    112.41172867
    112.86904281
    113.25224188
    113.25224188
    113.25813693
    114.56475037
    114.34923012
    114.34923012
    114.84322363
    114.82047693
    114.14655440
    114.14655440
    114.83811894
    114.74420366
    114.74420366
    114.62342465
    114.36288341
    114.39056549
    114.39056549
    114.39056549
    114.34005347
    114.27629107
    113.87391453
    114.31036602
    114.31036602
    114.30364693
    114.30364693
    114.07545066
    114.07545066
    114.07545066
    114.34193247
    113.80698774
    114.46668806
    114.21351773
    114.66606649
    113.69931348
    114.47486036
    114.63103327
    114.02038806
    114.82241980
    114.82241980
    114.81081509
    114.80584523
    114.66153457
    114.98811512
    114.93135584
    114.93135584
    114.93525886
    114.90978941
    114.92160318
    114.79587905
    114.79587905
    113.94949752
    113.96840085
    113.96840085
    114.89001473
    114.89001473
    114.54458790
    114.11409043
    114.11409043
    113.78928317
    114.20273630
    114.52189647
    114.49336711
    114.49336711
    114.71706288
    114.12500214
    114.38200028
    113.72704986
    113.72704986
    113.87135277
    114.12152525
    114.17274796
    114.17274796
    114.11443331
    114.72290760
    114.41278214
    114.31659534
    114.65038656
    114.57839784
    114.57839784
    114.44963794
    113.74086325
    113.74086325
    113.47295290
    113.33042359
    113.33042359
    113.33042359
    113.94036110
    114.66756296
    114.66756296
    114.66756296
    114.88065091
    114.88065091
    114.88065091
    114.39783638
    114.30488237
    114.45574220
    114.56859469
    114.56566990
    114.86877103
    114.92215640
    114.79197293
    114.70175936
    114.21052018
    114.28022339
    114.28022339
    112.92312261
    112.92312261
    111.45221475
    111.45221475
    111.45221475
    111.45221475
    111.45221475
    111.45221475
    111.52730253
    112.46798797
    112.46798797
    112.46798797
    113.59769976
    113.59769976
    113.56561527
    113.68310617
    113.94082439
    113.94082439
    114.18910750
    114.18910750
    114.18910750
    114.17709152
    114.17709152
    114.36867155
    114.40853673
    114.39089335
    114.39089335
    114.47358410
    114.23972274
    113.42407774
    112.90623635
    112.68539997
    112.68539997
    112.68539997
    112.81439551
    112.81439551
    112.59051361
    112.59051361
    111.76013968
    113.59430090
    113.59430090
    113.72723700
    113.96188345
    113.32749580
    113.99986398
    113.35577728
    113.63168299
    114.30644037
    114.99308151
    114.83906236
    114.84884239
    114.87953848
    114.13795858
    114.22008351
    114.19788503
    114.19788503
    114.74938650
    111.78375922
    114.49550673
    114.49550673
    114.94928469
    114.92088424
    114.90285971
    114.94334187
    114.94334187
    114.94098380
    114.13556059
    114.13556059
    114.68580058
    114.68580058
    114.03463949
    114.03463949
    114.05090612
    113.89528796
    114.59785754
    114.10080265
    114.25505083
    114.24525378
    114.21876562
    114.21876562
    114.21876562
    113.96770162
    114.48203265
    114.53914187
    114.53914187
    114.52727083
    114.52727083
    114.52727083
    114.52727083
    114.64157666
    114.11955137
    114.04579975
    114.04579975
    114.31506455
    114.31506455
    113.57268728
    113.67710991
    113.67710991
    111.95521624
    111.95521624
    111.95521624
    111.95521624
    112.90887512
    113.78841632
    114.24426757
    114.26174178
    113.70640472
    113.48348743
    113.48338591
    111.50257494
    111.50257494
    111.28799694
    112.93621688
    110.85138299
    110.85017235
    110.85017235
    110.85017235
    110.85017235
    110.85017235
    113.15177431
    113.15177431
    113.34244690
    113.34244690
    113.34244690
    112.79942741
    112.29841608
    112.12364851
    113.01861565
    114.53036312
    114.53036312
    114.53036312
    114.67900121
    114.01987850
    114.01987850
    114.01987850
    113.76174345
    114.31744934
    113.43880153
    114.84663320
    114.84663320
    114.77858698
    114.77858698
    114.84727823
    114.40927307
    114.61441931
    114.67670748
    114.67670748
    114.72955581
    114.39341709
    114.49785606
    114.49668894
    113.60813856
    114.28179116
    113.77681186
    113.77681186
    113.77681186
    113.67659430
    114.67401603
    110.95502971
    113.70730795
    113.70730795
    114.55982454
    114.07090583
    114.07090583
    113.34700805
    113.19590742
    113.63119169
    114.37477039
    114.49517986
    114.41986403
    114.41986403
    114.51052926
    114.50460712
    114.81952639
    114.88177632
    114.88484601
    114.98462240
    114.86542755
    114.84543772
    114.97169523
    114.32751380
    114.58803996
    114.27057707
    113.93709135
    114.04680373
    114.04680373
    114.04680373
    113.17040082
    113.46971660
    113.04640032
    113.04640032
    112.15401277
    112.84083420
    113.83924290
    113.83924290
    112.92050340
    113.06710812
    114.50528751
    114.29837407
    114.29837407
    114.43500314
    114.53300011
    114.58380089
    114.58380089
    114.58380089
    114.86219820
    114.96527795
    114.97659787
    114.79983678
    114.79983678
    114.79983678
    114.58131538
    114.70126213
    113.88674732
    114.67634138
    114.72867720
    114.39600830
    114.39600830
    114.37933143
    113.91250074
    113.91250074
    114.46503483
    114.67701245
    114.71155196
    114.72358848
    114.67019716
    114.67019716
    114.67019716
    114.60084766
    114.36523051
    114.36523051
    114.22727634
    114.32824333
    114.21016554
    114.31327134
    113.99723592
    113.99723592
    114.43488755
    114.35568931
    114.37957862
    114.37957862
    112.92601606
    111.22392933
    111.22392933
    111.22392933
    113.51975772
    114.34839060
    114.56640517
    113.39625026
    113.16053806
    113.48422524
    112.71941289
    113.77854408
    114.03367152
    114.49531166
    114.42739821
    114.32204149
    114.32204149
    114.88224439
    114.73286988
    114.77223417
    114.77223417
    114.80994425
    114.73566262
    114.73566262
    114.09317941
    114.64598695
    114.64598695
    114.31012661
    114.31012661
    114.31012661
    114.31012661
    113.86733428
    114.81150751
    114.89931075
    114.76789624
    114.83819140
    114.81611977
    114.89202632
    114.78790930
    114.78790930
    114.42094662
    114.89770508
    114.87270184
    114.85695665
    114.85695665
    114.35795412
    114.25555397
    114.19534388
    114.19534388
    114.49320676
    114.14977698
    114.14719878
    113.83634998
    113.20211376
    113.33547443
    113.06769604
    111.54041920
    114.14258833
    114.22741877
    114.50053116
    114.46322869
    114.46322869
    114.46322869
    114.78909709
    114.84595309
    114.72673999
    114.91756193
    114.85781642
    114.85781642
    113.96033822
    114.38487342
    114.38487342
    114.97340104
    114.94803400
    114.84897253
    114.92220880
    114.84775231
    114.85536356
    114.83832719
    114.83832719
    114.84755950
    114.83474120
    114.78001642
    114.78001642
    114.14898222
    113.59551083
    111.47814497
    112.39294180
    112.39294180
    112.39294180
    112.39294180
    112.39294180
    112.31763605
    112.31763605
    113.83775812
    113.83775812
    113.83775812
    113.83775812
    114.72292946
    114.76572566
    114.28117390
    113.70422129
    114.33411926
    114.24074581
    114.24074581
    114.24074581
    114.24074581
    114.92374974
    114.57701537
    113.65950684
    112.21729846
    112.96792273
    114.30833178
    114.30833178
    114.30833178
    114.30833178
    114.26495461
    114.35600999
    114.35136889
    113.23763357
    113.23711966
    113.09914581
    113.66841955
    111.77434984
    111.77434984
    111.77434984
    111.77434984
    111.77434984
    112.68638385
    112.52299037
    113.42513379
    111.24741501
    112.89322259
    112.89322259
    110.20068061
    112.21687331
    112.41888056
    114.35485310
    114.19983972
    114.71726390
    114.71726390
    114.68418191
    114.68418191
    114.89614766
    114.97621725
    114.99544032
    114.99544032
    114.99910888
    114.99910888
    114.96312305
    114.96312305
    114.88604099
    114.71659947
    114.87668032
    114.92636374
    114.92636374
    114.88465168
    113.11716511
    113.33414173
    113.33414173
    113.33414173
    113.17689445
    113.17689445
    113.17689445
    113.17689445
    113.71563688
    113.01112445
    113.67473904
    113.67473904
    113.67473904
    113.91481480
    114.12632485
    114.59460582
    114.55184400
    114.55184400
    114.38504730
    114.48801490
    114.34289161
    114.46375479
    114.29414792
    114.83925532
    114.83925532
    114.90853101
    114.90853101
    114.89600515
    114.94247366
    114.93450979
    114.93450979
    114.93450979
    114.93450979
    114.88584341
    114.97180071
    114.58088216
    114.58088216
    113.41233115
    114.27706770
    114.27706770
    114.64035129
    114.59917222
    114.80212519
    114.80088648
    114.90118781
    114.88800622
    114.81364729
    114.81364729
    114.81364729
    114.62129426
    114.84449416
    114.15310723
    114.27714292
    114.28235065
    114.28235065
    114.28235065
    113.94118549
    113.79065556
    114.25691110
    113.98876609
    114.26420580
    114.91376011
    114.90339696
    114.89460505
    114.77705173
    114.95671521
    114.95671521
    114.96561919
    114.90352664
    114.58676430
    114.61876097
    114.81667939
    114.86570592
    114.32574446
    113.91670055
    113.31032193
    113.63660896
    113.63660896
    112.91438245
    112.91438245
    112.91438245
    113.13689934
    112.74767475
    112.92275661
    113.58620026
    113.53535796
    113.51848049
    113.51848049
    113.51848049
    114.40747654
    114.40747654
    114.38166847
    114.65959676
    114.67939674
    114.30558739
    113.72475194
    113.85548107
    113.44125538
    112.80253880
    113.18228535
    114.14012717
    114.14012717
    114.05430794
    114.13883301
    113.53665646
    113.55947621
    113.55947621
    113.55947621
    113.12135882
    113.55274329
    113.56366153
    113.56366153
    113.88811294
    114.54841749
    113.03895256
    113.63104396
    113.62910929
    113.00095419
    113.58936618
    113.36755108
    113.76927318
    113.79792892
    113.79792892
    113.93439688
    113.93439688
    113.81771654
    113.81771654
    113.88671290
    113.72501652
    113.72501652
    113.80213394
    113.91780000
    113.77928245
    114.78461139
    114.78461139
    114.78859887
    114.78859887
    114.73726739
    114.68727833
    114.49446782
    114.78030603
    113.92526217
    114.13605255
    114.57540756
    113.89635879
    114.10159981
    113.46018445
    113.82708292
    113.52202876
    113.15622836
    113.97309023
    113.97309023
    113.97309023
    114.37640070
    114.31935956
    111.70108203
    111.70108203
    111.70108203
    111.70108203
    111.70108203
    110.31944607
    110.31944607
    111.95562009
    111.41746958
    112.25247980
    112.25247980
    112.82542899
    112.82542899
    112.56668867
    112.56668867
    114.02864650
    113.16427254
    113.16427254
    113.16427254
    113.59334337
    113.59334337
    114.11233712
    114.11233712
    113.72236587
    113.72236587
    113.37369686
    113.83713184
    112.53160398
    112.53160398
    111.44723436
    111.44723436
    111.44723436
    111.44723436
    113.67609579
    114.39617464
    114.39669222
    113.98234689
    114.45875937
    114.27185864
    112.61096893
    112.57591281
    113.30666087
    113.30666087
    113.26110368
    113.26110368
    114.67971505
    114.53118805
    114.53118805
    114.49204286
    114.49204286
    112.90361428
    114.11572682
    114.12887053
    114.81091971
    114.94740967
    114.48658112
    114.61117262
    114.65617505
    114.42023057
    114.42023057
    113.53025734
    113.53025734
    113.53025734
    113.53025734
    113.55332803
    112.92175131
    113.28409096
    113.97668946
    113.97668946
    114.08244598
    114.08244598
    114.89393010
    114.83583300
    114.82017042
    114.92727678
    114.46514538
    113.58691154
    113.58691154
    113.58691154
    113.76043482
    113.76043482
    113.76043482
    113.99622694
    113.93014767
    114.42263582
    114.42263582
    114.12241131
    114.74214740
    114.74214740
    114.69297597
    113.84561819
    114.16467845
    114.51489117
    112.93089683
    112.93089683
    112.14774567
    112.51792951
    112.51792951
    113.42447439
    114.55228439
    114.24811474
    114.93400046
    114.98507430
    114.99788883
    114.99788628
    114.99250775
    114.33150825
    114.37267063
    113.52662534
    113.52662534
    113.61570021
    113.73579261
    112.93780979
    112.93780979
    113.55600061
    114.21231392
    114.59490541
    114.57134155
    114.92093943
    114.89812576
    114.89801106
    114.87258458
    114.66753074
    114.66753074
    114.18468715
    114.61299800
    114.61299800
    114.95464383
    114.89734787
    114.89734787
    114.73143239
    114.78166979
    114.75488936
    114.59036970
    114.59036970
    114.59036970
    114.59036970
    114.26203523
    114.26203523
    114.60746689
    114.73902065
    114.73902065
    114.76602775
    114.81323567
    114.94627714
    114.58925726
    114.58925726
    114.58925726
    113.70342013
    113.08480405
    113.08480405
    113.12709034
    113.54957119
    113.54957119
    113.27399283
    113.27399283
    113.04424900
    114.10930745
    114.10930745
    114.10930745
    114.10930745
    113.83967540
    113.83967540
    113.83967540
    113.73541276
    113.90276238
    113.52331712
    114.32731728
    114.51464408
    114.51464408
    114.14037883
    114.14037883
    113.71573460
    113.71638712
    114.54356377
    114.53535900
    114.55281878
    114.46188657
    114.46188657
    113.80668632
    113.80668632
    113.80668632
    113.80668632
    113.80668632
    114.67523862
    114.67523862
    114.67523862
    114.82785177
    114.77334554
    114.57672939
    114.57672939
    114.05780207
    114.05780207
    114.51469066
    114.99073072
    114.21961124
    114.21961124
    114.05885810
    113.98876493
    113.92476002
    113.91627392
    113.91627392
    111.02401618
    107.18676897
    112.06516106
    112.06516106
    112.47134123
    112.42637911
    111.95776063
    113.19372757
    113.07626577
    113.07626577
    113.07626577
    113.12404458
    114.17826076
    114.38457337
    114.28407368
    114.28768144
    114.68834931
    114.71075685
    114.34146976
    114.26630425
    114.30753079
    114.14138436
    114.14138436
    114.07667701
    114.56551303
    114.42716218
    114.28223909
    114.34485136
    114.48212376
    113.68317396
    112.54018290
    113.47931971
    113.87300026
    113.64216568
    114.80149855
    114.72850414
    114.83410756
    114.85204530
    114.74631876
    114.74631876
    114.24449595
    114.24449595
    114.24449595
    114.00635867
    114.01337654
    114.01337654
    114.03307576
    114.36129955
    114.31890545
    114.92862599
    114.89813452
    114.80599365
    114.80599365
    114.80483764
    114.45492131
    114.45492131
    112.97171174
    112.97171174
    114.39754722
    114.39754722
    114.58524558
    113.86524650
    113.86524650
    113.77240101
    112.48952600
    113.63613517
    113.63613517
    113.63613517
    113.63613517
    113.63613517
    113.63613517
    113.63613517
    113.10327969
    113.10327969
    112.65218268
    111.77275755
    114.42915590
    114.99016178
    114.95800003
    114.12479547
    114.75837810
    114.36988009
    114.36988009
    114.36988009
    114.50657647
    114.50657647
    114.50657647
    114.77334997
    114.79167270
    114.72791284
    114.57687411
    114.56799113
    114.50352050
    110.98361814
    113.30382321
    113.30382321
    113.30382321
    113.30382321
    113.64925394
    113.36589148
    113.81941224
    112.03970133
    114.83936851
    114.87436414
    114.58151015
    114.58151015
    114.20253186
    114.20253186
    114.38814514
    114.90117510
    114.64899309
    114.64899309
    114.81912515
    114.74767745
    114.80444125
    114.93263692
    114.93255386
    114.93255386
    114.92098352
    114.92098352
    114.92098352
    114.92098352
    114.09446804
    114.09446804
    113.04051009
    114.13123902
    114.13064088
    114.55995720
    114.80186380
    114.37659838
    114.18320452
    113.89959632
    114.44210137
    114.04592279
    114.04592279
    114.04592279
    114.04592279
    114.04592279
    114.18378110
    114.18378110
    113.77401266
    114.44502606
    114.44502606
    114.95326613
    114.95326613
    114.95326613
    114.93465715
    114.99614129
    114.99614129
    114.92251112
    114.81028070
    114.97051222
    114.97051222
    114.90274552
    114.18178229
    114.30998847
    112.74231969
    112.95779840
    112.95779840
    113.08087088
    113.01187226
    113.81182156
    113.81182156
    113.48169188
    113.56458256
    113.89825092
    114.15490410
    113.55931098
    113.55931098
    113.81764178
    113.68732612
    114.44357013
    114.35018842
    114.24516024
    113.34616675
    113.34616675
    112.33049409
    113.20327241
    113.02025566
    113.02025566
    113.49220707
    113.98261914
    113.38566158
    114.65945583
    114.65945583
    114.93114479
    114.90974766
    114.77294325
    114.94395129
    114.97497600
    114.97497600
    114.98379895
    114.96852120
    114.79717734
    114.79717734
    114.82418585
    114.91084071
    114.91084071
    114.01925254
    114.01925254
    114.88288493
    114.10767686
    114.10767686
    113.85269256
    113.85269256
    113.85269256
    114.39446418
    114.36532475
    114.36532475
    114.83216680
    114.83523881
    114.87124643
    114.87124643
    114.30802860
    114.37068111
    114.60186757
    113.54297053
    113.54297053
    114.66795033
    114.81302820
    114.80450187
    113.38775123
    113.38775123
    113.30724961
    112.55709852
    112.55709852
    113.23090687
    114.52709227
    114.52709227
    114.51284990
    113.93194073
    113.93194073
    112.46969587
    112.46969587
    113.48546921
    113.90104564
    113.37177698
    113.67716830
    113.67716830
    113.67716830
    113.67716830
    113.67716830
    113.67716830
    113.08450622
    113.08450622
    113.08450622
    113.08450622
    114.20922828
    114.41213232
    114.41213232
    113.78345164
    114.78010354
    114.79643650
    114.97116384
    114.99014802
    114.99014802
    114.18640545
    114.88771609
    114.93589093
    114.92909149
    114.92909149
    114.96040440
    114.99786895
    114.99786895
    114.43207408
    113.99650820
    114.47283771
    113.73510166
    113.73510166
    113.61636547
    114.04284401
    114.04284401
    114.04284401
    114.11311368
    114.11311368
    114.48783890
    114.24546496
    114.48515696
    113.46337632
    113.46337632
    114.59263395
    114.79397378
    114.84449643
    114.84449643
    114.85245775
    114.85245775
    114.52620534
    114.70887952
    114.83933839
    114.90366205
    114.61069022
    114.76005031
    114.76574088
    113.36508829
    113.36508829
    113.36508829
    111.67700618
    111.67700618
    112.06886117
    111.91935386
    111.91935386
    111.91935386
    111.78216269
    113.79314975
    113.79314975
    114.38487997
    114.43324920
    113.09424602
    113.68623996
    113.83300213
    113.83300213
    113.83300213
    113.83300213
    114.29587865
    113.51074299
    114.39766677
    112.63366476
    114.79822060
    114.41865660
    114.62361903
    114.36894737
    114.36894737
    114.18412537
    114.48405112
    114.28920742
    114.40860631
    114.40860631
    114.89684667
    114.89684667
    114.86028332
    113.58990570
    113.46902099
    114.92538430
    114.36767028
    114.92339720
    114.92389038
    114.92389038
    114.95730599
    114.86248503
    114.86042753
    114.56386054
    113.91177318
    113.77168774
    114.69936470
    114.47446487
    114.47446487
    114.37434993
    113.65861880
    114.49557563
    114.52147832
    114.52147832
    114.95571099
    114.95571099
    114.95802913
    114.67223909
    114.94326311
    114.94326311
    114.95319261
    114.95319261
    114.67527677
    113.81634813
    113.81634813
    114.18117987
    112.82660339
    114.29407811
    114.29407811
    114.60694601
    114.97721893
    114.98495663
    114.98495663
    114.98457528
    114.58362338
    114.58362338
    114.15197882
    114.38789208
    114.38789208
    114.46137750
    114.46137750
    114.36940433
    114.36940433
    114.65442498
    114.46213561
    114.88465196
    114.99244803
    114.98366249
    114.97800011
    114.76793870
    114.41068943
    114.85402918
    114.83328791
    114.96338599
    114.93876111
    114.78002526
    113.46478922
    112.02077622
    112.02077622
    113.77872620
    113.87461921
    113.87461921
    113.87461921
    114.18665967
    113.27922049
    113.96773006
    113.96773006
    113.78190003
    112.82011521
    112.81691693
    112.81691693
    113.76672852
    113.76672852
    113.76672852
    114.08213996
    113.70787018
    112.09779152
    112.98357832
    112.98357832
    113.75879908
    114.89202338
    114.60911734
    114.82246880
    114.41505005
    114.41533043
    114.16598262
    114.16598262
    112.60724417
    112.62823740
    113.74857725
    114.13867713
    113.88706929
    112.97405548
    113.04285238
    112.86119741
    112.84094162
    112.84094162
    113.88630334
    114.84143158
    114.66595560
    114.61492734
    114.60055574
    114.62437134
    114.62437134
    114.45211048
    114.31766174
    114.93043450
    114.49223949
    114.49223949
    114.49223949
    114.56349380
    114.86735839
    114.88156543
    114.88948952
    114.87243979
    114.87243979
    113.51849581
    114.33566836
    114.33566836
    114.81263307
    114.59346680
    114.63496099
    114.54575314
    114.14519345
    114.14519345
    114.24686325
    114.41508546
    114.41508546
    113.96034882
    113.93809421
    114.65202977
    113.06004157
    113.06004157
    113.06004157
    114.29379435
    114.29379435
    114.29379435
    114.29379435
    114.18395924
    114.18395924
    114.33813893
    114.32528884
    114.23403269
    114.23403269
    114.38280025
    114.72312182
    114.40827888
    114.59931568
    114.78250605
    114.98938217
    114.66749168
    114.92589416
    114.91196022
    114.91196022
    114.91196022
    114.66187370
    114.10012652
    114.10012652
    113.73682567
    113.73682567
    113.73682567
    114.11950695
    114.77133191
    114.73718928
    114.90970385
    114.90271183
    114.90271183
    114.90271183
    114.51088615
    114.23827222
    114.49380207
    114.65677559
    114.65677559
    114.21581670
    114.21581670
    114.28083394
    114.92957036
    114.94634928
    114.94634928
    114.94634928
    114.95201041
    114.60696327
    113.69247177
    113.88515287
    114.23437528
    114.70883486
    114.70883486
    114.64116914
    114.66029286
    114.66029286
    114.66281128
    114.18955365
    114.16905901
    113.90761883
    113.90761883
    113.90761883
    113.90761883
    113.90761883
    112.16683499
    112.16683499
    113.37407139
    113.37407139
    113.32494619
    113.32791273
    114.37666073
    114.37666073
    114.56039755
    114.45178918
    112.62365445
    112.62365445
    112.67883952
    112.98534339
    113.09752542
    112.81351972
    113.98763405
    114.02571505
    114.02571505
    114.62002593
    114.38679445
    114.38679445
    114.41058093
    114.49030153
    114.69245772
    114.69245772
    114.71525108
    114.95043983
    114.95043983
    114.27842775
    114.80830973
    114.80830973
    114.80830973
    114.93067618
    114.93067618
    114.90103067
    114.86513586
    114.80945509
    114.80945509
    114.93260066
    114.96668491
    114.99251943
    114.98787239
    114.87170093
    114.87170093
    114.87170093
    114.88877033
    114.32191334
    113.60707294
    112.78300203
    113.24140013
    114.28675213
    113.53207224
    113.66184130
    112.81973460
    112.80008813
    112.80008813
    113.68734419
    114.53251443
    114.12152027
    113.32352215
    114.30718542
    113.93594157
    113.93594157
    113.97228597
    114.48460893
    114.49633895
    114.11726923
    114.11726923
    113.36495562
    112.88238757
    112.88238757
    112.91856479
    112.91856479
    111.40252777
    112.49811931
    112.49811931
    112.39980338
    112.39980338
    112.56336095
    112.56336095
    112.43073468
    112.97458410
    113.30280858
    113.26132432
    113.85196034
    113.85196034
    113.98027715
    113.98027715
    114.13938284
    113.49538443
    113.84996131
    113.87616810
    112.81518113
    111.54873444
    111.54873444
    111.54873444
    113.14393464
    111.45872320
    111.45872320
    111.45872320
    111.45872320
    111.45872320
    113.07409197
    113.32550939
    113.27118328
    113.38721210
    113.70040464
    114.49393406
    114.51792667
    114.48408815
    113.35231967
    113.77119612
    112.70036212
    111.60891317
    112.41856162
    112.77934866
    113.82326245
    113.83313340
    114.67663104
    114.16102308
    114.13595930
    114.13595930
    114.13595930
    114.32650720
    114.40379093
    114.19290341
    114.50252369
    114.67647711
    114.67647711
    114.75500127
    114.72371609
    114.95726531
    114.96682146
    114.89106402
    114.92152890
    114.78344059
    114.54002200
    114.17514082
    114.17746833
    113.42280642
    113.42280642
    114.02952670
    114.02952670
    114.06919024
    114.06919024
    114.48716461
    113.95759523
    113.99325760
    113.57006610
    114.09667122
    114.68364756
    114.44488488
    114.44488488
    114.33849106
    114.67687422
    114.79152811
    114.82628292
    114.94782266
    114.90246925
    114.70499943
    114.70499943
    113.95818331
    114.26628347
    114.26628347
    113.93107061
    113.93107061
    114.63904000
    114.82163856
    114.71744651
    114.69606630
    114.26991618
    114.93992822
    114.77554972
    114.34678313
    114.27227077
    114.60995520
    114.80335537
    114.13858910
    114.36956949
    112.79304521
    112.79304521
    112.79304521
    113.35878909
    112.99046511
    113.66828279
    113.54958272
    112.75813143
    112.75813143
    112.92217211
    112.92217211
    113.07033975
    112.80925009
    112.88864755
    112.88864755
    113.80917890
    113.11783249
    114.33777091
    114.74192134
    114.76177997
    114.77784103
    114.77784103
    114.77784103
    114.75849026
    114.70222276
    114.49838611
    114.64488056
    114.64488056
    114.48371180
    114.47621145
    114.47621145
    114.47483951
    113.13399926
    113.13399926
    113.13399926
    112.61308447
    112.61308447
    112.61308447
    112.61308447
    111.95676580
    113.00855070
    113.15777150
    113.15777150
    112.96252590
    112.96252590
    113.15866300
    113.50788611
    113.60309149
    114.31407464
    113.52465159
    114.15423076
    114.25043427
    114.26613387
    114.26613387
    114.06472314
    114.06472314
    114.25800811
    114.25800811
    114.23183730
    114.88235813
    114.88235813
    113.56707067
    113.56707067
    113.56707067
    113.56707067
    114.39550245
    114.76198464
    114.22438356
    114.46439526
    114.81566205
    114.81566205
    114.68923174
    114.73524894
    114.70117162
    113.97687296
    113.24862051
    111.94539099
    114.19503679
    114.92856008
    114.81293929
    114.81293929
    114.69410663
    113.93973161
    114.16009203
    114.16009203
    114.06635106
    114.08002009
    114.08002009
    114.08002009
    114.08002009
    113.44364372
    111.95001493
    111.39253871
    111.62193454
    111.85120920
    111.05219890
    110.52546635
    110.55458099
    113.23365032
    113.23365032
    113.58523690
    113.68603978
    114.27557355
    114.52085363
    114.10980062
    114.10980062
    114.23815466
    114.71519132
    114.97448242
    114.93249263
    114.93249263
    114.49938664
    113.66139395
    113.82284870
    114.68743254
    114.68342214
    114.60616811
    114.60329183
    114.60329183
    114.55103454
    113.81258893
    114.57604747
    114.59061733
    114.27626281
    114.29411080
    113.32975616
    113.32975616
    113.32975616
    112.20765086
    112.20765086
    112.84132955
    112.84132955
    112.84132955
    112.84132955
    111.84858695
    111.84858695
    110.32680910
    113.32669482
    113.51073147
    113.51073147
    113.51073147
    113.29103023
    113.29103023
    112.53318544
    114.33673079
    114.33673079
    114.59963699
    114.59963699
    114.62966723
    114.77238278
    114.84218050
    114.69440364
    114.90720539
    114.94700317
    114.84612631
    114.88827032
    114.88800019
    114.88800019
    114.93077013
    114.93077013
    114.93077013
    114.80637849
    114.27766554
    114.19876735
    114.70849649
    114.70849649
    114.62846230
    114.25436304
    113.64172447
    113.64172447
    114.43082899
    114.43082899
    114.43082899
    114.43082899
    114.69919010
    109.96404221
    109.96404221
    109.96404221
    114.75889955
    114.86963749
    114.91543790
    114.84008525
    114.71316492
    113.88304163
    113.66246600
    114.08517104
    114.08517104
    114.49938285
    114.66623705
    114.90282549
    114.81938107
    114.19290608
    113.78337397
    113.27022310
    112.83941999
    112.83941999
    114.68310316
    114.78966848
    114.91099554
    114.91099554
    114.71363444
    114.80879693
    114.58633889
    114.58633889
    114.11072671
    114.33712692
    113.80775738
    113.80775738
    113.80775738
    113.43934412
    113.43934412
    113.43934412
    112.24298929
    112.01027064
    112.01027064
    113.92101331
    114.94667185
    114.96880249
    114.97501557
    114.56963847
    114.74325680
    114.74325680
    114.80282549
    114.86042236
    114.61896543
    114.52973074
    114.21049781
    113.83106869
    112.19001064
    112.19001064
    112.19001064
    111.91291380
    113.93191063
    113.93191063
    113.19479307
    114.28048838
    114.36258361
    114.57507088
    114.57507088
    113.93513668
    113.93513668
    114.00686383
    114.00154636
    114.03799409
    114.03799409
    114.03799409
    113.68315834
    114.41113597
    114.41113597
    114.54592074
    114.54592074
    114.58283974
    114.58283974
    114.74095452
    114.43971194
    113.76180224
    113.30084217
    113.26177427
    113.02878417
    113.88998454
    114.50549388
    114.57526338
    114.57398444
    114.57398444
    114.91311769
    114.82644559
    114.65583849
    114.63851646
    114.63851646
    114.63851646
    114.24942395
    114.12711787
    114.12711787
    113.58042651
    110.30870657
    110.30870657
    110.30870657
    111.39284745
    114.12418742
    114.12848044
    113.60466424
    113.51651054
    112.13463790
    112.85005230
    113.95295352
    113.82613795
    113.90085338
    113.30402597
    113.72400018
    113.91110766
    114.23333030
    114.23333030
    114.20323581
    113.59415845
    113.34058986
    113.41215835
    114.25292563
    114.84944371
    114.85158415
    114.82712304
    114.82216282
    114.82216282
    114.89382029
    114.02040163
    114.46323631
    114.34466565
    114.34466565
    114.34466565
    113.58526875
    113.59973321
    113.20628706
    113.14449538
    113.18435857
    113.30137080
    113.37878050
    114.21180854
    114.18238692
    113.51494872
    113.51494872
    114.16814131
    114.07931707
    114.07931707
    114.40471542
    114.42040701
    114.33080916
    114.33080916
    114.33106016
    114.33106016
    114.79660261
    114.81072681
    114.81072681
    114.80511416
    114.75797838
    114.62847792
    114.65219181
    114.71828067
    114.71969046
    114.71969046
    114.51751188
    113.37103257
    113.37103257
    113.37103257
    113.44381194
    113.44381194
    113.68350144
    113.68350144
    113.68350144
    113.68350144
    113.68350144
    113.27582988
    113.09841213
    114.82326665
    114.82326665
    113.63374342
    114.21670749
    114.21670749
    114.21670749
    114.43715366
    114.08846028
    114.72758059
    114.72758059
    114.89829202
    114.85290533
    114.26590528
    114.26590528
    114.26590528
    114.26590528
    114.16964715
    114.00539507
    114.35315356
    114.35315356
    113.65598699
    113.65598699
    114.21315345
    114.21315345
    113.91873677
    114.18394096
    114.18394096
    114.59181050
    114.87996385
    114.87996385
    114.45039298
    114.35240934
    114.31244046
    114.31244046
    114.34765034
    114.34207581
    112.75194704
    111.96116396
    112.51578843
    112.51578843
    112.70376814
    112.70376814
    112.16705784
    112.16705784
    112.59347244
    111.81481335
    111.50937100
    111.84486709
    111.84126266
    112.68845401
    112.68845401
    112.68845401
    112.70419368
    112.67889300
    112.05431250
    111.97521699
    111.86947674
    112.81595161
    112.81595161
    112.81595161
    112.81595161
    113.64101397
    113.64101397
    113.56440672
    113.30321923
    113.48074788
    113.48074788
    113.91381867
    113.92289181
    113.65070406
    113.90367570
    114.37971349
    114.60805950
    114.75456348
    114.95333383
    114.58518397
    114.58518397
    113.53178614
    113.38397120
    113.38397120
    113.38397120
    113.40259968
    114.00182685
    114.00182685
    114.03984440
    114.17774658
    114.18549632
    114.40727543
    114.40727543
    114.50141446
    114.89905307
    114.93173316
    114.79414597
    114.34614491
    114.09762983
    114.27361512
    114.27361512
    114.02641861
    113.82746986
    114.67052482
    114.69120206
    114.77753509
    113.31531155
    113.95712700
    114.21894022
    114.99504277
    114.99504277
    114.82580367
    113.56981996
    113.56981996
    113.77312449
    114.35315645
    114.21147164
    114.36599170
    114.26375655
    114.41579651
    114.44528165
    113.96835196
    110.99250287
    110.99250287
    110.99250287
    113.02746981
    114.28915539
    114.28672109
    114.29990625
    114.29990625
    114.18524614
    114.59308324
    114.53686090
    114.53686090
    114.24224987
    114.24224987
    112.81300768
    113.39002785
    112.78077144
    112.78077144
    112.28065601
    112.11972094
    113.60231405
    114.71715392
    114.71715392
    114.38551415
    114.38551415
    114.43503224
    114.50396079
    114.20006807
    114.37244340
    114.37244340
    114.42559364
    114.42559364
    114.44934070
    114.44934070
    114.04958827
    114.04958827
    114.04958827
    112.73616457
    111.69026841
    111.69026841
    111.50787694
    112.76121537
    113.02737325
    113.35172203
    113.77096908
    113.70709558
    114.65366675
    114.43053389
    113.99984131
    114.30872053
    113.66979657
    113.57167861
    113.04291763
    112.06044718
    112.06044718
    112.66103330
    113.03293850
    113.49544260
    111.87077661
    114.46088044
    114.24656005
    114.24656005
    114.69698496
    114.71264177
    114.70121969
    114.54695059
    114.15690851
    113.96372373
    113.96372373
    113.74224307
    114.57244002
    114.57005198
    114.57005198
    113.46773336
    113.41434685
    113.08868948
    110.39051187
    110.39051187
    110.91190805
    110.96410804
    110.96410804
    110.96410804
    110.96410804
    113.95829521
    114.75415292
    114.40463703
    114.40463703
    114.40463703
    114.48724438
    114.72445879
    114.72445879
    114.18526257
    114.52866857
    114.59328223
    114.44344181
    113.76783638
    114.71517929
    114.71517929
    114.20987346
    114.20987346
    113.18615901
    113.18615901
    113.18615901
    113.71579763
    113.71579763
    111.12256852
    111.12256852
    111.12256852
    111.58431878
    114.98076669
    114.88530121
    114.88530121
    114.84759060
    114.84759060
    114.84759060
    114.88426705
    114.36018939
    114.25268248
    113.85412060
    114.23036186
    114.23036186
    113.86437767
    113.86437767
    113.88513926
    113.88513926
    113.88513926
    113.88513926
    113.97423781
    113.97423781
    113.88822020
    113.78475927
    113.59349043
    114.42698734
    113.85165298
    113.85165298
    113.69674759
    113.64673239
    113.64673239
    113.80333644
    113.83261041
    113.83261041
    114.29314409
    113.56948801
    114.15462496
    114.51616517
    114.08931464
    113.00160875
    113.00160875
    114.07223703
    114.07223703
    113.33909931
    112.40700858
    112.40700858
    110.35994365
    110.35994365
    112.52616897
    113.70181750
    113.72885139
    113.56902985
    113.70997863
    113.70997863
    114.06836757
    114.60496094
    114.60496094
    113.95211822
    113.47524050
    113.47524050
    112.75969742
    114.25452466
    111.34035157
    111.34035157
    111.34035157
    111.34035157
    109.34254893
    113.05261175
    113.05261175
    113.05261175
    113.05261175
    114.67241908
    113.77386386
    114.47725606
    113.52874500
    112.09200594
    112.09200594
    113.55423143
    113.17074765
    113.59669190
    113.24870256
    112.48990460
    111.92241296
    114.28846369
    114.17122238
    114.04072799
    112.67185800
    114.29508412
    114.29508412
    114.29508412
    114.29508412
    114.42647682
    113.91224336
    114.71189600
    114.55542034
    114.55542034
    114.90808605
    114.90808605
    114.90808605
    114.90744656
    114.90385367
    114.95604702
    114.71751414
    114.34460133
    114.34460133
    114.37535107
    114.83808100
    114.83808100
    114.57207427
    114.57207427
    111.92545442
    110.80691658
    110.80691658
    110.80691658
    110.80691658
    110.80691658
    113.07391212
    113.07391212
    114.02658894
    114.29897695
    114.29897695
    114.85375027
    113.99884858
    113.99884858
    113.99884858
    113.99884858
    114.43099056
    114.36999088
    113.86292757
    113.97389703
    113.21113935
    113.71853282
    113.61027894
    113.61027894
    113.61027894
    113.50344326
    113.50344326
    114.75264920
    114.72411914
    114.72411914
    114.86241403
    114.86241403
    114.59616765
    114.59616765
    113.65041790
    113.90302522
    114.22765372
    114.66326935
    114.66326935
    114.40906912
    114.53258084
    114.56934443
    114.91719182
    114.91719182
    114.70122431
    114.73238834
    114.50684898
    114.34080914
    114.34080914
    114.34080914
    114.46552838
    114.28322737
    114.28402281
    114.49294294
    114.50146578
    114.50146578
    113.62591691
    113.62591691
    113.74035212
    113.74035212
    113.74035212
    113.83222600
    113.83222600
    114.34567618
    113.94136185
    113.95763523
    114.92261690
    114.63077138
    114.63077138
    114.61465979
    114.64351560
    114.51840315
    114.62278038
    114.06464673
    114.43846037
    114.40287042
    114.18942943
    114.22623424
    114.30144431
    112.96337878
    112.96337878
    113.99322438
    113.95588794
    113.95588794
    114.33463992
    114.33463992
    113.45902931
    113.88366277
    113.81381858
    113.81381858
    114.24734363
    114.09583647
    113.53956118
    113.53956118
    113.90490848
    113.80309418
    114.57264421
    114.97110441
    114.95997021
    114.95997021
    114.83122601
    114.83122601
    114.67297158
    114.68860822
    114.68932237
    114.10902090
    113.56035328
    114.62412334
    114.53243318
    114.87034883
    114.86221235
    113.91486672
    112.61900486
    113.39132262
    113.39132262
    113.01540961
    113.01540961
    113.38153460
    113.67004577
    113.67004577
    113.67004577
    113.67004577
    113.67004577
    113.67004577
    113.82541844
    114.49163472
    114.52299415
    114.80319688
    114.97995982
    114.97995982
    114.97995982
    114.97995982
    114.95746521
    114.95746521
    112.26162244
    112.26162244
    112.26162244
    113.68511708
    114.38021934
    114.58133168
    114.98138524
    114.98138524
    113.51304653
    113.51304653
    113.49102657
    113.91804566
    114.47466849
    114.31035911
    114.20806031
    114.24090522
    112.87486531
    112.87486531
    113.04452071
    113.49702664
    113.43026665
    113.43026665
    111.61828883
    111.67114532
    111.67114532
    113.25762975
    113.25762975
    113.51541113
    112.11293368
    110.06158651
    110.37869055
    110.37869055
    110.37869055
    110.37869055
    112.56668659
    113.02477386
    113.01896521
    111.45711695
    112.43582116
    112.43582116
    112.43582116
    112.83939197
    113.25435989
    113.25435989
    113.25435989
    113.73852416
    112.82827061
    113.64968998
    113.56230769
    113.91180658
    114.47676020
    113.16126483
    113.65653841
    113.86133982
    113.86133982
    114.10382370
    114.10382370
    113.58828550
    114.30815378
    114.30815378
    114.30815378
    114.30456455
    114.29754704
    114.99069299
    114.99752899
    114.99752899
    114.99216939
    114.99216939
    114.92544561
    114.52554424
    114.81674723
    114.86205231
    114.86205231
    114.86205231
    114.92235793
    114.92235793
    114.79803780
    114.72147466
    114.72147466
    114.90603284
    114.90177394
    114.83223762
    114.83223762
    114.96755804
    114.79664805
    114.81066508
    114.66628695
    114.83133005
    114.83133005
    114.80178680
    114.80178680
    114.80178680
    114.80178680
    114.80178680
    114.72014410
    114.71079129
    114.44882904
    114.44882904
    114.44882904
    114.44882904
    113.78177622
    114.18960880
    114.40074324
    114.90103556
    114.91526627
    114.93746107
    114.93746107
    114.99498215
    114.60846425
    114.59230914
    114.94205182
    114.77680267
    114.74045858
    114.93109746
    114.70707113
    114.84475263
    114.84475263
    114.84475263
    114.74746923
    114.79523384
    114.57396706
    114.49838503
    114.49838503
    114.41528418
    114.41528418
    114.41528418
    114.88475561
    114.73063828
    114.73063828
    113.18811004
    113.18811004
    113.18811004
    112.69383620
    113.14883724
    113.14883724
    113.14883724
    113.84188518
    113.84188518
    113.80592349
    114.22483745
    114.21025444
    114.03817614
    113.56226158
    113.56226158
    114.44445497
    114.44445497
    114.55163645
    113.29545659
    113.81210321
    114.36281950
    114.36281950
    114.20047059
    113.60898648
    114.46986161
    114.18914678
    112.51893132
    111.45021298
    113.20575418
    114.87597113
    114.86801478
    114.88877135
    114.71276829
    114.80315919
    114.92150993
    114.92219812
    113.05777897
    113.72774199
    113.66373772
    114.69479841
    114.69479841
    114.15423529
    114.15423529
    114.15423529
    114.15423529
    114.37955927
    114.41993097
    114.41993097
    114.41993097
    114.37169640
    114.52705716
    114.52705716
    114.91003780
    113.74413396
    113.80034103
    113.80034103
    113.43205452
    114.25315994
    114.39237618
    114.69647055
    114.78639943
    114.78639943
    114.88358342
    114.87109283
    114.99821452
    114.99821452
    114.96798868
    114.50715237
    114.35728013
    114.35728013
    114.18831877
    114.62731991
    114.57064685
    114.57064685
    114.57064685
    114.00049569
    114.00049569
    114.42001061
    113.39353470
    114.49630562
    114.49630562
    114.49630562
    114.95014441
    114.84425632
    114.84601710
    114.59985400
    114.59985400
    114.63425665
    114.19221554
    113.42321029
    113.42321029
    114.27248990
    113.79296539
    114.12688720
    113.74655013
    113.03038684
    112.98932594
    113.89243934
    113.89760114
    113.90118249
    113.48698400
    113.77756723
    112.07162746
    112.07162746
    112.01240175
    110.13022329
    110.13022329
    110.13022329
    110.13022329
    112.90358989
    112.90358989
    113.41237112
    113.99658367
    114.43445866
    114.58999317
    114.58999317
    114.24278420
    113.95310713
    113.15467902
    113.15467902
    113.15467902
    113.15467902
    112.95625465
    112.92779782
    113.49230350
    112.67140695
    112.67499501
    111.13476424
    111.13476424
    113.50901431
    113.49441725
    113.64542063
    113.64542063
    114.75394837
    114.23949304
    113.25894115
    113.25894115
    112.95646537
    113.69121819
    113.69121819
    113.69121819
    113.69121819
    113.58088591
    113.53727555
    112.72865083
    113.04841359
    113.04841359
    113.04841359
    113.04841359
    113.04841359
    113.04841359
    113.38451285
    110.81229567
    110.81229567
    111.64988356
    111.64988356
    112.99035231
    112.05833601
    112.05833601
    112.05833601
    113.43259838
    112.88782672
    111.08813004
    110.00785787
    112.69381667
    112.99152030
    113.30892792
    113.74264067
    113.98837349
    114.86198369
    114.86198369
    114.40993388
    114.40993388
    114.35449961
    113.98622141
    113.98622141
    113.99091765
    113.62472202
    114.19373898
    114.27676643
    113.62654283
    113.24033214
    110.78811737
    111.42336064
    111.83234019
    112.34370947
    113.08050942
    113.94581345
    114.07455394
    114.07455394
    113.36224390
    113.28835097
    111.77398015
    111.69762593
    111.03836846
    111.03836846
    111.03836846
    111.03836846
    111.03836846
    111.03836846
    111.03836846
    111.03836846
    110.85952171
    110.90737116
    110.90737116
    110.90737116
    110.90737116
    110.90737116
    110.90737116
    110.95478355
    112.66040562
    112.66040562
    112.70609753
    112.74368270
    112.44725034
    112.26029451
    112.26029451
    112.26029451
    112.35136219
    110.96931423
    110.96931423
    110.96931423
    111.09281968
    111.09281968
    111.09281968
    111.09281968
    111.09281968
    111.09281968
    111.09281968
    113.99651279
    113.99651279
    113.64401611
    113.64401611
    114.27263533
    114.27263533
    114.71843929
    114.84982970
    114.86416613
    114.86416613
    113.80317344
    114.00866011
    113.09514204
    114.54173589
    113.78075365
    113.49198252
    113.00895158
    113.27138490
    113.27138490
    113.08296296
    113.08296296
    113.08296296
    112.98530899
    113.11707492
    113.29772743
    113.37422471
    114.06972136
    114.14797346
    113.88055422
    113.77724381
    113.77724381
    113.48626736
    114.47020662
    114.47020662
    114.41159304
    114.48968480
    114.50722737
    114.19035140
    112.54653290
    113.70340929
    113.40944644
    113.40944644
    112.13737354
    111.85082915
    111.85082915
    111.85082915
    112.52495449
    112.52495449
    112.52495449
    112.52495449
    113.89564855
    113.61735775
    113.61735775
    114.00510546
    113.22637993
    112.07760081
    112.51560918
    112.67516846
    112.61124229
    112.61124229
    113.48801228
    112.42985226
    112.42985226
    113.32463086
    114.01781836
    113.42583442
    111.67747153
    111.71588903
    111.71588903
    113.36644503
    113.05091115
    113.05091115
    113.64603593
    113.64603593
    114.24618373
    113.31768004
    113.32129685
    113.18099287
    113.18099287
    111.41538644
    112.44498901
    113.46036784
    113.46036784
    113.78349210
    114.23327214
    114.66757470
    114.31071030
    113.91400160
    113.91400160
    113.92873408
    113.92754316
    113.92754316
    113.29450074
    113.52188061
    114.50125569
    113.87665309
    113.63551416
    112.60308252
    112.60308252
    113.61514832
    112.12164753
    111.48431525
    112.16855230
    113.46989733
    112.99602496
    112.99602496
    112.13630483
    112.32763180
    112.32763180
    111.62359136
    111.80289189
    112.00176701
    112.01784663
    112.01784663
    112.21968754
    112.69250253
    112.38313688
    112.38313688
    112.38313688
    112.76254456
    113.62273347
    113.71239599
    113.79388018
    113.79388018
    113.61027135
    114.36790297
    114.15870955
    114.15870955
    114.35993892
    114.35993892
    114.35993892
    112.79808007
    112.64100525
    112.02097477
    112.02097477
    112.02097477
    112.02097477
    113.93146426
    113.93146426
    113.93146426
    112.52057390
    113.45697619
    113.53500341
    114.14784073
    114.19123300
    113.07998467
    113.52065156
    113.48660469
    113.69246761
    113.69246761
    113.51551257
    112.56224850
    112.21472844
    113.44569738
    112.31952026
    112.31952026
    112.31952026
    112.31952026
    112.31952026
    112.31952026
    112.31952026
    112.31952026
    112.29247273
    112.29247273
    114.01320165
    114.01320165
    114.01320165
    114.75289367
    114.75289367
    114.71274865
    114.93803420
    114.93884462
    114.99472989
    114.73969249
    114.72881754
    114.72881754
    114.72727275
    114.21789981
    114.21789981
    114.21789981
    114.21789981
    114.21789981
    114.21789981
    114.16679365
    114.83253640
    114.89996104
    114.89996104
    114.94389329
    114.79783822
    114.65008938
    114.09647224
    112.66940612
    111.34846772
    111.34846772
    113.58350047
    113.49335028
    113.21430534
    113.13576180
    113.41361926
    113.34822630
    114.88313290
    114.84068481
    114.90136783
    114.57259373
    114.57259373
    114.57259373
    114.57259373
    114.84793499
    114.86101833
    114.89585091
    114.88743135
    114.88743135
    114.88743135
    114.88743135
    114.50794111
    114.31366220
    114.90874701
    114.19064091
    114.19064091
    114.80000443
    114.92151491
    114.92151491
    113.67278814
    113.67278814
    113.67278814
    113.67278814
    111.96233672
    111.96233672
    111.96233672
    111.96233672
    113.31627845
    112.83205275
    113.05569530
    113.05569530
    109.95803685
    109.95803685
    111.45949358
    111.45949358
    111.45949358
    112.77724799
    113.77764720
    113.77764720
    113.77764720
    114.78665138
    114.49301276
    114.49506555
    114.15259774
    112.77516058
    112.77516058
    110.36851283
    114.97710048
    114.97710048
    114.87398775
    114.04643425
    114.60663331
    114.74207242
    113.91322234
    113.85844705
    113.82180569
    113.46010405
    112.33418351
    112.33418351
    111.33709276
    112.65936034
    114.61028134
    114.56272303
    114.04646280
    113.23701620
    114.57115907
    114.55306734
    114.27656842
    114.27656842
    114.81599207
    114.92418660
    114.93075795
    114.87047915
    114.87047915
    113.65180075
    113.65180075
    114.71715137
    114.71715137
    114.71715137
    113.82332058
    114.95543884
    114.87408176
    114.87408176
    114.55425135
    114.55474698
    114.37062251
    114.37062251
    114.29749258
    114.67893092
    114.58431878
    114.60519074
    113.88132728
    113.88132728
    113.68126760
    114.25858430
    114.73899603
    114.79131863
    112.55962137
    112.55962137
    113.74198112
    114.63003951
    114.73891278
    114.98041980
    114.98750821
    114.96232573
    114.92995770
    114.86901113
    114.83584951
    114.83461694
    114.83461694
    113.29106115
    113.29106115
    113.29106115
    113.29106115
    113.29106115
    114.83944006
    114.77906578
    114.79550333
    114.79550333
    114.82127728
    114.73602539
    114.73602539
    114.73602539
    114.92793978
    114.88990075
    114.89619134
    114.89619134
    114.79463074
    114.64484557
    114.94121339
    114.91302264
    114.56189431
    114.56189431
    114.50478103
    114.64730902
    114.73448711
    114.58813698
    114.38100243
    114.37297775
    113.14866274
    112.95910624
    112.95910624
    112.95910624
    113.42715787
    112.65692851
    113.51466790
    113.51466790
    114.97581360
    114.99801547
    114.99649829
    114.99649829
    114.94206873
    114.93811794
    114.61888850
    114.61888850
    114.38141027
    114.38141027
    114.49674132
    113.86911771
    113.89928412
    113.89928412
    114.43113368
    114.02177533
    113.57341038
    113.57341038
    113.92724270
    114.29117936
    114.27905295
    114.70773464
    114.64866506
    114.57944715
    113.62259046
    113.98775207
    113.60740256
    113.60740256
    113.33393215
    113.66084364
    112.59796545
    111.11632692
    111.62184823
    112.71775516
    112.71775516
    112.71775516
    112.53962774
    113.07680787
    113.07680787
    112.73703816
    111.50293277
    113.36587501
    113.76018336
    113.04831572
    113.04831572
    113.04831572
    113.57826502
    113.91249965
    112.73259130
    114.18945578
    113.01665370
    111.99866496
    111.99866496
    111.99866496
    114.46229094
    114.46229094
    114.46229094
    114.39144662
    113.80391555
    114.12828727
    114.63378540
    114.54447705
    114.54447705
    114.85767678
    114.85767678
    114.85767678
    114.88346460
    114.67428739
    114.55249371
    114.42948503
    114.42948503
    114.36231917
    114.71101316
    114.52422508
    113.96019871
    114.43065192
    114.32432973
    113.57743611
    113.56514425
    114.19624765
    112.60820898
    112.01394658
    112.01394658
    113.39267669
    113.39267669
    113.48156042
    114.51474741
    114.43665348
    114.43665348
    114.67959274
    113.76276046
    113.79813719
    114.75485090
    113.54008444
    111.78497127
    114.40688504
    114.09048396
    114.72775561
    114.19772261
    114.01039835
    114.29023037
    114.29023037
    113.56605235
    113.56605235
    113.56605235
    113.56605235
    113.56605235
    113.56605235
    113.43767210
    113.92263375
    113.92263375
    113.92263375
    113.92263375
    113.99919703
    113.42445331
    112.15806315
    114.55984908
    113.85989056
    112.23536841
    112.23536841
    112.23536841
    112.23536841
    112.23536841
    112.50734937
    113.64203536
    113.99108391
    113.99108391
    113.16202862
    113.16202862
    113.43572359
    113.43572359
    113.43572359
    113.43572359
    114.17693247
    114.17693247
    114.16156061
    114.33698288
    114.06274926
    113.99713583
    114.59478072
    114.33308693
    114.90519691
    114.52765964
    114.58604083
    114.58604083
    114.58604083
    113.68825855
    113.68825855
    113.78522876
    114.36713424
    113.66697366
    114.33818448
    114.13572871
    114.47206064
    114.71727730
    113.74232756
    113.74232756
    114.20288443
    114.20288443
    114.20288443
    114.09048732
    114.26994782
    114.35760375
    113.94238797
    114.14527938
    114.14527938
    112.75151690
    112.32132182
    112.40463380
    112.40463380
    111.78228727
    111.30006421
    111.36584091
    112.93480382
    112.93480382
    112.80969843
    112.38137765
    111.25524525
    112.18900930
    112.23119975
    113.62814524
    113.59112263
    114.42271883
    114.42271883
    114.31044936
    114.70674421
    114.85179982
    114.54853628
    114.87681158
    114.87681158
    112.05739152
    113.20750136
    113.20750136
    113.20750136
    113.20750136
    113.20750136
    113.20750136
    113.47846020
    112.71146207
    114.19253297
    114.61441892
    114.61441892
    114.84336159
    114.86102642
    114.92970191
    114.92970191
    114.92970191
    114.92970191
    114.92970191
    112.47430854
    112.47430854
    112.47430854
    112.47430854
    112.47430854
    112.47430854
    112.79288063
    112.16655680
    112.16655680
    113.91974847
    114.58977101
    114.64276681
    114.64276681
    114.73075424
    114.16714364
    114.97131444
    114.67395294
    114.56592284
    114.41901807
    114.41901807
    114.63035275
    114.57118073
    114.27635163
    114.20762006
    114.20762006
    114.80697412
    114.79084176
    113.47408709
    114.21587949
    114.25680987
    114.91491672
    114.36170321
    114.48051295
    114.48051295
    114.46004920
    114.81605573
    114.88306646
    114.49544891
    114.54864708
    114.26545682
    114.26545682
    114.76559054
    114.98713753
    114.82712617
    114.92819268
    114.93421362
    114.32069242
    114.17934600
    114.24334235
    112.51848695
    112.99390471
    113.30127762
    113.31175538
    113.31175538
    113.45700850
    112.45554977
    112.45554977
    112.55546796
    113.63741393
    113.53646931
    112.97715960
    112.97715960
    113.79012233
    113.64580209
    113.61941412
    113.94303720
    114.00560123
    112.76228803
    111.04541357
    111.04541357
    111.04541357
    113.65359631
    113.65359631
    113.65359631
    113.94202724
    113.46222855
    111.58532183
    111.58532183
    112.60476563
    112.60476563
    113.30636140
    113.11829095
    112.82352845
    112.88604131
    113.40554397
    112.59640390
    112.52550041
    113.50667115
    114.41750654
    114.35540705
    114.13021391
    112.66608856
    113.59611907
    113.81282867
    112.61393756
    112.75066792
    112.75066792
    112.91692185
    112.91692185
    112.91692185
    112.03066603
    111.76815439
    111.06736870
    111.06736870
    111.81000087
    111.81000087
    113.37054961
    113.37054961
    113.37054961
    113.59892364
    113.76847763
    112.96344102
    113.25061619
    113.16408110
    112.90253564
    113.59075769
    112.34114117
    112.81158341
    112.81158341
    112.81158341
    112.81158341
    112.89879117
    112.91304661
    112.94836224
    112.94836224
    113.62672265
    112.59388760
    111.78861983
    111.78861983
    112.74748856
    112.74748856
    112.74748856
    112.74748856
    113.68683083
    114.63483100
    114.63483100
    114.80222700
    114.80222700
    114.64777628
    114.64982538
    114.49334169
    112.89251669
    112.86126712
    112.13460059
    112.66099974
    113.46134939
    113.84861618
    113.84852848
    114.28986719
    113.89099204
    114.83365930
    114.31927065
    113.97422339
    113.97422339
    113.97422339
    113.97422339
    110.28584818
    111.67407221
    111.67407221
    111.67407221
    111.67407221
    113.21752775
    114.80337461
    114.87399173
    114.72326619
    114.48235885
    114.48235885
    114.45703599
    114.45703599
    114.72747205
    114.80327861
    114.79970053
    114.41024893
    114.41024893
    114.20813535
    112.87237580
    114.07793882
    114.67173642
    114.69791531
    114.97631765
    114.93673649
    114.61256127
    114.49302324
    114.53226851
    114.51095115
    114.78985399
    114.58128088
    114.50019253
    114.39992891
    114.39992891
    114.39181263
    114.19100493
    112.77578152
    113.03874998
    114.12127717
    114.10801115
    114.26068954
    114.19256903
    113.84203078
    111.91503467
    111.91503467
    110.54387867
    110.54387867
    110.82965954
    110.82965954
    110.82965954
    113.16239164
    113.16239164
    113.16239164
    113.37765360
    113.40783633
    113.13159014
    113.13159014
    112.57588509
    112.57588509
    111.14490677
    111.05504257
    111.05504257
    111.05504257
    111.49067485
    111.34336083
    111.34336083
    112.44707915
    112.44707915
    114.06160814
    114.18391836
    113.30225186
    113.30225186
    113.23197110
    112.70352962
    113.21070417
    112.68435504
    112.68435504
    112.48479620
    112.07774159
    112.76388027
    112.76388027
    113.17219297
    113.17219297
    113.17219297
    113.17219297
    114.58520722
    114.58520722
    114.69683054
    114.69683054
    114.29669825
    114.36120182
    114.23339142
    114.23339142
    113.28853817
    113.84377569
    114.77634746
    114.74641821
    114.86876966
    114.86876966
    114.51158022
    114.83915859
    114.83915859
    114.41374125
    114.67705524
    114.36392966
    114.18495655
    114.16840480
    114.13293281
    114.13293281
    114.13293281
    114.60085680
    114.77216534
    114.68200669
    114.48093756
    114.48093756
    113.39880601
    113.98822839
    114.27433038
    113.84183109
    112.29619988
    114.38044312
    114.38044312
    114.38044312
    113.57968192
    113.57968192
    113.42966898
    112.57390819
    112.57390819
    113.74652107
    113.58692177
    114.07240798
    114.07446650
    114.07446650
    114.00619985
    114.00619985
