     86.07942971
     86.07942971
     85.84702291
     86.71307624
     86.52036067
     86.50522115
     86.54493205
     86.61906231
     86.61906231
     86.61906231
     86.59616894
     86.59616894
     86.64430279
     86.06679333
     86.04084430
     86.21149134
     85.65948150
     85.82184744
     85.68058878
     83.65344140
     81.98869003
     82.22638322
     82.22638322
     82.41546201
     82.58855155
     82.80386313
     82.36180036
     82.36180036
     84.47025483
     84.24035312
     83.39696659
     83.39696659
     83.39696659
     84.56148829
     85.68286701
     84.64908921
     85.19262382
     85.65886907
     85.65886907
     85.65149939
     85.72590251
     86.32396991
     84.94532786
     85.79294966
     85.79294966
     86.03315491
     86.03710610
     85.91450627
     85.21090905
     85.57393181
     86.99810479
     87.02621694
     87.02621694
     87.06175112
     86.98124276
     86.98124276
     86.98124276
     86.98124276
     86.79430611
     86.79430611
     87.24888301
     87.24888301
     87.24888301
     87.24888301
     87.24888301
     87.04943232
     87.07400018
     86.96901649
     86.96901649
     86.97745765
     86.97745765
     87.09167733
     87.07096272
     86.90783039
     86.12287219
     85.68803119
     86.09040987
     85.14686076
     85.12301325
     85.12301325
     85.02023685
     85.38976260
     85.38976260
     85.38976260
     85.38976260
     85.38976260
     86.15860654
     85.81250653
     86.42533305
     86.15808671
     86.15808671
     86.09852941
     86.01252368
     85.16350544
     85.41281308
     85.60443684
     85.47952250
     85.47952250
     85.02382379
     85.02382379
     86.48179061
     85.72572072
     85.72572072
     85.72572072
     85.72572072
     84.14032938
     85.34618236
     85.50393336
     85.02090604
     84.40050222
     84.42831246
     85.55619580
     86.61250839
     86.82300247
     86.77773365
     86.89619708
     86.48378173
     86.51097937
     87.16323069
     86.93456056
     86.88061825
     86.88061825
     86.93031450
     86.54697451
     86.54697451
     86.68180348
     86.68180348
     86.68180348
     86.75391201
     86.75391201
     86.75391201
     86.31538351
     86.28883824
     86.28883824
     86.30117553
     86.69528120
     86.20567626
     84.71001850
     85.97013343
     85.97013343
     85.97013343
     85.72467349
     85.80985721
     85.80985721
     85.19830614
     85.19830614
     85.17202626
     85.33382133
     85.15332603
     84.59055451
     86.04199314
     86.61945960
     85.53497476
     86.07709099
     86.37740427
     86.37740427
     86.72635965
     86.72635965
     86.72433415
     86.54822042
     85.81682244
     86.14068522
     86.30635744
     86.24225066
     86.06763377
     86.06763377
     86.84538595
     86.84538595
     86.91324769
     87.01626041
     86.99441142
     87.12759322
     87.12759322
     87.12759322
     86.85521156
     86.69175357
     86.93874007
     86.55436118
     86.54438318
     86.55012368
     86.55012368
     87.20623818
     87.21263891
     87.22172905
     87.22172905
     87.22172905
     87.22172905
     87.22172905
     87.22172905
     87.22172905
     87.07686502
     87.16322982
     87.16322982
     87.16322982
     87.14887834
     87.01850680
     86.82993854
     86.75646514
     87.01705794
     86.97140012
     85.85918385
     85.85918385
     85.86678136
     86.36588513
     86.49117679
     86.52111766
     86.07757473
     86.07757473
     84.85821996
     83.96187447
     83.96187447
     84.85306645
     84.85306645
     85.60173809
     85.48966207
     85.54281495
     85.67016436
     86.60775307
     86.60775307
     86.75194604
     86.99320378
     86.99320378
     87.10728762
     87.05732066
     86.99127549
     87.02157084
     87.11543473
     87.11543473
     87.11543473
     87.11543473
     87.11543473
     87.07063785
     87.07063785
     87.11958909
     86.77387400
     86.77387400
     86.77387400
     86.79200166
     86.79200166
     86.29318344
     86.02780861
     86.02780861
     83.41668464
     83.41668464
     83.41211293
     83.27672851
     81.77860207
     83.32446130
     83.32446130
     83.32446130
     86.55141002
     86.09226416
     86.09226416
     86.22354189
     85.59706986
     86.27215567
     86.39399451
     85.79685714
     85.64784923
     85.05433854
     84.13961009
     84.13961009
     82.86190483
     85.10888507
     85.63296584
     85.63296584
     86.06770888
     86.19369467
     85.59957581
     86.77343552
     86.77343552
     86.77343552
     86.77343552
     86.77343552
     86.75803100
     86.98200030
     86.99213695
     86.98685351
     86.98685351
     87.03021307
     85.77196074
     85.97784049
     85.97784049
     86.06284643
     86.06284643
     86.06284643
     86.06284643
     85.28316134
     86.49190507
     86.49190507
     86.95071757
     87.23969834
     87.23969834
     87.25231768
     87.25231768
     87.24266388
     87.24139796
     87.09780266
     87.10474940
     87.01775764
     86.05642679
     85.29625223
     85.34439176
     85.54167686
     86.33470045
     86.53613606
     86.69983884
     86.69983884
     86.57604682
     86.57604682
     86.51904531
     86.51904531
     86.48576135
     86.53786513
     86.64606658
     86.71464288
     87.16956291
     87.18945406
     87.18945406
     87.18945406
     87.20091141
     87.20091141
     87.20091141
     87.13901643
     87.13901643
     87.15794776
     87.25146439
     87.25146439
     87.16786737
     87.12167348
     87.09002133
     86.79972730
     85.89918353
     85.67711968
     86.65014892
     86.65014892
     86.62272521
     86.69696811
     86.80327649
     86.80327649
     86.87193795
     86.83254933
     86.83254933
     86.83254933
     86.83254933
     86.89198700
     86.89198700
     86.89198700
     86.77663639
     86.76619689
     86.03023287
     86.57614476
     86.41871003
     86.41871003
     86.73628802
     86.26376419
     86.26376419
     86.48469068
     85.83733104
     86.44049625
     86.44049625
     86.44049625
     87.19987573
     87.19987573
     87.19987573
     87.12558883
     87.12978625
     87.23069262
     87.23338575
     87.25115159
     87.25115159
     87.25115159
     87.25115159
     86.86161607
     86.86161607
     86.86161607
     86.86031906
     86.86031906
     86.86031906
     86.86031906
     86.86031906
     87.00789317
     87.00681035
     87.03187482
     87.03187482
     87.03187482
     87.03187482
     86.92712611
     86.92712611
     86.92712611
     86.92712611
     86.92712611
     86.56763519
     86.92951478
     86.96932656
     86.89589285
     86.86102998
     86.37279813
     85.82413114
     85.71610198
     86.96003017
     86.96003017
     86.96003017
     86.77211061
     86.77211061
     86.77211061
     86.77211061
     86.77211061
     86.77211061
     86.85218197
     86.86193731
     86.96916971
     85.90029503
     85.90029503
     85.90029503
     85.67400483
     85.59718534
     86.07576526
     86.13155116
     85.36564912
     84.45956417
     84.45956417
     84.89614745
     84.89614745
     84.89614745
     85.44202785
     86.19253140
     85.62980911
     85.93322733
     85.93322733
     86.35447987
     86.35447987
     86.35447987
     86.35447987
     86.35447987
     86.46311008
     86.46311008
     86.69467316
     85.62187786
     86.50247527
     86.59861684
     86.59861684
     86.93614003
     86.71627006
     86.37586412
     85.99130565
     86.05228653
     85.92224459
     85.92224459
     85.83762591
     87.16199750
     87.19193239
     86.97789228
     86.99693917
     87.02770993
     86.96566226
     86.50378365
     86.40867679
     86.78383867
     86.82316165
     85.39654532
     85.39654532
     86.05648325
     86.05648325
     86.16536210
     86.63671997
     86.64152927
     86.97952155
     87.09309097
     87.09309097
     87.01238670
     87.20998741
     87.20998741
     86.94168159
     87.02721686
     87.02721686
     86.98228290
     86.98228290
     87.04939953
     87.03531601
     87.13589238
     87.13589238
     87.13331059
     87.13331059
     87.11164554
     87.12814573
     87.16538516
     87.15668278
     87.09900234
     87.10202100
     86.59733609
     86.21756306
     86.52219112
     86.52219112
     86.52219112
     86.49561440
     85.68292802
     83.57091541
     82.29264318
     83.91264608
     87.21155529
     87.22481350
     87.22481350
     87.22481350
     87.22481350
     87.18087958
     87.17245513
     87.17245513
     86.94783262
     86.94783262
     86.84562774
     85.99051086
     85.79662104
     85.79662104
     85.79662104
     85.79662104
     85.79662104
     86.01285134
     86.01285134
     86.01285134
     86.12165737
     86.12165737
     85.94815525
     86.09686377
     86.16865052
     86.16865052
     86.47184259
     86.35556303
     86.39160604
     86.79130329
     86.71357362
     86.99251568
     87.03570649
     86.66239540
     86.66239540
     86.38880139
     86.38880139
     86.38880139
     86.38880139
     85.54777581
     85.00915996
     84.73806794
     84.73806794
     84.73806794
     84.73806794
     84.73806794
     84.73806794
     84.73806794
     85.79763593
     85.79763593
     86.58310786
     86.62125091
     85.99941935
     85.86315557
     85.86315557
     86.22450327
     86.22450327
     86.75007545
     86.75007545
     86.73803658
     86.46717467
     86.46717467
     86.48460562
     84.75756885
     84.75756885
     84.65699557
     84.65699557
     85.98443977
     85.98443977
     86.23835945
     86.25303460
     86.33838697
     85.75529833
     85.77880421
     85.45869275
     85.45869275
     85.45869275
     85.63444602
     84.43446867
     85.85979728
     85.64238359
     85.66171644
     85.13859290
     85.13859290
     85.13859290
     85.75655573
     83.73518821
     83.73518821
     85.59077708
     85.74803778
     85.58253335
     84.62315738
     84.62315738
     84.48063007
     84.48063007
     86.21858926
     86.44805114
     86.71520881
     86.36900409
     86.36900409
     86.74827638
     86.74827638
     86.74827638
     86.74827638
     86.28491811
     86.28491811
     86.19990681
     86.19990681
     86.19990681
     85.10505492
     84.11835479
     84.11835479
     84.11835479
     84.11835479
     84.11835479
     84.11835479
     84.11835479
     85.62491939
     85.62491939
     85.58413424
     85.05341583
     86.16897328
     86.46871003
     86.46871003
     86.85383107
     86.75327448
     86.10991116
     85.67393682
     85.35169189
     85.47700997
     85.39702669
     85.39702669
     85.37293089
     85.37293089
     85.37293089
     85.87351986
     86.15612022
     86.15612022
     86.15612022
     85.80036201
     84.72526025
     84.38292347
     84.81089144
     84.81089144
     84.81089144
     84.16188388
     84.16188388
     84.33819472
     83.36248830
     82.70252050
     85.00203690
     85.78064620
     85.72546979
     86.16994212
     86.16994212
     86.16994212
     86.16994212
     85.78623992
     86.80025417
     86.88299979
     86.80463915
     86.70911292
     86.53352261
     86.17444348
     86.14090302
     86.08325027
     85.48604267
     85.33011914
     85.75009245
     85.45084964
     85.45084964
     85.45084964
     85.58007358
     84.68198938
     82.78809582
     82.78809582
     79.52892291
     82.08089680
     81.62414011
     81.62414011
     81.32513058
     80.81288384
     80.81288384
     80.81288384
     80.81288384
     80.81288384
     82.76787675
     82.24386436
     83.11730736
     83.98583379
     83.98583379
     84.69266573
     84.69266573
     84.70244032
     85.85735896
     85.78480869
     85.78480869
     86.52438627
     86.52438627
     86.62091890
     87.07058414
     87.07058414
     86.70338941
     86.54448724
     84.93054724
     84.81428674
     85.88356868
     86.51625103
     86.94914249
     86.94914249
     86.77652489
     86.77652489
     87.04850209
     87.04850209
     86.96384716
     86.96384716
     87.09078575
     87.09078575
     87.05763000
     87.05763000
     87.05763000
     87.08116137
     87.04522014
     86.87953731
     86.87953731
     86.87953731
     86.26175977
     86.26479644
     85.44903108
     85.44903108
     85.59214705
     86.23609829
     87.04857471
     87.10567221
     87.10928970
     87.10928970
     86.36914394
     86.36914394
     85.83066547
     86.49296958
     86.49296958
     86.13509738
     85.73711366
     86.02737165
     86.57314556
     85.43093734
     85.42447421
     85.42447421
     85.49797430
     85.49797430
     85.50924955
     86.37994143
     85.08833419
     85.08833419
     85.51580435
     85.51580435
     86.18117349
     86.18117349
     86.03770540
     84.02995526
     85.40581824
     85.40581824
     85.08808238
     85.13061772
     85.60381319
     86.73330861
     86.73330861
     86.73330861
     86.66975999
     86.50378959
     86.59627113
     86.59627113
     86.29006847
     86.29006847
     86.00045307
     86.00045307
     86.00045307
     86.93593906
     86.97303024
     86.99118997
     86.99831433
     86.99831433
     86.25844645
     86.43332686
     86.35865667
     85.97194114
     86.03665370
     84.83197606
     84.83197606
     86.48693783
     86.55979350
     86.62882274
     86.62719063
     86.80356143
     86.66557478
     86.63394007
     86.99599097
     86.96538980
     86.77507843
     86.86551537
     87.00929826
     87.00929826
     87.00929826
     87.00929826
     87.01179277
     87.01179277
     87.01179277
     86.88589527
     87.05659213
     86.96628028
     86.98672810
     86.92464301
     87.07898803
     87.11892411
     86.91054065
     86.91054065
     86.61229367
     86.61229367
     86.61229367
     86.61229367
     86.57490991
     86.36479585
     86.36479585
     86.25210931
     86.50387390
     86.45575380
     86.45575380
     86.55417223
     86.55417223
     86.69471246
     86.72020921
     86.72020921
     86.61982047
     86.61982047
     86.11025164
     86.73508936
     86.74538196
     87.04184620
     86.37047766
     86.47213682
     86.47213682
     87.10823678
     87.05658014
     87.05658014
     87.06821309
     87.06821309
     86.81613468
     86.81613468
     86.81613468
     86.81613468
     86.53573998
     86.53573998
     86.51744280
     86.25245416
     86.00438112
     86.51010581
     86.39694533
     86.50604494
     87.04039600
     87.21413453
     87.21413453
     87.21477661
     87.21477661
     87.21477661
     87.21334698
     87.22530319
     87.24087693
     87.17538009
     87.17983620
     87.17983620
     87.17983620
     87.17983620
     87.16073777
     87.16073777
     87.12167069
     87.02534866
     87.02534866
     87.04094724
     86.94950376
     86.98201242
     86.80464917
     86.83608532
     86.78760743
     86.81284245
     86.81284245
     86.84889915
     86.40616689
     86.91318807
     86.21042605
     86.28079991
     86.28079991
     85.03535710
     83.37767078
     83.37767078
     83.37767078
     83.37767078
     83.67997850
     84.75585796
     84.88932136
     84.83908622
     84.92763963
     84.74207144
     83.90028472
     83.90028472
     83.90028472
     83.88032291
     83.88032291
     82.47442672
     82.47442672
     82.56314037
     82.56314037
     82.56314037
     84.33037176
     85.00758156
     84.82863782
     84.82863782
     83.52282568
     85.74479292
     85.74479292
     86.11143715
     86.07745458
     85.54145279
     85.54145279
     86.35116877
     86.44875511
     86.02364203
     86.50270178
     86.81515617
     86.81515617
     87.04574679
     87.05623435
     87.05623435
     87.17521183
     87.22293553
     87.12508956
     87.09529619
     87.21157553
     87.21157553
     87.21157553
     87.00186099
     87.22026019
     87.10239087
     87.25208226
     87.25208226
     87.24547532
     87.24547532
     87.24547532
     87.24780052
     87.24780052
     87.24780052
     86.70017655
     86.61612121
     86.41275214
     86.76721136
     86.76721136
     86.22119033
     86.22119033
     86.22119033
     86.49788960
     86.49788960
     86.49788960
     86.49788960
     86.77812209
     86.77812209
     86.12098745
     86.12098745
     86.12098745
     86.15542426
     86.00597641
     86.00597641
     86.00042855
     86.05136851
     86.28726333
     85.88868489
     85.88868489
     85.88852877
     85.88852877
     85.68446474
     85.30906800
     85.19154391
     84.87389249
     84.87389249
     84.87389249
     86.17869328
     87.22634078
     87.22618575
     87.22618575
     87.00110301
     87.21053458
     86.94417474
     86.57059597
     86.28075103
     86.28075103
     86.28075103
     86.28075103
     86.59891178
     87.10199755
     87.22027861
     87.21115319
     87.21115319
     83.37017867
     83.37017867
     83.37017867
     84.28620649
     85.86222218
     86.35573246
     86.32792700
     86.17305870
     86.12440429
     85.95925962
     86.58069949
     86.58069949
     85.67119060
     86.12714316
     86.12714316
     85.66720559
     85.67563636
     85.67563636
     85.67563636
     86.07439367
     86.53805163
     86.19783262
     86.39309121
     86.39309121
     86.39309121
     86.36029885
     85.57463366
     85.57463366
     84.88249649
     85.12244062
     85.12244062
     85.12244062
     85.67021252
     86.04799696
     86.49466806
     85.79999631
     85.79999631
     85.73013742
     84.96323756
     84.38583077
     83.56679253
     85.00204854
     85.02109070
     84.83711086
     84.83711086
     83.90833788
     84.73877950
     84.94744792
     83.63539005
     84.28607919
     87.10966037
     87.00849785
     87.07541773
     86.91055284
     86.87381306
     86.81108229
     86.25015938
     86.25015938
     85.55680283
     85.55680283
     86.00668301
     86.08339179
     86.08339179
     86.14850485
     86.14850485
     86.31804777
     86.57815067
     85.41903339
     85.76685003
     86.20450760
     87.16421781
     87.16421781
     87.09610003
     87.09610003
     84.47200892
     84.47200892
     84.47200892
     84.47200892
     86.03572387
     86.03572387
     86.03572387
     85.39180090
     85.00276647
     82.99633269
     86.10926728
     86.22175744
     86.22175744
     86.50643969
     84.67048915
     84.58344350
     83.77864825
     83.26313665
     83.26313665
     83.81533517
     83.69402707
     83.69402707
     83.69402707
     82.86786276
     82.86786276
     84.59661612
     86.95101936
     86.89946340
     86.89946340
     86.89946340
     87.02525411
     87.02343666
     86.86252544
     86.43678936
     86.16362147
     86.20205572
     86.11507041
     86.53140687
     86.30554019
     86.30554019
     86.24676836
     84.93689290
     84.93689290
     84.93689290
     85.19320143
     85.29999613
     85.36787766
     83.74701128
     82.72765157
     83.46104680
     83.88660582
     83.88660582
     85.09386290
     85.09386290
     85.09386290
     86.11727197
     86.26756312
     86.26756312
     85.80978236
     85.74711328
     86.10104357
     86.09419219
     86.07149125
     85.57277785
     85.73291870
     85.85567541
     85.85567541
     85.83792046
     86.53875789
     86.82745262
     87.04661907
     86.92231321
     86.85643391
     86.98722888
     86.98722888
     86.98722888
     86.73630129
     86.75168381
     86.76026081
     86.75910981
     87.05932680
     86.99412816
     86.99570246
     87.02295117
     87.14070207
     87.17300110
     86.89151688
     86.89151688
     86.88621015
     86.88621015
     87.08778295
     87.02125730
     87.02125730
     87.02300248
     87.25575433
     87.25575433
     87.22122762
     87.18931066
     87.17874515
     87.17874515
     87.03800729
     87.00433733
     87.22911908
     87.22911908
     87.22911908
     87.22911908
     87.13567733
     87.13567733
     87.20949007
     87.12579068
     86.83034905
     86.83034905
     86.83034905
     86.73244328
     86.99923602
     87.07583259
     87.12440623
     87.18553406
     87.18671820
     87.18671820
     87.24858392
     87.24858392
     87.25216634
     87.25216634
     87.25216634
     87.22585029
     86.36500817
     86.36500817
     85.54201569
     86.23656071
     86.26119643
     86.26119643
     86.20717929
     86.20717929
     86.23466496
     86.64078723
     86.03553149
     85.99244817
     85.92788601
     86.29013197
     86.23619581
     86.23619581
     86.23213112
     86.75731856
     85.97688072
     85.84179110
     85.99796677
     85.84559454
     85.74805361
     85.74805361
     85.43368528
     85.51976819
     83.61699918
     85.23215687
     85.23215687
     84.95997805
     84.95997805
     84.95997805
     85.62717331
     86.79940757
     86.79544741
     86.79544741
     86.80136466
     86.80136466
     86.29101306
     86.29101306
     86.29101306
     86.29101306
     86.33055901
     86.33055901
     86.33055901
     86.69193248
     86.59596561
     86.59596561
     86.59596561
     86.59596561
     85.76884145
     85.57282157
     86.29906335
     86.29906335
     86.29671003
     86.30276112
     86.30276112
     86.02083267
     86.62446087
     86.44590629
     86.46732147
     86.18303704
     86.21488531
     86.16532924
     86.14638579
     86.05444279
     85.54209560
     84.97955339
     85.28921831
     85.88623706
     85.39098231
     85.39098231
     85.61525373
     86.40197243
     84.44051830
     84.32174470
     85.14381372
     86.15278602
     86.67175336
     86.73629991
     86.67919593
     86.67919593
     86.78700506
     86.07065644
     85.59591881
     85.78930707
     86.00945090
     85.22201992
     85.22201992
     85.22201992
     85.78258610
     84.53982754
     84.58096814
     85.99797757
     85.75664685
     85.01789992
     84.44005881
     84.44005881
     85.77167344
     85.77167344
     86.26893414
     86.26893414
     86.78982538
     86.78982538
     86.65803123
     86.24031013
     86.10180762
     86.09082660
     86.09082660
     85.96249043
     86.09500611
     85.70379297
     86.15552482
     86.13123754
     85.96042243
     86.00173350
     86.72432010
     86.75964969
     87.00693469
     86.96753621
     86.72252426
     86.74871193
     86.49509396
     86.76057255
     86.57806821
     86.67541025
     86.34662099
     86.12788158
     86.13966656
     86.18371052
     86.56417928
     86.42420851
     86.99293650
     86.99293650
     86.85449785
     86.39472534
     86.81394181
     85.98306433
     86.23637530
     86.23637530
     86.29450497
     86.29450497
     86.29450497
     86.64307741
     86.21806574
     86.53201920
     86.55457769
     86.82016989
     86.72818101
     86.72818101
     85.16366103
     86.05739156
     86.29556898
     84.03615231
     84.71197430
     84.52250662
     84.52250662
     84.39054483
     84.39054483
     84.39054483
     80.98505532
     80.98505532
     80.98505532
     80.98505532
     80.98505532
     84.99490631
     85.80738109
     86.30191397
     84.55074955
     84.99903390
     86.26123103
     86.26123103
     85.51388230
     85.51388230
     85.51388230
     85.73503709
     85.73503709
     86.01318171
     86.17390739
     86.31559400
     83.41217558
     82.09381653
     79.12048856
     79.12048856
     81.23580516
     81.23580516
     81.23580516
     81.23580516
     81.23580516
     81.23580516
     83.95223835
     84.11208841
     83.58635781
     84.01558615
     84.01558615
     84.01558615
     84.01558615
     84.01558615
     84.01558615
     84.01558615
     86.36812385
     86.85499284
     86.84941864
     85.92426980
     85.92426980
     86.47337256
     86.16998430
     83.67808362
     83.02498297
     84.15222446
     84.15222446
     84.15222446
     83.64220940
     83.66416495
     85.13503889
     84.93267894
     84.93267894
     83.85215838
     83.85215838
     84.88515290
     84.83103156
     84.83103156
     83.50727277
     81.53699454
     81.53699454
     83.05750446
     82.61107605
     82.61107605
     83.93670670
     83.93670670
     84.03492377
     83.95328440
     85.52596260
     85.34353403
     85.34353403
     86.14922331
     86.23773562
     85.57586364
     85.76758249
     83.64375527
     84.07555806
     84.95393852
     84.55922320
     84.73549417
     84.50386244
     84.50386244
     82.27550472
     82.27550472
     83.09952995
     83.09952995
     86.17773824
     86.17773824
     86.17773824
     85.84677310
     85.84677310
     84.91072772
     84.32509462
     84.32509462
     86.13160604
     86.29103967
     86.75975382
     85.84704052
     85.84704052
     85.33428551
     85.33428551
     85.84261411
     84.99375854
     84.45477622
     83.88033925
     84.72465543
     85.43112525
     85.93695709
     86.51752677
     86.55546523
     86.55546523
     86.67563101
     86.72422667
     86.05566557
     85.27934500
     85.27934500
     85.27934500
     85.27934500
     84.81472478
     85.28724446
     85.28724446
     85.28724446
     85.28724446
     85.50494774
     85.29589249
     84.55237651
     83.90850823
     84.30286367
     84.80139302
     86.06632038
     86.06632038
     86.23599790
     86.78956862
     86.85120820
     86.85120820
     86.93526140
     85.94999129
     85.25095495
     84.21144868
     84.21144868
     84.21144868
     84.21144868
     84.81186323
     85.64922684
     86.66525493
     86.71970982
     86.75764948
     86.63224937
     86.66762877
     86.85314850
     86.82396725
     86.71745972
     86.77909634
     87.06692564
     87.06692564
     86.41499990
     86.42960258
     86.42960258
     86.42960258
     86.02080332
     86.90828394
     86.90828394
     86.90828394
     86.90828394
     86.91439002
     86.41735023
     86.41735023
     86.80728523
     86.29283085
     86.00387823
     85.69749988
     86.10770032
     86.30224960
     86.47092653
     86.45967074
     86.55326913
     86.30157723
     86.63858823
     85.89434178
     85.89434178
     86.49632611
     86.49632611
     86.57452744
     86.56682295
     86.27282412
     85.85847797
     84.55988283
     83.59273821
     81.95483207
     82.92689579
     82.92689579
     84.33206958
     83.87388514
     82.63188842
     82.63188842
     86.01105543
     85.73897121
     85.72771486
     84.28429057
     86.01084611
     86.01084611
     85.91417413
     86.38521870
     86.79031256
     86.70829538
     86.70829538
     86.78592393
     86.78592393
     86.78592393
     86.77568000
     86.77568000
     86.87941158
     87.03779781
     86.93899146
     87.08203820
     87.08203820
     86.84894760
     86.34616394
     86.34616394
     86.65698763
     86.10413230
     86.07699882
     84.79131668
     85.00899389
     86.54130777
     86.54130777
     86.76004938
     86.69472956
     86.21462225
     86.53757110
     86.53757110
     87.06301697
     86.09514911
     86.12085018
     86.12085018
     86.21319649
     86.53057066
     84.92790061
     86.21958849
     86.21958849
     86.21958849
     86.36369518
     86.34747909
     86.14573863
     85.68436983
     85.68436983
     85.68436983
     85.68436983
     85.75955287
     85.51236433
     85.51236433
     85.51236433
     86.51145930
     86.59254791
     86.26090040
     86.26090040
     86.28851684
     86.41246476
     86.46271741
     86.56249468
     86.44605794
     85.62450001
     84.44498072
     84.44498072
     84.44498072
     84.44309384
     84.77417407
     84.77417407
     84.90105261
     85.56451008
     85.56451008
     85.47033090
     85.47033090
     85.42476881
     85.42476881
     86.07939202
     86.11634007
     85.40942934
     85.30568237
     84.50629433
     84.50629433
     84.03289002
     84.03289002
     84.03289002
     84.03289002
     83.61191604
     86.82191735
     86.79509898
     86.83057611
     86.45516001
     85.50148770
     85.83150795
     85.40753101
     83.91235331
     83.91235331
     84.66963298
     84.75115216
     84.61280945
     85.08787828
     85.08787828
     85.97130028
     84.50986233
     85.41670401
     85.41670401
     84.19548763
     84.19548763
     84.16195147
     80.91528301
     84.58836563
     82.85870012
     84.04826527
     83.29876087
     83.29876087
     83.86536194
     84.01207144
     85.31445186
     84.84018626
     85.06436469
     85.66649865
     85.66649865
     85.66649865
     85.01386699
     85.01386699
     85.01386699
     85.97723670
     85.72312367
     85.72312367
     85.72312367
     85.50051121
     85.77458600
     84.66938495
     84.66938495
     84.89629231
     84.89629231
     85.06018388
     85.06018388
     83.17162977
     85.80513979
     85.97806631
     85.63730669
     85.63730669
     84.86346455
     84.86346455
     84.86346455
     84.86346455
     84.93717536
     84.93717536
     85.93941101
     85.79879733
     85.65666804
     86.12302655
     86.10228778
     86.32906540
     86.38733939
     85.62606557
     85.48956278
     85.08180342
     85.59166617
     85.06019386
     85.76686275
     85.76686275
     85.76881426
     85.89268444
     86.00011952
     85.75487712
     85.74661639
     85.79681902
     85.62348229
     85.84745114
     85.43610128
     83.73736755
     82.10092695
     82.05351026
     82.05351026
     83.15810629
     83.05726035
     83.42607274
     85.13041368
     85.13041368
     83.85125292
     84.78522128
     86.27514078
     85.76055412
     85.67890226
     85.56047095
     85.56047095
     86.88513927
     86.88513927
     86.94210651
     86.69105038
     87.17061627
     86.99025719
     86.24934137
     86.24934137
     86.58591692
     87.00660466
     87.04622329
     87.04622329
     86.88071892
     86.61727010
     86.67743750
     86.45076999
     86.45076999
     86.45076999
     86.45076999
     84.17642224
     84.17642224
     84.17642224
     85.02082257
     86.70824239
     86.70824239
     87.06039422
     87.02009839
     87.11417107
     87.10606865
     87.10606865
     87.11864239
     86.98103185
     87.04979774
     87.04979774
     87.10699287
     87.10699287
     87.00388776
     87.15526350
     87.21002984
     87.21002984
     87.21015754
     87.22864105
     87.10692856
     87.08109574
     87.08109574
     87.08109574
     87.04307154
     86.93800169
     86.93800169
     86.76953096
     87.07838343
     86.83910108
     86.88243376
     86.75387193
     86.04658380
     86.04658380
     85.98812195
     86.51975120
     86.51975120
     86.51975120
     86.59513022
     86.77070110
     86.77569219
     86.53192935
     86.53174172
     86.53293084
     86.53293084
     86.08040638
     85.68122648
     85.71127926
     85.74541924
     85.74541924
     85.69778073
     85.27511960
     84.68369634
     84.25642117
     84.25642117
     84.25642117
     85.78269414
     86.11017664
     86.24551654
     86.24551654
     86.31495128
     86.55962475
     86.55962475
     85.94577135
     85.94577135
     85.90031238
     85.90031238
     85.25122322
     85.25122322
     85.25122322
     85.48283501
     85.68420267
     85.16743750
     84.41591457
     84.46706334
     84.39839499
     84.39839499
     84.59290942
     85.06062159
     85.06062159
     86.46416091
     86.24299913
     85.83265464
     86.08590552
     86.08590552
     86.08590552
     86.08590552
     86.18933391
     86.58648309
     86.58648309
     86.66807092
     86.34598497
     86.50824523
     86.50824523
     86.50824523
     86.38558425
     86.56674286
     85.75060198
     86.46101624
     86.75450685
     86.75450685
     86.68110832
     85.54899616
     85.21971865
     85.21971865
     85.21971865
     85.21971865
     87.12908397
     87.24204142
     87.04093023
     87.01475268
     86.86909425
     86.56085458
     86.42883458
     85.65699547
     84.70433337
     83.83705017
     86.04811994
     85.61447118
     85.37647786
     86.61618897
     86.61618897
     86.87775722
     86.89104913
     86.51798862
     86.51798862
     86.53172132
     86.70694570
     80.02974654
     80.02974654
     83.94099687
     84.82103936
     85.46354919
     84.53880672
     84.53880672
     84.29366921
     85.79429563
     85.79429563
     86.93998216
     86.97390602
     86.99941593
     86.59349714
     86.73737805
     86.63638366
     86.72427233
     86.68846005
     86.68846005
     86.69683587
     86.69683587
     86.69683587
     86.62459832
     86.57693444
     86.56744270
     86.56744270
     86.93131962
     86.92589664
     87.03596454
     87.10775503
     87.23850760
     87.18631214
     87.22365131
     87.22365131
     87.19768295
     87.19121268
     87.25163836
     87.12221115
     87.09350948
     87.09350948
     87.11407416
     87.18161219
     87.22308959
     87.22308959
     87.15645137
     87.20213390
     87.20213390
     87.14805433
     87.09154984
     87.07653238
     83.49214070
     85.70778388
     85.70778388
     85.53914310
     86.33580147
     86.60430027
     86.91526543
     86.94332998
     86.96915230
     87.13243848
     87.15199578
     87.15199578
     87.15199578
     87.15199578
     86.92188415
     86.86278198
     86.24526475
     86.16376120
     86.21025037
     86.28176085
     86.37781924
     87.05251856
     86.96962776
     86.93178294
     87.02800989
     87.02800989
     86.87464298
     86.86566510
     87.19594896
     87.19594896
     87.19594896
     87.14927285
     87.23265004
     87.24965664
     87.24965664
     87.05497164
     87.05497164
     87.05497164
     87.01623345
     87.01623345
     87.24812741
     87.24812741
     87.24812741
     87.24812741
     87.24812741
     87.24812741
     87.24812741
     87.24812741
     87.24812741
     87.24812741
     86.38025123
     86.72934449
     86.88982907
     85.63753006
     85.63753006
     85.63753006
     85.63753006
     85.42213902
     85.42213902
     85.76929870
     85.76929870
     85.76929870
     85.76929870
     85.10973100
     85.10973100
     86.20509470
     86.75177343
     86.75177343
     86.74470012
     83.24788518
     84.53055336
     84.30847633
     84.03670373
     86.11792220
     86.87029549
     86.83500892
     86.83500892
     86.24811646
     85.92673399
     83.98358463
     83.74834544
     83.74834544
     83.74834544
     84.52415112
     84.21655476
     84.62875354
     85.34345842
     85.34345842
     85.34345842
     84.90374624
     84.90374624
     86.07715271
     86.68174749
     86.68174749
     86.87752568
     86.64408628
     86.66712594
     86.18741767
     86.30403026
     85.01636930
     86.40522565
     86.36494450
     85.97026673
     84.39591392
     83.68310130
     83.68310130
     85.42761917
     83.88305455
     81.29937449
     81.29937449
     81.65411446
     81.65411446
     81.65411446
     81.65411446
     81.65411446
     83.61342758
     83.61342758
     85.26717447
     85.89841592
     86.69770833
     86.61538225
     86.64876330
     86.19152999
     86.19152999
     86.19152999
     84.51478846
     84.63986381
     84.63986381
     84.63986381
     84.63986381
     84.63986381
     84.63986381
     83.99242142
     83.99242142
     83.80771631
     83.80771631
     83.81645358
     85.68197811
     85.68197811
     85.73250309
     85.73478733
     85.56022039
     85.56022039
     85.56022039
     85.56022039
     85.32782629
     85.32782629
     82.40383739
     82.40383739
     82.38417284
     86.84575922
     87.01634438
     87.07010274
     87.07010274
     87.07010274
     87.21162861
     87.21008176
     87.21008176
     87.21008176
     87.14783586
     87.14783586
     87.14783586
     87.17216996
     87.25389187
     87.25389187
     87.25389187
     87.20148250
     87.15992585
     86.91086803
     86.92115230
     86.83602822
     86.83552450
     86.83552450
     86.96339864
     86.99551560
     87.12420603
     87.16804425
     87.12644700
     87.04633165
     87.04633165
     87.04633165
     87.03569776
     87.18382092
     87.16739795
     87.16858754
     87.16858754
     87.16261642
     87.16261642
     87.15750068
     87.15750068
     87.24682645
     87.22429639
     87.22429639
     87.22429639
     87.23030363
     87.23030363
     87.22083159
     87.21536825
     87.20401970
     87.21615866
     85.31633537
     85.31633537
     85.31633537
     85.57040496
     85.74564315
     86.85208487
     86.85353139
     86.78628626
     86.64451500
     86.66520528
     86.66520528
     86.36869574
     86.33165330
     86.33165330
     86.33165330
     86.33611389
     86.69295394
     86.77203860
     87.01236567
     87.01236567
     87.07452503
     86.89592258
     86.73242455
     86.11449273
     86.41316956
     87.06050159
     87.06050159
     87.06050159
     87.03159316
     86.99174281
     86.76988972
     86.57132981
     86.26741664
     85.65265987
     85.53085960
     85.53085960
     85.53085960
     85.85729896
     86.75548276
     86.75548276
     86.96997360
     86.97903922
     86.29639701
     86.38807301
     86.38807301
     86.38807301
     85.90672486
     85.90672486
     85.86756661
     86.14987912
     86.99569482
     86.99891268
     87.01492877
     87.01492877
     87.15583862
     87.21919134
     87.02062929
     87.06776996
     87.04554718
     87.06829777
     87.10274975
     87.08809788
     86.75284492
     86.75284492
     86.53630527
     86.53772495
     86.56545100
     86.52179379
     84.56794937
     84.56794937
     84.56794937
     85.62155704
     85.99994707
     85.99994707
     85.61806164
     85.31496050
     85.31496050
     86.24741200
     85.96943667
     85.30773808
     85.88355836
     85.88355836
     85.88355836
     86.60387627
     86.59520496
     86.87811050
     87.11517401
     87.08672898
     86.98824142
     86.72978618
     86.99510959
     87.12439872
     87.12052699
     86.76321808
     86.72083681
     86.25718134
     86.25718134
     86.25718134
     86.40340480
     86.36876178
     86.59420314
     86.36510637
     86.36510637
     86.36510637
     86.61207667
     86.77213400
     86.63179597
     86.63179597
     86.38732936
     86.91948516
     86.89284505
     86.65835226
     86.65835226
     86.65835226
     86.65986660
     86.91061767
     86.63421655
     86.43794197
     86.43794197
     86.89138800
     86.89138800
     86.15437894
     86.26035014
     85.21702415
     85.21702415
     86.07166310
     86.07166310
     86.86101663
     86.72165184
     86.46416258
     86.96874760
     86.77675384
     86.77675384
     86.77675384
     86.77675384
     86.77675384
     87.08858159
     87.08858159
     87.12995162
     87.12995162
     87.20860938
     87.18387324
     87.15262079
     87.23637049
     87.21270528
     87.21270528
     87.20320347
     87.19894322
     87.18894820
     87.23320784
     85.61533791
     85.28747332
     84.35900262
     84.35900262
     84.15953485
     84.15953485
     84.15953485
     84.15953485
     84.63656281
     84.69067740
     85.79118761
     85.79118761
     85.79118761
     85.79118761
     86.30239486
     86.42981291
     86.42981291
     86.10405019
     84.79941482
     83.59374907
     83.99104587
     84.53594234
     84.38016350
     85.30257047
     85.30257047
     86.04347424
     85.70213457
     85.24581818
     85.29764889
     85.29764889
     85.88831600
     85.88831600
     85.88831600
     86.05570720
     86.14295004
     86.14295004
     86.14295004
     85.99491255
     85.99491255
     85.17076122
     85.14450262
     85.28582634
     84.88003336
     82.75181245
     82.75080441
     83.08955602
     83.38258298
     85.67220239
     86.05416741
     86.05416741
     87.06347966
     87.22648941
     87.09794032
     86.90563291
     86.90563291
     86.85034895
     86.94067562
     86.94067562
     86.94067562
     86.94067562
     86.97377873
     86.97377873
     86.97377873
     87.25479585
     87.25530171
     87.25530171
     87.25203275
     87.25203275
     87.11901294
     87.23582428
     87.15546492
     87.25549259
     87.25477526
     87.25477526
     87.25477526
     87.25477526
     87.25477526
     87.23385265
     87.23920089
     87.23920089
     87.04479450
     87.04479450
     87.04479450
     87.14907910
     87.14306860
     87.07106898
     87.07067613
     87.18449150
     87.23170987
     87.23170987
     87.23170987
     87.23170987
     87.23170987
     87.01114872
     86.89069923
     86.46655913
     86.79629306
     86.79629306
     86.81923297
     87.03484148
     85.99095458
     86.19660434
     85.74887897
     85.74887897
     85.84071029
     85.59425709
     86.42218683
     85.78536848
     85.78536848
     85.82961601
     85.82961601
     86.14326356
     86.41497111
     86.28787145
     86.25497428
     85.27543067
     85.32574393
     85.99583680
     86.21823062
     86.36388307
     85.75398346
     85.75641007
     85.75641007
     85.75641007
     86.05386726
     86.05386726
     86.79300312
     86.55875272
     85.77573792
     85.77573792
     86.54625961
     86.96412768
     86.93834628
     86.84014091
     86.84014091
     86.90665123
     87.25029388
     87.24687193
     87.24655526
     87.16536772
     87.21146921
     87.21146921
     87.24137355
     87.20725160
     87.25486982
     87.25486982
     87.25448265
     87.25348661
     87.23268795
     87.23268795
     84.89602815
     84.89602815
     84.52582421
     84.16548817
     84.33760718
     84.19370362
     81.76916860
     81.76916860
     81.76916860
     81.76916860
     81.76916860
     84.67260412
     85.25204499
     85.69323838
     85.69323838
     85.69323838
     86.14258401
     86.24207458
     86.24207458
     86.58191921
     86.83989729
     87.06027163
     87.06027163
     87.11733783
     87.12900315
     87.14818039
     87.11256200
     87.11256200
     87.11256200
     87.18843644
     87.18843644
     87.06134775
     87.05766334
     87.05766334
     87.05766334
     87.06823663
     87.13328750
     87.13100790
     87.18787752
     87.18787752
     87.18787752
     87.18787752
     87.18787752
     87.18787752
     87.18787752
     87.18787752
     87.08991966
     87.08991966
     86.29445046
     86.36986168
     85.83714088
     86.65824563
     86.65824563
     86.70807860
     86.60750604
     85.79609708
     85.80949182
     86.50415774
     86.55821358
     86.55912488
     86.82776073
     86.86468098
     86.86468098
     86.86468098
     86.78137039
     86.76957025
     86.46696459
     86.74484776
     86.74484776
     86.74446969
     86.88519105
     86.74931416
     86.74931416
     86.63913572
     86.97322784
     86.86326625
     86.86326625
     87.00305337
     86.46461362
     86.30242900
     86.30242900
     85.67663270
     85.62443908
     85.05386585
     85.84879398
     84.86143255
     84.86143255
     84.06589057
     85.41452913
     86.37586699
     86.37586699
     86.37606125
     84.79475057
     85.73536536
     86.47976318
     86.73589803
     85.82490395
     85.82490395
     85.24540708
     85.27267427
     84.75346983
     84.75346983
     84.75346983
     84.75346983
     84.61208518
     83.77093693
     86.42152674
     86.42152674
     86.42152674
     86.40998166
     86.42729278
     84.80750799
     84.80750799
     84.80750799
     85.63099949
     85.63099949
     86.14563011
     86.14563011
     86.14563011
     86.14563011
     86.14563011
     86.68798350
     86.68798350
     86.96305852
     86.77180557
     86.03607150
     86.70317394
     86.94710448
     87.15480739
     87.20108921
     87.20108921
     87.20108921
     87.20108921
     87.20108921
     87.04569344
     86.89374259
     86.54205883
     86.54205883
     86.78317236
     86.36842188
     86.75355002
     86.46929581
     86.46929581
     86.34538995
     86.51867963
     86.57304212
     86.57304212
     86.76478710
     86.50450180
     86.67372878
     86.53900545
     86.29044561
     86.29044561
     86.28554787
     86.24575756
     86.23348174
     86.30971250
     86.27893904
     86.27893904
     87.17878176
     87.02301276
     87.01881751
     87.01881751
     87.14718770
     86.96495020
     86.96495020
     87.01688430
     86.43799202
     86.28810618
     86.42089442
     85.80790754
     87.08389113
     87.08389113
     87.09389711
     87.04208105
     86.79585096
     86.79585096
     86.79585096
     86.78109128
     86.78109128
     86.74782107
     86.21885123
     85.86818996
     84.00294522
     85.53282874
     85.47620029
     85.47620029
     85.84418184
     86.06172719
     86.06172719
     86.52493956
     86.13682267
     86.08358552
     86.08358552
     86.07905012
     86.40325310
     86.25116433
     86.21019911
     86.21019911
     86.23697426
     85.09732867
     84.90582072
     86.35798117
     85.99516487
     85.99516487
     85.94949669
     86.23731733
     85.72205886
     85.72205886
     85.54182859
     85.54182859
     85.54182859
     86.27303120
     86.27303120
     86.62134489
     86.62134489
     87.09543759
     86.93272077
     86.93272077
     86.76116571
     85.35547789
     85.35547789
     85.35547789
     85.29134707
     85.90233316
     85.54882588
     87.23091192
     87.14483421
     86.95065434
     86.91496794
     86.91496794
     87.20642278
     87.20642278
     87.23118919
     87.22678450
     87.22678450
     87.10167499
     87.10167499
     86.95395211
     86.95395211
     86.57186158
     86.57186158
     86.58200257
     86.68071542
     86.68071542
     84.87869001
     85.14785676
     85.14785676
     85.14785676
     84.51008535
     86.08343164
     86.06119436
     86.06119436
     86.76125139
     86.50537874
     86.50537874
     86.50537874
     86.50537874
     85.20819665
     86.46785385
     86.49614815
     86.74900748
     86.74900748
     86.74900748
     85.12531467
     85.92060285
     86.30531782
     84.67120208
     84.67120208
     85.87568041
     85.97225275
     85.97225275
     84.61454624
     85.00475302
     85.00475302
     85.00475302
     84.69575561
     84.69575561
     85.57037311
     86.19946903
     86.19946903
     85.83542678
     86.14918731
     86.14918731
     86.59271405
     86.59271405
     86.10042226
     86.42546666
     86.77529462
     86.77493043
     84.86136836
     84.81125211
     86.04016972
     86.04016972
     86.04016972
     86.39903401
     85.90262195
     85.90262195
     85.28232704
     86.02388319
     86.41765215
     86.90811115
     86.90811115
     86.77073797
     86.46682169
     86.39736016
     86.40824974
     86.57850100
     86.51841148
     86.12410294
     85.81926699
     86.33340185
     86.44129252
     85.66229510
     84.79468166
     86.74754586
     86.95137380
     86.95137380
     86.93649440
     87.00656221
     87.13046069
     86.78942361
     86.78156340
     86.71917358
     86.61366628
     86.74490422
     86.87427313
     87.16753501
     87.13039249
     86.94547097
     87.01752968
     87.02156133
     86.69235384
     86.69235384
     86.69235384
     86.79875765
     86.78090785
     86.65090015
     86.65090015
     86.65090015
     87.02559364
     87.02559364
     87.07255600
     86.95164697
     86.98101251
     86.95527199
     86.70904187
     85.97466356
     84.73563777
     84.89217967
     86.60403985
     86.60403985
     86.64149680
     86.31929867
     86.81735510
     87.18691960
     87.19345297
     86.94918957
     87.10071852
     87.00034653
     87.00841602
     86.63135196
     86.63135196
     86.95952803
     86.94350027
     86.94350027
     86.94336671
     86.91060471
     85.57052602
     85.57052602
     85.57052602
     85.57052602
     85.57052602
     85.70291263
     86.54839561
     85.76686859
     85.76073549
     86.12198663
     86.11607389
     86.13708945
     86.30437017
     86.30437017
     86.30437017
     86.72323585
     86.72323585
     86.72323585
     86.72323585
     86.72323585
     86.42578926
     86.42578926
     86.70312414
     86.42324097
     86.55283763
     86.60049398
     86.70533780
     86.27640688
     87.00786092
     87.07838957
     87.07838957
     87.07838957
     86.12403658
     86.73251661
     86.82637814
     86.82637814
     87.06551630
     87.11094742
     87.11094742
     87.14810530
     87.14109774
     87.14109774
     87.13071706
     87.03573626
     86.97289003
     86.97289003
     86.74991473
     86.71242714
     86.66371368
     86.66930110
     86.20391632
     86.35782043
     86.66883070
     86.67557640
     86.58525965
     86.12429127
     86.12429127
     86.28903715
     87.04828524
     87.04828524
     86.98333926
     86.94311618
     86.94311618
     87.04659725
     86.75023038
     87.08989572
     86.84906593
     85.18350046
     85.18350046
     85.18350046
     85.22639721
     86.47806117
     86.32674583
     86.72939119
     86.16864589
     86.91157827
     86.38629558
     86.37110660
     86.30043334
     85.37679447
     85.37679447
     85.37679447
     85.15931592
     86.69407618
     85.29657357
     85.22284266
     83.92929451
     84.39716248
     83.66095710
     85.24840724
     86.13536640
     85.72534421
     86.59053116
     86.36711994
     86.38766758
     85.94119255
     85.83027996
     85.37927158
     85.02930517
     84.82270601
     84.82270601
     84.82270601
     84.82270601
     85.49405627
     85.90063986
     85.90063986
     85.23165105
     85.63826040
     86.06745791
     86.03906127
     86.23741026
     86.23741026
     86.94515606
     87.05576910
     87.05576910
     87.05576910
     87.05385718
     87.05842551
     87.05842551
     86.59789817
     87.19119105
     87.19119105
     87.19119105
     87.19119105
     87.19119105
     87.19119105
     87.17380184
     87.17380184
     87.17380184
     87.13118271
     87.13118271
     87.13118271
     86.67431141
     86.77519782
     87.07987364
     86.90253762
     85.06071652
     86.59272150
     86.71435416
     86.71435416
     86.69412408
     86.65616916
     85.31366664
     85.26764322
     86.20283815
     86.20283815
     86.20283815
     86.07162833
     86.12567328
     86.55820735
     86.72789611
     86.71867902
     86.71867902
     86.74263143
     86.89254387
     86.97818331
     86.97818331
     87.13269253
     87.21392959
     87.20862496
     87.24031222
     87.15548150
     87.21267939
     87.11658562
     86.52475179
     86.52475179
     86.30214158
     86.06729749
     86.22274921
     86.71440018
     86.84047746
     86.77656195
     86.77656195
     86.42315944
     86.42081342
     86.42081342
     86.42081342
     86.48949926
     86.48949926
     86.48949926
     86.48949926
     86.48949926
     85.93248658
     86.07313182
     86.08145000
     86.20058152
     86.67810649
     86.69055934
     86.60379450
     87.13309873
     87.12750483
     86.98349090
     86.98349090
     86.96988315
     86.89029742
     87.13538601
     86.94544042
     87.23666484
     87.24490333
     87.24490333
     87.18934775
     87.22593157
     87.22593157
     87.22593157
     87.22593157
     87.12680963
     87.14364087
     86.46118449
     86.46118449
     86.45389026
     86.14714431
     86.14714431
     86.14714431
     85.42056073
     87.08948482
     87.09643529
     87.13466506
     87.13466506
     86.81556245
     86.65439764
     86.65439764
     86.65439764
     86.62355647
     87.10952242
     87.04750698
     86.95544076
     86.95544076
     86.30586244
     86.30586244
     86.43711750
     86.45395276
     84.70975828
     86.83988690
     86.72397942
     86.73048600
     86.73048600
     86.60771677
     86.35314702
     86.34814912
     86.34814912
     86.34814912
     86.36582299
     85.65613535
     85.64854652
     86.15339837
     86.15339837
     86.19049382
     86.49308468
     86.49308468
     86.45572266
     86.44339860
     85.81062852
     85.81062852
     85.36663519
     86.48203078
     86.86530515
     86.81663065
     86.45535294
     86.14695246
     84.80412618
     84.69873052
     84.50553264
     84.50553264
     83.77514904
     83.77514904
     83.69711099
     84.40325438
     84.43408208
     84.43408208
     84.94395878
     85.32762842
     84.30661787
     84.30661787
     85.05229003
     86.05098707
     86.08013131
     84.53780211
     84.53780211
     85.35630333
     85.28862908
     84.61556934
     83.40749268
     86.15983735
     86.15983735
     86.02639915
     86.02639915
     86.02639915
     86.00025899
     86.00025899
     86.00025899
     86.00025899
     86.43969309
     86.43969309
     86.07949663
     86.07949663
     85.74946578
     85.74946578
     85.74946578
     85.74946578
     86.03965857
     86.03965857
     86.03965857
     86.00441791
     86.07815667
     85.64732594
     85.09983076
     85.64832648
     85.13371912
     85.13371912
     85.23664618
     85.23664618
     84.83023720
     84.83023720
     84.88573741
     85.98633030
     86.63334522
     86.73121485
     86.52272451
     85.32510709
     85.56254652
     85.76488197
     86.51797354
     86.11494109
     86.33391409
     86.36759844
     85.78489913
     86.18807663
     86.98233555
     86.98233555
     87.08463825
     86.82239060
     87.02594600
     86.41085061
     86.00439456
     85.47695765
     85.41692994
     85.41978374
     86.20020377
     86.20020377
     86.92196756
     86.93472034
     86.80668661
     86.88599542
     86.81386093
     86.37264267
     86.37264267
     86.61086516
     86.61086516
     85.20823361
     85.20823361
     85.36482607
     85.36482607
     85.34884279
     86.01326095
     85.25797330
     85.25442126
     85.41739756
     85.18769480
     86.22540833
     85.98291092
     85.52263523
     86.03910274
     86.03910274
     86.03910274
     86.83733550
     86.83733550
     86.84765017
     86.84765017
     87.01458659
     86.96162667
     87.12205576
     87.25206550
     87.24716396
     87.16754913
     87.25315164
     87.25315164
     87.25551974
     87.17248892
     87.17248892
     87.17248892
     87.19867480
     87.19934488
     85.58708866
     85.41225097
     86.23380561
     86.33720982
     86.30369415
     86.36972579
     86.36972579
     86.36972579
     86.36972579
     86.50368981
     86.87356591
     86.73210503
     86.73210503
     86.89659317
     86.89659317
     86.88529900
     86.95348077
     86.95348077
     86.72642871
     86.89625440
     86.84827160
     85.48165625
     85.48165625
     86.27227538
     85.52765785
     86.15528007
     86.34616658
     85.76186573
     85.76186573
     85.76186573
     85.92328946
     84.45688654
     85.61299451
     85.61299451
     85.61299451
     85.58029305
     85.58029305
     85.65723070
     85.64549566
     86.59175393
     86.53650742
     86.39985096
     86.17177364
     86.71113363
     86.71113363
     86.68515481
     86.68515481
     86.68515481
     85.40854434
     86.02455174
     87.10840439
     87.05036861
     87.06305400
     87.06305400
     87.06305400
     87.06305400
     87.12733242
     87.12733242
     87.11361274
     87.11361274
     87.21141726
     87.25137088
     87.25137088
     87.25137088
     87.25137088
     87.25141381
     87.25141381
     87.25141381
     87.25141381
     87.25141381
     87.25141381
     87.25141381
     87.25141381
     87.25254871
     87.25254871
     87.25254871
     87.25254871
     87.25254871
     87.25254871
     87.19239821
     87.12240034
     87.17723960
     87.17723960
     87.14561610
     87.14561610
     86.79396542
     86.79396542
     86.79396542
     86.79184334
     86.09567174
     86.07406895
     86.47235952
     86.95361541
     86.95361541
     86.95361541
     86.20128186
     86.20128186
     86.32927703
     86.32927703
     87.02003907
     87.25022728
     87.24912493
     87.24912493
     87.24912493
     87.24912493
     87.24912493
     87.24503985
     87.24503985
     87.15736348
     87.15736348
     87.15736348
     87.15736348
     87.15736348
     87.15736348
     87.19136681
     87.19136681
     87.19136681
     87.19136681
     87.25589616
     87.25589616
     87.12186676
     87.13337086
     87.12922520
     87.12922520
     87.12922520
     87.16012179
     87.24990769
     87.24990769
     87.25406861
     87.24336517
     86.99462629
     86.99462629
     86.82870877
     87.04454595
     87.02510994
     86.90268354
     87.01624971
     86.34469503
     86.42020298
     86.42020298
     86.48837811
     86.48837811
     86.48837811
     86.84812438
     87.07806014
     86.95074779
     86.95074779
     86.21752260
     86.45970946
     86.68232875
     86.96412402
     86.92182682
     86.92109989
     87.03373752
     86.98944221
     86.98944221
     87.06870199
     86.98668658
     86.53450991
     86.53450991
     86.66426911
     86.94817155
     86.92112055
     86.49851790
     86.49851790
     86.54212740
     86.72864133
     86.68409683
     86.62882857
     86.62882857
     86.65053068
     86.22071368
     86.22071368
     86.24424774
     86.55986452
     86.92140231
     86.88625753
     86.78204970
     86.55270395
     87.06952474
     86.83721651
     87.23328972
     87.23328972
     87.23328972
     87.23328972
     87.21281842
     87.24642318
     87.24642318
     87.24642318
     87.24747911
     87.24747911
     87.24876959
     87.24778129
     87.24778129
     87.22452629
     86.51256726
     86.47392722
     85.79047253
     85.69086191
     85.94174145
     86.51294088
     86.47762982
     86.63266040
     86.62039788
     86.69051139
     86.56270403
     86.65011444
     86.63100604
     86.63100604
     86.34326464
     86.28714415
     85.99207085
     86.33658183
     86.33658183
     86.41661496
     86.41661496
     86.36222823
     86.49181026
     86.42662978
     86.67230843
     86.78035040
     86.83580459
     86.56505572
     86.29149363
     86.29149363
     86.29149363
     86.33351281
     86.71883824
     86.71883824
     86.71201864
     86.16972510
     86.16972510
     86.16972510
     86.16972510
     86.90505523
     86.90505523
     86.79947107
     86.79947107
     86.79386766
     86.20331530
     86.24123303
     86.24123303
     86.90230306
     86.90230306
     86.12182574
     84.85285399
     84.85285399
     84.97081525
     84.97081525
     83.23610399
     85.95092952
     85.95092952
     85.20931772
     85.20931772
     85.72983869
     85.62402531
     86.12514064
     86.59316112
     85.78447830
     85.23181939
     85.23181939
     85.86094214
     86.22709012
     85.69414546
     86.20462262
     85.80618222
     85.67566982
     85.67566982
     85.31510955
     85.65898745
     85.65898745
     85.65898745
     86.00730185
     85.58246202
     84.84540518
     84.63958210
     85.44317185
     85.44317185
     85.44317185
     85.69045709
     85.69045709
     85.19699010
     84.33005230
     83.31589713
     83.31589713
     83.31589713
     83.31589713
     83.31589713
     81.67433547
     81.67433547
     83.62824386
     85.15505476
     85.01165629
     84.89827424
     84.81084660
     85.80740527
     85.80740527
     85.13959474
     85.84989952
     85.77448935
     85.97975759
     85.97975759
     85.97975759
     85.72934501
     85.80643661
     85.80643661
     85.52509232
     85.28239440
     85.28239440
     85.28239440
     85.28239440
     85.36100998
     85.36100998
     84.43532580
     84.43532580
     84.43532580
     84.43532580
     83.80623214
     85.36904593
     85.36904593
     86.38641118
     86.41188298
     86.28066468
     86.47970130
     86.47970130
     86.47970130
     86.87855211
     86.55876222
     86.64568380
     86.64568380
     87.17261311
     87.14519303
     87.14519303
     87.06980059
     87.06980059
     87.06980059
     87.06980059
     87.06980059
     87.06980059
     86.99337842
     87.23421082
     87.23421082
     87.22943426
     87.22943426
     87.22943426
     87.22943426
     87.22943426
     87.16898023
     87.06943829
     87.20950661
     85.52844528
     85.52844528
     86.37253402
     86.48457228
     85.97185296
     85.97185296
     83.01286147
     83.01286147
     83.01286147
     84.32938658
     85.83442879
     85.59860416
     85.90895180
     86.29831043
     86.23421111
     86.43050479
     86.43050479
     85.90022209
     86.48241385
     86.27260659
     86.64147332
     86.64147332
     86.78949864
     86.74820591
     86.83877757
     83.58737605
     83.58737605
     86.51301627
     86.93719558
     86.90863742
     86.97318304
     86.35242239
     86.47851507
     86.47851507
     86.41162246
     86.41162246
     85.98006511
     85.98006511
     85.98006511
     86.70974433
     85.84051735
     86.11917567
     86.05189407
     85.71271379
     85.72441872
     86.68386810
     86.64721182
     86.64721182
     86.64721182
     86.50433859
     85.82554023
     86.21454377
     86.55530785
     86.20376052
     86.20376052
     86.55960869
     86.52818005
     86.43928061
     86.65829019
     85.73947394
     85.73947394
     85.73947394
     85.73947394
     85.73947394
     85.73947394
     85.68106423
     85.37827154
     84.49403557
     82.13662181
     82.13662181
     84.29097190
     85.85750058
     85.87568385
     85.87568385
     85.58403864
     86.53225317
     86.68702432
     86.95260242
     86.98082327
     86.98082327
     87.09964549
     87.09820154
     87.09820154
     87.09820154
     87.04726952
     86.75076597
     86.65482159
     85.85763245
     86.46087824
     86.45549956
     86.40544235
     86.54922436
     86.69861272
     86.69861272
     86.69861272
     86.07059930
     86.07059930
     86.05440731
     85.61682217
     85.69740590
     85.75117785
     85.69407785
     85.59688665
     85.43329705
     85.43329705
     85.43329705
     84.66238439
     86.27528420
     86.41847556
     86.81726595
     86.82578512
     86.88043042
     86.88043042
     86.88043042
     86.81437149
     86.66593186
     86.66593186
     86.88643111
     86.84986417
     86.82520836
     86.70366711
     86.70999928
     86.71934531
     86.78532150
     86.78532150
     86.80817760
     86.73944291
     86.73910241
     86.83876124
     86.89897356
     86.92841134
     87.13776953
     86.99237552
     86.99237552
     86.98888781
     86.76637983
     86.35311923
     86.27086494
     86.35474450
     86.61217612
     86.59545192
     86.84216649
     86.84216649
     87.08771336
     86.56627021
     84.70272001
     83.02402333
     83.02402333
     82.10404852
     82.10404852
     85.61160767
     85.53745375
     85.53745375
     86.17767619
     86.17767619
     86.48375054
     85.22301148
     85.22301148
     84.60356198
     84.60356198
     84.35951661
     84.35951661
     85.76854428
     85.76854428
     86.85761085
     86.86726303
     86.17886740
     86.13397789
     86.65116910
     85.91863491
     85.43806746
     84.11409014
     84.11409014
     84.11409014
     82.37486883
     82.37486883
     84.48933823
     85.74128301
     85.77942209
     85.77942209
     84.77471642
     84.77471642
     86.11076204
     86.75240819
     86.93938596
     86.94862126
     87.05573842
     86.94956689
     87.01256906
     86.71952252
     86.96068653
     87.07716798
     86.91095511
     86.89803640
     86.87792763
     86.87792763
     86.87792763
     85.17154925
     85.67883555
     86.32873715
     87.06644676
     87.06644676
     87.06644676
     87.06644676
     87.07357709
     87.07357709
     87.07357709
     87.07357709
     86.94148625
     86.68559846
     86.75995921
     87.24474604
     87.24474604
     87.24492180
     87.24492180
     86.86446182
     86.86446182
     87.14306572
     87.23112766
     87.23112766
     87.24289237
     87.10450411
     87.10450411
     87.02509649
     87.02509649
     87.02509649
     86.99423743
     86.99423743
     87.14556899
     87.14556899
     87.14556899
     87.14556899
     87.14556899
     87.23685431
     87.23685431
     87.23365761
     87.12419530
     87.12419530
     87.12419530
     87.12419530
     86.51123315
     86.51123315
     86.51123315
     86.51123315
     86.54425309
     87.11792170
     87.11792170
     87.11792170
     86.77568212
     86.77568212
     87.07205155
     87.07205155
     87.07205155
     87.17099152
     87.17099152
     87.19218139
     87.18752709
     87.19390271
     87.19390271
     87.19390271
     87.19390271
     87.20490796
     87.24637921
     87.24637921
     87.22630539
     87.22630539
     87.22630539
     87.20958510
     87.18375818
     87.18375818
     87.18375818
     87.18375818
     87.18375818
     87.18375818
     87.18375818
     87.18375818
     87.18375818
     87.17340019
     87.17340019
     87.17340019
     87.17340019
     87.21908023
     87.22084920
     87.22084920
     87.19486306
     87.19486306
     87.19973487
     87.22989290
     87.22953297
     87.22953297
     87.23767663
     87.23767663
     87.23638773
     87.20246064
     87.19015968
     87.15698987
     87.00603554
     87.00603554
     86.98104279
     86.98104279
     87.18710543
     87.18213343
     87.06483021
     87.06483021
     87.06483021
     87.16155619
     86.50924918
     86.54775993
     86.69271546
     86.87888806
     86.87888806
     86.87888806
     86.87888806
     86.87888806
     86.87888806
     86.77743892
     86.77743892
     86.77743892
     86.78059471
     86.78059471
     86.78059471
     86.83339230
     87.04201719
     87.02317515
     86.75100547
     86.25306338
     86.25306338
     86.77171233
     87.05069008
     86.59834462
     86.59834462
     86.59610848
     86.58587081
     86.12071016
     85.51410893
     85.78355567
     84.48817201
     84.33542659
     86.27558612
     86.27558612
     86.01171801
     86.49987433
     86.31667862
     86.31667862
     86.31667862
     86.31667862
     86.10459716
     86.04175367
     86.23264626
     86.23264626
     87.24659815
     87.24659815
     87.22863597
     87.20433235
     87.05181726
     87.05181726
     87.05181726
     87.05181726
     87.15972733
     85.83425902
     86.49954502
     85.76456712
     86.59316936
     86.77286283
     86.77286283
     86.63395121
     87.22807818
     87.23347054
     87.19121758
     87.20178815
     87.20178815
     87.20811091
     87.20811091
     87.21999297
     87.16935443
     87.10237434
     86.78760670
     86.60151534
     86.34978579
     85.60933499
     84.32076918
     84.32076918
     86.90148909
     86.79111104
     86.44114255
     86.31223417
     86.31223417
     86.31223417
     86.31223417
     86.31919621
     86.15656493
     86.15656493
     86.33102762
     86.25421710
     86.29826653
     86.61237005
     86.29228365
     86.44391029
     86.44538765
     86.36879297
     87.17101212
     87.17101212
     87.17101212
     87.18882661
     87.20001549
     87.21331177
     87.25090015
     87.25090015
     87.21515462
     87.19388849
     87.16079612
     87.16079612
     87.10758988
     87.08394748
     87.02683121
     86.94488347
     86.94488347
     86.09887248
     86.09887248
     86.09887248
     86.09887248
     86.09887248
     86.61688282
     86.50452796
     86.63904387
     86.47576876
     84.99191532
     84.99191532
     84.76109666
     86.77695207
     86.77695207
     86.98270441
     86.94412391
     86.94412391
     86.94412391
     86.89072324
     86.89072324
     86.89072324
     86.95275643
     86.92318092
     86.93179584
     86.77514433
     86.60740969
     86.74813391
     86.74813391
     86.74813391
     86.74813391
     86.70484805
     87.16348255
     87.01599889
     86.08923065
     85.62534350
     85.63710057
     85.63710057
     85.63710057
     85.63651638
     86.00582675
     86.59473010
     86.69651845
     85.98394508
     85.93522618
     86.56802555
     86.94314819
     86.94314819
     87.01414351
     86.98104579
     87.02397283
     86.90737548
     86.85264362
     86.77919096
     86.74494770
     87.05035579
     87.05131522
     87.21243302
     86.32306201
     86.32306201
     86.11553353
     86.08384786
     85.90341089
     85.90341089
     86.32781295
     86.34656888
     86.45517609
     86.49740347
     86.85470024
     87.02335499
     86.66929647
     86.66929647
     86.56827425
     86.56827425
     86.85903686
     86.91563265
     86.92289996
     87.20151395
     87.06086195
     87.06086195
     87.05086914
     87.23072318
     87.25367518
     87.25367518
     86.78920701
     86.55489369
     86.51605885
     86.51605885
     86.34325878
     86.66643121
     85.42790727
     85.35219454
     85.69304246
     85.69304246
     86.54694023
     86.53743216
     86.45732843
     86.50722579
     86.19829126
     86.19829126
     86.38960947
     86.39237233
     86.83896312
     86.60322458
     86.60227792
     86.35360230
     86.35360230
     86.34046450
     86.31748610
     84.61663107
     85.16034782
     85.74643864
     86.46117346
     86.46117346
     86.42507706
     86.42507706
     86.11656439
     86.75866677
     86.89009348
     86.89048537
     86.96871631
     87.05034638
     86.70342767
     86.81507482
     86.72472555
     86.72472555
     86.67344398
     86.66697524
     86.69677087
     86.76041898
     86.76041898
     86.11914886
     86.48533742
     86.44357513
     85.94960800
     85.99078771
     85.99700016
     86.08011744
     85.89388167
     85.48575370
     85.48575370
     86.41006876
     86.36034190
     86.36034190
     86.67152074
     86.27880576
     85.45779028
     85.45779028
     85.45779028
     83.91496646
     84.35801708
     84.14470136
     84.14470136
     86.25858120
     86.23917218
     86.37396468
     86.27358469
     86.13031059
     86.71069949
     85.95155946
     85.95155946
     86.12572026
     86.12572026
     86.12572026
     85.64393002
     83.44668995
     84.05117745
     84.05117745
     84.05117745
     84.50539129
     84.86697000
     84.86697000
     84.86697000
     84.86697000
     84.80724172
     84.80724172
     84.80724172
     84.57215595
     83.93711469
     83.94427226
     84.43872126
     81.94094420
     82.17904335
     82.64465639
     86.92628646
     86.86251203
     86.86251203
     86.86251203
     86.80109726
     86.92042636
     86.92042636
     86.92042636
     86.92042636
     86.92042636
     86.93043529
     86.87999168
     86.87999168
     86.94785139
     86.98145106
     86.91376258
     87.13049491
     87.17865802
     87.17865802
     87.17673258
     87.24231095
     87.23623261
     87.24194063
     87.24227529
     87.23289508
     87.11955298
     87.11955298
     87.19206209
     87.20051533
     87.15889681
     87.11073556
     87.11073556
     87.11073556
     87.12634291
     86.98019576
     87.05093108
     87.05093108
     87.05093108
     87.05093108
     87.05093108
     86.73054293
     86.73054293
     86.73054293
     86.70977052
     86.70977052
     86.76580694
     87.23714226
     87.14147726
     86.19016032
     86.19016032
     85.23053447
     85.56069805
     85.42366099
     85.54389420
     85.54389420
     85.54389420
     85.72896672
     85.38181295
     85.20886487
     85.20886487
     86.75003038
     85.69067808
     85.19268010
     85.26997046
     85.26997046
     85.26997046
     85.28763910
     83.14103870
     84.63977197
     85.31152625
     85.31152625
     85.31152625
     85.31152625
     83.44048199
     83.99412824
     83.99412824
     83.99412824
     83.99412824
     83.99412824
     85.00686451
     84.67262746
     84.67262746
     84.67954248
     84.64838019
     84.64838019
     84.45516397
     85.42767808
     86.18531369
     86.18531369
     86.04358621
     86.04358621
     86.31087142
     86.44028872
     86.51198880
     86.72672194
     86.67651577
     86.67651577
     86.67651577
     86.29912346
     86.29912346
     86.26936720
     85.77140243
     85.76674315
     85.60315065
     84.59417317
     85.31969544
     85.31969544
     84.32639155
     84.32639155
     84.32639155
     85.74420112
     85.74420112
     85.74420112
     85.74420112
     86.17617940
     86.00765182
     85.93314124
     84.90546861
     83.93036795
     84.41100785
     84.41100785
     84.17088006
     84.71828200
     84.71828200
     84.59159703
     85.60107702
     85.17287004
     85.17287004
     84.57564410
     84.38951801
     84.89528348
     84.89528348
     84.89528348
     84.89528348
     85.07773127
     85.07773127
     85.20726110
     85.40674100
     86.76898328
     86.76898328
     87.02749162
     86.86774487
     86.86774487
     86.71878772
     86.49155465
     86.66824439
     86.66824439
     86.51473319
     86.51473319
     86.51473319
     86.83889664
     86.58947452
     86.58947452
     86.78535835
     87.00269990
     86.95599522
     86.96561195
     86.76825700
     86.79272260
     86.78487353
     86.41577679
     85.54049118
     85.34248662
     85.79686542
     86.28925731
     86.03227263
     85.26550831
     85.26550831
     85.22900759
     86.16062513
     86.16062513
     87.01426330
     86.94677682
     86.69273547
     86.69273547
     86.97964150
     86.91430363
     86.87756416
     86.81098124
     86.81633994
     86.81633994
     86.81633994
     86.89675107
     85.82020051
     85.82020051
     85.82020051
     86.15586304
     86.60804195
     86.60804195
     86.60804195
     86.74397607
     86.68466551
     86.68466551
     86.83025602
     87.24428729
     87.24428729
     87.17763867
     87.17763867
     87.24422323
     87.24422323
     85.65110719
     86.07891530
     86.07121619
     86.28425286
     86.28425286
     86.28425286
     86.47473258
     86.57086948
     86.31052961
     86.00652118
     86.00652118
     86.00652118
     86.00652118
     86.60761876
     86.90883776
     86.82896675
     86.95322050
     86.89902330
     86.84417453
     86.84417453
     86.87372490
     86.87372490
     86.87372490
     86.87372490
     86.81544621
     86.81544621
     86.81544621
     86.81544621
     86.81544621
     86.81544621
     86.84253118
     86.89751645
     87.01202719
     87.18895097
     86.44853541
     87.00411076
     87.04087401
     86.83926670
     86.83926670
     86.63491988
     86.60291685
     86.60291685
     86.58079947
     86.56220899
     85.84270996
     85.17831546
     85.14731561
     85.39893618
     85.62666792
     86.78202185
     83.56001927
     81.66953612
     81.66953612
     81.20906788
     81.20906788
     81.20906788
     81.11836496
     79.76771942
     81.93482316
     81.93482316
     84.25659665
     84.25659665
     84.25659665
     84.31798912
     86.13239416
     86.14019450
     86.39829895
     86.39829895
     86.39829895
     85.95511838
     85.95511838
     84.92591290
     85.78683833
     85.30316681
     83.68601446
     84.46996101
     85.06794003
     85.06794003
     84.83651609
     84.90694636
     84.90694636
     85.47593930
     85.47593930
     85.47593930
     85.47593930
     85.04315719
     84.56684446
     85.26797116
     85.26797116
     85.26797116
     85.63216156
     84.96001166
     85.84313681
     85.84313681
     85.10553895
     84.91989084
     84.91989084
     86.13008205
     86.77538629
     86.75093401
     87.13305929
     87.13305929
     87.15511119
     87.15511119
     87.24225650
     87.24087927
     87.22221015
     87.22221015
     87.22534743
     87.22534743
     86.88322805
     86.88322805
     86.86359830
     86.98152811
     87.00136302
     87.00136302
     87.24418354
     87.24418354
     87.13717378
     87.10660545
     86.42070314
     86.59029646
     86.59029646
     87.16821903
     87.19271785
     87.02318640
     86.88508217
     86.92805419
     87.04714243
     86.96336931
     86.95526289
     86.95526289
     86.99675249
     86.99738815
     86.37970845
     86.37970845
     86.37970845
     86.37970845
     86.37970845
     86.37970845
     86.28048038
     86.28048038
     86.94621404
     86.94621404
     86.61530374
     86.82897640
     86.75304417
     86.75304417
     86.75304417
     87.03203449
     86.85420900
     86.85420900
     86.87978847
     86.63795388
     86.74813159
     86.74813159
     86.71385223
     86.73965825
     86.82593152
     86.82593152
     86.78814655
     86.83833148
     86.67163167
     86.67163167
     86.85967851
     85.86953047
     85.86953047
     85.86953047
     85.47207245
     86.25601627
     86.10575908
     86.10575908
     86.10575908
     85.96795258
     85.01615849
     86.80260348
     86.80260348
     86.80260348
     86.80260348
     86.80260348
     86.59940744
     87.05064568
     86.96846543
     86.96091036
     87.21190343
     87.12603120
     87.24987198
     87.24987198
     87.24987198
     87.24987198
     86.85381524
     86.85381524
     86.92425397
     87.18895440
     87.10114434
     87.14083168
     87.13379613
     87.13379613
     86.98372311
     86.83822921
     86.95649714
     86.91548857
     86.38030354
     86.25393159
     86.42012780
     86.42012780
     86.43557594
     86.94569318
     86.94569318
     86.94569318
     87.08331450
     87.08331450
     86.94872233
     87.05554823
     86.82004101
     86.68948869
     86.68948869
     86.70834824
     86.53290700
     86.91687845
     85.89137817
     86.02815554
     86.02815554
     86.02815554
     86.26664036
     86.26664036
     86.56190241
     86.14996261
     85.74120515
     85.05417967
     85.82797384
     85.91829660
     85.91829660
     85.76562781
     86.42964076
     86.64042927
     86.62104471
     86.76537146
     86.45361713
     86.45361713
     86.40483449
     86.86263196
     86.91442194
     87.09106178
     86.80376867
     87.18605453
     86.98457935
     86.99373412
     87.25156052
     87.25156052
     86.33677023
     86.47678061
     86.45759967
     86.19297622
     84.93779684
     84.79896742
     85.01274576
     85.67253673
     85.65305775
     85.46517745
     85.44888793
     85.70844466
     85.01929193
     84.83870600
     85.26033512
     85.10819100
     85.33684738
     85.28261477
     85.28261477
     85.75539125
     85.88937421
     85.73270356
     85.73270356
     85.73270356
     86.39825968
     86.55565554
     86.55565554
     86.06071415
     86.25689742
     86.25689742
     86.15580599
     85.71947650
     85.67937939
     85.67937939
     86.57349254
     85.56441546
     84.93720527
     84.93720527
     84.93720527
     85.50141910
     85.99402829
     85.99402829
     86.01828349
     86.01828349
     85.63196883
     85.63196883
     85.63196883
     85.58941710
     84.95312595
     85.55055947
     84.94121597
     84.94121597
     84.94121597
     86.50482370
     86.39661617
     86.25003148
     86.66967168
     86.43153341
     84.42438279
     84.34381595
     84.48804418
     84.48804418
     84.48804418
     84.48804418
     85.58938013
     84.77594770
     84.77594770
     84.77594770
     84.93293782
     85.24053337
     85.24053337
     85.24053337
     85.80074157
     86.06022476
     86.01257384
     85.16296808
     85.16296808
     85.16296808
     85.16296808
     86.27176082
     86.31417789
     86.31417789
     86.26995538
     86.22721308
     86.25431110
     86.25431110
     86.28075022
     85.86689326
     85.86689326
     86.53493297
     86.61337923
     86.44358617
     86.44358617
     86.31776285
     85.90932087
     85.92402096
     84.71444020
     86.44255867
     85.86537167
     84.94905386
     86.66013580
     87.13696912
     87.14813338
     87.19191239
     87.12496933
     87.11218396
     87.08377097
     86.66114446
     86.80725527
     85.52524568
     85.86717936
     86.40901214
     86.45782251
     86.45782251
     86.45766905
     86.45766905
     85.84036060
     86.68868943
     86.75720739
     86.65485610
     86.93936426
     86.93936426
     86.93936426
     86.80846549
     86.80846549
     86.64591358
     86.62845634
     86.49521850
     86.49521850
     85.86563501
     83.03554518
     84.87328183
     84.87328183
     85.27907492
     85.27907492
     85.88906282
     85.88906282
     85.59432191
     85.59432191
     85.59432191
     85.28744124
     85.23445200
     86.58414080
     86.68505995
     86.76079693
     86.76079693
     86.24096396
     86.24096396
     86.71606545
     86.71606545
     85.75634378
     85.36990270
     85.38456790
     86.25317299
     86.85275259
     86.85275259
     86.31116440
     86.17710021
     86.29315003
     85.28949354
     86.14695494
     86.14695494
     86.02482363
     86.37325087
     86.56613475
     86.13229243
     86.25471185
     86.48618434
     86.39096164
     86.30342301
     86.19530192
     86.55509472
     86.45352817
     86.27307474
     86.16566905
     86.16566905
     85.35145473
     85.50633430
     84.81374583
     84.27463660
     82.48388981
     82.81071608
     82.81071608
     82.81071608
     84.05384210
     83.90367110
     84.34050988
     84.86267474
     85.14882844
     85.62176869
     85.62176869
     84.90463378
     84.90463378
     85.38722910
     85.11172644
     85.34721355
     85.34721355
     85.34721355
     85.34721355
     84.91495160
     83.38359787
     83.38359787
     84.87054240
     84.31715012
     81.38974759
     81.38974759
     81.38974759
     81.38974759
     84.61762040
     84.64066893
     85.36444828
     85.21819722
     85.21819722
     85.21819722
     85.21819722
     85.21819722
     85.21819722
     85.21819722
     86.17068679
     86.21042367
     86.20026326
     85.49594237
     85.95362183
     85.95362183
     85.95362183
     85.95362183
     86.46389489
     86.46389489
     86.46389489
     85.83577734
     85.08879884
     86.49520227
     86.44374200
     85.49397928
     85.49397928
     85.20856050
     85.20856050
     84.19602760
     85.91232422
     85.91232422
     84.36552508
     84.06833571
     82.23490252
     82.75092722
     84.57038358
     84.63375513
     84.63375513
     84.63375513
     84.52117028
     84.65821705
     87.21881825
     87.22305042
     87.22305042
     87.22305042
     87.12100951
     87.12100951
     86.08734369
     86.08734369
     86.49755683
     86.70654213
     86.70654213
     86.70041237
     86.70041237
     86.70041237
     86.29138105
     86.29138105
     86.37131030
     86.37131030
     86.83453135
     86.83453135
     86.83453135
     86.80287644
     86.80287644
     86.83883428
     87.13448165
     87.13161344
     87.09365568
     87.09365568
     85.33739677
     85.33739677
     85.37648953
     85.37648953
     84.08203477
     85.36377309
     85.16048397
     84.61587024
     84.61587024
     84.80870793
     84.80870793
     84.80870793
     85.98174110
     86.05428689
     85.93937973
     84.99423500
     85.26938849
     85.34818896
     85.34818896
     85.34818896
     86.04784495
     86.74289233
     86.71071629
     86.71071629
     86.78739804
     86.78739804
     86.78739804
     86.78739804
     86.92787761
     86.06023744
     86.06023744
     86.06023744
     85.98963164
     86.11352146
     86.41570183
     86.20451221
     85.88483589
     85.46157622
     84.83380329
     86.91434417
     86.91434417
     86.82785746
     86.87893875
     86.89093475
     86.87359510
     86.87359510
     86.87359510
     86.56727520
     86.56727520
     86.56727520
     86.73569886
     86.12003877
     86.25225026
     86.25225026
     86.25225026
     86.79285894
     86.76432786
     86.82407436
     86.82407436
     86.82407436
     87.02201818
     87.02201818
     86.88704792
     86.88704792
     86.88704792
     86.88704792
     86.90358764
     86.92966438
     86.92966438
     86.92966438
     86.16660088
     86.32935686
     86.72848048
     86.70799382
     86.70799382
     86.82759929
     86.82759929
     86.49591214
     86.16883102
     86.16883102
     86.16883102
     86.41712682
     86.57146551
     86.70597111
     86.74005812
     87.25541175
     87.25319023
     87.23062964
     87.23062964
     87.19474927
     87.24677756
     87.22685299
     87.22685299
     87.22685299
     87.15926039
     87.15926039
     87.15926039
     87.15049516
     87.15049516
     87.15049516
     86.92338148
     85.70684704
     85.29258584
     82.64359868
     81.89898467
     83.40871725
     83.35807956
     83.35807956
     83.74308802
     83.74308802
     83.89303553
     85.32146896
     85.32146896
     85.31806838
     85.07935950
     86.80770861
     87.06152573
     86.96434902
     84.58385253
     84.58385253
     86.50031386
     86.42596211
