    125.08551103
    124.98286279
    125.00291189
    125.04054537
    125.31845327
    125.31845327
    125.27095456
    125.24676104
    125.17577620
    124.81236823
    124.81236823
    124.49634026
    123.31832976
    122.53569726
    122.53569726
    122.53569726
    124.14867018
    122.88728258
    123.12356288
    123.20118361
    123.20118361
    122.79030902
    124.76193445
    125.21710252
    125.19154999
    123.56230319
    123.56230319
    123.38040821
    124.04974925
    123.67622094
    123.63469567
    123.63469567
    123.72102094
    123.72102094
    123.72102094
    123.72102094
    123.72102094
    123.72102094
    123.72102094
    123.72102094
    124.11014253
    124.67369784
    124.67369784
    123.85577271
    123.85577271
    124.56546139
    123.64678189
    124.90523332
    125.23202905
    125.33881203
    125.19550916
    125.19550916
    125.35620249
    125.38419795
    125.31720244
    125.02166675
    125.14754135
    124.90345686
    125.21398745
    125.23492392
    125.23492392
    125.03034277
    125.03420912
    125.42883685
    125.42883685
    125.42316986
    125.12020928
    125.13702176
    125.13702176
    125.38705481
    125.45473062
    125.27683635
    125.27683635
    125.27683635
    125.27683635
    125.25353645
    125.25353645
    125.37982642
    125.37982642
    124.00974862
    124.00974862
    124.90910029
    124.45681399
    124.45681399
    124.45681399
    124.45681399
    124.94541124
    124.94541124
    125.39083937
    125.31370702
    125.28131698
    125.09375771
    125.13715686
    125.24304468
    125.33648602
    125.32811482
    125.25172243
    125.19805298
    124.70535089
    125.02437406
    124.53133738
    124.53133738
    124.22825099
    123.54851158
    123.54851158
    122.06846797
    122.06846797
    122.05186099
    123.51589596
    123.51589596
    124.82782867
    124.82782867
    124.82782867
    123.66554024
    122.72021436
    124.52117918
    124.32229931
    124.32229931
    125.19248392
    124.80676484
    124.82854497
    124.82854497
    121.67898979
    121.67898979
    121.67898979
    124.60253453
    124.61251704
    124.78482804
    124.94647853
    124.56712270
    124.57220937
    124.57220937
    125.28380663
    125.26900194
    125.42123627
    124.73154563
    124.10779723
    124.50948728
    125.39111530
    125.37123674
    125.22877513
    124.83455046
    124.83455046
    124.85032004
    124.85032004
    124.48456927
    124.48456927
    124.15063832
    124.23675265
    125.33699007
    124.47370563
    124.47370563
    124.47370563
    124.80765906
    124.32933590
    124.32933590
    123.88257054
    123.88257054
    124.74655488
    124.80238376
    124.86387181
    124.55081914
    124.55081914
    124.55081914
    124.62400048
    124.62400048
    124.62400048
    122.49536181
    122.34192614
    122.69114671
    122.69114671
    124.14669445
    123.30966611
    124.10241287
    124.67559250
    125.02477456
    125.02477456
    124.91246047
    124.64078910
    124.90113465
    124.89671666
    124.52653573
    124.87814334
    124.87814334
    124.75376563
    125.38947099
    125.38947099
    125.31479196
    125.39095884
    125.39095884
    125.43423325
    125.39658550
    125.42252782
    125.42252782
    125.09449480
    124.73550919
    124.72111404
    124.72111404
    124.72111404
    124.72111404
    123.74275102
    124.60543790
    123.56511557
    123.56511557
    123.97133401
    124.76340894
    124.76340894
    124.69164738
    125.09813197
    125.11985557
    124.37339677
    123.90393243
    124.57203272
    124.26759939
    125.03737119
    124.85162193
    124.72419865
    125.33363585
    125.33942923
    125.02572746
    124.58281668
    124.58281668
    124.68269175
    125.01734489
    125.01734489
    124.83978013
    124.84219558
    124.84219558
    124.99575690
    124.99857560
    124.56023246
    124.47443662
    124.88917001
    124.86194332
    124.54412246
    123.51706091
    123.51706091
    123.21815595
    123.25001006
    124.72216656
    124.86724719
    125.40035971
    124.56297560
    124.83576551
    124.83576551
    124.34615398
    124.41108635
    123.63003208
    123.04918770
    123.73448145
    125.00740034
    124.71558104
    124.71558104
    124.71558104
    124.71558104
    124.93122366
    124.72662024
    125.03127790
    124.78221338
    124.78221338
    124.78221338
    124.78221338
    123.84243306
    123.84243306
    123.71123022
    123.71123022
    123.99763135
    123.97918600
    123.26213976
    123.26213976
    124.97532706
    124.97532706
    124.97532706
    124.05342166
    124.05342166
    124.05342166
    124.05342166
    124.05342166
    124.77970200
    124.68082300
    125.32097587
    125.32097587
    125.43921564
    125.42323652
    125.42163264
    125.45335837
    125.44389294
    125.34297836
    125.34297836
    125.27566106
    125.03418090
    124.87515951
    124.74006117
    125.33997565
    125.33994689
    125.41704750
    125.41340964
    125.17293081
    125.17743498
    125.16798320
    125.23703288
    125.16158693
    125.11081289
    125.11592457
    125.11592457
    125.09797685
    124.79243504
    124.79243504
    124.37785910
    124.37785910
    124.37785910
    124.27359105
    124.20375633
    124.20375633
    124.59336535
    125.03865527
    124.48282906
    124.58857209
    124.58857209
    124.55093365
    124.55093365
    123.57095975
    123.61462369
    123.22302231
    123.22302231
    124.49879109
    124.49879109
    124.49879109
    123.41169005
    123.41169005
    123.85626348
    124.43667250
    123.83849578
    124.46271033
    124.46271033
    124.46271033
    124.80940968
    124.44236020
    124.28801787
    123.26581238
    123.79378229
    122.71703697
    122.95324395
    124.20905687
    124.20905687
    124.73304184
    122.80909796
    122.53143346
    121.48475358
    121.50911374
    124.86946011
    124.53047861
    124.48679660
    124.83605644
    124.83605644
    124.28322911
    124.09074705
    124.61622877
    124.61622877
    124.71544091
    124.87869676
    124.90495204
    124.90032154
    125.29535793
    124.98191823
    124.99347953
    124.19381640
    124.44267028
    123.71166999
    123.71166999
    123.70747828
    123.70747828
    124.75387763
    124.75387763
    124.95345748
    124.98693633
    124.96745571
    125.03228388
    125.03228388
    124.94866022
    124.81209156
    125.39534338
    125.39534338
    125.38353629
    124.78834045
    125.06169559
    125.06169559
    125.27097002
    124.38804650
    124.78394511
    124.89583449
    124.91189111
    124.91189111
    124.53033833
    124.68038762
    124.68038762
    124.80946229
    124.34251999
    124.52989586
    124.45118921
    124.77467320
    124.87102448
    124.43962719
    124.47767568
    125.03482672
    124.94668209
    124.75154679
    124.75154679
    124.75154679
    125.17130896
    125.04416490
    125.07909508
    125.18380039
    124.98075354
    125.06213059
    125.12729330
    124.74925567
    124.74925567
    124.20806155
    123.62785068
    123.62785068
    123.26380693
    123.26380693
    121.20925464
    123.62709577
    123.62709577
    123.62709577
    123.62709577
    123.62709577
    123.62709577
    123.96825250
    124.88831095
    125.02273871
    125.02273871
    125.02509865
    125.11662078
    125.06337731
    125.31293929
    125.31293929
    125.11377318
    125.11377318
    125.32355242
    125.32355242
    125.35330679
    125.35330679
    125.39266277
    125.41838581
    125.41838581
    125.41838581
    125.32622514
    125.24258899
    125.23349795
    124.55417372
    124.65069328
    124.65069328
    125.25352671
    125.30646774
    122.69345066
    123.83208462
    123.84578740
    124.73600081
    124.73600081
    124.88893297
    124.88893297
    125.45211483
    125.36863487
    125.12513983
    124.96793074
    125.29977657
    125.17676190
    125.25773378
    125.41152966
    125.39448690
    125.39448690
    125.33131542
    125.10161538
    125.10161538
    125.24789843
    125.02770932
    124.95815865
    124.95815865
    125.29954065
    125.10625595
    125.10625595
    125.24180231
    125.24180231
    125.44262832
    125.44262832
    125.04859458
    125.35302081
    124.88672101
    124.75573568
    124.75573568
    124.91433060
    124.74930855
    123.85818104
    122.38514348
    120.03138167
    121.12387796
    123.18258126
    125.25429449
    125.25158971
    125.25158971
    125.17189460
    125.17189460
    124.97061618
    124.54692499
    124.25213096
    121.95093625
    121.95093625
    121.95093625
    120.47395942
    120.47395942
    120.47395942
    120.47395942
    121.40251108
    124.63788169
    124.10064568
    124.48967744
    124.48967744
    124.55582933
    124.83886470
    124.66202121
    123.05933655
    121.20120692
    121.14402691
    121.14402691
    121.14402691
    121.14402691
    121.14402691
    121.14402691
    124.17121299
    123.45675228
    123.45675228
    123.45675228
    123.45675228
    123.45675228
    123.45675228
    124.67236257
    124.67127352
    124.66680348
    124.66680348
    124.66680348
    124.50654784
    124.50654784
    124.50654784
    124.63980982
    125.23917046
    125.23917046
    125.23917046
    125.13004223
    125.13004223
    125.36855824
    125.36855824
    125.38347164
    125.38460341
    125.38460341
    125.38620175
    124.33399781
    125.29220818
    125.29083142
    125.29426631
    124.34571073
    124.02656260
    124.22203644
    123.93295882
    123.93295882
    123.46465362
    124.76216263
    124.77153343
    125.09071370
    125.10215300
    125.10215300
    125.01155198
    125.01155198
    125.10963814
    125.23284745
    124.81056792
    125.05869638
    125.10134691
    125.10134691
    123.87336727
    123.87336727
    123.87336727
    124.29128972
    125.39894433
    125.16913806
    125.14289616
    125.14289616
    125.14289616
    125.14289616
    125.04143164
    125.04143164
    124.81843624
    124.57903015
    123.44146474
    125.23997197
    125.35142859
    125.43876206
    125.45639970
    124.85037509
    125.13870702
    124.80782430
    125.04996694
    124.81333946
    124.99818508
    124.99818508
    124.99818508
    124.93626098
    124.49934779
    124.57337448
    124.38324622
    124.53802484
    124.53802484
    123.28820459
    123.28820459
    123.28820459
    124.41140483
    124.59715563
    124.59715563
    124.60438232
    125.06226415
    125.12853909
    125.23868498
    125.21875896
    125.26866428
    125.25443104
    124.82899935
    124.82899935
    123.85606548
    123.71442846
    123.71442846
    123.77181277
    124.27703386
    125.08909919
    125.21229817
    125.21229817
    125.21229817
    125.21229817
    125.27299633
    124.90757877
    124.89811966
    125.31187506
    125.21790702
    125.21790702
    125.14900143
    125.22704626
    125.22704626
    125.15527138
    125.15527138
    123.49740637
    123.82573914
    123.69191623
    125.22246309
    125.40166363
    125.38509600
    125.36607882
    125.33178157
    124.36931582
    124.91964782
    124.88285669
    124.96550081
    124.96550081
    124.77914900
    124.77914900
    124.80145872
    124.73273777
    124.73273777
    123.94023660
    122.56031591
    122.56031591
    122.09137768
    123.11516937
    123.11516937
    123.11516937
    123.11516937
    123.03343351
    122.28074841
    122.28074841
    124.77993289
    124.77993289
    124.77762556
    124.77762556
    124.59755411
    124.59755411
    124.59755411
    124.72380518
    124.75276858
    124.75276858
    124.40310176
    123.21700011
    123.21982479
    123.21982479
    123.21982479
    123.64580577
    123.28829071
    123.28829071
    123.28829071
    123.28829071
    122.98753377
    120.15541676
    121.34592907
    119.86303857
    121.27532100
    121.27532100
    121.27532100
    124.52748506
    124.36529633
    124.19058314
    124.19058314
    123.52429372
    123.52429372
    124.53495899
    124.48460887
    122.98032579
    124.14266707
    123.94337076
    123.32071587
    118.87919505
    118.87919505
    121.31010612
    121.31010612
    121.31010612
    121.31010612
    120.71699106
    121.81697056
    123.20222639
    123.52756027
    122.97107674
    122.97107674
    124.63287356
    125.16081859
    125.04079795
    124.66610560
    124.01272250
    124.38687470
    125.43348575
    125.45279286
    125.36924619
    125.39278500
    125.40348901
    125.30462245
    125.30523691
    124.74443845
    124.72559875
    124.70808126
    125.03355590
    123.81939388
    123.79829836
    124.34012674
    125.19115791
    124.54717894
    124.36007633
    124.19757819
    122.48702027
    121.55711827
    120.30005877
    123.77259691
    123.77259691
    123.53069678
    122.71767225
    122.99459586
    122.72697685
    120.21002894
    122.55568520
    121.18801527
    122.78999653
    122.70570346
    121.52243883
    121.52243883
    123.37736470
    123.37736470
    123.37736470
    124.47710054
    124.90470614
    124.77136586
    124.39792431
    124.73256956
    124.48066094
    124.08796923
    124.27705521
    124.94950152
    124.73897866
    124.97364581
    123.38068360
    124.67995613
    123.69556818
    124.79424765
    124.79424765
    124.79424765
    123.99859831
    123.78086589
    123.93300933
    123.93300933
    123.93300933
    123.93300933
    123.93300933
    123.93300933
    125.07293094
    124.51864290
    124.87097032
    124.47573405
    125.12393767
    125.34922201
    125.34922201
    125.42772048
    125.10174433
    124.76533762
    124.58114689
    124.58114689
    124.58114689
    124.73109552
    124.73109552
    124.73109552
    124.92232605
    125.18276339
    125.14515914
    125.33606119
    125.12673679
    125.12673679
    125.02905799
    125.02905799
    125.02905799
    125.13562323
    125.12081700
    125.12081700
    124.53258184
    124.53258184
    124.89910400
    124.89910400
    124.75301832
    124.70820849
    125.30845230
    125.30845230
    125.21762173
    125.45812935
    125.45776889
    125.45776889
    125.44908832
    125.36099673
    125.35375704
    125.44638802
    125.42569456
    125.42569456
    124.91782280
    124.55476765
    124.15229262
    124.15229262
    124.62896996
    122.56136311
    123.27114579
    122.67692686
    123.28152716
    123.28152716
    123.28152716
    123.28152716
    123.28152716
    123.51089071
    123.51089071
    122.11369423
    122.11369423
    124.29521518
    124.33173795
    124.94395750
    124.94395750
    125.18749305
    125.17485700
    125.17485700
    124.74113238
    124.74113238
    124.74672968
    124.74672968
    124.77500190
    124.77500190
    124.79506729
    124.96235943
    124.82799184
    124.86657180
    123.97300209
    124.12119310
    124.19754753
    124.98164157
    124.98164157
    124.86423933
    125.34770031
    125.35144399
    125.35144399
    125.32647353
    125.32152725
    124.76129822
    124.76129822
    124.89817599
    124.87969514
    125.38662894
    125.14432532
    124.41654477
    123.55787832
    124.01831418
    125.38483184
    125.41794414
    124.27456987
    124.27456987
    124.40735336
    124.40735336
    124.40635268
    124.60398435
    124.60398435
    124.60398435
    125.15454992
    124.08458332
    124.06012196
    124.06012196
    124.06012196
    121.01472043
    121.01472043
    121.26730069
    121.26730069
    119.88691391
    119.88691391
    119.86006778
    119.86006778
    119.86006778
    122.68241293
    122.59209634
    122.72072387
    122.72072387
    122.72072387
    122.72072387
    122.72072387
    122.63508282
    122.63508282
    122.63508282
    122.63508282
    124.42066799
    124.60702109
    123.26676882
    123.26676882
    123.26676882
    123.26676882
    123.26676882
    123.26676882
    123.26676882
    123.26676882
    123.63776342
    123.63776342
    123.63776342
    123.63776342
    124.32081046
    123.86602240
    121.24108013
    123.70274540
    124.06364934
    124.06364934
    124.06364934
    124.96253050
    124.93199763
    124.38533897
    124.65951534
    124.72289924
    124.12751543
    124.12751543
    123.14721523
    123.14721523
    123.14721523
    123.14721523
    123.14721523
    122.86906315
    123.85898260
    125.00167819
    125.05376215
    125.13079247
    125.11668294
    125.11350177
    125.14510081
    125.14510081
    125.37891460
    125.37891460
    124.57257340
    124.57257340
    124.57257340
    124.57257340
    124.57257340
    124.27459485
    125.06279926
    125.06279926
    123.63952655
    124.43015519
    124.43015519
    124.43015519
    124.43015519
    124.43015519
    124.43015519
    124.26625949
    125.05376803
    125.05376803
    125.26196410
    125.25079318
    125.24691071
    125.26760141
    125.30911362
    125.29580746
    125.40131038
    125.45412278
    125.45182402
    125.20373078
    125.20373078
    125.33442244
    125.33442244
    125.19476901
    125.19476901
    123.38822493
    123.38822493
    124.38676271
    124.07510600
    124.07510600
    123.82986687
    123.56435829
    125.39176719
    125.18856581
    125.17404335
    125.20590343
    124.96417974
    125.32177019
    124.61586055
    124.61586055
    124.84117544
    125.14695086
    125.14695086
    125.21112100
    125.21112100
    125.25457954
    125.21787593
    125.41969021
    125.13558691
    125.34473721
    125.34473721
    125.40705062
    125.26913871
    125.25739726
    125.45720418
    125.45720418
    125.07358282
    125.39562129
    125.39562129
    123.85187477
    124.64044510
    123.44646925
    123.44646925
    124.61683857
    124.50130939
    123.85319618
    124.15400104
    124.14773952
    124.15435159
    124.15405184
    123.89970193
    122.80285754
    122.80285754
    121.01062252
    122.52934164
    121.90642922
    121.90642922
    122.44097421
    121.34848698
    121.34848698
    122.24502000
    122.24502000
    121.03157189
    121.04775017
    124.07733443
    123.86508367
    124.07908337
    123.94179909
    123.95795256
    123.95795256
    123.76651298
    123.76651298
    123.76651298
    124.15357624
    124.16595606
    124.35441995
    124.67935254
    124.67651183
    124.70604763
    124.78243886
    124.79495853
    124.49573945
    124.49984009
    124.37066713
    124.09659216
    124.62223010
    125.12899116
    125.26106326
    125.30168630
    125.45215083
    125.45215083
    125.45759143
    125.45846784
    124.84460907
    125.21593384
    125.16352269
    125.12383001
    124.49710599
    124.17878565
    124.14849543
    125.00365781
    125.00365781
    125.05052913
    125.05581717
    125.05581717
    125.05581717
    123.59181019
    123.39954012
    124.94925740
    124.62282450
    124.62282450
    124.62282450
    123.23994614
    124.68709149
    125.18440650
    125.17745429
    125.44309306
    125.27506028
    125.28501633
    125.28501633
    125.20823997
    125.41876501
    125.41876501
    125.14606825
    125.14606825
    124.59398292
    120.66077605
    120.66077605
    120.66077605
    122.03869781
    122.03869781
    124.38616471
    124.70897653
    123.86398017
    123.73884453
    123.99686376
    123.99686376
    124.05888474
    124.05888474
    124.20139142
    123.53654072
    123.53654072
    123.53654072
    124.56625908
    125.22712665
    124.97169486
    124.69247418
    124.58801805
    124.58801805
    124.16214081
    124.73503433
    124.81842740
    124.82465059
    125.40237109
    125.40237109
    125.40237109
    125.42033235
    124.67967348
    124.67967348
    124.67967348
    124.67967348
    125.04029068
    124.87672662
    124.42419259
    124.70110772
    124.84285529
    124.83908690
    124.69557595
    124.69557595
    124.55020539
    123.12904485
    123.12904485
    123.12904485
    123.12904485
    123.74441702
    124.42851851
    124.25622580
    124.50391884
    124.32651439
    124.32651439
    124.59932924
    123.53526686
    124.25171517
    124.34429554
    124.55565623
    124.46928293
    124.46928293
    124.49532648
    124.94297063
    125.03782442
    124.75622282
    124.75773414
    124.58177886
    124.07018905
    124.07018905
    123.02346391
    123.02346391
    120.75259457
    120.80904556
    120.80904556
    120.80904556
    120.90342874
    120.90342874
    123.25310201
    124.09539647
    124.09539647
    124.65856141
    124.79703231
    124.59919613
    124.97485257
    124.38024760
    125.37032975
    124.09690668
    124.10461792
    124.10461792
    123.26054528
    122.65353688
    122.65353688
    122.65353688
    122.65353688
    122.65353688
    125.04560218
    125.00139327
    124.54153889
    124.54459312
    124.27834428
    124.27834428
    124.42517158
    123.19828144
    124.44643109
    124.44643109
    124.07245930
    123.94562479
    124.40103381
    124.72024273
    124.13028201
    124.99047127
    124.62462191
    124.81710951
    124.85974460
    124.85974460
    124.71086808
    124.51365946
    124.51365946
    124.61851950
    121.78429708
    121.78429708
    120.99510017
    120.99510017
    120.99510017
    120.62369725
    120.62369725
    120.62369725
    120.62369725
    123.10758872
    124.25261215
    124.99308419
    124.99308419
    124.99308419
    124.99308419
    124.99308419
    125.24311209
    125.21424011
    125.21424011
    125.21424011
    125.19311746
    125.07426815
    125.07426815
    122.41071365
    123.67238545
    123.97742853
    124.55136485
    124.55136485
    123.16105148
    123.16105148
    123.16105148
    123.89328325
    123.89328325
    124.11821694
    124.11821694
    124.11821694
    123.15290471
    123.29365501
    124.28385551
    124.28385551
    124.50051829
    124.50051829
    124.93456893
    124.74730135
    125.20743291
    125.31952012
    125.28579875
    125.35954980
    125.35954980
    125.30569072
    123.23006787
    123.23006787
    123.23006787
    123.23006787
    123.23006787
    122.63220308
    122.63220308
    122.63220308
    122.63220308
    122.63220308
    123.85355896
    124.10112506
    124.10112506
    124.98535809
    125.05724467
    124.34887460
    124.31302305
    124.56477827
    123.61242098
    124.27133149
    125.19251405
    125.14375275
    125.14523134
    125.40533458
    125.40533458
    125.44348220
    125.44348220
    125.09676810
    125.33687314
    125.33687314
    124.55248891
    123.07461079
    123.07461079
    124.59275244
    124.59275244
    123.92821887
    123.92821887
    123.92821887
    124.03740319
    123.62804486
    123.62804486
    123.78272286
    121.88458522
    123.74864042
    123.74864042
    124.14500661
    123.80158370
    124.45515342
    124.96407474
    124.96407474
    122.98045080
    124.93370680
    124.78639979
    123.91331748
    123.91331748
    123.84260999
    123.84260999
    124.94944248
    124.95177278
    124.58856935
    124.66528547
    124.69717212
    124.65180336
    124.65180336
    124.78163152
    122.56066431
    123.44976352
    123.39379929
    123.39379929
    123.39379929
    121.80923656
    119.56064588
    119.56064588
    119.42932116
    119.42932116
    119.42133262
    121.32310987
    122.17742220
    123.54323921
    123.54323921
    124.15570951
    124.24625415
    122.37426489
    123.84413495
    122.93712825
    122.93712825
    120.26811511
    120.26811511
    120.26811511
    120.26811511
    120.51205302
    121.37370251
    123.82913453
    123.82913453
    124.21047792
    124.21047792
    125.01385157
    125.31767654
    125.37538716
    125.32353920
    122.00349913
    122.01918976
    122.01918976
    122.01918976
    122.87868813
    125.09331911
    125.10511221
    125.27833476
    125.27833476
    125.27833476
    125.27833476
    125.19092455
    125.14816208
    125.11129890
    124.98012426
    124.88409095
    125.02821162
    123.46508799
    124.69530147
    124.69530147
    125.26869799
    125.26950083
    124.65586817
    124.74327855
    124.60256816
    124.60256816
    124.60256816
    124.60256816
    124.70017852
    124.86219071
    124.86219071
    125.08077090
    125.08077090
    125.04703071
    124.88496254
    124.87646107
    125.12590314
    125.17933907
    123.84676527
    125.27084662
    124.85692715
    124.85692715
    124.85692715
    125.02892872
    125.16446686
    125.17324075
    125.17324075
    125.31665178
    124.72826945
    125.04291818
    121.86992148
    121.86992148
    124.34454203
    124.34454203
    124.34454203
    124.79735120
    124.79735120
    124.79735120
    125.16340407
    125.39921869
    125.35262781
    124.15736906
    124.10673989
    124.10673989
    124.10673989
    124.44946124
    124.44946124
    123.79800104
    124.37677500
    124.25189799
    124.25189799
    123.68030507
    123.68030507
    123.68030507
    123.68030507
    124.77634443
    124.93556660
    124.96157519
    124.98453734
    124.93035223
    125.23146332
    125.23146332
    125.05575542
    123.34003229
    122.43786143
    124.03915203
    124.03915203
    124.14196546
    124.57541751
    124.75501250
    124.37548019
    124.34272208
    124.34272208
    124.34272208
    124.29047487
    124.49081032
    124.49081032
    124.49081032
    125.31786231
    125.26920854
    123.71045896
    123.71045896
    123.71045896
    122.60725090
    122.60725090
    122.60725090
    122.53192439
    122.53192439
    122.39342766
    122.66753827
    122.66753827
    121.96987442
    121.96987442
    121.96987442
    124.68063902
    124.65633953
    124.65633953
    125.13733527
    125.13733527
    124.65972800
    124.65972800
    124.65972800
    124.31743386
    125.36187851
    125.12519591
    125.12519591
    125.12519591
    125.10339638
    125.12907419
    124.10886481
    124.60291997
    125.07446817
    125.13746847
    125.17315195
    125.18750754
    124.99018023
    125.27209827
    125.05346260
    124.85652983
    123.94350634
    124.74530750
    124.18698093
    124.18698093
    124.25387639
    124.27221979
    123.85868785
    124.32569656
    125.28952073
    125.07344430
    124.84768397
    121.83020104
    123.36308174
    123.84971551
    123.84971551
    123.99136514
    125.14719348
    125.31635809
    125.23434313
    125.09229118
    125.09181572
    125.18299786
    125.18424100
    125.18424100
    124.72755503
    124.68442583
    124.64906290
    125.30383888
    125.42764418
    125.17366577
    124.98572512
    125.03222669
    125.03222669
    124.97702919
    125.02975952
    125.03126021
    125.10067368
    125.10067368
    125.20774110
    125.07617215
    125.07617215
    124.66420647
    124.28451143
    124.28451143
    124.63629317
    124.71634353
    124.89026205
    124.89026205
    124.89026205
    123.93405140
    121.31771141
    121.31771141
    123.15528561
    123.76370315
    123.94869505
    123.72768792
    123.72768792
    124.54914463
    124.98502759
    124.98502759
    124.98502759
    125.26231578
    125.03226345
    124.81766505
    123.84881325
    123.98614008
    123.02962996
    123.02962996
    124.54417876
    124.62255870
    124.62255870
    124.93069736
    125.02873321
    125.18820403
    124.75443171
    124.39374420
    124.79402594
    123.72346421
    123.72346421
    121.69572469
    121.69572469
    122.85297266
    122.09918977
    119.23585917
    123.26134647
    123.26134647
    123.26134647
    123.45273345
    123.45273345
    123.64275876
    123.64275876
    123.61833574
    124.82492332
    123.69257087
    123.44880847
    124.40895429
    124.40895429
    125.38975541
    125.38975541
    125.35831830
    125.35801415
    125.16398537
    125.18470400
    125.23754062
    125.09839758
    123.80182256
    123.61738761
    123.61738761
    123.61738761
    124.24319574
    124.70858393
    120.15988840
    120.85779303
    120.85779303
    120.85779303
    120.85779303
    120.85779303
    121.12152595
    120.86656731
    123.81713555
    124.64417502
    123.46073193
    123.46073193
    122.80612772
    120.68883161
    121.73135811
    121.34134013
    123.88635340
    125.04516576
    125.14486400
    125.13772645
    125.20975943
    125.20975943
    125.20975943
    125.29433920
    125.29433920
    125.29433920
    125.20761994
    125.12319673
    123.86613559
    123.86613559
    124.49051300
    124.50514987
    124.65250972
    124.54675539
    124.54675539
    124.54675539
    124.28550662
    124.18165769
    123.08336755
    123.08336755
    123.00847649
    123.00847649
    123.00847649
    122.51434105
    122.51434105
    123.98431941
    123.98834075
    124.99489632
    124.99489632
    124.70917529
    123.90911690
    123.90911690
    123.96300508
    121.29323438
    121.29323438
    124.06027417
    124.88355791
    124.88355791
    124.66958684
    124.98998988
    123.81526231
    123.81526231
    124.05210822
    125.07869579
    124.95005743
    125.30644825
    125.07905402
    124.78695783
    123.95127623
    121.13969883
    121.13969883
    121.13969883
    121.87945789
    122.30603263
    122.30603263
    122.30603263
    122.72663781
    122.72663781
    124.85707334
    124.85707334
    124.79629520
    125.20356376
    125.12432237
    125.42660634
    125.42660634
    125.42660634
    125.42660634
    125.45089979
    124.90675127
    124.66278736
    123.64602921
    123.34733819
    123.32331965
    123.32331965
    123.32331965
    125.07639255
    125.07685099
    124.88852700
    124.88980683
    124.90677872
    124.07570971
    125.23052488
    125.23052488
    124.40672517
    123.77262172
    124.24295755
    124.24295755
    123.05699782
    123.63535255
    123.51798629
    123.51798629
    123.75352788
    124.86811623
    124.86811623
    124.86811623
    124.82541153
    124.80877720
    124.80877720
    124.80877720
    124.78319070
    124.86571146
    125.00834289
    124.71300658
    125.05616188
    125.14002276
    125.14002276
    125.44401829
    125.23594317
    125.01462551
    125.18992419
    125.18992419
    125.32108275
    125.16488453
    125.05819899
    125.05819899
    125.27723312
    125.27723312
    125.12405290
    124.81505946
    124.66692936
    124.81052839
    124.81052839
    125.44203540
    125.40747595
    125.36892292
    125.45831438
    125.45827485
    124.20383023
    124.20383023
    125.39259666
    125.03865357
    123.32217270
    123.32217270
    124.65591753
    125.45819494
    125.45819494
    125.45819494
    125.19128195
    125.19128195
    125.19128195
    125.37238843
    125.45277643
    125.45277643
    125.28068784
    125.20009732
    124.74809607
    124.69838143
    124.23596202
    124.33997502
    124.58629514
    124.88178722
    125.25964412
    125.12246435
    124.46432079
    125.32838067
    125.25478361
    125.25489245
    125.25489245
    125.39360312
    125.34568916
    125.34965143
    125.29708529
    125.29708529
    125.41211441
    125.41211441
    125.27199431
    125.21649594
    124.70854111
    124.54865096
    124.56354773
    125.01700155
    125.09312657
    125.09312657
    125.09312657
    125.09294379
    124.94123472
    124.98915919
    124.76853435
    123.88909229
    124.24154822
    123.40702661
    123.40702661
    123.40702661
    122.31756747
    122.31756747
    121.27415984
    121.27415984
    121.27415984
    121.80373157
    121.41195114
    122.22730638
    121.45124428
    123.19559970
    123.19559970
    123.19559970
    123.26493693
    122.64190360
    122.64190360
    122.64190360
    122.49378142
    122.49378142
    122.58153199
    121.69127449
    123.42738961
    124.41670183
    123.86493925
    123.23194329
    122.54044581
    124.61478524
    124.78400249
    125.04975050
    125.26461102
    125.26461102
    125.26461102
    124.98128932
    124.98128932
    125.18956182
    124.91253788
    123.94703128
    123.94703128
    123.94703128
    123.94703128
    121.89882932
    121.89882932
    121.89882932
    121.89882932
    121.89882932
    121.89882932
    121.13243539
    122.62840903
    123.01772506
    123.01772506
    123.01772506
    123.01772506
    123.50926716
    123.50926716
    123.50926716
    124.24730499
    124.28640079
    124.43159442
    124.43159442
    124.43159442
    122.50600916
    122.16763222
    122.16763222
    123.23833478
    124.14437655
    124.14437655
    124.13076266
    124.70406963
    124.70406963
    124.36361722
    124.70330349
    124.73677766
    125.18772092
    125.18772092
    125.18772092
    125.41425482
    125.41425482
    125.35103295
    125.40135910
    125.10823738
    124.78200206
    124.78200206
    125.02025529
    125.32483153
    125.41243340
    125.38767268
    125.38767268
    125.38767268
    125.40779801
    125.40779801
    125.40235870
    125.32805354
    125.43533252
    125.43533252
    125.43395549
    125.43395549
    125.44556252
    125.41706664
    118.59531778
    121.34052031
    120.68143954
    120.68143954
    120.68143954
    120.68143954
    120.30238923
    120.69389234
    122.01050851
    122.22568802
    122.58099265
    123.65862424
    124.28788567
    124.28788567
    123.73612405
    123.73612405
    123.73612405
    124.19955091
    124.06873392
    124.06873392
    124.06873392
    124.06968411
    123.84357097
    124.62294800
    124.81305324
    125.16759644
    125.08850409
    125.19029883
    125.21499684
    125.16500523
    125.35200405
    125.38717853
    125.38717853
    125.18470679
    125.08297044
    125.08297044
    125.36147675
    125.41239413
    125.39531884
    125.40593400
    125.38871704
    125.35997160
    125.39078963
    125.40278364
    125.41150932
    125.45043264
    124.18163218
    124.32862899
    124.37638447
    124.13828832
    125.21061463
    125.33486096
    125.33486096
    125.32519650
    125.15007108
    124.23537805
    124.90398717
    124.90398717
    124.97505671
    125.16816446
    125.16816446
    125.27385167
    125.27385167
    125.27385167
    125.27926008
    125.33377829
    125.33377829
    124.90710886
    124.34462239
    121.42021473
    121.42021473
    124.89085047
    124.72800614
    124.31169503
    124.49040938
    123.73042767
    123.73042767
    124.43664899
    124.83670958
    125.26554238
    125.26554238
    125.33149014
    125.37745958
    125.33913758
    125.44345699
    125.11002507
    124.90068679
    124.90068679
    125.00590721
    125.02721390
    123.61142583
    123.49641055
    123.06952110
    124.25059453
    123.34710565
    123.34710565
    123.34710565
    123.34710565
    123.34710565
    124.49224143
    124.27304445
    123.56473465
    123.71385407
    123.71385407
    123.71385407
    122.86475164
    124.85239867
    124.85081937
    124.98734928
    124.89669009
    124.89669009
    124.89669009
    124.70770641
    124.43498182
    123.34202027
    123.90306567
    123.90306567
    123.23565989
    124.30713779
    124.30713779
    124.60249840
    124.95696888
    125.20686584
    124.80708339
    125.26285083
    124.70588354
    124.70588354
    124.35739598
    124.35739598
    124.61712474
    125.32438844
    125.33869167
    125.33271013
    125.33535280
    125.30766417
    124.14979635
    124.14979635
    123.20519313
    121.04448951
    115.79224666
    115.79224666
    119.11784339
    122.10395123
    122.10395123
    120.84425994
    120.84425994
    120.84425994
    122.44497979
    122.44497979
    122.44497979
    125.17497057
    124.07482930
    124.43055001
    124.43055001
    124.43055001
    124.58370597
    121.88880131
    123.36787954
    123.36787954
    123.36787954
    124.06346485
    124.06346485
    124.06346485
    124.06346485
    124.06346485
    125.41338372
    125.41338372
    125.41338372
    125.26830317
    125.26830317
    125.17371246
    124.90283335
    124.51536570
    124.36879439
    123.88097813
    123.30750296
    124.20984339
    124.53356257
    123.62365861
    123.90891794
    123.59608321
    123.74801121
    124.75506857
    124.75506857
    124.97585225
    125.05891759
    125.05834486
    125.09289196
    125.09289196
    123.89899794
    123.95684324
    124.36648181
    124.71578569
    125.30748855
    125.36283979
    125.35933755
    125.23060172
    124.25440752
    124.07778974
    124.59440008
    125.17740799
    125.08146329
    125.08146329
    125.27593380
    125.27593380
    125.45601574
    125.45225143
    125.45214587
    125.38649535
    125.38649535
    124.76671042
    125.08767452
    125.31566153
    124.97486683
    125.12967332
    125.34666241
    125.12114542
    124.76948840
    124.75432783
    125.15206703
    124.27569002
    124.79072026
    124.83550504
    125.01539328
    125.01539328
    124.90200978
    125.23308616
    124.78507397
    124.26755524
    125.05427459
    124.96663578
    125.38433784
    125.38433784
    125.38433784
    124.89159049
    124.97255676
    124.94409157
    125.35563508
    125.29998789
    125.22459030
    125.22459030
    125.23814723
    125.11505503
    125.42386969
    125.42540851
    125.38643522
    125.38643522
    125.30042038
    125.30055542
    125.19570668
    125.06856957
    124.58949427
    124.00017555
    124.00017555
    124.00017555
    124.00017555
    125.28359370
    125.38343469
    124.81979102
    123.45357432
    123.72987555
    123.72987555
    125.36763536
    125.35683105
    123.90572935
    123.04712380
    123.31269642
    123.39426850
    123.39426850
    123.39426850
    123.01633407
    122.82589345
    122.82589345
    123.52420080
    122.98119984
    122.45717149
    122.45717149
    122.24915144
    122.24915144
    121.88500615
    122.82395464
    123.46689320
    122.46133115
    122.16944832
    122.16944832
    121.52255534
    122.24185891
    122.24185891
    122.98762376
    124.45637023
    125.22132548
    125.30369790
    123.97222380
    123.97222380
    123.97222380
    122.93986696
    123.69570584
    123.69570584
    121.91940575
    123.39056483
    124.99735206
    125.00423213
    125.08146903
    125.29587685
    125.29243496
    125.29243496
    125.22852014
    124.96319135
    124.87099737
    124.81437479
    123.66609739
    124.64639655
    124.28619127
    123.92900961
    124.42823417
    123.90643485
    124.35078074
    124.57104298
    124.57104298
    124.49044528
    124.49044528
    124.47055196
    124.47055196
    125.19214944
    124.82732922
    124.95690631
    124.05873260
    124.05873260
    124.87013877
    124.89374514
    124.49871235
    123.87848671
    125.10474354
    125.10474354
    124.68784571
    124.06735703
    124.06735703
    125.06628153
    125.02385242
    125.02385242
    125.13106739
    124.71478593
    124.83070748
    124.83070748
    124.80584202
    125.07445423
    125.17591952
    124.93949101
    124.93949101
    124.93949101
    125.13943603
    125.14291972
    125.10800576
    125.10800576
    124.71198260
    125.10215630
    124.48447668
    124.48798656
    125.11572314
    125.02790438
    123.86007201
    123.86007201
    123.94937975
    123.94937975
    124.12443119
    124.12443119
    124.12443119
    122.00485371
    122.00485371
    122.00485371
    122.84822493
    122.84822493
    123.83764308
    123.83764308
    124.05594913
    123.86181233
    124.74480442
    124.57069599
    123.55979827
    124.74074251
    124.42847446
    124.34333258
    124.47354687
    124.53560511
    124.46579841
    124.19484520
    124.19484520
    124.54396366
    124.38441359
    123.48633908
    124.53051831
    124.53051831
    125.16222020
    125.16222020
    125.09565972
    125.09565972
    125.00573720
    125.10153204
    124.93749888
    125.16041059
    125.35013470
    125.35013470
    125.33427562
    125.33427562
    124.49125866
    124.49125866
    124.49125866
    125.01612050
    125.15376658
    123.91951702
    124.23193956
    124.23193956
    124.23193956
    122.78372436
    123.36879921
    125.01748016
    125.01748016
    124.99866583
    124.99866583
    125.13600430
    125.29326090
    125.37675032
    125.24518435
    125.24518435
    125.39367151
    125.39367151
    125.38908292
    125.38908292
    125.31537818
    125.43240349
    124.89380432
    124.89253506
    124.89253506
    124.88117461
    125.31534467
    125.31045855
    125.21967550
    125.28824120
    125.39344098
    125.45277809
    125.45277809
    125.38046531
    125.40548798
    125.43496576
    125.28799924
    125.30428571
    125.30428571
    125.34548182
    125.34548182
    125.12229315
    124.86144022
    124.86144022
    125.15652347
    125.15652347
    125.26527411
    125.26527411
    125.42319465
    125.20858712
    123.80404061
    124.15320251
    124.38148538
    124.38148538
    124.38148538
    124.81051531
    125.26651425
    125.27413449
    125.28369501
    125.28369501
    125.28369501
    125.37627269
    125.45353308
    125.45353308
    125.07528886
    125.07528886
    125.07528886
    125.07528886
    125.26352390
    125.10409296
    124.98537765
    124.91153366
    125.08104882
    120.64925529
    120.64925529
    122.51790981
    122.51790981
    122.51790981
    125.06933138
    125.16815639
    125.16815639
    125.18107181
    125.18107181
    125.23012156
    124.40213575
    123.76903814
    123.76903814
    123.48894075
    123.50000942
    123.72411524
    124.29596511
    124.79674662
    125.40686164
    125.45393919
    125.11136179
    125.36256169
    125.41906384
    125.41487807
    125.41487807
    125.29638547
    125.32020806
    125.45644549
    125.19254315
    125.40777908
    124.97816726
    125.45357656
    125.41308715
    125.41308715
    125.41327392
    125.40675921
    125.34955228
    125.34955228
    125.34955228
    125.34955228
    124.66424756
    124.62980054
    124.62315325
    124.63720083
    124.65985969
    124.65985969
    124.63298363
    124.52926093
    124.32703632
    124.36974437
    123.61162393
    123.94357328
    124.66016095
    124.66016095
    125.06776336
    125.24301842
    125.21126244
    124.70298690
    124.81854868
    124.24231848
    123.04560288
    123.04560288
    124.49792361
    123.95627516
    123.41168796
    124.37081691
    124.37081691
    124.97511088
    124.65418660
    124.65418660
    125.38306430
    124.56820944
    124.50483480
    124.64873753
    124.64873753
    124.33679702
    124.33679702
    124.33679702
    124.75352240
    123.57520538
    124.29429678
    124.18302932
    122.30697850
    122.30697850
    122.30697850
    122.30697850
    122.30697850
    122.30697850
    124.97823695
    124.96262615
    125.01962856
    124.92821656
    124.75420518
    124.75420518
    123.69737581
    124.95809099
    124.93969290
    124.93969290
    124.23275132
    124.59150533
    124.14707505
    124.23045186
    124.26162754
    124.26162754
    124.26162754
    124.26162754
    125.16170043
    125.24341509
    125.12843703
    125.08133469
    125.07661374
    125.07661374
    123.81767016
    123.81767016
    123.81767016
    123.81767016
    123.87552772
    124.54432812
    124.56842127
    124.78733578
    124.78733578
    123.27012018
    123.27012018
    124.26340103
    124.89110715
    124.89110715
    124.89110715
    125.28639250
    125.28639250
    125.28633638
    125.30514289
    125.44534600
    125.43924052
    125.43298529
    125.44129774
    125.17930824
    125.17930824
    125.17613840
    125.23389340
    125.26649048
    125.24487249
    124.53147221
    124.53147221
    124.72812690
    123.37089060
    123.04608485
    124.94351383
    125.00108753
    125.03549807
    125.17561507
    124.45634106
    125.36026123
    125.38989301
    125.37821893
    125.37821893
    125.37821893
    124.82142524
    125.15768538
    125.32241092
    125.32241092
    123.90943427
    124.20347006
    124.18504838
    124.80636910
    124.80636910
    124.88423881
    124.88423881
    124.88423881
    124.09169228
    124.14138505
    124.14138505
    122.68708510
    123.80979868
    124.30537418
    124.30537418
    124.59166611
    125.01574110
    124.93480064
    124.93480064
    125.13036027
    124.89284695
    124.84210188
    125.18807050
    125.11496337
    125.34285712
    125.22718672
    125.39312407
    124.89771827
    124.58830228
    125.08496602
    125.08496602
    125.03293516
    124.86923823
    125.12173200
    125.12173200
    123.24920179
    123.24920179
    125.16010693
    125.07993450
    125.30194131
    125.40943268
    125.41404455
    125.44748761
    125.45011381
    125.35241571
    125.34301788
    125.34301788
    125.19208376
    125.12731389
    125.12731389
    125.15204003
    125.26994923
    124.60143756
    124.23332678
    121.83043403
    121.83043403
    121.83043403
    120.49328344
    123.09998053
    123.09998053
    123.09998053
    123.24702861
    123.24702861
    123.24702861
    123.24702861
    124.00268033
    125.03947453
    124.77737200
    124.80175102
    124.92091192
    125.09477673
    124.98790320
    124.98790320
    124.75292952
    124.72579977
    124.46574948
    124.04069165
    124.22278590
    124.84523492
    124.84523492
    124.84523492
    124.92924667
    125.15851568
    125.27016091
    125.27922182
    125.00968980
    125.17806419
    125.17806419
    124.62762566
    124.62762566
    124.61063605
    124.92836388
    124.47761193
    124.56221224
    124.05975276
    124.05975276
    124.05975276
    124.25019994
    124.65997083
    124.65997083
    124.72898461
    123.90168301
    124.02472812
    124.02472812
    124.02472812
    124.28292715
    124.28292715
    124.70215211
    125.31206145
    125.31206145
    125.25304429
    124.88260320
    124.91573072
    124.85934784
    125.40260395
    124.18379739
    123.92705660
    124.77741697
    125.34709677
    125.26909541
    124.26188876
    124.00190171
    124.00190171
    124.00190171
    124.00190171
    124.97784452
    124.87948828
    125.27262722
    125.27262722
    125.29064848
    125.29294571
    125.29294571
    124.54429721
    122.14932138
    122.73155738
    122.73155738
    122.49529763
    122.93904054
    122.93904054
    122.93904054
    122.93904054
    124.57629172
    125.11398608
    125.13418619
    124.96995550
    125.25585449
    125.24278401
    125.24278401
    125.24686716
    125.27760866
    124.13559243
    123.31333834
    123.54783297
    124.71749801
    124.74199800
    124.91039224
    124.72726368
    124.54522451
    123.50204528
    123.52823407
    123.36237192
    124.01071523
    124.01071523
    122.31492725
    124.06367076
    124.61614280
    123.53909868
    123.53909868
    124.16730039
    124.73676283
    124.73676283
    124.71952365
    124.74797803
    123.26155334
    123.11854193
    123.30297582
    123.30297582
    123.41879113
    123.41879113
    123.62834339
    123.62834339
    123.65359362
    124.36627509
    121.84825762
    121.63052479
    121.63052479
    124.72513079
    124.67209970
    125.10548623
    124.61540138
    125.21629105
    125.22571760
    125.09979136
    125.09979136
    125.01637235
    125.36536450
    125.30596337
    125.30596337
    125.20981817
    125.18375248
    125.18375248
    125.18375248
    124.92662383
    124.92662383
    124.39535480
    124.56651348
    123.15450571
    123.46115246
    122.09055966
    122.09055966
    123.05725785
    123.05725785
    123.00032678
    124.48922425
    124.48922425
    123.88350854
    123.82549528
    123.83901798
    123.01942423
    123.01942423
    123.01942423
    123.22953343
    123.22953343
    123.22953343
    123.22953343
    123.30030499
    122.51765009
    123.37298612
    123.37298612
    123.03561144
    123.03561144
    124.09550399
    124.09550399
    123.55138140
    123.55138140
    124.69546950
    124.69510801
    123.76584856
    123.74588846
    123.54189785
    121.41996991
    121.41996991
    121.41996991
    121.41996991
    122.63468918
    122.63274210
    122.21915978
    121.48774361
    123.48873509
    123.48873509
    123.48873509
    123.14149546
    123.14149546
    123.14149546
    122.97035942
    122.97035942
    121.95755657
    121.95755657
    125.18914731
    124.81264745
    125.42838406
    125.42838406
    125.42838406
    123.74222339
    124.66271370
    124.19165054
    124.19165054
    123.80573674
    123.36577220
    122.86656007
    122.07321894
    122.07321894
    122.99498521
    122.66533934
    124.74977930
    124.74977930
    123.04276548
    121.67976184
    121.67976184
    122.19796194
    122.19796194
    122.19796194
    122.19796194
    124.06352565
    124.83683354
    124.83683354
    124.74643369
    124.80803604
    124.82735629
    124.89010919
    125.14765821
    125.14765821
    124.80008293
    125.07610670
    124.60164412
    124.72284819
    124.72284819
    124.72284819
    125.14097632
    122.31769784
    122.31769784
    124.48530708
    124.48530708
    124.23926297
    124.23926297
    124.23926297
    125.18870039
    125.30415602
    125.15528906
    125.15528906
    125.15528906
    125.15528906
    125.18425924
    125.14213872
    123.88646190
    123.88646190
    123.88646190
    123.88646190
    124.26203098
    123.89788629
    124.07456760
    125.25384247
    124.92575456
    122.72492944
    120.96763117
    120.96763117
    124.23768938
    123.12606142
    123.74164891
    124.55541994
    125.09088081
    124.07325683
    123.29443713
    123.29443713
    123.43140527
    122.83707503
    122.83707503
    124.43775503
    124.91325131
    123.92143340
    123.85690076
    123.85690076
    123.85690076
    123.85690076
    123.85690076
    123.97271625
    123.72530000
    123.72530000
    123.72530000
    123.72530000
    124.67674125
    124.67674125
    124.43660585
    124.49603024
    123.90305844
    123.90305844
    123.90305844
    123.90305844
    124.70686256
    125.13442672
    125.13442672
    125.13442672
    125.19670538
    125.19670538
    125.19670538
    125.19670538
    125.19670538
    124.73606564
    124.73606564
    125.27684389
    125.37203193
    125.37203193
    124.00618544
    124.00618544
    124.00618544
    124.00618544
    124.03432770
    124.03432770
    124.03432770
    125.35670835
    125.35670835
    125.44203129
    125.44203129
    124.42705651
    124.42705651
    124.82704983
    122.84793916
    122.84793916
    121.18798542
    121.89270455
    121.89270455
    124.36860415
    124.36860415
    124.36860415
    123.43784673
    125.01168052
    125.01168052
    124.66093138
    122.83062149
    122.83062149
    123.32117391
    124.15234050
    122.89180680
    122.89180680
    123.45819321
    124.68426033
    125.38081652
    125.16345068
    124.86663341
    124.86663341
    124.86663341
    124.62029497
    124.81314873
    125.16832427
    125.16907378
    125.16907378
    125.12854730
    124.07769882
    125.02543167
    124.87010201
    124.94183542
    124.94183542
    123.01027128
    123.01027128
    123.01027128
    123.01027128
    123.01027128
    123.43264676
    123.43264676
    123.43264676
    124.17921239
    124.17921239
    124.27115600
    124.27115600
    124.27115600
    124.14282442
    124.14282442
    124.14282442
    124.83231300
    125.21593483
    124.85847735
    124.60390655
    124.60261828
    124.08996905
    123.79936386
    123.79936386
    123.81152924
    124.92077147
    124.92077147
    125.01065153
    125.08072771
    125.08979624
    124.40156680
    125.08915040
    125.16892292
    125.03544691
    125.07389370
    125.35458435
    124.93430904
    124.97253353
    124.97253353
    124.96870480
    124.54769092
    124.63445455
    123.82052994
    124.47325815
    124.21494039
    124.21494039
    124.16603280
    124.11276996
    124.11276996
    123.39320001
    123.39320001
    122.72140525
    123.12880339
    123.12880339
    123.12880339
    124.85924687
    125.01411980
    125.31113071
    123.80287711
    123.80287711
    122.39198326
    122.39198326
    125.26982121
    125.26982121
    125.42493157
    125.40213280
    125.40683410
    125.40683410
    125.38226319
    125.41120832
    125.41247036
    125.10711220
    125.10711220
    125.17583091
    125.27682033
    124.74098271
    124.50658749
    122.66039697
    122.77436025
    122.77436025
    122.77436025
    121.33178307
    123.27106123
    123.27106123
    123.27106123
    123.65187966
    121.77104924
    122.87712405
    122.87712405
    122.85924983
    122.85924983
    122.37458926
    122.37458926
    122.37458926
    122.56020904
    122.56020904
    122.56020904
    123.26650509
    121.97463716
    121.97463716
    121.97463716
    121.97463716
    121.68981170
    121.68981170
    121.52832562
    121.52832562
    121.44746554
    124.74723037
    124.77793263
    124.31542486
    124.07222706
    124.07681417
    124.07681417
    124.07681417
    124.27970176
    122.50315473
    122.50315473
    121.09152646
    121.09152646
    121.09152646
    122.80493323
    122.80493323
    123.42659160
    124.20331475
    123.08003077
    123.51983885
    123.51983885
    123.41180425
    123.53874439
    124.70737511
    124.70737511
    124.83350574
    124.86406079
    125.25543438
    124.92175082
    125.30480447
    125.07845931
    124.97689439
    124.97689439
    124.97689439
    124.24202168
    125.09866479
    125.09866479
    125.16458371
    125.21232526
    124.45405116
    124.45324104
    123.27253692
    121.37684657
    121.37684657
    121.49388867
    124.05735885
    123.78450428
    123.07318307
    123.20427215
    122.52678057
    124.02277211
    124.89336814
    124.82672026
    125.04868314
    125.09452055
    125.19170327
    125.18952254
    125.17100013
    125.27550101
    125.14688112
    124.82761039
    124.84443860
    125.41974494
    125.32697837
    125.27773750
    125.34952591
    125.17957359
    124.17541188
    124.83363760
    124.95620973
    124.95620973
    124.71438732
    124.82973383
    124.86893132
    124.08811933
    123.39794537
    123.39794537
    122.02633324
    122.02633324
    120.15261787
    124.94125218
    124.25937499
    124.27397621
    124.27397621
    124.71261916
    124.98905838
    124.98905838
    125.17811205
    124.70981825
    124.70981825
    123.62363994
    123.62363994
    123.46507111
    123.46507111
    121.90533492
    121.16202326
    120.58550504
    124.06174788
    124.94527160
    124.64403262
    124.64403262
    124.39044213
    124.75223716
    124.75223716
    124.26976459
    124.09364009
    124.09364009
    124.12345882
    124.12345882
    122.85976267
    124.96643486
    124.96643486
    124.96643486
    125.05431295
    124.24537009
    124.96717538
    125.20723994
    125.20762546
    124.96181384
    124.96181384
    124.96181384
    124.76068901
    124.84689401
    124.85338005
    124.71894440
    124.49127212
    124.85823937
    124.92304404
    124.92304404
    124.91554872
    125.44325316
    125.44691728
    125.37957301
    125.22427283
    125.22427283
    124.08899654
    123.39164282
    122.67710284
    121.29969146
    123.26896321
    124.01739039
    125.34706230
    125.27138392
    125.27138392
    125.33425972
    125.12608988
    125.39311669
    125.08776067
    125.12593868
    123.31728418
    116.04794630
    116.04794630
    117.94078582
    119.55885998
    120.66099298
    120.66099298
    118.93482686
    120.22821339
    120.22821339
    120.22821339
    121.59795484
    121.59795484
    124.17255233
    125.18685406
    125.09794940
    125.11859397
    124.95483891
    123.99020084
    123.99020084
    123.99020084
    125.44673754
    125.42679770
    125.35609747
    125.35609747
    124.43621409
    124.43621409
    124.33396522
    124.79712679
    124.79712679
    124.79712679
    122.57157516
    124.68964225
    124.68964225
    123.95771868
    123.20162729
    124.60514293
    124.98814757
    124.74543965
    124.74543965
    125.32329510
    124.15684986
    124.35881351
    124.27781040
    123.98414737
    123.86047990
    123.86047990
    123.86047990
    123.86047990
    125.17418932
    125.16127894
    124.70318615
    125.35920257
    125.20633261
    124.81601093
    124.09484234
    123.67736907
    124.36305504
    123.90580665
    123.47826037
    123.31494998
    123.98440928
    123.98440928
    124.58615700
    124.60928303
    125.14816495
    125.24149520
    124.97385597
    125.41283573
    125.23172301
    125.30420292
    125.02834367
    125.13458604
    125.17008847
    125.17008847
    124.92052601
    125.34320582
    125.36167993
    124.32158238
    124.32158238
    124.23121993
    125.40284194
    125.40284194
    125.40284194
    124.49160188
    124.49160188
    124.49160188
    124.55615192
    124.17675668
    124.17675668
    124.17675668
    124.21872930
    123.65959938
    123.65959938
    124.80212777
    124.80212777
    124.80212777
    125.09605178
    125.09605178
    125.09605178
    124.88373877
    124.84440736
    124.45846976
    125.15828771
    124.64109205
    124.64109205
    124.64109205
    125.42794952
    125.42663667
    125.42857288
    125.44293413
    125.38689375
    125.42128735
    125.31203049
    125.25235122
    125.25235122
    124.64276226
    125.32507841
    124.95850440
    125.32203237
    125.26811626
    125.02879062
    125.24690209
    125.38886927
    125.38886927
    125.38886927
    124.90598937
    125.44796608
    125.45423488
    125.45134618
    125.44634626
    119.93074857
    119.93074857
    119.93074857
    121.07413902
    121.07413902
    121.58416167
    123.08295481
    124.92778167
    124.70112629
    124.70112629
    125.22454625
    124.25159168
    124.27805952
    123.81804826
    122.54937391
    123.72103588
    124.23551737
    124.35994210
    124.86371522
    123.78099412
    122.66640619
    122.66640619
    122.66640619
    122.54617430
    123.04599806
    123.04599806
    122.77464208
    125.03020818
    125.02354116
    125.22904723
    124.10278280
    124.10278280
    123.94172476
    124.14934032
    124.14934032
    124.94411659
    124.23270651
    124.69592411
    124.67270126
    124.67270126
    124.27147602
    124.05374422
    123.84503855
    123.84503855
    123.84503855
    123.30231299
    123.30231299
    122.81918873
    123.33198169
    124.03023418
    122.95059295
    122.95059295
    123.04316687
    123.13432565
    123.13432565
    122.96113623
    122.96113623
    124.65375066
    122.29909645
    122.29909645
    122.75706869
    122.75706869
    124.00799883
    123.87130406
    123.58498925
    123.62758045
    123.62758045
    123.75349974
    123.74861805
    122.68637889
    122.73230750
    122.75167672
    123.62949521
    124.18832322
    124.79395938
    124.79371979
    125.00898130
    125.00172215
    124.69875667
    124.69875667
    124.69875667
    124.69875667
    124.69875667
    124.29296757
    124.36489229
    124.36489229
    125.25658735
    125.23383643
    125.02763783
    124.88186106
    123.74115804
    124.18882738
    122.40960036
    123.27209982
    123.17288229
    123.26499065
    123.67056026
    123.53506660
    124.30533153
    124.30533153
    124.92700755
    125.13061261
    125.13061261
    125.36155781
    125.43089756
    125.43353049
    125.36503939
    125.37352589
    124.99628736
    124.91392843
    124.91392843
    124.94343651
    124.96685927
    124.87785979
    124.50830305
    124.41887412
    125.08638017
    125.06511708
    124.73915164
    123.70512550
    124.64494784
    124.14169093
    124.80606710
    124.80606710
    124.22111224
    125.42067272
    125.34106405
    124.77564767
    124.30790157
    124.30790157
    123.86527007
    123.86527007
    123.78885135
    124.47308631
    123.93638634
    123.93638634
    123.93638634
    123.91759406
    124.17439056
    124.17439056
    124.17439056
    124.17439056
    124.17439056
    124.80187790
    124.80187790
    124.70221517
    124.70221517
    124.98010959
    124.41996076
    123.62041550
    124.81562309
    124.81562309
    124.42070684
    124.55301083
    124.65013780
    125.26208959
    125.44205886
    125.43522334
    125.30076745
    125.23793669
    125.16230979
    125.14371649
    125.14823085
    125.14823085
    125.04341898
    123.53107537
    124.87409237
    124.71285888
    124.71285888
    124.71285888
    125.07733056
    125.10757196
    125.35860614
    125.25142084
    125.13276699
    125.33730177
    125.33730177
    125.26272109
    125.23738133
    125.23738133
    125.10780535
    125.22228024
    125.31359175
    125.31359175
    125.31980050
    125.31894490
    123.91870186
    123.42655154
    124.01765711
    124.09545261
    124.09545261
    124.09545261
    125.28726916
    125.25893396
    125.41035384
    125.43591866
    125.43541189
    125.23424441
    125.31575225
    125.35066478
    124.53058403
    124.82035947
    124.69655691
    124.48972764
    124.47296923
    124.47296923
    124.38633323
    124.38633323
    124.66112640
    124.92755963
    125.02728301
    125.05598899
    125.21880331
    125.09361688
    125.12123272
    125.16981814
    124.38025427
    124.83212572
    124.90101958
    124.75809588
    124.83717829
    125.22970228
    122.81025467
    122.71643100
    122.71643100
    122.71643100
    122.71643100
    123.30554930
    123.30554930
    123.30554930
    123.30554930
    122.45612441
    122.36037459
    123.34035419
    124.95102463
    124.91523122
    124.99066788
    125.00661631
    125.30918588
    125.15833998
    123.92399800
    124.10859472
    124.26379912
    124.45820349
    124.34001220
    124.20175335
    123.46849775
    123.80879469
    124.03205812
    124.12819733
    123.92251131
    123.92251131
    125.45009732
    125.42278353
    125.42278353
    125.41378480
    125.43305152
    125.42282714
    125.31860038
    125.37387304
    125.30472454
    125.30355271
    125.30355271
    125.41079082
    125.41079082
    125.41079082
    125.35114130
    125.35114130
    125.35114130
    125.35114130
    125.29979671
    125.43256652
    125.43256652
    125.30382757
    125.30832989
    125.30832989
    125.30832989
    125.39830636
    125.40613350
    125.22402720
    124.98643786
    124.98643786
    125.01865212
    125.25145402
    125.10993129
    125.16658815
    124.91655007
    125.21151202
    125.21151202
    124.81988873
    124.90088097
    124.90088097
    124.97569712
    124.84750441
    124.23295440
    124.51918616
    125.04697116
    125.04697116
    125.27807072
    125.32891142
    125.20682781
    125.20682781
    125.24339200
    125.17894835
    125.17894835
    124.92619302
    124.91089794
    124.73504724
    124.73504724
    125.17608632
    125.04713197
    125.04713197
    125.15356530
    125.14956582
    124.71752440
    124.71752440
    125.41468879
    125.43073302
    125.14623834
    125.43169877
    125.33483409
    125.13951725
    125.32233035
    125.02560670
    125.03900190
    125.44832189
    125.14573982
    125.24965909
    123.93142797
    123.93142797
    123.93142797
    123.93142797
    123.93142797
    123.93142797
    123.93142797
    125.38983529
    125.44901807
    125.44462611
    124.91429410
    124.77005809
    124.70459533
    125.32209827
    125.29623602
    125.15055458
    125.15055458
    124.68831567
    124.68831567
    125.24818027
    124.76496012
    125.21183760
    125.09770245
    125.07127078
    124.53181783
    124.57293624
    123.06870598
    123.06870598
    123.35071960
    122.84236572
    122.69504044
    121.89118370
    121.89118370
    121.89118370
    124.00773532
    124.00773532
    121.31608669
    123.93236029
    123.93236029
    125.00684002
    124.25700807
    125.15515376
    125.22669295
    125.40905932
    125.42022254
    125.42022254
    125.45111590
    125.44256739
    125.44256739
    125.44256739
    124.97567207
    124.75065696
    124.75065696
    123.73041322
    123.69598103
    123.69598103
    123.54041010
    122.69878156
    122.23733205
    121.26243983
    121.26243983
    123.23422667
    123.22674268
    123.22674268
    123.22674268
    123.22674268
    123.22674268
    123.22674268
    123.22674268
    123.04703924
    123.36689336
    123.36689336
    124.94120784
    124.06246616
    125.29025877
    125.29025877
    125.37367671
    125.04191075
    125.04191075
    123.78502269
    124.12748548
    125.15742413
    124.90534973
    124.90534973
    123.40370368
    123.40370368
    120.93331159
    119.63521419
    123.67981849
    124.67150211
    124.62660226
    123.98670619
    124.42866616
    124.49984833
    124.49984833
    125.11316237
    124.80430794
    124.39561351
    124.67294785
    124.43511579
    125.00764288
    125.00178807
    125.00178807
    125.00187602
    125.06628430
    125.06628430
    125.01626924
    125.01626924
    124.71503584
    123.73963991
    123.73963991
    123.48987938
    123.17483322
    124.66164440
    123.73929092
    122.04448866
    122.04448866
    122.04448866
    122.08405819
    122.07731847
    122.07731847
    123.91589407
    123.69851698
    123.63026579
    123.69679785
    124.96067559
    123.69405591
    123.81303231
    121.09556044
    121.09556044
    121.09556044
    121.69408275
    119.95148488
    120.53521275
    122.13367745
    121.72117370
    124.04475748
    124.04475748
    124.17422860
    124.17422860
    124.17422860
    122.44056969
    121.91354743
    121.91354743
    124.09703095
    123.97745252
    124.63306447
    124.65181797
    124.65181797
    124.11887367
    124.17307630
    124.49627020
    124.49627020
    124.30596958
    124.40844960
    124.34891660
    124.70351598
    124.88570683
    124.51978827
    124.90774970
    125.33023880
    125.29813565
    125.40890166
    125.45359281
    124.91242584
    125.21912812
    125.21912812
    125.21912812
    125.21912812
    125.21912812
    125.25881300
    125.25881300
    123.30214853
    124.70988750
    124.70988750
    125.00793571
    125.22738382
    125.22738382
    125.30611279
    124.96572459
    124.70113738
    124.81858715
    124.81858715
    124.78741994
    124.78741994
    124.78741994
    122.56580193
    125.12334163
    124.76093531
    125.35036974
    125.28580381
    125.38075065
    125.38075065
    125.15943841
    125.15943841
    125.14088031
    125.09614303
    124.93574978
    124.91280038
    125.14251923
    124.29550318
    123.71719406
    122.96013629
    124.27310375
    124.57708499
    124.60520161
    123.12275583
    123.79477664
    121.95446969
    121.95446969
    121.95446969
    121.70793040
    122.24573773
    122.46206474
    122.91429067
    121.20088601
    121.20088601
    119.39421066
    119.57443612
    121.75105349
    122.63078923
    122.22132908
    125.17937913
    125.17937913
    125.02775402
    124.99920859
    124.42581748
    123.55212404
    123.55212404
    124.37595837
    123.74225969
    123.43421117
    123.67717955
    123.59327415
    123.59327415
    123.37326361
    123.37326361
    122.98945867
    122.46549160
    122.06482987
    122.06482987
    122.06482987
    122.06482987
    123.63440491
    123.73340701
    124.79963031
    124.79963031
    124.92858074
    124.65847264
    124.84769458
    124.84769458
    123.46691318
    120.65611436
    123.06955803
    123.06955803
    123.06955803
    123.34403159
    122.76695514
    124.03481173
    123.81725548
    123.81725548
    124.32114599
    124.32114599
    124.45776558
    124.45776558
    124.45776558
    125.28988369
    125.40423704
    125.21593310
    125.21593310
    125.20220745
    124.98180449
    125.36059154
    125.36059154
    125.36059154
    125.42689463
    125.25735464
    125.05329208
    125.35865798
    125.22078009
    125.18970273
    125.12339205
    125.12339205
    125.12339205
    125.12339205
    123.80382508
    123.80382508
    123.80382508
    124.00940068
    124.43796609
    123.83071564
    124.38649006
    124.73936654
    124.57716050
    124.70911477
    125.32818645
    124.31925856
    123.95182088
    123.95182088
    123.49904198
    124.46224632
    124.38812858
    124.85292176
    125.29992730
    125.38971791
    125.11832339
    124.00404956
    122.33968675
    120.91990153
    120.91990153
    120.91990153
    120.43641021
    122.04923423
    123.12666925
    123.31973826
    124.30400596
    123.68740059
    123.68740059
    124.61901003
    125.09408276
    125.09408276
    124.99400942
    125.22169122
    124.56699606
    124.56699606
    124.07555464
    124.58458531
    124.62603219
    124.88739470
    125.05380662
    124.78613472
    124.81595013
    124.81595013
    124.76994131
    124.76994131
    124.76994131
    125.21366492
    125.22251659
    125.40016829
    125.40016829
    125.40016829
    125.40016829
    125.38003925
    124.51851905
    125.35255019
    125.27214013
    125.42004017
    125.39048974
    125.39597503
    125.42313987
    124.64311475
    124.52166449
    123.82332870
    124.36934059
    122.86951873
    122.23964778
    123.07028215
    122.57072601
    122.74312822
    122.74312822
    122.93199659
    122.93199659
    122.93199659
    124.65395643
    125.00608498
    125.00608498
    125.00908716
    124.99798262
    124.21298228
    121.54462634
    121.31883417
    121.69654786
    124.59459259
    124.36907814
    124.38005186
    124.38005186
    124.38005186
    124.97187686
    125.01753884
    125.02604814
    125.09884094
    125.33797017
    125.31794365
    125.31794365
    125.22952489
    125.11314332
    125.04045503
    125.44954219
    125.42853737
    125.45777892
    125.39848523
    125.12109244
    125.26601235
    125.01852677
    124.41532717
    124.33828398
    124.96311708
    125.25732474
    125.25732474
    125.41828164
    125.43824982
    125.43824982
    125.43408670
    125.33873301
    125.38013313
    125.38013313
    125.32725252
    125.44678036
    125.44678036
    125.44678036
    124.50010488
    124.15314465
    124.97509726
    124.92469660
    125.33949318
    124.86569199
    124.86569199
    123.15048013
    124.28958729
    122.85925578
    122.85925578
    120.27090414
    123.50452797
    124.64720127
    124.19192979
    124.19192979
    122.81601996
    123.13241211
    123.13241211
    124.47761446
    124.47761446
    124.91323166
    124.91323166
    124.88081052
    125.16031029
    125.13944809
    125.40336277
    125.37072925
    125.31956776
    125.18052833
    125.17034999
    125.21870534
    125.29421920
    125.35255792
    125.09937259
    124.79393782
    124.79393782
    124.79393782
    124.23177889
    123.69391179
    122.07982364
    121.31045024
    122.24120001
    123.49718465
    123.49718465
    123.37838479
    123.37838479
    123.37838479
    123.37838479
    123.31089957
    123.29664606
    123.29664606
    123.29664606
    122.75027196
    122.75027196
    122.89653952
    122.89653952
    122.55243271
    121.32716502
    121.32716502
    121.32716502
    122.02449165
    125.07107699
    125.02981254
    125.02981254
    125.03742365
    124.61568033
    123.82782115
    124.35246122
    125.39651238
    125.39651238
    125.16171192
    125.20602540
    124.61729881
    124.61729881
    124.61729881
    123.45075689
    123.45075689
    123.45075689
    123.09820452
    124.86784056
    124.92021739
    123.84550496
    123.84550496
    122.65375110
    122.65375110
    123.45879390
    122.97167379
    123.37745247
    123.71200621
    124.28941837
    124.28941837
    122.79993018
    124.06821163
    124.06821163
    124.06821163
    124.06821163
    124.48267151
    124.48267151
    124.48267151
    124.43098982
    124.63046178
    124.63046178
    124.55791465
    124.43341682
    124.15456624
    124.74317184
    124.74317184
    124.73137298
    124.71917089
    125.17812053
    125.25189336
    124.93525735
    124.92737300
    124.96552235
    123.71352746
    123.71352746
    123.41079570
    123.41079570
    124.07272142
    124.07272142
    124.33888564
    124.33888564
    124.21944598
    124.16403175
    124.70897392
    124.70897392
    124.62864173
    124.44873068
    124.46285564
    122.95615001
    122.94639183
    122.13755210
    123.74058862
    124.57419320
    124.57419320
    125.42965667
    125.45132955
    125.37571837
    123.51034676
    124.99743224
    125.03147064
    125.03147064
    124.98856726
    125.04846495
    125.04846495
    125.02809312
    125.02880815
    125.02880815
    125.02880815
    125.16722084
    125.16722084
    125.00398866
    125.00398866
    125.11322005
    124.96562059
    125.03742739
    125.06292349
    124.29571196
    124.27777275
    124.61167499
    124.61167499
    123.73905368
    123.73905368
    123.73905368
    123.76967274
    123.97413669
    123.94153501
    123.94153501
    123.82979615
    123.68945807
    122.96866284
    122.96866284
    122.96866284
    122.96866284
    123.50623775
    123.63054199
    122.73135122
    123.46152285
    123.39860274
    123.22698152
    123.22698152
    123.11771565
    124.02222125
    124.02222125
    124.02222125
    124.68507644
    124.40317463
    124.36232343
    124.14269444
    123.02531350
    123.02531350
    124.76195326
    124.96400620
    124.51339885
    125.09908784
    125.09908784
    124.04501823
    124.10152372
    124.61944068
    124.61944068
    123.78257456
    123.78257456
    124.21491575
    124.42899931
    125.05265856
    125.11965559
    123.74764494
    123.84569990
    124.37224355
    124.16343333
    125.16501177
    124.12318908
    124.12318908
    123.44739851
    123.29207634
    123.37804532
    123.37804532
    124.34396488
    125.33150441
    125.29675857
    125.38207158
    125.38273428
    125.31560470
    125.43693304
    125.44814170
    125.33374958
    125.00295227
    125.00295227
    125.06470839
    125.40435862
    125.21140660
    125.21140660
    124.81920020
    124.81920020
    124.79516997
    124.79516997
    123.62226260
    123.62226260
    124.82977188
    124.82977188
    124.62346249
    124.92090557
    124.90157602
    124.95813708
    124.96524896
    124.96524896
    125.02262284
    125.39683289
    125.39683289
    124.53999902
    124.53999902
    124.53999902
    122.65292963
    122.89247536
    122.89247536
    122.91033910
    124.15627946
    124.15627946
    124.97061681
    124.97061681
    124.97061681
    125.11291821
    124.93023115
    124.40676787
    124.40676787
    125.07361270
    125.07361270
    125.38393479
    125.44276357
    125.37843109
    124.74482835
    124.71584083
    123.61284216
    123.61284216
    123.61284216
    123.77904804
    123.77904804
    123.24913933
    123.24913933
    123.69109295
    123.65330248
    123.76597967
    123.76597967
    124.64093670
    124.68654437
    124.81996345
    124.81996345
    124.81996345
    124.75746299
    125.14404384
    125.43094445
    125.43179853
    125.43458428
    124.61274121
    124.31885205
    124.76715926
    124.77594821
    124.97056652
    124.97056652
    124.71276840
    124.71276840
    124.71276840
    124.70729154
    125.18733204
    124.17228967
    124.17228967
    124.95314297
    124.31881835
    124.31881835
    125.17215639
    122.13073308
    121.17371132
    121.17371132
    122.80381548
    121.90425379
    121.81012170
    121.81012170
    121.81012170
    122.24613036
    122.64455723
    122.11489450
    122.11489450
    122.11489450
    122.11489450
    123.14294995
    122.30084262
    122.30084262
    122.94473553
    122.84843474
    123.47314240
    123.56183106
    122.96827295
    122.96827295
    122.91326320
    123.51843193
    122.67710270
    124.47448586
    124.59494741
    124.86485782
    124.65225212
    124.65225212
    124.65225212
    123.37123070
    123.36874572
    123.36874572
    123.66507978
    123.29916706
    123.29916706
    123.29916706
    121.64668176
    121.64668176
    121.94298194
    122.37392118
    122.37392118
    121.70003701
    124.66186868
    124.66186868
    124.44028319
    124.44028319
    124.69959506
    124.82068523
    125.23222331
    125.15367596
    124.92875338
    125.38151250
    125.38151250
    125.38151250
    125.38394590
    125.38394590
    125.15781798
    125.25573479
    125.25573479
    125.20805741
    125.20805741
    125.20979859
    125.20979859
    125.12797612
    125.22536991
    125.22536991
    125.32775698
    125.32775698
    124.72355287
    124.59331463
    124.76709847
    124.46686605
    124.41058677
    123.77600984
    124.69654368
    124.69654368
    124.16232071
    124.27929151
    123.26828932
    123.26828932
    125.10392703
    125.21111382
    125.30103761
    125.25577492
    125.31170473
    125.19782826
    125.03237754
    125.30527672
    124.88724130
    124.72835055
    124.95178854
    124.95178854
    124.97254765
    125.29309492
    125.29309492
    125.32491728
    125.32491728
    124.92596721
    125.06370032
    125.44339130
    125.42635042
    124.70626679
    124.33735257
    125.41885367
    125.06429800
    125.23097230
    125.23097230
    125.23097230
    125.25820688
    125.21726018
    125.20144092
    125.16264924
    124.69239384
    124.69239384
    124.69239384
    125.25470855
    125.45474885
    125.44835058
    125.39149015
    125.39149015
    125.36701142
    125.36701142
    125.32767251
    125.32767251
    125.28452274
    125.45209874
    125.35946303
    125.43354349
    125.43260750
    125.37555346
    125.37555346
    124.61167011
    124.61167011
    123.61736519
    124.18135081
    125.34986890
    125.26613326
    125.30426604
    125.30426604
    125.30426604
    125.27494572
    125.27499940
    125.27499940
    125.18663196
    125.13690618
    125.13690618
    124.91549061
    124.52134392
    124.83617499
    124.83617499
    124.98549137
    124.89269202
    124.89269202
    125.13820541
    125.13820541
    125.15929014
    124.79342619
    124.79314245
    125.17010095
    125.39768332
    125.37826372
    123.98782220
    123.98782220
    124.45161122
    124.46793015
    125.02610668
    125.38616868
    125.37459384
    125.37459384
    125.37459384
    125.28456439
    125.28456439
    123.38615921
    123.63687607
    123.63687607
    124.35714767
    124.35714767
    124.37204499
    124.37204499
    123.91249169
    124.84657281
    124.90577308
    124.90577308
    124.73475866
    124.73475866
    124.37170620
    124.37170620
    124.43737134
    124.43737134
    124.43737134
    124.36564629
    124.36762717
    123.24942876
    123.24942876
    123.76502748
    123.76502748
    124.22657987
    124.22657987
    125.08167860
    125.08167860
    125.42807626
    125.33025129
    125.33025129
    124.52953992
    125.10221567
    125.10221567
    125.10221567
    124.89706512
    124.89706512
    124.87321506
    124.96851575
    124.68286153
    123.99406225
    124.84032715
    124.13035713
    124.13035713
    124.13035713
    124.92766636
    124.92766636
    124.59567986
    124.59567986
    124.24903773
    124.24903773
    124.24903773
    122.78028286
    124.26568498
    124.24669410
    124.24669410
    124.24669410
    124.24669410
    124.70781120
    124.63825122
    124.99480532
    125.07720664
    125.07720664
    124.73318803
    123.89077064
    124.54169212
    124.63930095
    124.93077062
    125.24312710
    125.24312710
    125.24312710
    125.24312710
    124.97620502
    124.97620502
    123.70977301
    123.70977301
    124.86276866
    124.67627231
    124.67627231
    125.05144571
    124.85412589
    125.16993988
    124.55647211
    125.39748279
    125.22217999
    125.22217999
    125.22217999
    124.58244879
    124.58244879
    124.63089953
    124.86690589
    124.46471324
    124.41085576
    123.07024249
    123.07024249
    123.17483712
    123.94208840
    122.70098001
    122.70098001
    122.70098001
    122.70098001
    122.70098001
    122.67570757
    124.27988856
    124.27988856
    124.35143870
    125.35907850
    125.33259440
    124.99544233
    123.47776165
    124.64110766
    124.64110766
    124.86635138
    123.99098294
    123.99098294
    123.99098294
    124.88033639
    123.98529909
    123.98529909
    123.38225424
    123.38225424
    123.38225424
    123.66578617
    123.66578617
    123.66578617
    123.97326755
    124.23735474
    124.23735474
    123.90263998
    123.88848886
    124.28583153
    125.11482216
    125.20561126
    125.20561126
    125.43055060
    125.45509264
    125.45130261
    125.15107749
    125.15107749
    125.08997111
    124.84878946
    124.84878946
    123.88780596
    122.92393038
    122.92393038
    122.92393038
    122.92393038
    121.49726556
    121.49726556
    122.78626434
    125.01694441
    124.69814401
    124.65481072
    124.65481072
    124.65481072
    123.08054755
    123.71906340
    123.81231943
    124.06052668
    124.06052668
    124.88335140
    125.40844269
    125.30522576
    125.36727597
    125.36748406
    125.29615484
    125.23524148
    125.38370727
    125.38370727
    124.70160096
    123.48140536
    123.48140536
    124.00746010
    124.61900156
    125.01704860
    124.98708861
    125.14937701
    125.14937701
    125.14937701
    125.14937701
    124.82495711
    123.90082024
    125.11634770
    125.35585597
    125.34726106
    125.34726106
    125.27940197
    125.31247402
    125.31247402
    125.11060823
    125.11060823
    125.23770219
    125.40695689
    125.39449140
    124.99434507
    124.90428362
    125.25961033
    124.58351401
    124.81741818
    124.06611693
    124.06611693
    124.05480358
    124.05480358
    124.05480358
    123.03442642
    123.78038393
    122.78257224
    123.43260888
    123.90839714
    123.90839714
    124.56191358
    124.38722349
    124.63068896
    124.87822978
    124.92630058
    125.09749620
    124.08918791
    124.69208946
    124.09629224
    124.09629224
    123.48348215
    123.48348215
    122.34539165
    123.30555439
    123.09010587
    123.18184470
    124.63444624
    124.29074224
    123.58225769
    123.58225769
    123.82616300
    124.39670836
    124.76036974
    124.98372398
    124.78690891
    124.73469376
    124.73634819
    124.96468990
    125.39947257
    125.37788060
    125.36648634
    125.25662811
    125.10847380
    124.13498218
    124.13498218
    124.91925853
    125.01728006
    125.06458556
    125.00038689
    124.15891879
    124.83136527
    123.97167321
    124.02807155
    124.02807155
    124.02807155
    124.02807155
    124.02807155
    124.02807155
    124.07648972
    124.07807956
    124.54372902
    123.76300930
    123.76300930
    125.01094048
    125.01094048
    124.52541709
    124.81685555
    125.24813419
    125.06418113
    125.06418113
    124.28960192
    124.55406105
    124.50009379
    124.59546834
    125.41381514
    125.41381514
    124.84608922
    125.02392313
    125.01255187
    125.09187626
    125.09187626
    125.09918865
    125.16798491
    124.89366231
    124.26085222
    124.88886750
    124.88886750
    124.89048355
    124.89048355
    124.69711710
    124.71807165
    124.71807165
    125.04756731
    125.04756731
    125.17393307
    125.08758083
    123.51259982
    123.51259982
    123.51259982
    124.91972384
    123.85607457
    123.85607457
    124.05570418
    125.24450395
    125.24450395
    125.24450395
    125.24450395
    125.24450395
    125.24450395
    125.24450395
    125.25527610
    125.36858522
    125.40300149
    125.42358254
    125.42367779
    125.27900523
    125.27819181
    125.31139114
    125.34021125
    124.59255489
    124.59255489
    124.89064681
    125.04445092
    124.56233766
    123.80344997
    123.54944960
    124.77752656
    124.87549534
    124.96126341
    125.13768464
    125.28658266
    125.21425962
    125.31073309
    124.75789749
    124.75789749
    122.65051923
    122.65051923
    123.43258336
    123.98231582
    124.41207895
    124.41207895
    124.38357970
    124.70516503
    124.76714304
    124.28842598
    124.16104772
    124.16104772
    124.16104772
    124.16104772
    122.96418142
    122.68551515
    123.35509649
    124.04594497
    124.04594497
    124.42402158
    124.42402158
    124.85171032
    124.85065466
    124.60672153
    124.60593020
    124.65055787
    124.62282544
    125.28484591
    125.21920841
    125.21920841
    125.29167305
    125.31669268
    125.33556254
    125.30090136
    125.23881784
    125.22968154
    125.17323780
    124.75124073
    124.33178483
    124.46137477
    125.04965649
