    919.66246652
    919.66246652
    919.33754372
    921.52431592
    921.52431592
    921.47170594
    921.47170594
    921.47170594
    921.98066939
    921.98066939
    922.41070505
    920.05237641
    923.23974636
    923.09061337
    923.09061337
    923.08295109
    922.88793104
    922.92631019
    922.88891428
    921.56202807
    922.03719170
    921.97767161
    921.92921706
    921.25565787
    921.53061221
    921.47761733
    921.88714381
    922.32408424
    921.25823244
    921.25823244
    921.72438616
    921.87374826
    922.56518046
    922.67582892
    922.67582892
    922.67582892
    922.80086483
    922.80086483
    922.80086483
    922.79992121
    922.95975537
    922.95975537
    923.25681143
    923.27216338
    922.83791304
    922.82327887
    921.20967100
    921.20967100
    920.54539623
    921.98125613
    920.96466977
    920.96466977
    920.96466977
    921.56648906
    921.56648906
    921.56648906
    921.08150096
    923.04817961
    922.98836652
    922.53181880
    922.06947576
    922.06947576
    921.71171080
    920.79121321
    921.60906176
    919.94262770
    919.94262770
    922.92659653
    922.92659653
    922.95680097
    922.97848842
    922.97761394
    922.96583973
    922.92149823
    922.92149823
    922.99104550
    922.93232757
    922.94438254
    921.91738735
    921.91738735
    921.91738735
    921.91738735
    922.84444502
    923.17935829
    923.17935829
    923.17672530
    922.73633512
    922.74097982
    922.99720534
    923.10334802
    922.98263683
    922.78773294
    922.68662911
    922.02223350
    922.02223350
    921.63361607
    921.63361607
    921.63361607
    921.63361607
    921.63361607
    919.33075998
    920.42823485
    921.71169530
    921.22518446
    922.91382982
    922.64655650
    922.64655650
    922.63291399
    922.51854137
    920.67262630
    920.47343442
    919.61850975
    920.71286990
    920.71286990
    920.71286990
    920.58088169
    921.89299444
    922.13314525
    921.82321835
    921.80325594
    922.19010508
    922.19010508
    922.31422036
    922.52326131
    922.70123251
    922.70638771
    922.79792309
    922.80627968
    922.91942437
    922.72258687
    922.99507267
    922.99507267
    922.99025251
    922.99025251
    922.94593998
    922.94593998
    922.94593998
    922.93657443
    922.84333761
    922.82814363
    922.82814363
    922.83799161
    923.31861568
    922.98615230
    922.98615230
    922.23851855
    921.30361475
    921.30361475
    921.77593338
    921.77593338
    921.39498362
    921.21487496
    921.21487496
    920.61891376
    919.16889158
    919.16889158
    920.03342147
    922.23029241
    922.23029241
    922.38372568
    922.39395160
    922.52614524
    922.58116214
    921.95428143
    922.28002996
    922.28002996
    922.28002996
    923.32349005
    923.32012405
    922.98891738
    923.05461710
    923.05461710
    923.00837599
    923.00837599
    923.17212458
    923.25054723
    923.24949180
    923.26745360
    923.23964445
    923.20522655
    923.19104824
    923.15856970
    923.12235238
    923.05291538
    922.57797440
    922.51652748
    922.51652748
    922.51652748
    923.10984380
    923.10958207
    923.20245515
    923.28504781
    923.27203225
    923.27203225
    923.30894918
    923.30894918
    923.30232268
    922.37155204
    922.37155204
    922.27118426
    922.52366968
    922.11457784
    922.07822659
    922.59587526
    922.59587526
    922.38128272
    921.77896501
    921.77896501
    922.52095904
    922.88388806
    922.88388806
    922.66425039
    922.89253734
    923.12316275
    923.19375656
    923.16407347
    923.17866493
    922.75046735
    922.00286336
    922.85103547
    922.30546685
    922.30546685
    922.43139454
    922.49278828
    922.28091965
    921.98199771
    921.31248333
    921.91233804
    922.24919693
    922.24279391
    922.24279391
    922.08328493
    922.08328493
    921.87642781
    921.46424495
    922.06399119
    921.46467310
    922.09572672
    922.26855392
    922.40242348
    922.36918390
    923.29430941
    923.29430941
    923.28964279
    923.28960570
    923.27405948
    923.27365013
    922.93799769
    922.57722695
    922.75718751
    923.17042637
    923.27237322
    923.17019251
    922.94644232
    921.04811345
    923.25138902
    923.18881394
    923.32321069
    923.32321069
    923.16682118
    923.23818498
    923.23818498
    923.23917202
    922.55164178
    922.55164178
    922.45481994
    922.45481994
    922.86793397
    922.36165825
    922.36165825
    922.91538999
    922.52844161
    922.52844161
    922.52844161
    922.65426031
    922.65426031
    922.65426031
    922.59040515
    921.82476608
    920.60352358
    919.95835248
    921.65500079
    921.47198097
    921.47198097
    920.81175540
    920.81175540
    919.68339815
    919.68339815
    920.85981216
    922.89641658
    922.73055098
    922.73055098
    922.88191874
    922.87080058
    922.87080058
    922.77545446
    921.64228179
    921.64228179
    921.90044959
    922.01853688
    923.12468370
    923.02071037
    923.30275472
    923.32186450
    923.32358706
    923.32358706
    923.32385409
    923.31378535
    923.24137223
    923.29571377
    923.27634928
    923.28204612
    923.04867069
    922.93640271
    922.88988477
    923.20150463
    923.17440006
    923.04724747
    922.57809399
    922.57809399
    922.57809399
    922.57809399
    922.58642088
    922.58642088
    922.58642088
    922.58763985
    922.79251538
    922.79251538
    923.16818379
    922.61326925
    922.01825581
    922.01879624
    921.96754272
    920.90416299
    921.07289045
    921.07289045
    921.53794660
    922.80297890
    922.77207234
    922.69976359
    922.71308293
    922.71308293
    922.48937255
    922.15193749
    921.56671373
    921.56671373
    921.97727701
    922.64657514
    922.73466609
    922.73466609
    922.98944835
    922.50347299
    922.13642485
    922.55171744
    922.76652258
    922.69925911
    922.86936169
    922.86936169
    922.82537995
    922.47197406
    922.47197406
    922.47197406
    922.82777596
    923.23166769
    923.18994365
    923.18994365
    923.11570818
    923.23249888
    922.42304675
    922.03440760
    922.04618211
    922.13782307
    922.13782307
    922.24565885
    922.60245517
    922.56469877
    922.83475336
    922.59477071
    922.59477071
    922.66812501
    922.45330827
    922.45330827
    922.60618073
    916.63736942
    916.63736942
    916.63736942
    916.61917851
    916.61917851
    916.61917851
    916.61917851
    916.61917851
    922.44043587
    922.49255485
    922.57964814
    922.69673528
    923.02382014
    923.01276470
    921.77683300
    921.77683300
    922.31067944
    923.02134470
    922.66614779
    923.24654469
    923.22650141
    923.16276017
    923.23709515
    922.63409617
    922.87148297
    922.87148297
    922.53475968
    922.53475968
    922.30064405
    922.94809696
    922.92147391
    922.92147391
    922.92147391
    922.78069460
    921.97227626
    921.98324896
    921.98324896
    921.98324896
    921.98324896
    922.85687713
    922.85687713
    923.07930046
    923.09915515
    923.09915515
    919.76306594
    919.76306594
    919.69499955
    921.03334483
    920.53621535
    922.29808294
    922.29808294
    921.81872391
    921.81872391
    921.81872391
    921.19864997
    921.19864997
    921.19864997
    922.22990688
    922.80305047
    922.05886861
    922.58299775
    922.68684902
    923.13369092
    923.28592056
    922.93748828
    923.07148671
    922.48951708
    922.30913103
    922.88001002
    923.10426583
    923.10426583
    923.10426583
    923.10426583
    922.95354269
    922.95354269
    923.05113240
    923.15741642
    923.15741642
    923.27860704
    923.24862169
    923.31534414
    923.31479193
    923.31041824
    922.38241832
    922.32107967
    922.32107967
    922.32107967
    922.20403411
    923.18891973
    923.16947668
    923.21183804
    923.21183804
    923.14854543
    921.92661039
    921.97566403
    922.98878280
    919.91967061
    919.91967061
    919.91967061
    919.91967061
    922.42813641
    921.64275635
    921.02535477
    921.07226464
    921.28161005
    921.53803201
    921.66169424
    921.66169424
    922.11618666
    922.18666586
    922.43201712
    922.43201712
    922.43201712
    922.43201712
    922.43201712
    922.40903781
    922.41531650
    921.76821654
    922.63327674
    922.56779147
    921.46626808
    922.84989388
    923.19167044
    923.13471748
    923.31001504
    923.23943961
    922.85373217
    922.09022393
    922.91928932
    922.69186682
    922.69186682
    922.80198062
    922.80198062
    922.80198062
    920.35403820
    920.35403820
    920.35403820
    920.35403820
    920.35403820
    921.67902951
    919.66946197
    919.59326158
    919.59326158
    919.59326158
    920.29576416
    920.29576416
    921.99312205
    921.74930886
    921.74930886
    922.68438300
    923.32181518
    923.20061434
    922.22780423
    922.39400260
    922.90621392
    923.03610336
    923.08048588
    923.08048588
    922.49537811
    922.49537811
    922.49537811
    922.49227702
    921.78929789
    921.78929789
    921.90749744
    923.30296128
    923.22605313
    922.23913499
    922.74323919
    922.67318564
    922.67318564
    922.77750448
    922.94900047
    922.94900047
    922.34919876
    922.34919876
    922.60426947
    922.60426947
    922.74593331
    922.13071269
    922.49734684
    922.04710433
    923.21835656
    923.29072264
    923.29072264
    923.23342934
    923.21587298
    923.21587298
    923.27092846
    923.27092846
    923.27092846
    923.31122062
    923.30973704
    923.16832251
    923.16832251
    922.80933119
    922.84818507
    920.72314356
    920.79122216
    920.99617983
    919.55263235
    920.82563163
    920.82563163
    920.82563163
    922.36537609
    922.85685381
    922.84005899
    923.03715609
    923.03715609
    922.74210816
    923.12363099
    922.55019833
    922.55019833
    922.55019833
    922.55019833
    922.55019833
    923.22126524
    923.30095408
    923.30095408
    923.30095408
    923.29785384
    923.20875476
    923.20875476
    923.15095068
    923.15095068
    922.56242883
    922.78664092
    923.23551506
    923.22316290
    923.23276298
    923.30694265
    923.31216785
    923.27828621
    923.25464198
    922.99339327
    922.99339327
    922.99339327
    923.03592313
    923.05967344
    923.05967344
    922.95864624
    922.54549372
    922.54549372
    922.54549372
    922.92234674
    919.51905944
    919.51905944
    920.51320831
    920.51320831
    920.51320831
    922.49193777
    922.69740467
    921.84946928
    922.08856462
    922.32993129
    922.32993129
    922.60167044
    922.80928809
    922.68260984
    922.57703800
    921.70443226
    920.88452229
    920.78436087
    921.80042730
    921.91620561
    921.24365659
    921.24365659
    920.13832708
    920.13832708
    920.57661252
    919.18704976
    919.18704976
    921.00325898
    921.72689278
    921.69698455
    921.69698455
    921.64333770
    922.31890846
    922.15295607
    922.06362844
    922.06362844
    922.06362844
    921.85504338
    920.94863928
    921.85773741
    922.06528647
    922.85490617
    922.95598965
    921.33420689
    921.33420689
    921.33420689
    922.35239946
    923.27462157
    923.27462157
    923.27462157
    923.31804889
    923.28557520
    923.29859055
    922.95178942
    922.95178942
    922.95730718
    922.71979988
    923.14854882
    922.95098894
    922.37780498
    921.71319609
    922.69646319
    922.67047179
    922.67047179
    922.67047179
    922.75373677
    923.03775860
    923.14794134
    923.14794134
    923.26624883
    923.31177097
    922.65136307
    922.94387376
    923.22053329
    923.23276443
    923.30302757
    923.17206558
    923.10128763
    922.81355974
    922.81355974
    922.86531932
    922.43924227
    922.69258178
    922.18160827
    922.18160827
    921.75031302
    922.31454909
    922.20911631
    922.20911631
    922.20911631
    921.49410762
    922.12750281
    922.36540168
    921.87743423
    921.87743423
    920.51229468
    920.51229468
    920.51229468
    920.51229468
    920.39532394
    920.39532394
    920.39532394
    920.39532394
    920.39532394
    921.37129569
    920.60735830
    921.89927417
    921.66929866
    921.51949316
    920.18641147
    920.66087633
    920.66087633
    920.66087633
    920.63283024
    920.63283024
    920.63283024
    921.63855702
    921.93979919
    921.93979919
    921.35716874
    920.56286500
    921.39604324
    922.77541128
    921.77863536
    921.77863536
    921.79441934
    919.98031980
    919.48126619
    918.81224152
    919.28731955
    920.76555382
    920.76555382
    921.19782956
    921.19782956
    921.63193363
    921.63193363
    921.39403193
    921.39403193
    921.71770921
    921.71770921
    921.71770921
    921.72184445
    922.54374830
    922.61937395
    922.40631619
    922.40631619
    922.86163400
    922.86163400
    922.86163400
    922.87404517
    923.06910879
    922.55629252
    922.99078517
    922.44060114
    922.44060114
    922.35984183
    921.77614743
    921.90736962
    921.56329194
    921.48434407
    921.56786415
    921.77002583
    922.82755287
    922.82755287
    922.92080758
    922.59852470
    922.58314443
    922.44251896
    922.50271418
    922.48214631
    922.62537502
    922.62537502
    921.88294000
    921.65524292
    922.01389761
    922.69674272
    921.26139332
    922.43538751
    922.83348841
    922.40086927
    922.81136054
    922.85745354
    922.85745354
    922.44345709
    922.81346987
    920.96904749
    921.06751752
    920.42412821
    922.61478326
    922.70057055
    921.62419260
    921.44660542
    921.51847081
    921.51847081
    921.65087534
    921.57041835
    921.40111403
    920.53658743
    919.45858742
    920.20626910
    920.09930629
    920.17682658
    920.17682658
    920.17682658
    920.17682658
    921.16053322
    921.16053322
    921.16053322
    921.16053322
    921.16053322
    922.12497780
    921.88100929
    921.88100929
    921.88100929
    922.42885397
    922.52167099
    921.75061829
    922.13616326
    921.26161979
    921.26161979
    922.52996341
    922.88544059
    920.53785023
    920.53785023
    921.53137405
    921.65150243
    921.65150243
    921.65150243
    922.85106946
    922.85106946
    922.01265800
    922.01265800
    922.47608236
    922.47608236
    922.78100227
    922.84478224
    922.84478224
    922.84478224
    923.03512857
    923.10220879
    923.19360449
    923.18974108
    923.13027935
    923.13027935
    923.14402312
    923.10852011
    923.17188861
    923.19982944
    923.04482512
    921.81651325
    922.30577608
    922.30577608
    918.60302002
    919.14350371
    919.27379185
    919.27379185
    919.27379185
    919.27379185
    921.68723185
    921.60896202
    921.60896202
    919.20307794
    919.20307794
    919.20307794
    921.52259881
    921.97457004
    922.26674804
    921.52204217
    921.52204217
    921.72619120
    921.78014225
    921.51018519
    921.84751087
    921.84751087
    920.41827347
    920.41827347
    922.20320336
    922.20320336
    922.20320336
    921.53436719
    921.84597857
    921.91841719
    922.14444207
    921.88655289
    921.90025377
    921.90025377
    921.30650510
    921.30650510
    922.02503676
    922.02503676
    922.28063514
    921.41645434
    921.41645434
    922.28068937
    922.54086582
    922.68346616
    923.10672769
    923.16093834
    921.41820923
    920.80843589
    921.60561994
    921.60561994
    922.32658766
    922.32658766
    922.49793124
    922.49793124
    922.47923175
    921.99469315
    921.99469315
    922.99907704
    922.99907704
    922.99907704
    923.00873104
    923.00371654
    923.10538729
    923.10538729
    923.10229611
    923.16449495
    922.36175212
    922.35343556
    922.35343556
    923.04048813
    921.57064241
    922.38537610
    922.61262637
    922.37286620
    922.37286620
    921.86414980
    921.91221873
    922.08967345
    922.22228058
    922.22228058
    921.35314918
    920.35341607
    922.37033690
    923.07223016
    923.07223016
    922.99587602
    923.22675699
    923.18568935
    923.28872111
    923.29303980
    923.29303980
    923.26198592
    921.96931464
    923.27669591
    923.25744575
    923.25127707
    923.25127707
    922.72090978
    922.93521276
    923.25652897
    923.25693770
    921.96884397
    922.91387620
    922.71581280
    922.20242123
    922.20242123
    922.20242123
    922.80348591
    923.30318528
    923.30318528
    923.00815645
    923.00345525
    923.00345525
    923.00345525
    923.00345525
    923.26109275
    923.00838909
    923.04745635
    923.06969080
    922.38397577
    916.81207375
    916.48891875
    916.48891875
    920.34347223
    920.63176361
    919.73650402
    918.62581334
    919.83478502
    919.83478502
    919.83478502
    922.01599900
    921.58813264
    921.48860505
    921.48860505
    920.83272879
    920.83272879
    920.83272879
    920.28466924
    920.36223864
    919.43862939
    919.43862939
    919.44068667
    919.44068667
    919.44068667
    919.44068667
    920.54219978
    922.56371332
    922.56375902
    922.56375902
    919.63479810
    919.63479810
    921.17912423
    921.17912423
    916.58876780
    916.58876780
    919.07524217
    919.07524217
    919.26298393
    921.20262312
    921.44546538
    923.11833668
    923.15804970
    923.15804970
    923.21091842
    923.22492298
    923.21732338
    923.20220007
    923.20220007
    923.20220007
    923.28897845
    922.29069276
    922.29069276
    922.63698917
    922.63698917
    922.49563230
    922.49563230
    922.37419208
    922.70439601
    922.70439601
    922.87898033
    922.33435909
    922.33435909
    921.37915759
    921.37915759
    921.37915759
    921.37915759
    921.37915759
    922.35709271
    921.14189518
    921.00639245
    921.00639245
    921.07435028
    922.05885767
    922.39367104
    922.39367104
    921.86748841
    921.36677869
    922.79867789
    922.57492409
    923.11128774
    923.11128774
    923.24342442
    923.22654629
    923.22654629
    923.28613162
    923.08345107
    923.03726031
    923.10508724
    923.10508724
    920.18971170
    920.44379543
    919.68037220
    919.68037220
    919.68037220
    919.38027423
    921.16852974
    921.16852974
    921.82187440
    920.97804393
    920.97804393
    922.84088195
    922.97084404
    922.97084404
    922.64634204
    922.64705920
    922.75071521
    922.75071521
    922.75071521
    922.75071521
    922.75071521
    922.75071521
    922.75071521
    922.79120676
    922.89927235
    922.77944933
    922.95326645
    922.97946604
    923.10317250
    922.92090596
    922.92090596
    922.92090596
    923.04038515
    923.10983602
    922.84693260
    922.82019316
    923.23285265
    923.27523076
    923.26520867
    923.26520867
    923.22879460
    923.19170543
    922.84737669
    923.30885669
    923.30359175
    923.31603519
    922.43831339
    922.05073911
    921.99454668
    921.82026399
    922.65923731
    922.65923731
    921.70645233
    922.16006138
    922.16006138
    921.68389330
    921.92284633
    921.92284633
    921.50282030
    921.50282030
    921.93147993
    921.91528611
    921.91528611
    921.91528611
    922.10517457
    922.10517457
    922.11983014
    923.29000494
    923.02836509
    923.12072933
    922.69785445
    923.16168258
    923.18739210
    923.17211324
    923.14151684
    923.14151684
    923.31204256
    923.24985590
    923.24985590
    923.24064561
    923.23648595
    923.20950409
    923.29875129
    922.91274324
    922.82929742
    923.23791190
    922.65845658
    922.78188091
    922.78188091
    922.99915560
    922.09096089
    922.09096089
    922.09096089
    921.92477926
    921.92477926
    921.92477926
    921.69073534
    921.68565880
    919.51368497
    920.40567051
    920.40567051
    922.39283394
    922.53100777
    922.53100777
    922.49363844
    922.49363844
    922.90288359
    921.94901267
    921.94901267
    921.83937868
    923.02564629
    922.96868927
    922.89625294
    922.89625294
    922.89625294
    922.90339075
    922.99936287
    923.14960745
    922.71913287
    922.71913287
    922.43258897
    922.63194629
    922.68244020
    922.63590133
    922.50977593
    922.50977593
    922.55993178
    922.84826618
    922.84826618
    923.08957502
    923.05827330
    920.84420951
    920.84420951
    920.84420951
    920.70997918
    921.98952582
    921.98952582
    921.79282762
    921.79282762
    919.95127353
    919.95127353
    919.92183537
    920.56559060
    920.56559060
    920.56559060
    920.57247016
    920.57247016
    920.57247016
    920.68602747
    920.68602747
    920.68602747
    922.58815485
    922.58815485
    922.58815485
    922.61341081
    922.53381374
    921.25835398
    921.43898285
    921.43898285
    921.43898285
    921.43898285
    922.04574786
    921.68804728
    922.57782014
    923.12972464
    923.07275393
    922.89399137
    922.85929191
    922.85929191
    922.81614832
    922.81029686
    922.81029686
    922.81029686
    922.80756987
    922.92026923
    922.86585151
    922.26719566
    922.16650844
    922.16650844
    921.83455294
    921.11483810
    921.11483810
    921.11483810
    921.11483810
    922.90264908
    923.13100058
    923.28553977
    923.25768732
    923.30851513
    923.19148054
    923.30457194
    923.30457194
    923.25213902
    923.25213902
    923.31146304
    923.30307737
    923.30307737
    923.29740385
    923.25436383
    923.25436383
    920.84769574
    920.84769574
    920.84769574
    922.69639209
    922.63795758
    922.71378620
    922.71378620
    922.07676685
    920.52800790
    922.99241370
    923.02229816
    921.66897061
    921.66897061
    921.66897061
    921.66897061
    922.39529752
    922.47000553
    920.63844846
    922.83746973
    923.06435733
    923.30299031
    923.21522096
    923.21495316
    923.07782167
    923.07782167
    923.14258882
    923.18015273
    923.18015273
    922.92074537
    922.86983393
    922.35250881
    922.15696611
    922.25971411
    921.34075205
    921.16570255
    921.16570255
    921.16570255
    921.04961900
    921.04961900
    922.20970295
    922.95896176
    922.69117196
    922.69117196
    923.24866369
    923.24866369
    923.24866369
    923.08479019
    922.63248160
    922.25956737
    921.68607894
    921.68607894
    919.83890855
    921.86090757
    921.88006948
    921.88006948
    921.93669993
    922.33700400
    922.62318805
    921.99386672
    919.70600022
    919.70600022
    922.31881562
    922.31881562
    921.96946058
    923.16689425
    923.16888884
    923.16888884
    923.28685404
    922.78286757
    923.21132280
    923.15505891
    923.29458536
    922.88250054
    921.80713269
    922.17623699
    922.17623699
    922.17623699
    922.17623699
    921.35794891
    921.35794891
    921.35794891
    921.35794891
    922.25677057
    921.47985368
    921.47311920
    922.22828442
    922.22828442
    922.22828442
    922.22828442
    922.22828442
    922.42329836
    921.67887733
    917.92124338
    917.92124338
    917.92124338
    922.19930553
    922.42394779
    921.97617804
    921.97617804
    922.34962590
    923.20757228
    923.16836241
    923.15961981
    922.20253579
    922.46658939
    920.85686009
    920.85686009
    921.01050833
    921.01546529
    921.01546529
    923.04179784
    915.63366776
    915.85282534
    915.85282534
    918.49664415
    917.94381427
    917.94381427
    917.94381427
    917.94381427
    917.94381427
    917.94381427
    918.32078182
    918.85250055
    918.85250055
    918.85250055
    918.85250055
    921.18806465
    921.17758107
    921.17758107
    921.15608461
    921.39094220
    921.03937322
    921.03937322
    921.03937322
    921.03937322
    921.39214307
    921.82255669
    920.75175700
    920.67840561
    921.41159489
    921.41159489
    919.93293719
    919.81866642
    920.39175273
    920.39175273
    920.39175273
    921.95964429
    922.21910338
    922.57063771
    923.03968928
    923.03968928
    923.07959520
    923.07959520
    923.23993486
    923.31188592
    923.27688182
    923.27688182
    923.27962124
    922.64206753
    922.62833498
    922.62833498
    922.91665258
    922.91665258
    922.87140442
    922.47552651
    922.47552651
    922.77476409
    922.77476409
    922.97010068
    922.93909159
    922.99165917
    922.98350542
    922.85063872
    921.19056877
    920.90732415
    921.18786792
    921.18786792
    921.45089480
    921.72796076
    922.10093666
    921.45793838
    921.45793838
    921.45793838
    921.45793838
    921.45793838
    921.45793838
    921.45793838
    921.45793838
    921.75716431
    922.04233563
    921.48762188
    923.01769347
    923.01769347
    923.27077433
    923.12960326
    923.17447345
    922.84211417
    922.15236900
    922.15236900
    922.34570092
    922.34570092
    922.34570092
    921.95269954
    922.47495648
    923.22888837
    923.22888837
    923.21385494
    923.22318145
    923.21614463
    922.98793012
    922.98793012
    920.72166183
    921.57855639
    921.57855639
    922.46859670
    922.91843814
    923.06291389
    923.12101721
    923.15962287
    923.02559818
    920.58005487
    920.67187764
    920.94015664
    922.26841400
    921.66467769
    921.66467769
    921.42792900
    920.45968721
    920.45968721
    920.45968721
    921.33285803
    920.95132785
    920.95132785
    920.84464943
    922.36872650
    922.62975518
    922.82421778
    922.66856373
    922.49308812
    922.94170753
    922.94170753
    922.66093437
    922.66093437
    922.38599620
    922.38599620
    922.38612426
    922.38612426
    922.38612426
    922.60422208
    923.21534381
    923.21534381
    923.23262628
    922.50806792
    922.46767276
    922.96114161
    922.96114161
    922.96114161
    923.00650382
    923.00650382
    923.02405683
    923.02405683
    922.36459112
    920.97344601
    920.97344601
    921.49430424
    921.98752715
    922.33083723
    922.33083723
    922.45309621
    922.99233763
    923.06731748
    923.05731552
    922.92179302
    922.72571706
    922.06522593
    922.42296450
    920.60870749
    922.17535553
    922.17535553
    922.17535553
    922.17535553
    923.08675937
    922.96617563
    922.02739357
    919.19946545
    919.19946545
    919.19946545
    921.09561669
    921.09561669
    921.09561669
    920.85040477
    920.85040477
    920.85040477
    920.85040477
    922.44002842
    922.44002842
    922.31074603
    921.58128819
    922.54708253
    922.92077931
    921.98500866
    922.43670068
    922.43670068
    922.63500580
    922.63500580
    922.52939874
    922.91841286
    922.91841286
    922.91841286
    922.91841286
    922.89051293
    919.84829674
    921.05266721
    921.84805940
    921.84805940
    921.84805940
    921.84805940
    921.72125679
    922.35766875
    922.53899201
    922.88288426
    923.07367226
    923.07367226
    923.02674421
    922.44117608
    922.01319942
    922.01319942
    922.05568696
    922.79092834
    922.29191573
    922.29191573
    922.16393861
    922.55228413
    922.68820380
    922.57226627
    922.57226627
    923.21523176
    923.29987202
    923.30674673
    923.30225009
    923.24828856
    923.18388209
    923.19658589
    923.19658589
    921.13887921
    921.13887921
    922.68940733
    922.23505628
    922.23505628
    923.23099628
    923.18978806
    922.26197606
    922.26197606
    921.77021220
    921.77021220
    923.21235766
    922.95327002
    922.91631376
    922.91631376
    922.91631376
    923.07210984
    922.05069930
    922.05069930
    921.84288020
    922.85407196
    922.85407196
    922.85407196
    922.61264363
    922.61264363
    922.39294757
    922.06230173
    922.75669068
    922.85639420
    922.94906182
    923.15860937
    923.25720611
    923.00330787
    923.00330787
    923.13637320
    922.70611020
    922.70611020
    922.75607428
    923.19843872
    923.29750483
    923.29750483
    923.12680499
    923.12680499
    923.13128273
    923.13128273
    923.13128273
    923.12975709
    923.12975709
    923.12975709
    923.11065647
    923.01067913
    923.29279936
    922.92795759
    923.19020367
    922.83075067
    922.99327436
    922.73580079
    922.73580079
    922.58937712
    922.07280872
    922.07280872
    921.66075038
    922.10703926
    922.63296117
    922.42963030
    922.42963030
    921.47306699
    920.62231121
    920.62231121
    920.32502731
    918.81770120
    918.81770120
    918.81770120
    918.81770120
    919.35455966
    919.58494236
    919.58700990
    919.67703844
    919.67703844
    920.65523009
    919.24852454
    917.82695195
    917.50121358
    917.50121358
    917.50121358
    917.50121358
    916.45613299
    918.23937203
    917.72705724
    916.59802879
    916.59802879
    919.18506183
    919.18506183
    918.14831632
    918.14831632
    918.14831632
    918.42126384
    919.52210164
    919.57821231
    919.54495535
    919.54495535
    919.54495535
    920.82886661
    920.82886661
    921.26722060
    921.05745569
    921.05745569
    921.05745569
    921.24869805
    922.27905437
    922.27905437
    922.48910814
    922.48910814
    922.47889936
    922.47889936
    922.08791892
    922.30822185
    922.38918158
    922.38918158
    922.34595189
    922.82169162
    922.50381646
    922.23071868
    922.23071868
    922.27921054
    922.37653983
    921.77591053
    922.51313223
    922.51313223
    922.51313223
    922.37842868
    922.01627993
    922.01627993
    922.01627993
    922.01627993
    922.25495330
    922.76264829
    921.80951140
    922.20372310
    922.02416757
    922.02416757
    921.52185879
    921.52185879
    921.52185879
    921.52185879
    922.19782463
    921.78551227
    921.78551227
    921.84255201
    921.00093939
    919.82257878
    919.82257878
    919.82257878
    921.10444654
    921.10444654
    921.89060801
    921.81840109
    921.81840109
    921.98851043
    921.85907544
    922.46155249
    921.74386737
    920.15065647
    920.15065647
    920.90979621
    921.87727928
    921.87727928
    922.27945430
    922.27945430
    922.40672573
    922.30277795
    922.94620061
    922.93211928
    922.86860580
    922.25256815
    922.25256815
    921.79824144
    921.79824144
    922.23589515
    922.23589515
    922.23589515
    922.12440609
    922.71756017
    922.63116285
    922.16446409
    922.71812465
    919.88529852
    919.88529852
    918.05612675
    918.05612675
    920.88214720
    920.78647429
    920.78647429
    920.78647429
    920.74565579
    920.74565579
    922.54931126
    922.95838155
    922.95838155
    923.06861167
    923.30051410
    923.31046389
    923.17725758
    923.11811926
    923.13001902
    922.78498101
    922.40673288
    922.69583741
    922.88261070
    922.65139345
    922.92449729
    922.25379125
    921.65567392
    922.13698866
    922.11578329
    922.11578329
    922.28755110
    922.96372859
    923.26723251
    923.26723251
    923.29570003
    923.26266453
    922.76252730
    922.76252730
    922.87644374
    922.89749676
    922.54805002
    922.89849097
    922.89849097
    922.89849097
    922.95400813
    922.92712106
    923.19084271
    923.30740301
    923.25189643
    923.25011987
    923.25062057
    923.25324658
    923.25324658
    923.25324658
    923.17149466
    923.15847782
    923.29202502
    923.26742977
    923.19094578
    923.19094578
    923.23007018
    923.23846584
    923.24313561
    923.19439703
    923.30378804
    922.75794672
    922.83588434
    922.10930302
    921.90853395
    921.28202339
    921.16616247
    921.16616247
    920.73150788
    921.01663245
    921.01663245
    921.01663245
    921.01663245
    921.07219293
    918.92777724
    917.30229591
    918.46866621
    922.87470141
    922.97240602
    922.97240602
    922.97240602
    922.97240602
    923.13294613
    923.13294613
    922.83008970
    922.97675517
    922.94927476
    922.94927476
    921.56362866
    922.45329896
    922.51250677
    922.51250677
    922.64045576
    922.29204072
    922.98013959
    922.83265101
    922.83265101
    922.64194461
    922.64194461
    922.97720742
    923.07318034
    923.29492059
    923.27586147
    923.25216678
    923.25216678
    922.69250242
    922.69250242
    922.74105812
    923.10793370
    923.15025597
    922.87722185
    922.92287013
    923.03504403
    923.03504403
    923.03504403
    922.97140203
    922.97140203
    922.97140203
    922.29878507
    921.42374823
    922.53366742
    922.50926416
    922.66687041
    922.52715601
    923.05919243
    923.02019807
    923.02019807
    922.93708736
    922.98527779
    922.95165126
    922.95165126
    922.72852252
    922.66298420
    922.66298420
    922.73853056
    922.73853056
    922.81832656
    921.49739939
    921.49739939
    920.48558863
    921.29053201
    921.31055661
    921.31055661
    921.11361784
    919.98940596
    919.98940596
    920.17498476
    920.53979543
    920.53979543
    921.62274839
    921.62274839
    921.40132398
    922.04313025
    922.04313025
    922.04313025
    922.36194797
    922.36194797
    922.66664080
    921.71568684
    921.68811272
    921.25419631
    921.77487120
    921.77487120
    922.35153356
    922.35153356
    922.87549473
    921.13389950
    922.76689989
    921.65066172
    921.65066172
    922.15957088
    922.56912203
    922.61391572
    922.98799012
    922.64540161
    922.52448259
    920.80296947
    920.40180425
    920.87607565
    920.87607565
    920.61682359
    920.61682359
    921.84837091
    921.84837091
    921.84837091
    921.84837091
    922.46053276
    921.93672253
    922.51078248
    922.51078248
    922.94155632
    922.94155632
    922.40608410
    922.40608410
    922.62983079
    921.90537235
    922.05398532
    921.89042135
    921.66640915
    921.80116972
    920.46278207
    920.46278207
    920.45724310
    922.23992062
    922.11641872
    921.15015375
    921.97724439
    920.71023888
    921.57863819
    920.40109125
    920.77350912
    922.53075564
    922.37097567
    922.37097567
    922.15861960
    921.98096386
    921.86396963
    921.79310565
    921.79310565
    921.52140462
    922.60337912
    923.22437457
    923.21966917
    923.22036482
    923.24966840
    923.20821910
    923.17716248
    918.75080966
    918.75080966
    918.75080966
    919.59078627
    921.47346164
    922.34493316
    922.83836375
    922.91112081
    923.10873602
    923.09645763
    923.09645763
    923.16496980
    923.16496980
    923.06424316
    923.10197151
    923.16562894
    923.24780978
    923.31972820
    923.30245088
    923.30245088
    923.00716290
    922.65745983
    922.65745983
    922.65745983
    922.64844159
    922.67066792
    922.49156331
    922.64273143
    922.71446996
    922.71446996
    923.26619600
    923.11521425
    922.37903961
    922.43176321
    922.46490285
    922.10006765
    922.80769807
    922.98963049
    923.21152699
    923.12679301
    923.32027484
    923.32027484
    923.26966839
    923.07806220
    922.99688776
    921.97361537
    922.87438276
    923.23501533
    923.23501533
    923.22238338
    923.25177083
    922.89698760
    922.89698760
    923.19354826
    923.19624075
    923.19146979
    923.20599719
    923.20599719
    923.19340006
    923.10275306
    923.03280597
    922.80634077
    923.12904378
    923.12904378
    923.04189443
    923.04189443
    923.07995817
    923.23690253
    923.07227222
    923.07227222
    923.31987800
    923.21226357
    923.19634862
    922.94562432
    922.53551610
    922.53551610
    923.00255770
    923.13968213
    923.13968213
    922.98946878
    922.33386772
    921.67301457
    922.73459843
    922.73459843
    922.59726569
    922.69161379
    922.69161379
    922.68193811
    923.08304905
    923.24841354
    923.20679723
    923.22212188
    922.61135667
    922.61135667
    922.63742343
    922.63742343
    922.63742343
    922.98263705
    922.98263705
    922.95528311
    922.46661720
    922.85901246
    922.85901246
    922.86034738
    922.86034738
    922.56175951
    922.86220580
    922.37011497
    922.39505990
    922.39505990
    923.05947724
    922.99688668
    922.99688668
    922.92310853
    922.90719293
    922.90719293
    923.18837462
    923.16878958
    923.31080291
    923.15705443
    923.24345919
    923.24375994
    923.24375994
    923.27034504
    923.27034504
    922.75171252
    922.75171252
    922.75171252
    922.52961155
    922.52961155
    923.19681881
    923.11162189
    922.85057179
    923.27077138
    923.26454286
    923.27600854
    923.28323621
    923.31538385
    923.08007180
    921.87338931
    922.51143467
    922.45647766
    922.45647766
    921.85043257
    922.91151838
    922.83905375
    922.30486563
    922.30486563
    922.71569156
    922.71569156
    922.23392600
    922.23392600
    922.67142277
    922.63739922
    921.95323938
    922.60078796
    922.60078796
    922.81098770
    922.67043407
    922.67043407
    921.61053173
    922.29328880
    922.29328880
    922.09640211
    922.19257772
    922.35044231
    922.35044231
    922.67814127
    922.67871491
    922.67871491
    922.46470786
    923.23127394
    923.22380678
    923.22380678
    923.22380678
    922.93832283
    922.69348880
    922.69348880
    923.11502969
    923.02901980
    923.02901980
    921.52016699
    921.52016699
    921.52016699
    923.29163557
    923.24336977
    923.14902126
    923.14902126
    923.14902126
    922.98392048
    923.02972482
    923.03697621
    923.03697621
    923.05799486
    921.83055083
    922.42761039
    922.39469736
    922.25855701
    921.57381040
    921.54091795
    921.93660443
    922.13398767
    922.13398767
    921.48843636
    922.63099444
    923.16449198
    923.16449198
    922.58948767
    922.70017128
    923.00665246
    922.48273646
    921.86694934
    922.90005961
    922.29772065
    922.54083842
    922.54083842
    922.54083842
    922.71135807
    922.86072497
    922.53356219
    922.66005309
    923.20186416
    922.16902186
    922.18990234
    921.45660659
    921.45660659
    922.32432807
    922.32432807
    922.02224942
    922.02224942
    922.40869762
    922.40869762
    921.53886936
    919.94320785
    920.75874361
    920.75874361
    920.75874361
    921.64691203
    921.64691203
    921.64691203
    921.81739460
    922.18536970
    922.64164313
    922.61473283
    922.79122374
    923.11928776
    922.39001137
    922.77814649
    922.71901470
    923.05901766
    917.81803052
    917.81803052
    918.07046290
    918.57587099
    919.04311277
    919.04311277
    919.69540721
    919.29222453
    919.29222453
    919.29222453
    919.33480486
    919.22404828
    920.26577994
    920.26577994
    920.26577994
    920.26577994
    920.26577994
    920.26577994
    920.38325311
    920.38325311
    920.38325311
    920.58976924
    922.02641725
    922.02641725
    922.02641725
    922.02641725
    922.81402814
    922.49034197
    922.71104478
    922.65598669
    922.65513372
    922.06657550
    922.31318642
    922.31318642
    922.31318642
    922.31318642
    922.31384036
    922.26581714
    922.29836728
    922.29836728
    922.29836728
    922.29836728
    922.42103507
    922.49555643
    921.74826075
    921.74826075
    922.21775684
    922.21775684
    922.17271816
    922.17271816
    921.15728848
    921.57686717
    921.57686717
    922.17653725
    922.04026491
    922.04026491
    922.04026491
    922.04026491
    921.95450837
    922.11318439
    922.11318439
    921.83004775
    921.92219591
    921.92219591
    921.89725155
    920.88803758
    922.65782352
    922.96357625
    922.96417898
    922.67542258
    922.98138867
    922.70232898
    922.82720049
    922.82720049
    923.12311981
    923.02097128
    920.78770908
    920.78770908
    921.91553787
    920.94525395
    920.94525395
    920.94525395
    919.55200491
    920.45525931
    919.18221522
    919.18221522
    919.18221522
    918.53824022
    918.53824022
    918.53824022
    920.22379753
    920.22379753
    920.42461296
    920.42461296
    920.64487496
    920.22218436
    920.22218436
    920.22218436
    921.20329344
    921.20329344
    922.56369830
    922.00460925
    921.51980714
    921.12923461
    920.83093334
    921.52825825
    922.15056404
    921.66789528
    922.61470981
    922.64663255
    922.12716815
    922.12716815
    922.37757438
    922.81544922
    922.82490371
    922.77489294
    922.84127662
    923.02197068
    923.29744092
    922.58558843
    922.30814512
    922.92197194
    922.92197194
    921.85309101
    921.60471528
    921.60471528
    921.60471528
    921.30636965
    921.31722104
    921.31722104
    923.22407846
    923.23586133
    922.48772861
    922.49249431
    922.49249431
    922.58535258
    922.47201563
    922.73702391
    921.81942700
    921.81942700
    921.18420918
    921.46338297
    922.30592944
    923.03037962
    923.26468674
    923.04043355
    923.00158846
    922.99702930
    922.99702930
    923.07505804
    922.97293178
    922.99429799
    922.99429799
    923.15533347
    923.17370289
    923.17370289
    923.17369996
    922.91124400
    922.95267087
    922.96946570
    923.05286287
    923.14317703
    923.13712600
    923.03463016
    923.03463016
    922.99412847
    922.99412847
    922.99412847
    923.00090647
    922.75955412
    923.07860550
    923.07936543
    922.29126435
    922.08329112
    922.08329112
    923.04282533
    923.26881120
    922.89146357
    922.88099711
    922.93684364
    922.65329559
    922.65329559
    922.38218800
    922.44774613
    922.63159287
    921.89136565
    920.85150584
    921.87174043
    921.49193985
    921.49193985
    921.49193985
    922.34205784
    922.34205784
    923.06070171
    923.22159947
    923.25287771
    923.25287771
    923.30353756
    923.17554361
    923.18141268
    921.67298086
    921.67298086
    921.67298086
    921.76142993
    921.72816082
    921.72816082
    922.74639801
    923.09225899
    923.29546527
    923.29546527
    923.27713747
    922.82227802
    922.75478272
    922.67193645
    922.55673704
    922.58353483
    922.32995813
    923.24442857
    923.25216002
    922.29688943
    922.43715980
    922.43715980
    922.37270002
    920.81559089
    918.81638416
    918.81638416
    922.47865498
    922.47865498
    922.47865498
    922.47865498
    922.97959638
    922.76550505
    918.53093939
    917.55880125
    917.55880125
    919.45733516
    918.61584794
    918.61584794
    918.61584794
    918.61584794
    918.61584794
    918.72795188
    921.65829543
    921.65829543
    921.65829543
    921.65829543
    922.60608203
    922.37337518
    922.20489988
    922.79741010
    921.71879266
    921.71879266
    921.71879266
    921.71879266
    921.71879266
    921.71879266
    921.78864333
    921.78864333
    922.47981496
    922.69070162
    922.85248221
    922.04928394
    921.28056888
    921.28056888
    921.97309609
    921.97309609
    921.97309609
    921.97309609
    920.57117117
    920.57117117
    920.57117117
    920.39571496
    921.10015362
    921.10015362
    921.13849657
    921.68770098
    922.22868602
    922.31043157
    921.36253065
    922.98907504
    922.58861892
    922.37760941
    921.96447869
    922.70087510
    922.70087510
    923.11336268
    923.11336268
    923.11336268
    923.09176086
    923.07956891
    923.07956891
    923.01977589
    923.01977589
    923.02476678
    923.02476678
    922.73990657
    922.93918051
    922.93918051
    922.69462323
    922.99924693
    922.25251117
    922.97618858
    922.91263636
    922.93054737
    922.93054737
    923.08165335
    922.23626327
    921.94272140
    921.94272140
    922.43989441
    922.43989441
    923.22906856
    923.22906856
    923.23461974
    923.00000044
    923.00000044
    923.23785429
    923.14438461
    923.18496967
    923.27537662
    923.27537662
    923.25945691
    923.12478555
    923.23792407
    922.80504334
    922.80504334
    922.48534981
    922.42647840
    922.84764228
    922.84764228
    922.97021663
    922.98288198
    923.00848377
    922.82452440
    922.95859036
    920.52220486
    920.52220486
    920.52220486
    921.17401742
    921.18616928
    921.18616928
    921.18616928
    921.18616928
    921.35776787
    917.97696158
    917.97696158
    917.97696158
    917.97696158
    917.97696158
    917.97696158
    921.96329559
    922.25564483
    922.47381429
    922.47381429
    922.15940571
    922.15940571
    922.15940571
    919.63936617
    921.80600717
    921.80600717
    921.11034753
    921.11034753
    921.11034753
    921.08019187
    922.37826080
    922.37826080
    923.12791568
    922.58584855
    920.94066208
    921.55149217
    921.55149217
    921.55149217
    921.55149217
    922.75478690
    922.75478690
    922.35719199
    922.35719199
    922.83741759
    923.02583256
    922.92760905
    922.92760905
    922.93578321
    922.67034606
    921.20683547
    921.20683547
    921.20683547
    921.79352910
    921.79352910
    922.86530756
    922.86530756
    922.86530756
    922.79017571
    922.76876039
    922.83173289
    921.96133853
    923.04234200
    923.04234200
    923.04234200
    921.60175029
    922.45615264
    922.65749700
    922.65749700
    919.88014415
    923.25165137
    923.18944854
    923.25685500
    923.15687807
    923.25618512
    923.13543173
    922.08488045
    922.54337019
    922.54337019
    923.03595451
    923.03595451
    922.99550522
    922.71595141
    922.10542389
    922.41046173
    922.41046173
    922.41046173
    921.99774761
    922.77888789
    922.77888789
    921.39598716
    920.53261640
    920.53261640
    920.41597248
    919.93371757
    919.93371757
    919.93371757
    919.93371757
    919.92943373
    919.92943373
    919.92943373
    920.71536194
    920.06959575
    921.94993963
    921.94993963
    922.17620268
    922.32602967
    921.41355855
    920.17861323
    921.85751559
    921.81250919
    921.95599898
    922.09699232
    922.12953060
    922.65557703
    922.65557703
    922.77530850
    922.90248298
    921.91147330
    921.91147330
    921.96669734
    922.28183801
    922.28161228
    922.28161228
    922.53721046
    922.44840741
    922.75088040
    922.75088040
    922.75088040
    922.81362967
    922.81362967
    921.98414056
    921.98414056
    922.78846451
    922.78846451
    922.49801014
    922.61903158
    922.59063482
    923.18092553
    923.18092553
    923.31627890
    923.31627890
    923.31824687
    923.31824687
    923.27537369
    923.31021705
    923.31021705
    923.27111236
    923.28565289
    923.07060134
    922.96645703
    922.41203870
    922.88622741
    923.17380673
    923.17618664
    923.17130437
    923.01466486
    923.29624866
    923.29624866
    923.29624866
    923.27691564
    923.26901935
    923.25301417
    923.21409849
    923.30252312
    922.75446021
    922.72421778
    923.11667927
    922.73476780
    922.66261572
    922.66261572
    922.66261572
    922.82151420
    922.90201572
    922.90201572
    922.88104741
    922.92086408
    922.88755338
    922.41078776
    922.70201946
    922.69311889
    922.69311889
    922.69311889
    923.18064089
    922.83534381
    922.84594005
    922.84594005
    922.98503783
    922.77570803
    923.08115120
    923.10732588
    923.10732588
    923.07562884
    923.07562884
    922.93538300
    920.46255808
    920.46255808
    920.73354894
    920.73354894
    921.45540996
    922.91671638
    923.02842058
    923.21188737
    923.21188737
    923.17745858
    923.18375656
    923.18458303
    923.18458303
    923.11617223
    923.09234579
    923.19743365
    923.13278739
    923.22343138
    922.98269799
    922.98269799
    923.17106515
    921.08316802
    920.87970124
    920.87970124
    920.87970124
    920.87970124
    921.61779282
    921.38302485
    921.38302485
    921.38302485
    921.38302485
    921.38302485
    921.38302485
    921.38302485
    921.38302485
    923.04982693
    923.08741949
    922.43956424
    922.43956424
    921.66826991
    921.66826991
    921.66826991
    923.28455894
    923.29443842
    923.29443842
    923.18845549
    923.03597579
    921.92218268
    921.92234780
    922.78217221
    922.88262513
    922.88280811
    922.87907376
    922.38397906
    922.38397906
    923.00999833
    923.12748396
    923.26689574
    923.19292551
    923.29850068
    923.31009344
    923.23762113
    923.18661313
    922.30344383
    922.30344383
    922.30344383
    922.45866414
    922.81114941
    922.15603017
    922.13950714
    922.78904972
    922.78904972
    923.07893313
    922.39776790
    921.44082942
    922.58680655
    922.75179157
    922.36435509
    920.90537846
    919.67608729
    921.64125607
    921.64125607
    921.64125607
    922.21390048
    922.43634950
    922.43634950
    922.43077275
    922.51131250
    922.51131250
    922.51131250
    921.78699505
    923.24137089
    923.16496198
    923.19641623
    923.18222202
    923.27854348
    923.27854348
    923.28443642
    923.27443616
    923.28243360
    922.71658504
    922.71658504
    923.30648329
    923.01530119
    923.01530119
    923.01530119
    923.12942510
    923.12942510
    922.83985178
    922.60538088
    922.60538088
    922.60538088
    922.88825442
    922.88825442
    923.24188486
    923.15818308
    922.80314498
    922.80314498
    921.98964362
    921.98964362
    921.98964362
    922.30150501
    920.61148680
    921.87218759
    921.87218759
    921.82946586
    922.77566987
    922.77566987
    921.02198370
    921.02198370
    921.99471407
    922.41260587
    922.32427152
    922.46555753
    921.84003836
    919.56371817
    919.16812433
    919.16812433
    919.16812433
    919.16812433
    919.94255046
    921.61287531
    921.27609624
    921.27609624
    920.70493175
    922.08575908
    922.61603562
    922.96224353
    922.96224353
    923.09653631
    922.35987350
    922.88374068
    922.90917642
    922.86936859
    922.86936859
    922.46351697
    923.03101049
    922.80204235
    922.72789613
    922.39359999
    922.01251012
    922.38779747
    922.75108992
    922.93647460
    923.11656394
    923.10035454
    923.10035454
    923.18194708
    923.18194708
    923.31600164
    923.19614956
    923.04343625
    922.01691203
    922.01691203
    922.78879116
    923.08853222
    923.28002930
    922.74153532
    922.74153532
    922.90761638
    922.90761638
    923.25688815
    923.28196894
    922.25250549
    922.25250549
    922.07992113
    922.07992113
    922.07992113
    922.07992113
    922.07992113
    922.58701831
    923.26569515
    922.84520177
    922.84520177
    922.83487990
    922.70123650
    922.82734480
    922.82734480
    922.69818552
    922.93992890
    922.93992890
    922.84134681
    922.39188131
    922.39188131
    922.51962271
    923.18026278
    922.50982936
    921.74023666
    921.40865074
    921.60749780
    921.60749780
    922.77522639
    922.10775940
    922.39044184
    922.89814219
    923.11128041
    923.10735151
    923.14999991
    923.14999991
    923.18095868
    923.08223303
    922.99537876
    922.08788219
    919.84996223
    921.27175285
    920.91581195
    922.51140232
    922.93980490
    923.29456558
    923.29456558
    923.29456558
    923.31146061
    923.30371204
    923.16720215
    922.88305340
    923.22972045
    923.22972045
    923.22972045
    923.24517550
    923.21385161
    922.38466798
    922.60787647
    922.11168546
    922.11168546
    922.42409780
    922.59973731
    922.59973731
    922.59973731
    922.59973731
    922.59973731
    922.89178265
    922.89178265
    922.89356499
    921.95943387
    921.80792202
    919.87390952
    919.16784478
    919.16784478
    917.85744589
    922.70366126
    922.62667803
    922.22627805
    922.82236307
    922.20309779
    922.20309779
    920.97819808
    920.58308425
    921.25933724
    919.47671724
    920.91324300
    921.04001422
    921.50254489
    919.96600605
    919.96600605
    920.55703768
    922.37794989
    921.30898628
    921.35964678
    921.35964678
    920.50579559
    919.93769317
    920.22007840
    921.79070338
    921.30412270
    920.59545521
    921.51324230
    922.47055750
    921.66435297
    922.03590473
    921.83520761
    921.35204932
    920.50480949
    920.50480949
    920.43944078
    920.26190813
    920.26190813
    920.45869238
    920.45869238
    920.45869238
    920.59506992
    920.59506992
    920.56115303
    920.96022569
    921.26297218
    922.67465297
    923.32160164
    923.15146646
    923.26561427
    923.11262194
    922.99047631
    922.99047631
    922.95900109
    923.15327707
    923.09466526
    922.93088940
    922.98672538
    922.48117174
    922.77754601
    923.29125036
    923.28810111
    923.28815344
    922.61236182
    923.19550652
    922.86841239
    922.86841239
    923.00940212
    923.26467718
    923.26467718
    923.26172498
    923.29649401
    923.29649401
    923.31732668
    923.31780465
    923.32325812
    923.32325812
    923.28444032
    923.28444032
    923.21669274
    923.21357835
    923.18748795
    922.94061207
    922.65271003
    922.08059122
    921.94956980
    922.88157047
    922.88157047
    922.88157047
    922.44329677
    922.27141956
    922.41442749
    922.41442749
    922.42793256
    922.84725770
    923.04117049
    923.04117049
    923.04593818
    923.13385164
    921.93924890
    921.93924890
    922.88705700
    922.88705700
    922.88705700
    922.88705700
    922.77573941
    922.77573941
    923.31784776
    923.29142784
    922.64826246
    922.58651451
    921.77430071
    921.74640269
    920.68303531
    922.68584650
    920.96214277
    921.56036352
    921.70241227
    920.66710609
    922.80763640
    922.80763640
    922.80763640
    922.80763640
    922.35628975
    922.71533563
    922.72332160
    922.60082621
    922.60082621
    921.10036930
    921.10036930
    921.34181532
    921.34181532
    922.47011481
    923.11427311
    923.20297264
    923.15989646
    923.15989646
    923.15757188
    923.15757188
    918.88415494
    918.88415494
    918.88415494
    921.54036414
    921.54036414
    921.54036414
    922.53587801
    922.39456080
    922.36003319
    922.78725748
    922.60680402
    922.54167759
    922.44577301
    920.86062607
    921.52428517
    921.94954248
    921.50986429
    921.50986429
    921.50986429
    921.66038549
    921.12986205
    921.12986205
    922.27748333
    922.76837122
    922.07692195
    920.25131077
    922.27484790
    922.38018278
    922.06247617
    922.06247617
    922.47766099
    922.78351604
    922.46619203
    922.58357779
    922.58357779
    922.46557432
    922.46557432
    922.49262600
    922.03052901
    922.03052901
    922.03052901
    922.03052901
    922.03052901
    922.03052901
    922.03052901
    922.03052901
    922.03052901
    922.03052901
    922.40373233
    922.44875314
    920.67978300
    920.67978300
    921.33572778
    921.04932885
    922.57429147
    922.57429147
    922.57429147
    922.63528502
    922.88532138
    921.89646766
    922.50976971
    922.50976971
    922.50976971
    922.37518850
    922.31754077
    923.23223306
    923.08721893
    923.12121385
    923.15479304
    922.59412901
    922.59412901
    922.61836075
    922.86167490
    922.98928850
    922.47205401
    923.06503542
    923.13331635
    923.13331635
    923.10318042
    922.38881656
    922.86501215
    922.32691538
    922.20003008
    922.20003008
    922.20003008
    922.02289247
    922.42094732
    922.19258996
    922.06225938
    921.66075305
    921.66075305
    921.54841343
    920.80349843
    920.80349843
    919.87927325
    920.70104371
    920.70104371
    921.67408601
    922.21523537
    922.58548421
    922.61850995
    922.02199430
    922.02199430
    922.02199430
    921.72999906
    921.72999906
    921.72999906
    921.82716836
    921.05150466
    921.21593366
    921.31746474
    921.31746474
    921.31746474
    922.36377649
    922.55212737
    920.71546993
    920.71546993
    920.95140446
    922.58103653
    922.33913155
    921.71380814
    920.90947664
    920.90947664
    921.74451870
    921.74451870
    922.97826937
    922.97826937
    922.97826937
    923.02422833
    923.28748360
    923.28748360
    923.29446745
    923.26905567
    923.22607962
    922.71867424
    922.22294842
    922.51214854
    922.43691105
    922.43691105
    922.54150028
    922.69766717
    922.66755395
    922.41447928
    923.18294597
    922.95483888
    922.95483888
    922.95483888
    922.88658045
    922.52196300
    922.56419747
    923.07528976
    923.07528976
    922.79611269
    922.01980804
    922.01980804
    923.14139912
    923.14139912
    922.71002083
    922.12481078
    921.72360121
    921.72360121
    922.75303492
    922.90999106
    922.78597299
    921.96633188
    921.79183196
    921.74859858
    920.64405215
    921.19510148
    921.28027447
    921.53389259
    918.98564772
    922.24410600
    922.25426142
    922.25426142
    923.32188942
    923.18623016
    923.18623016
    923.18623016
    923.18623016
    923.18623016
    923.27753095
    922.36840937
    923.05985793
    923.05985793
    923.18357728
    923.01841306
    923.25064091
    923.20710881
    923.25727953
    923.25727953
    923.25727953
    923.24162680
    923.31165498
    923.31165498
    923.09597469
    923.11450853
    923.18186102
    922.93426401
    922.93426401
    922.16145108
    921.35449203
    922.59269106
    922.46683383
    922.46683383
    922.17556988
    923.08850474
    923.14432554
    923.14519267
    923.04303281
    923.04303281
    922.81420078
    922.81428439
    922.62151777
    922.62151777
    922.62151777
    922.48229108
    922.28346129
    921.42964335
    921.42964335
    921.42964335
    922.51382816
    922.60734378
    921.92241851
    920.60903564
    922.35386776
    922.35386776
    921.34462064
    921.34816972
    919.89957291
    919.89957291
    919.89957291
    919.17447572
    920.03925511
    919.42509155
    920.77031463
    918.77326458
    920.79119267
    920.79119267
    922.13624501
    920.73485769
    920.51281028
    920.59643627
    920.68205650
    920.68205650
    921.51348953
    921.06278043
    921.06278043
    922.08361464
    922.04243937
    920.91133885
    921.45113555
    921.98762899
    922.50718800
    921.91665745
    921.84954270
    922.33357139
    922.33357139
    923.30423273
    923.28677054
    923.28677054
    923.28677054
    923.30797952
    923.30797952
    923.19993393
    922.98375107
    922.70334932
    922.87096796
    923.11891382
    923.16233553
    923.18309932
    922.50719312
    922.48863283
    922.37570754
    923.27815220
    922.02046053
    922.02046053
    922.12655892
    922.80877593
    922.80877593
    921.84012113
    921.84012113
    921.84012113
    921.84022105
    921.43463714
    921.27648262
    922.51521546
    922.73740370
    920.71546611
    920.71546611
    920.71546611
    922.84723415
    921.23311253
    921.23311253
    922.62611541
    922.62611541
    922.82137094
    922.38663202
    922.27882796
    922.27882796
    922.75140966
    922.75140966
    922.75140966
    922.60841245
    922.61694713
    922.79981051
    921.94968859
    922.21509491
    922.36622684
    922.38703197
    922.24281773
    922.11063657
    922.61710431
    922.61710431
    922.58409416
    922.58409416
    922.53653187
    921.89511209
    921.63524530
    922.82495635
    922.82495635
    922.82495635
    922.82495635
    923.03297809
    923.04814052
    922.79757928
    923.27879661
    923.27879661
    923.27278460
    923.21237038
    923.21237038
    922.93176887
    922.13083664
    922.13083664
    923.21597666
    923.18357842
    922.03894537
    922.03894537
    922.03894537
    922.83635134
    922.83635134
    922.83716688
    922.56960861
    922.73270681
    922.61055616
    923.22475866
    923.22475866
    923.22475866
    923.22475866
    923.09835269
    923.11178726
    922.85513635
    922.61497837
    923.00248223
    922.98709784
    922.52800323
    922.70834531
    922.70834531
    922.89140305
    922.79262948
    922.60032109
    922.60032109
    922.35539587
    921.46476538
    921.46476538
    921.46476538
    922.10747623
    922.91328369
    922.65771836
    922.83305841
    922.41739348
    922.79570845
    922.79570845
    922.79446449
    922.30077058
    923.21101149
    923.16172294
    923.07739900
    923.31790298
    922.74971789
    921.52668233
    921.52668233
    922.08112142
    922.62515244
    919.46570832
    919.46570832
    919.90018441
    918.54730649
    918.54730649
    919.96688449
    919.96688449
    920.69579761
    920.54256518
    920.54256518
    920.54256518
    920.54256518
    920.54256518
    920.54256518
    920.54256518
    920.58450703
    922.25964487
    921.83704815
    920.24189099
    921.60412364
    922.41846849
    922.61332269
    922.61332269
    922.61332269
    922.45431109
    923.16261256
    923.23497620
    922.91442741
    922.91442741
    922.93504587
    923.03841249
    923.03841249
    923.03841249
    923.03841249
    923.14276840
    923.14276840
    923.27145800
    923.10612918
    923.22367439
    923.22367439
    923.02485134
    922.02076660
    920.43682031
    920.43682031
    920.43682031
    921.95203779
    921.61551686
    921.24342175
    921.27811695
    921.27811695
    920.57193975
    920.57193975
    921.40589714
    921.67323688
    921.87291056
    921.72040761
    922.63557782
    922.88031933
    921.84475552
    922.39182820
    922.39182820
    922.12759382
    922.12759382
    922.26230036
    923.25838456
    923.23130197
    923.29193496
    923.29874772
    923.29101428
    923.24973725
    922.96848524
    922.96731791
    922.85647285
    923.27270635
    923.21657821
    923.28285478
    923.05954858
    923.05954858
    923.05138218
    921.75775255
    922.87254689
    922.87254689
    922.73535675
    921.71291866
    922.76052837
    923.14920512
    922.55695296
    922.55695296
    922.53804538
    922.53804538
    922.53804538
    923.26450984
    923.26450984
    923.26450984
    923.11378222
    922.34012430
    922.43395888
    921.30888155
    921.30888155
    921.50180255
    921.65778171
    921.32193276
    921.82959615
    921.82959615
    922.00719384
    921.59066336
    921.59066336
    921.93488617
    921.93488617
    921.73693236
    921.66959067
    921.66959067
    920.36386324
    920.35009404
    920.35009404
    921.59965719
    922.64674926
    922.64674926
    922.23166287
    922.38756561
    922.23539267
    921.88058576
    921.72852389
    921.72852389
    921.72852389
    919.61398280
    921.16261699
    922.76523822
    922.34181023
    922.43178153
    923.20696645
    922.34544264
    922.04625271
    922.83080491
    922.23432294
    922.15992634
    922.83193020
    922.89139035
    922.89139035
    922.89139035
    922.71225118
    922.60767479
    923.21424164
    923.02096524
    923.24884801
    923.17570353
    923.17570353
    923.31687710
    923.31063331
    923.14707482
    923.14707482
    923.14707482
    923.14707482
    922.95070716
    922.93112085
    923.06534489
    923.06534489
    923.22007641
    922.95481419
    923.23994672
    923.26472038
    922.78522604
    922.78522604
    923.04167540
    923.04167540
    922.88056256
    922.88510901
    922.88510901
    922.57045864
    922.57045864
    922.57045864
    922.57045864
    922.57045864
    921.99044853
    922.32285506
    922.32285506
    922.32285506
    922.12106731
    922.12106731
    920.31464475
    922.99110980
    922.99846086
    923.06275142
    923.00294833
    922.96577711
    922.96577711
    922.96577711
    922.96577711
    922.96577711
    922.96577711
    922.82584895
    921.66582122
    921.52817731
    921.90489995
    920.75847298
    920.76516614
    922.55938306
    922.17102191
    921.63896684
    921.90010423
    921.90010423
    922.02162169
    922.02162169
    921.97184653
    921.92839333
    922.59322285
    922.01758017
    922.80376965
    922.78068565
    921.75395427
    922.38986864
    922.84088827
    922.40874602
    921.92570888
    921.74274708
    921.74274708
    921.80645398
    921.47257775
    921.22567731
    922.16888280
    922.81592151
    922.81592151
    922.15579507
    922.70988646
    922.86698058
    922.52860638
    920.76039713
    920.76039713
    920.76039713
    918.79425028
    920.96808445
    920.96808445
    921.39685508
    921.32837385
    922.97720451
    922.97506451
    923.15631528
    923.15631528
    923.15631528
    923.15631528
    923.12294400
    922.21455708
    922.21455708
    922.21455708
    922.31365233
    919.36218211
    920.04115512
    920.04115512
    919.18874166
    919.18874166
    919.18874166
    919.18874166
    920.24355240
    920.24355240
    921.03463927
    921.77291887
    922.74801785
    922.74801785
    922.74801785
    922.74801785
    922.44784873
    921.76150656
    920.74970419
    920.74970419
    920.74970419
    920.74970419
    920.74970419
    920.74970419
    920.74970419
    919.23367374
    919.23367374
    919.23367374
    919.23367374
    919.23367374
    919.12386661
    920.53265114
    919.86313866
    918.10430378
    918.10430378
    916.80006690
    917.66848146
    917.66848146
    917.66848146
    917.66848146
    917.66848146
    917.67707367
    917.67707367
    917.85020122
    917.85020122
    917.85020122
    917.04649174
    922.89635632
    922.89635632
    922.22390111
    923.09077756
    923.30946433
    923.22424033
    922.92375957
    923.25928064
    923.25928064
    923.31343240
    923.31343240
    923.31506851
    923.14800829
    923.14800829
    923.14800829
    922.19564121
    922.19564121
    922.37466488
    923.19293045
    923.19293045
    923.19293045
    923.23291174
    923.23291174
    921.81089861
    921.56419395
    922.36016212
    921.67940957
    922.05006106
    922.28787763
    922.80194140
    922.85043531
    922.85043531
    922.46126439
    922.46126439
    920.57251886
    920.57251886
    921.40752476
    921.40752476
    921.40752476
    921.49579675
    921.89264308
    921.89264308
    922.30562506
    922.31581272
    922.40560182
    922.89820500
    921.84883936
    921.84883936
    921.06502512
    921.06502512
    921.60830852
    922.58640318
    923.13141445
    923.22781443
    922.63526262
    923.05064148
    923.05064148
    922.86551606
    922.86551606
    923.10953909
    923.12786501
    921.89478063
    921.14085381
    922.75164313
    922.75164313
    922.75164313
    922.75164313
    923.11555888
    923.09798453
    923.31528504
    923.32345555
    923.31463018
    923.31463018
    922.75601680
    923.27958274
    923.32401441
    923.32401441
    923.30610958
    922.97799409
    923.02338294
    922.97239726
    923.00547944
    923.00547944
    923.00547944
    923.23121946
    923.13827505
    923.13827505
    923.00663557
    923.00663557
    922.97840111
    922.28905794
    922.27834386
    922.27834386
    922.27834386
    920.59563961
    919.90249172
    920.13559390
    920.13559390
    920.13559390
    920.13559390
    923.26537084
    923.30508017
    923.26982820
    923.06311499
    923.06159372
    923.25378786
    923.25378786
    923.31320167
    921.04631303
    921.04631303
    921.04631303
    923.28674020
    923.03023683
    922.60751225
    923.21525308
    923.15751856
    923.13597327
    922.85686764
    922.87519945
    922.27974190
    922.38813864
    923.05494047
    923.14197008
    923.11253038
    923.15602306
    923.13408222
    923.25431405
    923.25431405
    923.25431405
    923.18723706
    923.17906669
    923.17906669
    923.20717863
    923.03489203
    923.03489203
    923.03489203
    923.13828607
    922.97647462
    922.97647462
    922.97647462
    922.74698625
    922.79146360
    922.79146360
    922.79146360
    922.85531138
    922.85531138
    922.85531138
    922.85531138
    922.15254391
    921.39158284
    917.35603000
    917.35603000
    918.14243852
    918.14243852
    918.14243852
    918.05282462
    918.05282462
    918.05282462
    918.05282462
    917.63248368
    917.63248368
    917.63248368
    917.63248368
    917.63248368
    917.63248368
    917.63248368
    917.63248368
    914.20721422
    914.20721422
    914.20721422
    914.20721422
    914.20721422
    915.55482281
    915.55482281
    916.58107832
    918.29993199
    920.41646615
    920.78646873
    920.62668506
    920.62668506
    921.95031949
    921.57563134
    921.59540423
    918.66984869
    919.53880693
    919.53880693
    919.53880693
    921.11502980
    921.90500115
    921.90500115
    922.36907928
    922.12497977
    922.41560082
    922.22232226
    921.94287268
    921.78333331
    921.31498894
    921.31498894
    921.31498894
    921.92128511
    922.97936847
    922.97953799
    922.97953799
    922.97953799
    923.15499172
    922.80890330
    922.76039762
    922.76039762
    922.99729708
    922.99370613
    922.99370613
    923.04026283
    923.21221321
    923.22925580
    923.22925580
    923.06760394
    922.83999894
    923.21367523
    923.21367523
    923.21367523
    923.31605371
    923.24191677
    923.24191677
    923.02251854
    923.29329752
    922.86771643
    922.29842641
    922.25425154
    922.42417467
    922.42417467
    922.68530796
    922.88473700
    922.86241440
    922.89823164
    922.86075883
    922.86075883
    922.86075883
    922.56199490
    922.56199490
    922.76927532
    922.76927532
    922.89141992
    923.14216410
    922.99808443
    922.85015236
    922.85175712
    922.23339941
    921.97564960
    921.65585117
    921.26755473
    922.59103756
    922.64698580
    921.53602444
    921.80458501
    920.91383342
    920.91383342
    920.91383342
    920.84843847
    921.59337090
    921.30209139
    921.38899894
    921.08141923
    921.85484257
    922.55708547
    923.16115500
    923.06626144
    923.06626144
    923.28545738
    923.25816791
    923.29909323
    923.25067150
    923.25067150
    923.25063569
    923.27252099
    923.29837319
    923.17898797
    923.19004799
    923.25200351
    922.86464529
    923.21139104
    923.23229253
    923.20415578
    923.16511715
    923.28518162
    922.81164671
    922.36408330
    922.06578628
    922.59199284
    922.34502916
    922.68612522
    922.59890852
    922.59890852
    922.90431921
    922.47185937
    922.58952381
    921.09110765
    920.69243690
    921.03562359
    921.83822080
    921.83822080
    919.42005759
    920.25355892
    920.25355892
    920.25355892
    920.37069277
    920.37069277
    920.06414774
    920.06414774
    921.04993870
    920.90485795
    919.93040402
    921.03848567
    922.12580745
    921.70318431
    920.76394537
    920.79571672
    919.96859675
    918.46296307
    918.43080034
    920.72749153
    920.81611091
    920.93566735
    920.93566735
    921.81472972
    921.81472972
    920.98153788
    920.98153788
    921.40581424
    922.34870608
    922.46825033
    923.16380803
    922.87210603
    923.21055018
    923.21682536
    923.21682536
    923.25350443
    923.16168866
    923.16168866
    923.12944493
    922.59632364
    922.59632364
    922.53098951
    922.53098951
    922.41591467
    922.41591467
    921.93770449
    922.68927273
    922.55338937
    922.97650868
    922.97000385
    921.20322853
    921.10296259
    921.10296259
    921.10296259
    921.43135806
    922.06466195
    922.67948006
    922.66410987
    922.68409660
    922.25588226
    922.25588226
    922.25588226
    922.57549476
    922.57549476
    922.56645135
    922.56645135
    921.97404109
    921.80660716
    922.07884215
    922.07884215
    921.68192556
    921.68192556
    921.68192556
    922.05275450
    921.12985140
    919.81828200
    919.81828200
    919.81828200
    919.81828200
    919.81828200
    917.86716687
    919.83781944
    919.22854705
    919.22854705
    919.96204764
    920.55636922
    920.55636922
    921.29802794
    922.24266151
    922.24266151
    920.61718865
    921.01318516
    921.01318516
    921.59515093
    922.25605321
    921.94229478
    921.94229478
    921.97852702
    921.53305013
    922.16090441
    922.64975929
    922.59053292
    922.95499603
    922.80757387
    923.18550063
    923.19610010
    923.19610010
    922.98147623
    922.98147623
    922.36181907
    922.36181907
    922.36181907
    921.40518800
    922.34658668
    922.34658668
    921.50519905
    920.35410983
    920.82315309
    921.84415760
    921.84415760
    922.24971021
    922.80076407
    922.74218779
    923.10025767
    922.75380140
    922.83489276
    922.83489276
    922.83489276
    922.85026539
    923.05784849
    922.83512825
    922.81174223
    922.81174223
    922.81174223
    923.19450200
    923.19450200
    923.19682154
    922.39525480
    922.64367335
    922.64138744
    923.09035788
    921.92230653
    922.22828713
    922.22828713
    922.47016613
    922.47016613
    921.89145574
    921.89145574
    922.82568795
    922.58868883
    923.13811897
    923.13827907
    923.31930910
    923.32074718
    923.26766104
    923.19513355
    923.28905123
    923.28905123
    923.28905123
    923.26358870
    923.22188992
    923.20529353
    923.05827376
    921.53996084
    921.27542332
    921.53983820
    922.47815953
    922.54228476
    922.47825951
    922.58831228
    921.44341678
    922.56051804
    923.21772552
    923.16322548
    923.28439062
    923.28439062
    923.27046968
    922.73385115
    922.52082208
    922.33257409
    922.33257409
    922.33257409
    921.93477270
    921.82918671
    921.52987679
    919.85223038
    919.85223038
    919.85223038
    919.85223038
    919.85223038
    920.74371289
    921.01950895
    921.02942431
    921.48754020
    922.59924747
    922.59924747
    922.51726594
    922.47652982
    922.47106761
    921.55250297
    923.10730616
    923.10730616
    922.82210499
    922.82210499
    920.58453333
    920.58453333
    920.58453333
    922.56254135
    923.23093776
    923.00783620
    922.97006111
    923.28812885
    923.28812885
    923.16319471
    923.16319471
    922.76850987
    921.18588918
    918.57504888
    921.79787467
    922.37697659
    922.53253674
    920.85385697
    920.58167706
    921.40821898
    921.46174695
    921.46174695
    921.46174695
    921.84806058
    921.84806058
    921.67279034
    921.67279034
    921.59360155
    923.15738420
    923.06603149
    923.06603149
    923.09340778
    923.09340778
    923.31230699
    921.01751476
    920.94825558
    920.94825558
    921.61227137
    921.61227137
    921.61227137
    921.40994818
    921.40994818
    921.40994818
    921.46237550
    921.46237550
    921.46237550
    923.10669389
    923.10669389
    923.10779614
    923.10779614
    923.10779614
    923.10779614
    923.10779614
    922.70011364
    923.24834570
    923.23358527
    923.25209603
    921.95166486
    921.50241057
    921.50241057
    922.29795948
    922.18198340
    922.18198340
    921.82494950
    921.82494950
    921.11682316
    922.99588240
    922.99588240
    922.99588240
    922.99588240
    922.94207980
    922.94207980
    922.89773549
    923.02718674
    923.02718674
    923.19963874
    922.94986560
    922.75621419
    922.75621419
    922.75621419
    922.75339348
    922.80715768
    923.01088874
    922.34536436
    922.31824227
    922.31824227
    922.31824227
    922.14308798
    922.14308798
    922.14308798
    922.14308798
    922.14308798
    923.20671076
    923.21164892
    922.99190510
    922.99190510
    919.99793156
    919.57513218
    920.05017247
    920.27215377
    919.60027110
    919.60027110
    920.69874202
    920.63384080
    921.50567679
    920.74172435
    919.62797253
    919.62797253
    918.05550187
    918.96825193
    918.96825193
    918.96825193
    921.34348950
    922.40712456
    923.06443409
    923.11035771
    923.11035771
    922.52367912
    922.88790641
    922.60319909
    922.60273900
    922.76455744
    922.76455744
    920.53217122
    920.53217122
    922.73310792
    922.52000895
    921.65044572
    922.61006395
    922.61006395
    922.01342094
    922.01342094
    922.01342094
    922.01342094
    920.83529243
    922.74490350
    922.74490350
    922.59082032
    921.99265866
    922.06965569
    922.42261867
    922.42261867
    922.58852764
    922.84544284
    922.84544284
    922.84544284
    921.30200463
    922.24005642
    922.63198383
    920.94455438
    920.94455438
    920.94876828
    920.94876828
    922.62658633
    922.62658633
    922.40482915
    922.40482915
    922.91548092
    921.47644511
    922.48992594
    922.48992594
    922.48992594
    922.48323296
    922.74401089
    922.74401089
    922.99129034
    923.14967387
    923.06812088
    923.04006318
    922.28308172
    921.16924499
    921.35687813
    922.04056422
    922.39171370
    922.64852006
    922.64852006
    921.75888558
    922.12030960
    922.88549004
    922.88549004
    922.88549004
    923.10316844
    922.27257690
    922.56701321
    923.08192329
    923.08192329
    923.08192329
    922.98751390
    923.24997586
    922.64000200
    922.64000200
    922.82086325
    921.84434580
    922.59264935
    922.59264935
    922.85305911
    921.00611709
    921.00611709
    922.86932655
    922.86932655
    922.86932655
    923.13669140
    923.26985048
    923.10231295
    921.47582802
    921.25428049
    921.25428049
    921.25428049
    922.56431953
    922.39027769
    922.71976607
    923.23172513
    923.23172513
    923.23172513
    923.30684027
    923.04979493
    922.13951106
    922.13951106
    921.19455193
    921.19455193
    921.19455193
    922.22155517
    922.22155517
    922.18241140
    922.60014384
    922.12412335
    922.12412335
    921.69159898
    922.75699858
    922.52896041
    922.52955309
    922.52208835
    921.71346248
    921.98829405
    922.11319940
    921.89930566
    921.89930566
    921.89930566
    923.05439083
    923.05439083
    922.33933973
    922.33933973
    922.33933973
    921.64385555
    922.61187269
    922.61187269
    921.33682234
    921.33682234
    920.75548409
    920.75548409
    919.64252668
    921.71140699
    921.71140699
    921.71140699
    922.91433222
    923.03782933
    923.03782933
    923.13916814
    922.96041113
    922.61703851
    922.61703851
    923.21350672
    923.23927380
    923.23056422
    923.22747427
    922.23649133
    922.43454023
    922.43454023
    922.36841038
    922.36841038
    921.81875029
    921.81875029
    921.98453599
    921.98453599
    921.53667126
    921.17191167
    918.96057133
    918.96057133
    918.96057133
    922.28485799
    922.98800722
    921.78519558
    923.24044251
    923.19300047
    922.75551948
    922.94886058
    923.21950999
    923.16962269
    923.15669743
    923.15669743
    922.45406141
    922.45406141
    922.45406141
    922.45406141
    922.45406141
    922.42681807
    922.91213725
    922.99085479
    921.90218011
    922.03112326
    920.07582748
    920.60334007
    920.14487808
    920.14487808
    920.78197349
    921.20928336
    921.80387402
    921.02698703
    921.02698703
    921.02698703
    922.09538029
    922.03671131
    921.99977794
    922.32862123
    921.53783879
    922.65219870
    923.15848507
    922.68476589
    922.79418100
    922.85849127
    922.85217592
    922.85217592
    922.90748093
    922.85883658
    922.97202456
    922.92343033
    922.50250880
    922.50250880
    922.50250880
    921.78782557
    921.53301179
    922.04898200
    922.04898200
    922.04898200
    922.04898200
    922.04898200
    923.15205323
    923.17193435
    922.91193576
    922.91620566
    922.91620566
    922.82400329
    922.90451891
    923.00175503
    923.00175503
    922.74358686
    922.92818246
    922.93405063
    921.28920075
    919.18871482
    919.18871482
    922.43521479
    922.59810400
    921.90881476
    922.16931975
    922.82201648
    922.20917781
    922.20917781
    922.04031739
    921.93877741
    921.93877741
    922.98266244
    922.98266244
    922.66715198
    922.43361256
    922.41750910
    922.41750910
    922.41750910
    922.75558662
    922.62932393
    922.78594987
    922.80443814
    922.98072369
    923.01664449
    923.06494227
    923.01967760
    923.13538201
    923.13538201
    923.10085126
    923.10085126
    923.10192000
    923.10192000
    922.80631432
    922.74897328
    922.78934118
    923.05533541
    922.07052670
    922.07052670
    922.99616912
    922.95580266
    922.95580266
    922.88702498
    922.97418659
    922.97418659
    922.77559011
    922.77559011
    922.63102780
    923.08988731
    923.26022229
    922.77863425
    923.20708152
    923.23049840
    923.21942986
    923.16005629
    923.16005629
    923.16005629
    923.01701493
    922.51235926
    922.89830911
    922.95568392
    922.95568392
    922.95568392
    921.33549279
    922.44028725
    921.75714121
    921.62662481
    921.62662481
    922.51771466
    922.48874024
    922.48874024
    922.48874024
    922.19553509
    922.35321014
    923.31345476
    923.31345476
    922.99925122
    923.00612111
    923.00612111
    923.05935956
    923.07617159
    922.55386974
    922.54101614
    923.05285982
    923.04205302
    923.04712155
    923.25984307
    923.29975545
    923.02332108
    922.96994156
    922.73248350
    921.67561523
    921.36577021
    921.82880611
    922.59655048
    922.59655048
    923.11804065
    923.22228693
    923.22228693
    923.22228693
    923.21504725
    922.97868478
    922.40924125
    922.40924125
    922.40924125
    922.42590494
    921.96568037
    922.57403356
    922.40103307
    922.14327423
    922.14327423
    921.76568473
    921.79992263
    921.79992263
    921.08560164
    923.12448741
    923.24688473
    923.24688473
    923.24688473
    923.14309702
    922.38142946
    922.38142946
    922.76926357
    922.77979805
    921.83994855
    922.94843688
    923.19956491
    922.98990585
    921.46813081
    921.72983630
    921.72983630
    921.98590253
    921.98590253
    922.60414192
    922.60414192
    921.49405125
    921.49405125
    922.17882154
    922.17882154
    921.72785800
    921.72785800
    921.72785800
    921.78246848
    921.78246848
    922.40557299
    922.33785694
    920.57695263
    922.54863951
    922.58970332
    922.65893936
    922.95600732
    921.52642272
    922.18643450
    921.64576654
    921.64576654
    921.41100305
    920.00152214
    920.03994523
    920.03994523
    920.32883655
    920.72319908
    918.95985517
    918.95985517
    919.63419027
    919.63419027
    920.30859546
    920.30859546
    920.30859546
    920.96197312
    922.02362356
    922.31350819
    922.31350819
    922.55197186
    922.06666370
    922.06666370
    922.98091167
    921.67590157
    921.67590157
    920.47553257
    920.47553257
    920.42051310
    920.42051310
    920.42051310
    920.42051310
    920.37429897
    922.57217638
    922.56920865
    922.66203342
    923.05332232
    922.84895959
    922.90946020
    923.12679571
    923.11998205
    923.00128718
    923.00128718
    920.17279039
    920.57200504
    922.89020960
    921.97826496
    921.97826496
    921.00068420
    921.00068420
    921.00068420
    920.65439848
    920.65439848
    922.91047342
    922.91881516
    923.25683287
    922.57335833
    921.87571916
    919.94625341
    921.96092755
    921.96092755
    921.96092755
    921.96092755
    921.96092755
    922.81831259
    921.94798340
    921.67641195
    922.66558027
    922.66558027
    922.81897286
    922.81897286
    922.93603096
    922.93603096
    922.86188700
    922.86188700
    922.84608246
    922.84608246
    922.50012878
    923.15284115
    923.14666733
    922.44929910
    922.43906171
    922.27443210
    922.27443210
    922.27443210
    922.57069328
    922.57069328
    922.57069328
    921.92112026
    921.92112026
    921.92112026
    921.85826041
    921.69207579
    922.65360911
    923.00759019
