     63.01047251
     62.45161381
     63.45059750
     63.40628264
     61.76656071
     61.76656071
     61.76656071
     61.76656071
     61.41514567
     61.41514567
     61.50534856
     61.50534856
     62.86993839
     62.84640355
     62.52311757
     61.83723872
     61.77182884
     61.80105236
     62.65132994
     62.65132994
     63.20031862
     63.60330422
     63.58450421
     64.02186387
     63.94498194
     63.78000746
     63.79538681
     63.29411137
     63.97344778
     63.66269429
     63.07465938
     63.07465938
     63.07465938
     63.07465938
     63.50568025
     63.50568025
     63.38744048
     63.62769814
     63.93063440
     63.93063440
     63.93429220
     63.54137053
     63.35770755
     63.35770755
     63.35633554
     63.51932002
     63.51932002
     62.85524467
     62.85524467
     62.85524467
     63.68174284
     63.49641225
     63.45902262
     61.58843681
     61.52432807
     61.52432807
     63.25056757
     63.18477202
     63.37637070
     62.58301775
     63.57151680
     63.56395381
     63.56395381
     63.55707820
     62.77779258
     62.76573122
     63.47738572
     63.64670950
     63.94233379
     63.36719973
     63.36719973
     63.72013938
     63.19843630
     63.36699194
     63.36778193
     62.81355843
     63.11964488
     63.69952744
     63.06921247
     63.06946738
     62.59723668
     62.11171578
     60.29350813
     60.29350813
     60.29350813
     56.45955765
     57.77795401
     60.99914824
     61.23477955
     61.23477955
     61.23477955
     62.15155927
     62.17170150
     63.29858977
     63.28622545
     63.01577105
     63.01577105
     63.01577105
     63.01625404
     62.48343755
     62.87188319
     62.76615496
     62.99728664
     62.71991143
     62.73293168
     62.79029944
     63.53614508
     63.48155438
     63.71691089
     63.59405417
     63.70626316
     63.70626316
     63.90128846
     64.02742428
     64.02742428
     64.02742428
     64.02742428
     62.19201073
     64.22175127
     63.99241996
     63.99241996
     63.81928318
     63.80104644
     63.80044576
     63.80044576
     63.80044576
     63.45304229
     63.15431425
     63.92890436
     63.95472429
     63.50614870
     63.75608423
     63.75608423
     63.50823838
     63.35738810
     61.15172629
     61.82189815
     64.11465086
     64.06715458
     64.06715458
     64.06715458
     64.06715458
     64.06715458
     64.26474169
     64.33402840
     64.13861958
     64.44294699
     64.44294699
     63.50204857
     63.50204857
     62.74212736
     63.64496515
     63.64496515
     63.64496515
     63.64496515
     63.64496515
     63.20716753
     63.11257240
     62.27741501
     63.20641635
     62.88429757
     63.22883605
     63.36746723
     63.42349425
     63.57364849
     63.40385736
     63.40385736
     63.37070609
     63.37070609
     62.83350892
     60.75352147
     60.75352147
     60.75352147
     61.52920806
     61.52920806
     63.53789290
     62.87816728
     62.95092477
     63.87280299
     63.88483156
     63.88483156
     63.77367236
     63.77367236
     64.11403885
     64.10418357
     63.89986243
     64.24917225
     64.24917225
     64.24917225
     63.53232679
     63.53232679
     64.41081754
     64.42613900
     64.31703448
     64.22104736
     64.22104736
     64.27222541
     64.27222541
     64.27222541
     64.27222541
     63.91213660
     63.96780880
     63.96780880
     63.53470942
     64.09166275
     63.47447329
     63.47447329
     63.47447329
     63.67508148
     63.76668390
     63.24656288
     63.24656288
     63.24656288
     63.24656288
     63.24656288
     63.24654066
     63.24654066
     62.56567829
     62.56567829
     62.51251941
     62.50624744
     62.50624744
     63.23428709
     63.54146001
     63.54146001
     63.50784284
     63.50784284
     63.50784284
     63.70007921
     63.70007921
     63.70007921
     63.84827624
     63.84827624
     63.95231057
     63.53428224
     63.53428224
     62.96291528
     61.27534405
     60.32564207
     60.32564207
     60.32564207
     60.32564207
     62.74000358
     62.07718444
     59.85336475
     57.55473942
     59.61468889
     61.47757825
     61.47757825
     61.92127271
     63.36797089
     64.18965603
     64.07079327
     63.94095490
     63.95621033
     63.81030960
     63.95663518
     63.95663518
     63.68851155
     63.58970966
     63.95772890
     63.95772890
     63.91939974
     63.53587882
     63.62229960
     63.62229960
     63.68351976
     63.77929447
     63.93288395
     63.93288395
     63.93288395
     63.86612162
     63.77228251
     63.77228251
     63.97188331
     63.97188331
     64.00106833
     63.78043068
     63.50085785
     62.53374938
     62.53374938
     62.53374938
     62.53374938
     62.53374938
     62.85366649
     62.85366649
     62.85366649
     62.96226905
     62.05193784
     64.26763627
     64.17579090
     64.30778996
     64.30116014
     64.21136708
     64.21136708
     64.21136708
     63.77620489
     63.71552905
     63.11957295
     63.11957295
     63.72141010
     63.75461491
     63.75461491
     62.79241677
     62.56289034
     61.84437127
     61.84437127
     61.84437127
     63.66093519
     63.72171290
     63.72171290
     63.63849797
     63.63849797
     63.63849797
     63.63849797
     63.63849797
     63.63499099
     63.63499099
     63.37753019
     63.36494647
     63.36494647
     63.52192226
     63.66183026
     63.66183026
     64.22477674
     64.22259153
     64.21830334
     64.20995063
     64.20995063
     64.20995063
     64.19406005
     64.19406005
     63.91186276
     63.90310861
     63.90310861
     63.87931462
     63.14509269
     63.14509269
     63.29165221
     63.29165221
     63.29165221
     63.29165221
     63.87830087
     64.02285407
     64.02285407
     64.02285407
     63.95955448
     63.85607704
     63.88166595
     63.88166595
     60.77751761
     60.77751761
     60.77751761
     59.75193304
     60.60961523
     60.60961523
     61.24955345
     61.05095373
     61.00527949
     62.34588530
     62.82539065
     62.99758936
     63.52533114
     63.83444388
     63.81452906
     63.10354759
     63.10354759
     63.08856693
     62.41175288
     62.41175288
     62.41175288
     62.37625234
     62.91307691
     62.77873363
     63.16675590
     63.16675590
     63.16675590
     61.84551297
     60.76982372
     60.94897773
     60.13373927
     59.71280613
     59.74606296
     59.74606296
     59.03227103
     59.03227103
     61.29176495
     61.29176495
     61.29176495
     62.36545770
     63.44701995
     63.46643177
     63.77421305
     63.77712951
     63.10792357
     62.46627607
     62.46627607
     63.41647910
     63.33173490
     63.33173490
     61.64942861
     61.64942861
     61.18554168
     61.08379706
     61.30116491
     61.22403779
     62.62134293
     62.52601389
     62.51127707
     62.97234161
     63.01850145
     62.94907754
     62.94907754
     62.94907754
     62.92312936
     62.92312936
     62.92312936
     61.45069503
     62.04732989
     62.90010302
     62.34016549
     61.67815517
     61.67815517
     61.78672915
     61.78672915
     61.78672915
     61.63617277
     58.55057168
     61.75005645
     61.67484209
     62.10817275
     62.10817275
     62.10817275
     63.09037648
     63.09037648
     63.09037648
     63.54149893
     63.54149893
     63.80105100
     63.68869159
     62.64222445
     62.85874443
     62.41776726
     62.41776726
     62.43543302
     61.87448211
     62.67973076
     61.85063394
     63.10036960
     62.61980797
     60.17994363
     60.17994363
     61.28036049
     61.28036049
     61.28036049
     61.73218218
     62.35093845
     62.35093845
     62.05137968
     62.05137968
     61.38467354
     61.38467354
     61.38467354
     62.70526130
     63.29892452
     63.07240447
     63.03382702
     63.03742350
     62.73444783
     62.73444783
     62.79998342
     62.82080866
     62.86649495
     63.26468676
     63.50167084
     62.94376197
     62.67123782
     62.67123782
     63.05780998
     63.05780998
     62.50896248
     62.50896248
     61.91607916
     62.19680062
     63.26902387
     62.33673783
     62.32835574
     63.19807487
     62.23932765
     62.23932765
     61.69787808
     61.69787808
     60.55786632
     62.40931806
     62.94263550
     62.62285828
     62.37872469
     62.85920077
     62.26049988
     61.57945279
     62.13795940
     61.12539057
     61.12798119
     61.12798119
     59.10582994
     59.10582994
     59.95215543
     59.95215543
     60.94372778
     61.64033106
     61.25191141
     61.68947855
     61.60663735
     60.93067632
     60.93067632
     61.33659014
     60.86874582
     60.86874582
     61.62750235
     58.64215584
     58.11472544
     58.11472544
     60.39222033
     61.53494729
     61.64222892
     61.64222892
     61.64222892
     62.31261084
     61.91793124
     61.91793124
     61.91792272
     62.89490917
     63.47416945
     63.47909768
     63.47909768
     63.44222068
     63.75234188
     63.75234188
     63.71047668
     63.71047668
     63.74476239
     63.74476239
     63.74476239
     63.84675814
     63.84675814
     62.86461253
     62.86461253
     62.86461253
     62.84803758
     62.84803758
     62.71186228
     62.71186228
     63.10861294
     63.61229273
     63.54818757
     63.54818757
     63.02761471
     63.21195971
     63.93267799
     64.00142744
     63.99470679
     64.08415607
     64.13210758
     63.96366805
     63.96366805
     63.62073481
     63.62073481
     63.62073481
     63.71807320
     63.71807320
     63.82841570
     63.36214216
     63.32524290
     63.20043182
     63.50063890
     64.00219417
     64.00219417
     64.11638403
     64.11638403
     64.03962260
     64.03962260
     64.10811129
     64.17231638
     64.17231638
     64.52244216
     64.52244216
     64.52244216
     64.31984745
     64.31429026
     63.99931133
     64.05145979
     63.90023772
     63.72866487
     63.72866487
     63.66986657
     63.63673829
     63.50166737
     63.31153519
     63.28719175
     63.48062699
     60.84720249
     59.89727087
     59.25785661
     59.75935328
     61.31125099
     61.31125099
     62.36998376
     62.16192935
     62.16192935
     60.52333261
     60.06517021
     60.93747179
     60.93747179
     59.19929037
     59.19929037
     61.64422466
     60.46379296
     60.46379296
     60.66223024
     60.66223024
     57.18968078
     57.18968078
     57.29370910
     60.47391225
     60.47391225
     60.47391225
     60.47391225
     58.32866211
     58.29662532
     58.29662532
     59.23173193
     59.23173193
     58.05057151
     58.05057151
     58.05057151
     58.05057151
     59.76929709
     59.76929709
     59.76929709
     59.12048586
     59.12048586
     60.81624672
     60.81624672
     60.81624672
     61.34108548
     61.99591248
     62.19802387
     63.38883218
     63.38883218
     63.45381042
     62.92470000
     63.11790656
     63.38226467
     63.20755122
     62.87178357
     62.87178357
     62.87178357
     62.58955231
     62.32294566
     62.32294566
     62.76319986
     61.29536151
     62.29016184
     62.56884525
     62.56884525
     62.63125085
     62.63125085
     62.50204231
     62.50204231
     63.22172041
     63.22172041
     63.13837087
     62.96149982
     63.55924664
     62.97950152
     63.26696465
     63.05643423
     63.05643423
     63.14483347
     63.14483347
     63.14483347
     63.30282337
     63.32881865
     63.32881865
     64.00222276
     64.00222276
     64.17835286
     64.15872414
     64.03544984
     63.91134720
     63.30726267
     63.34181924
     62.31920158
     62.31920158
     61.22161056
     60.35853614
     59.49333433
     61.96534435
     61.68348259
     61.52687004
     61.47807244
     61.47807244
     61.47807244
     61.47807244
     61.86046129
     61.86046129
     61.86046129
     61.86046129
     61.79382824
     61.79382824
     61.79382824
     63.49667417
     63.49667417
     63.49667417
     62.39588637
     62.97124003
     63.33656573
     63.33656573
     63.25175143
     63.37200951
     63.47206646
     63.22378861
     63.76504732
     64.25407948
     64.24084869
     64.24936767
     64.24936767
     64.15925052
     63.28537401
     63.94849923
     63.92799122
     63.36500049
     63.34415352
     63.17873022
     64.08410864
     64.11745167
     64.11340909
     64.09966488
     64.09966488
     64.05065339
     64.23867789
     64.23867789
     64.29085341
     64.29085341
     64.29085341
     64.02685710
     64.02685710
     64.02685710
     63.96195387
     63.96195387
     61.45961843
     62.23573120
     62.23573120
     60.63831514
     59.84677387
     59.84677387
     59.37522310
     60.99628681
     62.53629007
     62.00733060
     62.32785575
     62.86083530
     62.91836271
     62.78726978
     62.72209706
     62.56608686
     62.72795112
     63.22357712
     62.82755811
     61.64774977
     61.51304819
     61.77994284
     61.77994284
     61.77994284
     61.77994284
     60.97266765
     62.30141292
     62.30141292
     62.30141292
     62.30141292
     62.30141292
     62.30141292
     62.30141292
     63.09665085
     62.90698071
     62.78259846
     62.34077579
     62.34077579
     62.34077579
     62.10362789
     62.86517340
     62.53609031
     62.53609031
     62.65611432
     63.05472669
     62.46648088
     62.46648088
     61.38140717
     59.02947451
     60.53325712
     63.42734811
     64.22893535
     64.22893535
     63.85006881
     63.70431678
     63.86445912
     64.19417917
     64.19417917
     64.20740798
     64.33404202
     63.96569492
     63.72324723
     62.69206319
     62.38342021
     63.03457907
     62.90279860
     62.86949704
     62.69171941
     62.92329870
     62.05914058
     63.17990343
     63.72246197
     63.73728743
     63.73728743
     63.73728743
     63.73728743
     63.86270475
     63.86270475
     63.30068534
     63.53233967
     63.50970987
     63.50913057
     63.48141621
     62.47803708
     62.47803708
     62.47803708
     62.84150600
     61.86788191
     61.86788191
     62.74705929
     63.05329789
     63.25829811
     63.18440103
     63.58124857
     63.58124857
     63.56398136
     64.12809310
     64.04368874
     64.18826372
     63.98896481
     60.60213902
     60.60213902
     60.60213902
     59.21761764
     59.21761764
     59.21761764
     59.21761764
     60.44843048
     60.44843048
     60.44843048
     60.44843048
     61.77664218
     61.77664218
     60.73108282
     60.73108282
     60.02635861
     60.11371906
     62.22662772
     61.96687180
     62.84219217
     62.84219217
     62.84219217
     63.10023810
     63.88927200
     63.88874252
     62.97027839
     62.70481878
     62.70481878
     64.10334763
     64.13324629
     64.13324629
     64.13324629
     64.05721593
     63.28601665
     63.28601665
     63.28601665
     63.28601665
     63.25123314
     63.25123314
     64.35377509
     64.38860669
     64.33901016
     63.09552618
     62.96597972
     62.68121742
     62.65043228
     62.70946644
     62.04753995
     59.10995820
     59.10995820
     64.32773152
     64.27704085
     64.37981359
     64.37981359
     64.38317828
     64.39621251
     64.39621251
     64.39621251
     64.27921377
     64.28552493
     64.18358986
     64.25235162
     63.87851557
     63.73344278
     63.26958218
     63.61975102
     63.19329434
     63.19329434
     63.38538491
     63.39790935
     63.58501205
     63.58501205
     63.73427670
     63.73427670
     62.96206775
     62.85128023
     61.56289478
     61.56289478
     61.18313730
     63.06343362
     63.10578872
     63.01011749
     63.01282157
     63.39853189
     63.39853189
     63.39853189
     63.42643106
     63.42643106
     62.91070410
     62.99205718
     62.99205718
     61.99722518
     58.95949315
     58.30538602
     58.36610228
     59.80428964
     63.55177757
     63.55177757
     64.16771466
     63.04420714
     63.15609484
     63.66432432
     63.66432432
     63.67792616
     64.03408028
     64.03408028
     63.42551478
     63.44565955
     63.73484285
     63.49962363
     63.49962363
     63.46082233
     64.11079134
     64.13136528
     63.92330308
     64.03460107
     63.09329642
     63.09329642
     63.09329642
     63.86986823
     63.77098190
     63.59220038
     63.59220038
     63.54660310
     63.54660310
     63.54660310
     61.97724842
     61.97724842
     62.17627139
     62.26150891
     62.70881187
     63.52885778
     63.47967856
     63.44454433
     63.43412758
     63.41968802
     63.45312223
     63.25852629
     63.69335518
     63.62253082
     63.46082258
     64.12400469
     64.12400469
     63.98219033
     64.35298974
     64.33541682
     64.33541682
     63.38532284
     63.38532284
     63.82607148
     61.79558001
     62.51026451
     62.83765977
     62.62639265
     62.65588047
     63.71756023
     63.71756023
     63.81920924
     63.81920924
     63.72818859
     62.70047698
     62.59706242
     62.59706242
     62.59706242
     62.96004548
     63.45489134
     64.13217196
     64.07346270
     64.07346270
     63.84091369
     63.33741092
     63.33741092
     62.70621985
     62.70621985
     62.70621985
     62.19506838
     63.67417180
     63.38840741
     64.16303879
     64.16303879
     64.29660824
     64.38089658
     64.38089658
     64.38089658
     64.38089658
     64.38089658
     64.15195964
     64.15054453
     64.15054453
     64.15905762
     63.99607991
     63.99607991
     63.85858068
     63.64988560
     63.77306597
     63.26186982
     63.26186982
     64.21966129
     64.17772156
     64.17772156
     62.25919198
     62.06066158
     62.06066158
     62.06066158
     61.74808001
     61.87239410
     61.39220958
     62.06681400
     62.11305305
     62.11305305
     62.66504510
     62.34103066
     62.34103066
     62.34103066
     62.36070809
     62.36070809
     61.99678320
     62.38772783
     62.52788692
     62.70343658
     62.27975984
     62.27975984
     61.12985507
     61.58074088
     61.58074088
     62.48763404
     62.11948513
     61.02799298
     60.90278721
     60.83546064
     62.97330565
     63.41741064
     64.05572944
     64.05572944
     63.77249246
     64.12795524
     64.12795524
     64.20136770
     64.20136770
     63.58739003
     63.58739003
     63.58739003
     63.58739003
     63.58739003
     63.79372359
     63.79464531
     64.20340700
     64.20340700
     64.20340700
     63.79286586
     63.28826711
     63.46417026
     63.26429390
     63.26429390
     63.26429390
     63.23347577
     63.23347577
     63.23347577
     63.23347577
     64.17820546
     63.22516686
     63.87749160
     64.06106054
     64.06106054
     64.06106054
     64.10068195
     64.23454316
     64.18075299
     64.27422596
     64.33350195
     64.33350195
     64.31850980
     64.31850980
     64.31621520
     64.05067743
     64.05067743
     64.05067743
     64.05067743
     64.05067743
     63.98576228
     63.98740436
     63.98740436
     63.84303970
     63.87355637
     63.58969342
     63.63762109
     63.77561101
     63.77561101
     63.74101342
     63.42863340
     62.95834519
     63.86226577
     63.58715201
     63.60221199
     63.72094633
     63.72094633
     63.68494784
     63.93300280
     63.93300280
     64.05376041
     62.45210329
     62.45210329
     63.08366724
     63.20992747
     63.10922111
     63.72888246
     63.72888246
     63.62885588
     63.74421085
     63.79434024
     63.81373637
     63.95118558
     64.10475898
     64.10475898
     64.12298083
     64.12298083
     64.12298083
     64.40291936
     64.40291936
     64.40291936
     64.40291936
     64.33248255
     64.33248255
     64.33248255
     64.33248255
     64.33248255
     63.39073591
     63.39073591
     63.39073591
     63.39073591
     63.39073591
     63.37775846
     63.37775846
     63.23844382
     61.70218164
     62.47449417
     60.82424239
     60.82424239
     60.82424239
     62.87142467
     63.32463605
     62.70255222
     62.70255222
     62.09126373
     62.68184146
     62.77082730
     62.77082730
     62.51178677
     62.51178677
     62.51178677
     58.16368472
     58.35409237
     60.09895489
     60.09895489
     60.68364269
     61.99389713
     61.64197040
     62.33907750
     62.75987717
     62.44685221
     60.90231862
     61.14230459
     60.07324177
     60.29768499
     60.29768499
     61.73503429
     61.58510115
     61.73055096
     62.03079964
     62.57930855
     61.00206657
     59.21419237
     59.64976066
     59.64976066
     59.68826624
     60.63047381
     61.67744438
     61.67744438
     60.77197198
     60.77197198
     61.01298487
     62.55005724
     62.70873146
     60.68968491
     60.68968491
     60.68968491
     60.68968491
     60.79560742
     60.86421192
     61.55353070
     61.55353070
     62.35889805
     63.24147677
     63.62720184
     63.59052966
     63.79577688
     63.39176830
     63.80648527
     63.88915839
     63.88915839
     62.04135960
     62.04135960
     62.10800488
     62.10800488
     62.10800488
     62.10800488
     62.72318460
     63.37140856
     63.37140856
     63.14081389
     63.02077547
     63.00393663
     62.09688352
     62.09688352
     62.09688352
     62.66631974
     62.66631974
     62.66631974
     62.91742389
     63.10865573
     63.29682835
     63.31934452
     63.29325404
     63.20769200
     63.32692555
     63.43836188
     63.43836188
     63.31343364
     63.31343364
     60.99939013
     60.99939013
     61.91425873
     61.91425873
     61.95173796
     61.95173796
     61.28610016
     61.28610016
     61.28610016
     61.60634973
     60.78515602
     59.30556799
     59.30556799
     60.50499585
     63.05362758
     63.05362758
     63.85084985
     63.85084985
     63.56668114
     63.11024718
     61.95708790
     62.13842783
     62.13842783
     62.47630329
     62.22750163
     61.74973988
     61.74973988
     61.74973988
     61.74973988
     60.99518288
     60.99518288
     62.45488188
     62.45488188
     62.45512562
     62.45512562
     62.52515758
     62.52515758
     62.90162275
     62.62590367
     62.62590367
     62.40688357
     62.34456685
     63.61955994
     62.95183064
     62.98926661
     62.98926661
     63.42216402
     62.27751394
     62.27751394
     62.98542573
     62.98542573
     63.61438760
     63.45000050
     63.18530769
     63.87003988
     64.08858909
     63.77935676
     63.23468324
     63.21101011
     62.78555544
     62.78555544
     63.11485093
     63.11485093
     62.90570981
     62.90570981
     62.97295365
     62.97295365
     62.97295365
     62.87643343
     63.27436593
     63.02356646
     62.37564890
     63.13203550
     63.13203550
     63.33456995
     62.98610508
     62.93754613
     63.13678376
     63.13678376
     63.36239031
     63.36064648
     63.15908533
     61.84976595
     61.84976595
     61.84976595
     61.44940466
     61.44940466
     60.85449325
     62.29451714
     62.29895749
     62.29895749
     62.29932021
     62.10486309
     62.71010115
     62.71010115
     64.08779385
     64.12929245
     63.89305529
     62.73785081
     62.73785081
     62.99984412
     63.06493908
     63.06032767
     63.09785374
     63.56154334
     62.18351492
     62.38389259
     60.80907172
     63.32111033
     63.36367332
     63.06043824
     62.86217909
     62.22143263
     62.01069941
     63.40993108
     63.68301016
     63.92544371
     63.92851850
     63.76428345
     63.75191841
     63.78907986
     61.88618250
     61.88618250
     61.88618250
     61.88618250
     61.88618250
     61.06096673
     60.83874939
     60.92354807
     61.22948894
     60.37153978
     61.75185648
     61.75185648
     62.83965331
     62.71430605
     62.01967113
     62.30409574
     62.97959678
     63.37122674
     63.41428931
     63.41428931
     63.48022480
     62.66694542
     62.66694542
     61.80468460
     60.49103095
     58.67104379
     61.72952993
     61.72952993
     61.72952993
     61.97984651
     63.95534684
     63.96288158
     64.01680264
     64.12790190
     64.09527475
     64.06131111
     63.79686073
     63.82799312
     63.82799312
     63.80103480
     63.80103480
     63.80103480
     63.70473551
     63.70473551
     62.46035584
     60.75631033
     61.72557609
     61.72557609
     61.72557609
     62.51721093
     61.95610180
     61.71728635
     61.71728635
     61.71728635
     61.81103436
     61.14535642
     61.14535642
     62.53606127
     62.52352663
     62.12914499
     62.05203073
     62.10039066
     62.10039066
     62.10039066
     61.50803615
     62.11175611
     61.68597763
     61.69194153
     59.91340578
     59.91340578
     62.08357032
     63.07209091
     63.07209091
     62.69859951
     61.86174480
     61.86174480
     61.86174480
     61.37399730
     62.03470621
     62.03470621
     62.91912971
     63.54752782
     63.86810509
     63.23662148
     62.50271711
     62.50271711
     62.51537240
     62.49216414
     62.49216414
     61.80844223
     61.80844223
     62.79705832
     62.79705832
     62.14865693
     62.19360980
     62.19360980
     62.19201571
     62.19201571
     62.13333689
     61.86934854
     63.29571318
     63.48402145
     63.45826237
     63.64002463
     63.64002463
     63.65747767
     64.24211326
     64.22434303
     64.08070471
     64.09372711
     63.65994637
     63.65994637
     63.77382441
     63.80619911
     63.80619911
     64.07925031
     64.14632242
     64.14632242
     63.97614388
     64.05534429
     64.05534429
     64.03928899
     64.06664500
     64.06664500
     64.18637872
     64.18637872
     64.12912515
     64.46292656
     64.46292656
     64.15597207
     64.07469485
     64.07469485
     64.01705508
     63.77235976
     63.77235976
     63.77235976
     63.77235976
     63.75227625
     63.92176019
     64.06847410
     64.06847410
     63.99337069
     63.99337069
     63.99337069
     64.23619640
     64.23619640
     64.39208910
     64.39208910
     64.39208910
     64.39208910
     62.91972061
     63.01278335
     63.69221265
     63.29899335
     63.29899335
     63.49985162
     64.02601814
     64.02601814
     64.02601814
     63.59125933
     63.70576444
     63.65268226
     63.33498822
     63.84089071
     63.84089071
     63.84548469
     63.84548469
     63.95406775
     63.95406775
     63.62045950
     63.64399684
     63.11797130
     63.06348031
     63.06348031
     63.37049548
     63.19620837
     63.19620837
     62.43117139
     63.57887322
     63.62050560
     63.62050560
     63.62050560
     63.61312269
     63.65369240
     63.39735745
     62.51640612
     62.72305083
     61.77598283
     61.77598283
     61.77598283
     63.11047387
     63.11047387
     62.21312865
     63.06237111
     63.06237111
     63.11544855
     63.22790592
     63.22790592
     63.22790592
     63.23187762
     61.83153560
     61.83153560
     61.48424449
     60.77452510
     61.45782143
     61.41205118
     60.18595889
     60.22488374
     60.38897882
     62.48888864
     62.52984943
     62.53305156
     62.56456969
     62.56456969
     60.77657605
     62.08253128
     63.07106212
     63.07106212
     63.10132827
     62.45256261
     62.45256261
     62.50181057
     61.97419329
     61.49460142
     61.12040794
     60.91834832
     61.71521734
     61.35414713
     62.55327149
     62.49309001
     62.62057628
     62.63079329
     62.63079329
     62.73173942
     61.47228559
     60.41706019
     61.04718466
     61.04718466
     61.04718466
     62.41267993
     62.68336934
     61.87924653
     61.85154482
     61.85154482
     61.81712466
     61.99770270
     62.98914190
     62.71676773
     63.26469637
     62.40664853
     59.69463519
     60.92062328
     60.92062328
     60.92062328
     61.21557302
     61.53726288
     61.47066822
     61.61624743
     61.65287751
     61.01577691
     61.44403560
     61.44403560
     61.56214219
     60.56991190
     62.14553481
     62.15633536
     59.50921570
     59.63957380
     60.73833803
     60.13589338
     60.13589338
     60.13589338
     58.62269524
     58.62269524
     58.62269524
     62.19293074
     62.19293074
     61.38402551
     62.53037100
     62.56827935
     62.56827935
     62.29379850
     60.72295944
     61.26204632
     61.26204632
     62.22977703
     62.40925125
     60.87058059
     60.87058059
     60.87058059
     61.31328874
     61.31328874
     61.37063987
     61.00533635
     60.78910132
     60.55564564
     60.62362294
     59.41354965
     59.41354965
     60.89760937
     63.76194497
     63.74907180
     64.09496867
     64.36486999
     64.25397817
     64.25397817
     63.75287492
     62.79752824
     63.12838547
     63.50049061
     62.65107076
     62.71312511
     61.93537544
     62.15193492
     62.70373115
     62.56303908
     62.55519166
     62.76903217
     62.76903217
     62.76903217
     63.17419669
     63.17419669
     63.17419669
     63.49027084
     63.22285903
     63.38326928
     63.44258832
     63.31734901
     63.27272372
     63.38928744
     63.56287974
     63.00935242
     63.00935242
     63.00935242
     63.47583540
     63.47583540
     63.48601603
     63.48601603
     64.20240580
     64.20140470
     64.14027322
     64.14027322
     64.28298818
     64.37510028
     64.33450830
     64.41859728
     64.34812760
     64.41355941
     64.41355941
     64.42273238
     58.72609099
     58.72609099
     61.33516925
     62.31816459
     62.29445271
     62.27190724
     62.27190724
     62.40369854
     61.84795179
     61.68637259
     61.68637259
     61.71948730
     61.71948730
     61.63917270
     61.63917270
     61.60431680
     61.60431680
     60.30549833
     63.48902396
     64.05624765
     64.05624765
     64.05624765
     64.05624765
     64.06520968
     64.06520968
     63.78280439
     63.69520925
     63.73496577
     63.19199793
     63.35285254
     63.06886150
     62.70231043
     61.83386857
     62.72304103
     62.95909142
     63.12815056
     63.03171861
     62.79588336
     62.79588336
     62.79588336
     62.66563639
     62.66563639
     63.31904964
     63.23432312
     63.23432312
     63.53685777
     63.69678188
     62.75301910
     62.75301910
     63.05840497
     63.14143718
     63.15370383
     63.15370383
     62.95202664
     62.91693837
     62.91619120
     62.91564118
     62.91564118
     63.57704825
     63.30689579
     62.39411451
     62.39411451
     61.74047597
     61.74047597
     61.74047597
     61.08554621
     61.08554621
     61.14022361
     63.36888529
     63.36888529
     63.33052518
     63.66496268
     63.54608437
     63.56115966
     63.49899383
     63.48044824
     64.12307341
     64.14982441
     64.22236844
     64.22236844
     64.22236844
     64.28404469
     64.19807301
     63.88358334
     63.91879915
     63.63594411
     63.94688693
     63.41320033
     63.00673751
     62.80362046
     62.71985405
     62.71985405
     62.71985405
     62.71985405
     63.21585257
     63.13631916
     63.08787484
     63.08787484
     63.08787484
     63.25241240
     63.69461964
     63.55707953
     63.14277916
     63.14277916
     63.70862962
     63.70862962
     63.70862962
     63.62865278
     63.81917092
     63.66637745
     63.62494005
     63.67192956
     63.56607004
     63.32394658
     63.33609951
     63.29467393
     63.29516697
     63.29516697
     63.37178723
     63.44937442
     63.59893482
     63.54490757
     63.64356192
     63.75539651
     63.75539651
     64.35200143
     64.17201339
     64.18247196
     64.24683543
     64.26601848
     64.26601848
     64.26601848
     64.35823162
     64.33056190
     64.26987253
     64.26987253
     64.26987253
     64.26987253
     64.18339698
     64.18339698
     64.18339698
     64.13601128
     64.13601128
     64.13601128
     64.13601128
     64.29776153
     64.29776153
     64.29776153
     64.24382106
     64.24382106
     64.06312138
     64.06312138
     64.03178645
     63.85494642
     63.98531998
     63.93508784
     62.27487169
     62.27487169
     62.27487169
     62.27487169
     62.27487169
     62.27487169
     62.27487169
     62.27487169
     61.79265109
     59.80751134
     59.69469576
     59.69469576
     59.69469576
     59.33548238
     62.87544495
     61.94062724
     61.94062724
     61.94062724
     62.00635931
     62.00635931
     62.00635931
     62.50462434
     62.87560729
     62.87560729
     62.87560729
     63.47178579
     63.58736068
     63.98065548
     63.67695539
     63.38836967
     63.38836967
     63.62767148
     63.48485091
     63.48485091
     63.48485091
     64.00059498
     64.00059498
     63.94679068
     63.94679068
     64.02258287
     64.02258287
     63.78182392
     63.78182389
     63.89082224
     64.35899095
     64.35899095
     64.42381929
     64.42420461
     64.43624852
     64.43624852
     64.43624852
     64.43624852
     64.43624852
     64.49140215
     64.49140215
     64.49140215
     64.49140215
     64.49140215
     64.49140215
     64.49140215
     64.13824401
     64.13824401
     63.93537634
     63.93537634
     63.77425164
     63.61716088
     63.98839383
     63.60048677
     63.22431382
     63.09094155
     62.30424316
     60.85473727
     61.94163740
     60.55885473
     60.06097003
     60.06097003
     61.65800789
     62.01012590
     62.08329161
     62.08329161
     61.82015754
     61.58496298
     61.58496298
     61.78269797
     61.80003553
     63.06768157
     62.09004933
     62.22533536
     61.74722834
     61.22269447
     59.75317487
     60.75230146
     62.39667388
     62.67189279
     53.84467445
     53.84467445
     53.84467445
     54.19513642
     54.19513642
     54.19513642
     58.29190599
     58.82549569
     57.64198512
     60.70070616
     61.00143376
     60.84506901
     62.41852647
     62.41852647
     61.36909246
     60.34071452
     62.15881486
     61.65417847
     61.65417847
     61.65417847
     61.49638436
     61.49638436
     61.49638436
     61.49638436
     62.65059249
     62.22847638
     62.19629641
     62.16736490
     62.03873776
     63.01295391
     63.03810128
     62.79797875
     62.81894342
     62.44183857
     62.44183857
     62.53780197
     63.26821378
     62.94494100
     62.05820128
     62.05820128
     61.81384862
     62.02916955
     62.23158412
     62.26285001
     62.26285001
     62.81424712
     62.81424712
     62.81424712
     63.14786071
     63.14786071
     63.07748068
     63.38866404
     62.85187035
     63.50059584
     63.35311961
     63.35311961
     62.72475814
     63.06428602
     63.06428602
     62.77692580
     63.09212300
     63.11612569
     63.10640361
     62.96637993
     63.53380288
     62.72392244
     63.06397168
     63.07952554
     63.07952554
     63.23541050
     63.19448816
     63.18705824
     63.17120444
     62.71954948
     62.52898268
     62.14972100
     61.75827725
     61.56042009
     62.37533821
     62.37533821
     62.54132701
     62.54132701
     62.54457299
     62.54457299
     62.71437408
     62.71437408
     62.71437408
     62.88696906
     62.60657788
     62.85933312
     63.05223597
     63.05223597
     63.05908270
     63.05908270
     63.05908270
     63.05908270
     61.93221946
     61.93221946
     63.44499131
     63.13102093
     63.04071605
     62.92680708
     62.16684508
     62.17733222
     62.74783131
     62.67872677
     62.67872677
     62.85626009
     62.86234232
     62.82295945
     63.15589195
     63.36542086
     63.36542086
     64.23903638
     64.23903638
     64.24542630
     63.94689730
     63.94689730
     63.94689730
     63.94689730
     64.04086194
     64.04086194
     64.04086194
     63.96873039
     63.96873039
     63.96274874
     64.46669467
     64.46669467
     64.46669467
     64.46669467
     64.47917811
     64.47917811
     64.27688257
     64.15001618
     63.35559321
     63.51127997
     63.51127997
     63.91305422
     63.27804458
     63.27804458
     63.27804458
     63.41485557
     63.45605365
     63.45605365
     63.14654912
     63.14654912
     63.19570996
     63.41737329
     63.76704327
     63.76704327
     64.39456412
     64.37344931
     64.37344931
     64.28239987
     64.43579436
     64.43579436
     64.43579436
     64.43579436
     64.43579436
     64.38526790
     64.35728260
     64.35728260
     64.35728260
     64.51228992
     64.51228992
     64.51228992
     64.11313792
     64.08715811
     64.08715811
     63.47559634
     63.41662276
     63.41348835
     63.46101899
     63.15597001
     62.98409044
     62.50103558
     63.45338808
     63.35252104
     63.61257283
     63.61257283
     63.82843092
     64.07208128
     63.98300397
     63.94277469
     62.97510432
     62.97510432
     63.25904682
     63.47882244
     63.50025428
     63.41199797
     63.52759542
     63.51157971
     63.13440248
     63.27850983
     63.81486744
     64.33818311
     64.31557718
     64.33150138
     64.43033248
     64.43033248
     61.07354657
     61.12393844
     61.79441494
     62.58080133
     62.44007836
     62.38603071
     61.94236726
     61.45714920
     61.45714920
     61.99739700
     61.99739700
     61.99397518
     61.99397518
     61.96730518
     62.39602601
     61.30110779
     61.30110779
     61.30110779
     61.10748086
     61.10748086
     62.83233973
     62.96407328
     62.96762068
     62.99914386
     62.99914386
     62.65519090
     62.99383285
     63.23699018
     63.18439932
     63.05563145
     63.68848267
     64.26983964
     64.28205946
     64.09723718
     64.09723718
     63.56023437
     63.59526090
     63.58597175
     63.53861888
     63.53861888
     63.13971658
     63.13971658
     63.29460751
     63.49385738
     63.49385738
     63.49385738
     63.49385738
     63.49385738
     63.49385738
     63.46764889
     64.39618666
     64.46493288
     64.46493288
     64.42158284
     64.42158284
     64.42158284
     64.42158284
     64.42158284
     63.39977971
     63.37984509
     63.21647089
     63.16045563
     63.06570558
     63.29260208
     63.08999798
     63.05548243
     63.01639809
     63.01639809
     61.72473455
     62.88809499
     63.28765314
     63.44935101
     63.93166668
     63.66547940
     63.69410816
     64.40677668
     63.91042063
     63.91042063
     64.02225285
     64.02225285
     64.09705883
     63.85082611
     64.09825820
     63.44897423
     63.44897423
     62.53329446
     62.65843568
     61.85398668
     61.85398668
     62.32167854
     62.62454749
     63.64559452
     63.09632274
     62.28998714
     62.28998714
     60.79157822
     61.09686145
     61.09686145
     62.91439318
     63.15234592
     61.29764622
     61.67456925
     61.67456925
     61.82727985
     62.37774065
     63.47401651
     63.41794601
     63.59678075
     63.59678075
     63.58229584
     63.74020948
     63.04307891
     63.52863666
     63.52863666
     63.51821837
     63.69226536
     63.99433301
     63.91835593
     63.92003638
     63.92003638
     63.92003638
     63.89335069
     63.89335069
     64.00553710
     64.07815474
     64.03436586
     64.30361921
     63.92347309
     63.92347309
     64.07680551
     64.07680551
     64.08626262
     64.08223282
     64.08223282
     63.89606123
     63.89606123
     63.48405861
     63.48935491
     63.20106532
     63.42118326
     63.42118326
     63.42118326
     63.42118326
     63.34156294
     63.34156294
     63.50126315
     62.22541210
     62.22541210
     63.28942837
     63.16890299
     62.58747136
     62.51396504
     62.51396504
     61.48436541
     60.74079075
     61.48429576
     59.73980095
     57.51549375
     58.85845329
     61.30988505
     61.31359263
     61.31359263
     61.31359263
     61.31359263
     62.37634880
     63.52534473
     62.99111204
     62.99111204
     63.18399120
     63.18301076
     62.18808054
     61.23808533
     61.23808533
     62.06819627
     62.06819627
     61.86857162
     60.87030324
     61.41148462
     58.94755365
     58.94755365
     60.52818671
     60.52818671
     60.52818671
     61.94081359
     62.68215296
     62.65844214
     63.19662369
     63.19801338
     61.69763187
     61.69763187
     59.33652733
     60.33210523
     60.81906321
     60.81906321
     60.81906321
     58.55454264
     58.55454264
     58.55454264
     58.55454264
     57.66186431
     62.23221858
     63.53453659
     63.53453659
     64.27525497
     64.27525497
     64.27525497
     64.27525497
     64.27525497
     64.33158262
     64.33158262
     64.33158262
     64.21757191
     64.21757191
     64.21757191
     64.21757191
     64.21757191
     64.21757191
     64.21757191
     64.20206415
     64.29683563
     64.29683563
     64.29683563
     64.29683563
     64.29683563
     64.19609133
     64.20196638
     64.20196638
     64.20196638
     64.20196638
     64.20196638
     63.85508730
     63.68094228
     63.20521761
     63.20521761
     63.20273820
     63.20273820
     63.20273820
     63.20273820
     63.07589212
     63.84419875
     64.19591861
     63.78300575
     63.78300575
     63.32677540
     62.83400735
     61.92495796
     61.98641186
     61.98641186
     61.98388353
     61.98388353
     62.58091810
     62.50802061
     62.50802061
     63.11472972
     63.30847090
     62.93776884
     62.93776884
     62.91668824
     62.91668824
     62.91168913
     62.94653232
     64.14418603
     64.10774855
     64.10774855
     64.10774855
     64.03601539
     64.00130416
     64.03427826
     64.11013646
     64.11957483
     64.01320000
     64.01320000
     63.78639505
     63.78639505
     63.97291759
     63.79675081
     63.80183639
     63.80183639
     63.68308407
     63.68308407
     63.68308407
     63.68308407
     63.68308407
     63.92085087
     63.92085087
     63.71007664
     63.27541584
     63.69666973
     62.99083821
     62.99083821
     62.99083821
     63.53416228
     63.53416228
     63.53416228
     63.52681294
     63.55980117
     63.55980117
     63.55980117
     63.55980117
     63.55980117
     63.57959224
     63.57959224
     63.57959224
     63.59807289
     63.61680299
     63.93663999
     63.93663999
     63.95102395
     63.99297504
     63.99297504
     63.74344077
     63.80969806
     63.78014577
     63.93321827
     63.93321827
     64.03379367
     64.07021877
     64.07021877
     63.88300553
     63.88300553
     63.45569461
     63.38128923
     63.32432676
     63.32432676
     62.80575017
     62.93809244
     62.85406903
     63.28905068
     63.32170286
     62.68999191
     62.67956503
     63.03829497
     63.11730579
     63.11730579
     63.45706620
     62.98219465
     63.21494572
     63.21494572
     63.64056224
     63.78348888
     63.78348888
     62.70589995
     60.81657140
     60.81657140
     61.53806929
     61.53806929
     61.01403411
     61.01403411
     60.83571827
     60.83571827
     62.01480915
     60.99753031
     60.99753031
     60.99753031
     61.64298151
     61.64298151
     60.66855419
     60.66855419
     60.88416309
     61.82527194
     61.77653568
     63.00787937
     63.00787937
     63.13256515
     63.07048548
     63.07048548
     63.07048548
     62.76980856
     62.76980856
     62.88104874
     61.92686853
     61.55671015
     61.55671015
     61.38301301
     60.55104052
     60.55104052
     60.55104052
     62.33927637
     62.37391914
     62.69272357
     62.63609018
     62.69616683
     62.14405774
     62.94764090
     61.60245660
     61.58920062
     62.56247285
     62.62692216
     63.13113647
     63.37128942
     63.70039971
     63.66067272
     62.90490278
     62.18976148
     62.18976148
     63.21031717
     63.16420641
     63.76155611
     63.36942629
     62.74785159
     62.42699344
     62.42699344
     63.20601000
     63.30521548
     63.30521548
     63.30521548
     63.20335199
     63.18886426
     61.97945310
     62.01150346
     62.03508244
     61.96811314
     62.90289951
     62.90289951
     62.07134704
     62.75288208
     63.26802430
     62.91539371
     62.19795895
     63.20220954
     63.63387287
     63.47403742
     63.46397577
     62.62374502
     62.38064270
     62.88048436
     62.88048436
     62.88048436
     63.49542816
     63.70073527
     63.95845555
     63.43090284
     63.75297243
     63.43018383
     63.56410205
     63.50919468
     63.49188646
     63.49188646
     63.84276799
     63.93616070
     63.86833908
     63.64110047
     63.64110047
     63.64110047
     63.64110047
     63.64110047
     64.13173947
     63.97489942
     63.97489942
     64.11961690
     64.34325850
     64.40214451
     64.40214451
     64.41289827
     64.41289827
     64.23292510
     64.37539831
     64.37539831
     64.49610575
     64.49610575
     64.29582506
     64.42525908
     64.46259713
     64.36714612
     64.36714612
     64.36714612
     64.36714612
     64.36714612
     64.36714612
     64.36714612
     64.35910454
     64.29820130
     64.29820130
     64.29820130
     64.52188594
     64.50192485
     64.50192485
     64.45772617
     64.45772617
     64.19784171
     64.00645110
     63.96750044
     63.93664887
     63.93664887
     63.93664887
     64.10062519
     64.10062519
     64.09129753
     64.09745070
     63.92087048
     63.92087048
     63.79335164
     64.31980983
     64.28132906
     63.98276934
     63.98276934
     63.98276934
     64.06129091
     64.06129091
     64.06129091
     63.90824108
     64.31167163
     64.17985371
     64.17985371
     64.37187066
     64.37187066
     64.37214565
     64.37214565
     64.37214565
     63.19621195
     63.45141368
     63.44943931
     63.44943931
     63.41293193
     62.38272640
     62.38272640
     62.10554773
     61.77660525
     62.28245713
     61.99542075
     61.92460124
     62.11155691
     61.87407582
     61.87407582
     61.03964994
     63.13436642
     62.09008491
     62.09008491
     62.43563787
     62.40506416
     62.40506416
     61.84646798
     60.97590128
     61.60598851
     62.24194832
     62.24194832
     61.37852599
     61.37852599
     61.37852599
     61.37852599
     62.62000862
     61.90281384
     63.03415147
     62.91731638
     62.97287478
     62.85610386
     62.59589356
     62.59589356
     62.59589356
     61.90075083
     60.57656436
     60.57656436
     60.57656436
     60.57656436
     60.57656436
     60.51571613
     60.51571613
     58.48484928
     60.82766614
     60.82766614
     61.50230462
     61.50230462
     61.50230462
     61.13170965
     61.36808402
     61.36808402
     61.46481309
     60.49229038
     60.49229038
     60.49229038
     62.42335993
     62.47617660
     62.47617660
     62.72903557
     60.44865092
     60.65752166
     60.65752166
     62.40379329
     61.55039870
     61.39841515
     62.50583364
     63.24003270
     62.99274350
     63.85682290
     63.70801369
     63.79976353
     63.89648306
     63.89648306
     64.27762594
     64.32543002
     64.32125876
     64.32125876
     64.32913045
     64.11592325
     63.85350851
     63.95166800
     63.95166800
     63.95166800
     63.94372722
     63.94372722
     54.81341843
     56.60463928
     58.70275247
     59.22343774
     59.22343774
     60.29434652
     60.11387744
     60.11387744
     61.17947113
     60.62057349
     61.33273815
     61.33273815
     61.33273815
     61.02251180
     61.02251180
     61.02251180
     61.83575952
     61.83575952
     62.00962731
     62.35436999
     62.59966769
     63.45917582
     63.33902471
     63.28568231
     63.28568231
     63.23417160
     63.23417160
     63.28706441
     62.92224475
     62.86575672
     63.66843938
     62.85061986
     62.47276120
     62.47276120
     62.65281670
     62.07444181
     62.51043849
     62.02102257
     61.32981673
     60.98253625
     60.98253625
     60.05421824
     60.89296851
     61.53452155
     62.12080278
     62.12080278
     62.12080278
     62.45287938
     61.90471701
     62.19185052
     63.49170065
     63.03284917
     63.03284917
     62.85930157
     62.41344217
     62.75163430
     63.06907930
     62.58452805
     62.58452805
     62.14798528
     60.88320937
     60.86166028
     60.63107383
     60.26623836
     60.26623836
     60.88567202
     60.00402612
     61.42980630
     61.42980630
     61.27271275
     61.53114787
     61.53114787
     61.47453408
     61.47453408
     60.31391645
     58.65550970
     59.98602866
     61.03310252
     61.81166134
     62.17664108
     62.17664108
     62.51911274
     61.61949197
     59.97977908
     61.93401994
     61.93401994
     61.93401994
     62.52350099
     62.68826184
     62.68826184
     62.65759680
     62.65759680
     63.20662869
     63.18141604
     63.19390836
     63.19390836
     63.51684560
     63.44016897
     63.21362163
     63.41286128
     63.61136483
     63.55004942
     63.55004942
     63.49585643
     63.07206966
     63.59617268
     63.10460081
     62.08272276
     62.08272276
     61.69992778
     61.39165244
     61.39165244
     61.39165244
     61.69812740
     60.66312067
     60.66312067
     60.66312067
     60.66312067
     60.63922927
     60.63922927
     60.63922927
     62.33536688
     62.33536688
     62.29332794
     63.63585110
     63.61586645
     63.61586645
     63.49144041
     63.70501282
     63.66972712
     63.42099084
     63.42099084
     63.45636700
     63.45636700
     63.92700309
     63.94093170
     63.94180112
     63.94180112
     63.94180112
     63.52510469
     63.52510469
     63.51259803
     63.85626124
     64.01607281
     63.80730543
     62.45669704
     61.42730393
     61.42730393
     61.42730393
     60.81677679
     62.94732102
     62.65941998
     61.30603322
     61.39875987
     60.93499853
     61.02407511
     61.45356249
     61.45356249
     62.45035849
     61.59636864
     61.03541195
     62.42898070
     62.42898070
     62.36602976
     62.36336749
     62.38396805
     62.11608787
     63.02802132
     63.02643542
     63.21026157
     63.17758958
     62.52539602
     62.98179288
     63.20211556
     62.79607595
     61.86404507
     61.86404507
     62.14370037
     63.40299720
     63.40299720
     63.52324914
     63.34355288
     63.34355288
     63.34038796
     63.37333503
     63.83966177
     64.08773283
     64.17713366
     64.17713366
     64.17713366
     64.17713366
     63.87969429
     64.26195990
     64.32197753
     64.32197753
     64.32197753
     64.29380355
     64.29380355
     64.29380355
     64.29380355
     63.12585168
     63.12585168
     63.08233967
     62.88608051
     62.77430940
     62.52467429
     62.52467429
     62.48419225
     62.48419225
     63.76619527
     63.79116441
     63.79261876
     63.92837774
     64.01611552
     64.01611552
     63.81654640
     62.99556953
     63.21449138
     63.89444660
     63.89444660
     63.89444660
     63.81763968
     63.81893765
     63.81893765
     63.84676422
     63.84676422
     63.76375267
     63.76375267
     63.69343512
     63.69343512
     64.39122249
     64.44748973
     64.32183347
     64.31445921
     64.32356361
     64.32356361
     64.28306302
     64.28306302
     64.20995698
     64.11178268
     64.32677675
     64.05472843
     64.05472843
     63.82034182
     63.82034182
     64.16227729
     64.16227729
     63.76540066
     63.43099552
     63.43099552
     61.99049628
     62.04917363
     61.81509853
     61.99819794
     61.99819794
     61.99819794
     61.99819794
     60.04691223
     61.07405388
     62.15402079
     62.57114713
     62.57905087
     61.87420710
     61.60088792
     61.60088792
     61.93747707
     62.53010306
     62.02821639
     62.02821639
     62.02821639
     59.01627536
     59.01627536
     57.01511751
     57.01511751
     57.01511751
     57.01511751
     54.25370711
     55.62738891
     55.62738891
     55.62738891
     55.62738891
     55.62738891
     55.62738891
     56.54702810
     56.54702810
     56.54702810
     59.39939777
     59.39939777
     61.63521685
     61.63521685
     61.70169421
     61.24525946
     61.18090798
     60.95291527
     62.51740425
     62.07111371
     63.13379000
     63.05425608
     63.34923087
     63.34923087
     62.87316087
     62.60873113
     63.71197877
     63.91830550
     63.36115328
     63.29918421
     63.33484218
     63.33484218
     63.32894753
     63.68660154
     63.68660154
     63.13104517
     63.11032392
     63.11032392
     62.92745735
     61.89244036
     60.50571787
     60.75514091
     60.75514091
     62.57768666
     63.41654103
     63.08805702
     62.58947669
     60.89851763
     60.89851763
     62.66264517
     63.39475309
     63.57790061
     64.03246878
     63.58921011
     63.58921011
     63.57392409
     63.57392409
     63.57392409
     63.46215876
     63.36793378
     63.36793378
     63.56489245
     63.93342420
     63.58948984
     63.58948984
     63.66931450
     63.66931450
     63.94012276
     63.94012276
     63.94012276
     63.94012276
     64.17952379
     64.18503382
     63.35339621
     63.88461703
     63.88093172
     64.22461891
     64.20759955
     64.20759955
     64.20759955
     64.20759955
     64.38387899
     64.38387899
     64.38387899
     64.40492195
     64.40492195
     64.40492195
     64.40457345
     64.25398926
     64.18395589
     64.27488547
     64.27488547
     63.97538406
     63.97538406
     63.97538406
     63.97538406
     63.97538406
     63.97538406
     64.19799039
     64.19799039
     64.19799039
     64.19799039
     64.19799039
     64.19799039
     64.18115139
     64.18115139
     64.18115139
     64.18115139
     64.22576934
     64.22576934
     64.22576934
     64.22576934
     64.22576934
     64.22576934
     63.93178780
     63.92620867
     63.92620867
     63.92620867
     63.92620867
     63.52225253
     63.44383080
     63.21512470
     63.22418353
     63.58087607
     63.62275905
     63.51346582
     63.14576213
     63.19893759
     62.83379827
     62.83379827
     61.93214752
     62.02349620
     61.21070922
     60.99264450
     62.05092396
     62.85441297
     62.85828792
     63.19432190
     63.39013559
     63.10222704
     63.32953456
     63.05888275
     61.42334577
     60.80339965
     60.80339965
     60.80339965
     60.50453186
     60.50453186
     59.87227623
     59.34561685
     57.50114279
     57.50114279
     60.37962772
     61.89207972
     62.68185564
     63.01603571
     63.01603571
     63.79978187
     63.79978187
     64.03726448
     64.03726448
     64.03726448
     64.05651729
     63.91313362
     63.22119215
     63.22119215
     62.76483058
     62.45612002
     62.60738429
     63.02451416
     62.94293811
     62.59594827
     62.54204333
     62.35639004
     62.29849164
     62.29849164
     61.46453809
     61.36267106
     61.03815401
     62.67358634
     63.10031137
     62.51116376
     62.26938483
     59.86152877
     59.48020226
     60.21827050
     60.21827050
     60.21827050
     60.21827050
     61.30792991
     61.51784292
     61.51784292
     61.63721707
     61.63721707
     61.17492844
     62.26792583
     62.47421153
     62.47421153
     62.45096386
     62.56168701
     62.56168701
     62.35252034
     62.55297107
     62.56081949
     62.51848915
     61.93916073
     61.68506493
     61.29343310
     61.29343310
     62.06246621
     61.86720746
     61.86720746
     61.86720746
     61.81112794
     62.89795919
     62.91949290
     62.35032019
     61.43716111
     61.43716111
     59.78114200
     61.97729910
     61.97729910
     61.97729910
     62.43296163
     63.05759774
     63.76984564
     63.12204837
     63.52917474
     63.52917474
     63.52917474
     63.36126356
     63.29346584
     63.01264501
     63.52731833
     63.66616613
     63.66616613
     63.58911976
     63.58911976
     63.71279569
     63.71279569
     64.04801819
     64.04801819
     63.91899727
     63.86900548
     63.14073278
     63.42949383
     63.52424819
     63.29317348
     63.71138072
     63.45415492
     63.45415492
     63.17507536
     63.24817071
     63.77107965
     63.94310645
     63.92420902
     63.90079169
     64.09044395
     64.09044395
     64.09744188
     64.10000234
     64.10000234
     64.23324488
     64.45099701
     64.45099701
     64.45099701
     64.45513755
     64.45513755
     64.45513755
     64.45513755
     64.45513755
     63.86006876
     63.86006876
     63.86006876
     63.41500299
     63.41500299
     63.41500299
     63.40353571
     63.40353571
     63.40353571
     63.40353571
     63.66076526
     63.66076526
     63.66076526
     63.66856693
     63.66856693
     63.90386761
     63.90386761
     63.90386761
     63.90386761
     63.90386761
     63.94714182
     63.94714182
     63.94714182
     63.94375357
     63.75927507
     63.75927507
     63.41697220
     63.50140497
     63.93989382
     64.00959783
     64.05219646
     64.05219646
     64.14766750
     64.13003821
     64.12768161
     62.47417203
     62.78296971
     63.39877117
     63.40853224
     63.44624430
     63.34898548
     63.32455426
     62.59985764
     62.59985764
     62.59985764
     62.81504696
     62.81504696
     62.81504696
     62.00538998
     61.42067926
     61.31071077
     62.02120284
     62.02120284
     61.70852867
     62.38222805
     62.47442940
     62.47442940
     62.47442940
     62.31834865
     62.82100354
     62.95033111
     63.92704328
     64.11402318
     64.11402318
     63.99550561
     64.01137026
     63.86108465
     63.86108465
     63.86108465
     63.86108465
     63.86108465
     63.86108465
     63.23751878
     63.70654935
     63.70654935
     63.89457714
     63.75704976
     63.75704976
     63.75704976
     63.75704976
     63.76813873
     63.78494611
     63.78494611
     63.81887091
     63.92919600
     63.41072380
     63.24512924
     63.79175957
     63.79175957
     63.79175957
     63.49604661
     63.86606554
     63.86606554
     63.77599633
     63.47145998
     63.47145998
     63.47145998
     63.47145998
     64.02961375
     63.38554461
     63.76243987
     63.68676988
     63.86690161
     59.53565449
     59.24689972
     59.70381072
     61.01789109
     60.87209512
     61.49558794
     63.55855873
     63.55855873
     63.34189530
     62.44719305
     62.48331136
     62.88807554
     63.69751393
     64.37381385
     64.37381385
     63.91797822
     64.33991463
     64.33991463
     64.30473048
     64.30473048
     64.34236198
     64.13640453
     64.13640453
     64.13640453
     64.18735488
     64.18735488
     64.18735488
     64.16332092
     63.88207322
     63.78972470
     63.78110708
     63.78110708
     64.00778498
     64.17548989
     63.89935830
     63.61356830
     63.61695423
     63.58985598
     63.30784400
     63.19549700
     63.13146619
     64.21990590
     64.34091433
     64.33294263
     64.28088229
     63.94043794
     63.94043794
     63.94043794
     64.38641800
     64.38641800
     62.94781300
     62.94781300
     62.57043392
     63.25815989
     63.25815989
     63.02109635
     63.12120056
     62.13889004
     62.13889004
     62.63629641
     62.70303151
     62.43386987
     62.43386987
     62.43386987
     62.31359853
     63.14441385
     63.02026685
     63.03036835
     63.00608452
     63.00608452
     62.03535513
     62.03535513
     60.01957568
     60.85699018
     60.85699018
     60.85699018
     60.85699018
     60.85699018
     59.86793967
     59.86793967
     61.94894062
     61.94894062
     61.94894062
     61.94894062
     62.29672776
     61.57628321
     61.57628321
     61.57628321
     61.57628321
     63.60206080
     63.74926960
     63.74926960
     63.72349581
     64.25178213
     64.25178213
     64.26659547
     64.29478691
     63.30703799
     63.21606626
     63.36360464
     63.11268738
     63.11268738
     63.80512079
     63.78493576
     63.78493576
     63.78493576
     63.76712335
     63.75882815
     64.07194969
     64.17915420
     64.04275260
     63.88171924
     63.47069063
     63.10642966
     63.44860642
     63.70006681
     63.64217516
     64.22900375
     64.22066945
     64.22066945
     64.22749355
     64.22749355
     63.89046471
     63.95580142
     64.43301605
     64.43301605
     64.43301605
     63.97243125
     63.81553882
     63.81553882
     63.82599480
     63.82599480
     63.98842311
     63.97504269
     63.98619234
     63.88919489
     63.86428428
     63.47885476
     62.90212476
     62.90212476
     63.01666269
     62.77408556
     62.77408556
     62.69388555
     62.84168204
     63.67353458
     63.81201029
     63.80294833
     64.05746295
     64.05746295
     64.35911751
     64.35760643
     64.33783621
     64.33783621
     64.33783621
     64.34068571
     64.34068571
     64.34234316
     64.34234316
     64.20703275
     64.20703275
     64.20710505
     64.20710505
     64.20710505
     64.20710505
     64.20710505
     64.20710505
     64.16182079
     64.16182079
     64.16182079
     64.09116701
     64.02988222
     64.02988222
     64.23273637
     63.82231533
     63.94938334
     63.15758490
     63.16211477
     63.07045048
     63.07045048
     63.07045048
     63.37432533
     63.31293542
     63.31293542
     64.21465559
     64.21465559
     64.21465559
     64.22428876
     64.22428876
     64.22428876
     64.22428876
     64.07744986
     64.04263440
     64.04263440
     63.71217079
     63.32522740
     63.38689038
     63.83088325
     63.93403299
     63.93403299
     62.02064063
     62.02064063
     62.40228196
     62.72941526
     63.17650808
     63.17650808
     64.01531603
     64.15333150
     64.13575862
     64.13575862
     64.38927178
     64.38927178
     64.38927178
     63.85357975
     63.85357975
     63.72190900
     63.86957324
     64.17347445
     64.04880739
     64.04880739
     64.04880739
     63.85328171
     63.83414486
     63.83414486
     64.08905145
     64.08905145
     64.07247302
     64.16716634
     63.83391285
     63.83391285
     64.06436019
     63.98832694
     63.98832694
     64.05512527
     64.05512527
     63.45808638
     63.90204387
     63.91512711
     63.41558518
     63.41558518
     63.23023515
     63.23164063
     63.15288666
     63.15288666
     63.15288666
     60.89290989
     56.15108062
     59.51709703
     59.51709703
     59.51709703
     61.34527815
     60.76095010
     60.84580684
     60.46272014
     57.46559207
     57.46559207
     59.77478378
     58.88371750
     58.88371750
     61.15166525
     61.15166525
     61.15166525
     61.24944264
     61.24944264
     61.24944264
     62.35402276
     63.27111293
     63.76946942
     63.83191122
     63.15058671
     63.21931653
     63.39511144
     63.22125663
     63.39072460
     62.74218788
     62.74218788
     62.74218788
     62.74218788
     63.19024274
     63.19024274
     63.53478237
     63.32674536
     63.42010045
     63.42010045
     63.22997283
     63.60215132
     63.60215132
     64.06658589
     64.07163103
     63.47782603
     63.39092774
     63.24665400
     63.34350363
     63.37954701
     63.90082713
     63.84099847
     62.28662843
     62.28662843
     63.44306690
     63.44306690
     61.86078314
     61.86078314
     63.10348995
     62.57481785
     62.57481785
     61.42630569
     61.54970496
     62.74214469
     63.38435907
     63.38435907
     62.72723960
     61.30710380
     61.30710380
     62.09617463
     62.94730952
     63.79089252
     63.68137676
     63.81114920
     63.78320532
     63.71544772
     63.71544772
     63.40378542
     63.78670179
     63.87382145
     63.40334483
     63.35220571
     63.34792003
     63.40272254
     63.64690751
     63.64690751
     64.11759804
     64.00756962
     64.00756962
     64.10863862
     64.32814965
     64.18162526
     64.02618708
     64.02618708
     64.18290382
     64.18290382
     64.10800139
     64.25697580
     64.17131125
     64.17131125
     64.31130723
     64.34846183
     64.34846183
     64.34846183
     64.33476622
     64.14133922
     61.94758261
     59.87672063
     59.87672063
     62.53969975
     62.53969975
     63.51573566
     63.52149148
     63.70886393
     63.50080686
     63.51581432
     63.51799825
     63.55650711
     63.33678824
     62.15840284
     61.91257134
     61.91257134
     61.91257134
     61.91257134
     61.80457805
     63.46602193
     63.35170500
     63.56493131
     63.48033580
     63.48033580
     64.21649659
     64.21649659
     64.27733626
     64.16113453
     64.28725536
     64.28725536
     64.28725536
     64.23221568
     64.02733430
     64.18807226
     64.18807226
     64.19916022
     64.19916022
     64.19916022
     64.38348754
     64.14367912
     64.14367912
     64.15623697
     64.15623697
     64.18891958
     64.36632780
     64.34691801
     64.34691801
     64.34691801
     64.34691801
     64.42817004
     63.62582041
     63.62582041
     62.35730284
     62.35730284
     62.35730284
     63.99064242
     63.92266960
     63.92266960
     63.92266960
     63.92266960
     64.15690779
     64.15690779
     64.17777165
     64.17777165
     64.17777165
     64.14656796
     64.26002818
     64.28998943
     64.30067191
     64.30067191
     64.30067191
     64.12123942
     64.12123942
     64.11349962
     64.11349962
     64.14453132
     64.11640580
     63.80238981
     63.80238981
     63.80238981
     63.80092542
     63.92199117
     63.67706900
     64.08640154
     64.16876954
     64.16876954
     64.12732507
     64.17137734
     64.17137734
     63.71557007
     63.71557007
     63.71557007
     63.80007133
     63.80007133
     63.80007133
     63.36993195
     63.36993195
     63.36993195
     63.20215883
     63.20215883
     63.83644213
     63.83644213
     64.25108294
     64.25108294
     64.05004199
     64.05004199
     64.21744495
     64.21744495
     64.11365407
     64.45340282
     64.45340282
     64.45340282
     64.45340282
     64.45340282
     64.41842867
     64.40934459
     64.40934459
     64.40934459
     64.38019236
     64.31182587
     64.31182587
     64.27798765
     64.03405909
     64.03405909
     64.03405909
     64.03405909
     64.16878133
     64.14749255
     64.20980995
     63.93187902
     63.86454007
     63.86134158
     64.01985276
     63.42389143
     63.86355405
     63.68092287
     63.42640367
     61.63597667
     61.42242679
     62.00606392
     62.69105131
     63.46483771
     64.04983852
     64.04983852
     64.10824992
     64.10824992
     63.84953466
     63.84953466
     63.96583364
     63.96583364
     61.63234468
     60.32243735
     60.84079883
     61.28914366
     60.37564688
     60.37564688
     59.31057402
     61.15951746
     59.94720593
     59.66988775
     61.50262136
     61.50262136
     61.50262136
     62.55821288
     62.91489254
     62.92257321
     62.92655729
     63.50529117
     63.44911616
     63.38702020
     62.84401201
     62.10427505
     63.09889233
     63.09889233
     63.03194829
     62.77366962
     62.77366962
     61.66330374
     63.18440906
     63.66903678
     63.72958177
     63.38788094
     63.01774123
     63.85130797
     63.57694882
     63.73467607
     63.70523998
     63.70562199
     63.76897456
     63.74903030
     63.65884557
     64.15060780
     64.08831319
     64.08698021
     64.08698021
     63.85962808
     63.01452116
     63.38138451
     63.35235553
     63.41564404
     64.29682543
     64.31734396
     64.33091678
     64.33091678
     64.33091678
     64.16089317
     64.34015911
     64.44432681
     64.44432681
     64.44399246
     64.50409279
     64.40686560
     64.40686560
     63.67637047
     63.67637047
     63.79729875
     63.79729875
     63.14804489
     64.06626929
     64.06626929
     64.06626929
     64.06626929
     64.06626929
     64.32236900
     64.32236900
     64.23036067
     64.23036067
     64.21089246
     64.21089246
     63.92670365
     63.92670365
     63.79216191
     63.89364635
     63.89364635
     63.89364635
     63.88941778
     64.03656428
     62.71644261
     63.31871299
     63.82873902
     63.82873902
     63.88447664
     63.88000773
     64.12546930
     63.78615427
     63.78219507
     63.81967528
     63.38562549
     63.60720207
     64.09288802
     63.44211844
     63.65450236
     63.65450236
     63.80865947
     64.03520192
     64.13229494
     64.07765063
     64.19966631
     64.19966631
     64.32755663
     64.32755663
     64.32755663
     64.32755663
     64.26627318
     64.26627318
     64.25475869
     63.65772663
     63.65772663
     63.71460843
     63.53732433
     63.20419753
     63.41978036
     63.41978036
     63.41978036
     63.41978036
     62.07177538
     62.07177538
     62.70550381
     62.70550381
     62.70550381
     62.70550381
     62.70550381
     62.70550381
     62.70550381
     64.06974901
     63.95176403
     63.95176403
     63.39567804
     63.79033215
     64.20836383
     64.20836383
     64.20836383
     64.14807363
     63.94025206
     63.73386497
     64.03559203
     63.94207739
     63.05734819
     63.07333360
     63.31761057
     59.76387407
     60.95279341
     61.36800596
     61.59018366
     62.15436316
     61.26447477
     61.38900801
     61.27196722
     62.37390183
     63.15153717
     63.15153717
     62.35467488
     61.96074619
     61.95700680
     61.80520615
     61.80520615
     61.80520615
     62.28930008
     63.20957798
     63.20957798
     62.52115002
     62.92999603
     62.92999603
     63.28143937
     62.03138136
     62.03138136
     62.03138136
     62.03138136
     63.31037680
     63.68077624
     64.12145102
     63.93970562
     64.00744144
     64.07149383
     63.63898988
     63.37912863
     63.37912863
     63.27762712
     63.74229956
     63.74229956
     63.80120654
     63.44589103
     63.41958688
     63.41329497
     63.40227189
     62.41597358
     62.44815496
     60.19914839
     60.59527317
     60.59527317
     64.04518504
     63.83123713
     64.00577229
     63.92933791
     64.10121250
     63.49441077
     63.47514796
     63.86216665
     63.86216665
     63.86608598
     64.18582914
     64.18582914
     64.44603140
     64.39958698
     64.39958698
     64.39958698
     64.44982243
     64.44982243
     64.44982243
     64.48787718
     64.51051558
     64.51051558
     64.51051558
     64.51051558
     64.35016987
     64.35016987
     64.35016987
     64.29870827
     64.38591713
     64.38591713
     64.38591713
     64.38591713
     64.38591713
     64.44962214
     64.38319331
     64.38319331
     64.38319331
     64.38319331
     64.40708470
     64.40708470
     64.47754270
     64.47754270
     64.28629597
     64.23663425
     64.23663425
     64.06074833
     64.06074833
     64.02188694
     63.15243987
     63.13926361
     63.76948275
     63.15355725
     63.21658100
     63.21658100
     63.21805587
     62.58462597
     62.58462597
     62.24632585
     61.67280306
     61.67280306
     58.82455097
     61.78618222
     60.55645445
     60.33736101
     60.33736101
     60.33736101
     60.33736101
     61.18106517
     61.67020681
     61.67020681
     61.67020681
     62.41388908
     63.66093585
     63.66094890
     63.32557856
     63.32419008
     63.32419008
     63.72844159
     63.72844159
     63.83894020
     63.83894020
     63.83894020
     63.83894020
     63.83894020
     63.22041176
     63.22041176
     63.22041176
     63.46924658
     63.70901401
     63.66600809
     63.78285208
     63.97668634
     63.97370167
     63.97370167
     63.97370167
     64.01285983
     63.42252095
     63.42252095
     63.36995965
     63.03836638
     61.77935050
     61.98081423
     61.99288127
     61.99288127
     61.99288127
     61.63727245
     61.62821011
     61.07933470
     61.01386801
     61.01386801
     61.01386801
     60.23598246
     61.05468063
     61.21452714
     60.24833836
     61.17564846
     62.23266480
     61.27595908
     62.43891715
     62.87023822
     63.01439426
     62.67979171
     62.90407318
     62.62004583
     62.51617831
     62.81789946
     62.81789946
     63.23428117
     62.62686716
     62.16385690
     62.50154640
     62.84504937
     63.12744160
     63.12744160
     62.93971335
     62.93971335
     62.93971335
     63.07740325
     63.07740325
     63.07740325
     63.65199044
     62.26705961
     61.29850837
     63.22039215
     63.22039215
     63.22039215
     63.22039215
     64.22955301
     64.16033124
     64.16033124
     63.50248881
     63.50248881
     63.30669424
     63.30669424
     63.23056576
     63.23056576
     63.23056576
     63.04762786
     63.04762786
     63.04762786
     63.04762786
     63.04762786
     62.70254565
     62.70254565
     62.70254565
     62.51605177
     62.51605177
     62.70535208
     62.71988887
     62.85689745
     62.85689745
     62.67828206
     62.67828206
     62.67828206
     62.67828206
     62.67828206
     62.67828206
     62.67828206
     62.67828206
     62.67828206
     63.01428323
     63.01428323
     62.50373852
     61.78424603
     62.85238115
     64.45236985
     64.45236985
     64.45236985
     64.45236985
     64.40484356
     64.22957725
     64.23264775
     64.23707706
     64.21912907
     63.82620455
     63.62854188
     62.37037230
     62.37037230
     62.26604185
     62.26604185
     62.48905338
     62.48905338
     62.48905338
     62.46395852
     62.60976407
     62.60976407
     62.87643956
     63.00466035
     63.04870415
     63.04870415
     62.94034314
     62.90673074
     62.90673074
     62.88716795
     62.85195351
     62.76011468
     62.47136997
     63.02934042
     63.02934042
     63.02934042
     63.02934042
     63.25409457
     62.52982556
     62.35281283
     62.35281283
     62.45964452
     63.27064841
     63.27064841
     63.61551374
     63.61551374
     63.61551374
     63.40817664
     63.40817664
     63.81285248
     63.93691787
     63.93691787
     63.93691787
     64.11320362
     63.93041127
     63.73407215
     63.57660140
     63.57660140
     63.57660140
     63.57660140
     63.54132894
     63.91704305
     63.84529090
     64.12396783
     64.12874902
     64.12874902
     63.78188708
     63.07465041
     63.45671160
     63.45671160
     63.45671160
     63.74854638
     62.93483398
     63.92178979
     63.35620803
     63.69944919
     63.76980456
     64.07766696
     64.26102735
     64.26102735
     64.01235478
     64.01235478
     64.24800109
     64.16373312
     64.20324456
     64.15962980
     64.03805825
     64.03805825
     64.03805825
     64.45308577
     64.45308577
     64.45308577
     64.45308577
     64.45308577
     64.45308577
     64.45308577
     64.45308577
     64.45308577
     64.46204708
     64.46204708
     64.46204708
     64.37385970
     64.17055030
     64.17055030
     64.16123215
     64.16123215
     64.16123215
     64.16123215
     64.16123215
     64.38923980
     64.37005142
     64.09726719
     64.35181780
     64.10273825
     64.10273825
     64.13634505
     63.19249614
     63.19249614
     62.92233767
     62.27840250
     63.12243350
     63.16110707
     63.13110978
     63.22384004
     62.61031568
     62.41257326
     61.97273256
     61.08458275
     60.66458776
     60.96541180
     61.85359574
     61.85359574
     61.91383842
     61.91383842
     62.28763660
     62.28763660
     61.72298705
     62.06080751
     62.22681772
     62.88827305
     62.88827305
     63.21682007
     63.19905805
     63.19905805
     63.19905805
     63.19905805
     63.20415450
     63.02436479
     63.02436479
     63.02436479
     63.71903760
     63.69576720
     64.17478658
     64.10436637
     64.06443684
     63.68479706
     63.69181558
     63.90269612
     63.90269612
     63.92187939
     63.96560734
     64.33156032
     64.23387253
     63.99430482
     63.93401986
     63.62151818
     64.23695930
     64.39346117
     64.39346117
     64.39346117
     64.32151357
     64.14766817
     64.14766817
     64.20782279
     64.20782279
     64.20782279
     64.21086405
     64.21086405
     64.21086405
     64.21086405
     64.12290607
     64.12290607
     63.94786017
     64.23358152
     64.15013166
     64.17520398
     64.17520398
     64.09536558
     64.09536558
     64.09536558
     64.01108615
     64.03368523
     64.03368523
     64.03368523
     64.03368523
     63.97514646
     64.13250858
     64.12209066
     64.11242157
     64.13925904
     64.08370768
     64.08370768
     63.08040012
     63.76174358
     63.20535749
     62.77351661
     62.77351661
     64.24245650
     64.15014491
     64.05181487
     64.05181487
     64.05181487
     64.27729051
     64.05959424
     64.05959424
     64.05959424
     60.48933152
     61.79337297
     61.82293435
     63.32882963
     63.70106479
     63.70106479
     63.90276049
     63.90276049
     63.90276049
     63.80303705
     63.80303705
     63.80303705
     63.59049747
     63.59049747
     62.88834685
     62.93346919
     62.75352350
     62.83810771
     61.91185616
     61.79063684
     61.45250979
     63.38202344
     62.33470889
     61.31166647
     62.03148849
     62.41812142
     62.26102422
     62.13829005
     62.57118523
     63.07072932
     63.02677780
     63.02677780
     63.05915613
     62.80627210
     62.80627210
     61.75720814
     61.31947846
     60.97288114
     62.16181638
     62.25234386
     62.19107557
     62.74184814
     62.49962048
     62.37416793
     62.87723663
     63.58501344
     63.86455791
     63.12679104
     62.67652927
     63.05006343
     63.66041527
     63.26765801
     63.26765801
     63.26765801
     63.40403029
     62.63675218
     62.63675218
     63.78784805
     63.85959505
     63.77195418
     63.77018139
     64.00727756
     64.05703463
     64.22747719
     64.22747719
     64.22747719
     64.22747719
     64.34334424
     64.34334424
     64.34334424
     64.33897466
     64.33897466
     64.23379402
     63.55464546
     63.60849790
     63.32749312
     63.88992928
     62.45677429
     62.85541730
     63.54911540
     63.54911540
     62.94935570
     62.53130178
     62.53130178
     63.37736100
     63.37736100
     63.64882372
     64.04624013
     63.57963899
     63.96950003
     63.96950003
     64.10195752
     63.99095618
     63.99095618
     63.99095618
     63.99095618
     64.22926602
     64.07739763
     64.00552494
     64.00552494
     64.00442981
     64.00442981
     64.00442981
     64.10731972
     64.10731972
     64.07070469
     64.38550150
     64.35609361
     64.36270926
     64.44366278
     64.44366278
     64.44366278
     64.47436815
     64.47436815
     64.47436815
     64.47436815
     64.47436815
     64.47436815
     64.47436815
     64.47436815
     64.47436815
     64.44110715
     64.45784945
     64.52479959
     64.52479959
     64.52479959
     64.52479959
     64.52479959
     64.52479959
     64.52266780
     64.52266780
     64.52266780
     64.52266780
     64.52266780
     64.52266780
     64.52266780
     64.52266780
     64.52266780
     64.52266780
     64.50041029
     64.50041029
     64.50041029
     64.48936300
     64.48936300
     64.10900638
     64.10900638
     64.27723662
     64.27723662
     64.27723662
     64.12331018
     63.05786646
     63.06545884
     62.48559721
     62.50041989
     62.55878357
     62.96496213
     60.80940591
     62.68871984
     62.60477416
     62.64975747
     62.64975747
     62.64975747
     62.76845401
     62.93922016
     62.80016525
     62.64351128
     64.06033573
     63.87512953
     63.87512953
     63.87512953
     63.87512953
     64.27492370
     64.21807077
     64.21807077
     64.21807077
     64.15758365
     64.15758365
     64.15758365
     63.63728070
     63.63728070
     63.63728070
     63.64070560
     63.79273412
     64.04481828
     64.04063637
     64.05156729
     63.99337689
     63.87270727
     63.80962386
     63.85885477
     63.76964733
     63.91813473
     63.73918347
     64.00061832
     64.14543423
     64.09307191
     64.07604011
     63.90764634
     64.38310641
     64.38310641
     61.22996599
     61.22996599
     61.68126541
     62.72502499
     62.12292563
     62.86069649
     63.08155675
     63.26002510
     63.18847431
     63.18847431
     63.37538168
     62.39442683
     62.39442683
     62.45088007
     62.21217537
     61.88485077
     61.90613763
     62.29346233
     61.73623567
     61.73623567
     61.73623567
     61.73623567
     61.73623567
     62.37649335
     62.39296204
     61.56568364
     61.56568364
     61.56568364
     61.56568364
     61.72740915
     62.88945358
     62.89085248
     62.89085248
     63.16260767
     61.93649988
     61.93649988
     61.93649988
     61.93649988
     61.93649988
     61.93649988
     62.09889561
     60.96943503
     60.96943503
     59.02350733
     59.02350733
     59.02350733
     59.02350733
     61.68992061
     61.68992061
     62.17006028
     61.54964791
     63.75576270
     63.75576270
     63.75576270
     63.75576270
     63.75576270
     63.75576270
     63.75576270
     63.75576270
     63.75576270
     63.75576270
     64.16288900
     64.16288900
     64.16288900
     64.16288900
     64.24795858
     63.41625566
     62.60600076
     62.59671342
     62.59671342
     62.59671342
     61.80939743
     61.80939743
     62.20876953
     62.08328746
     62.30357669
     62.28016079
     62.07097044
     62.07631946
     61.82497373
     62.33539294
     62.81571878
     62.81571878
     62.81571878
     62.80677567
     62.80677567
     63.49671408
     63.27731472
     63.41501438
     61.02739869
     61.02739869
     63.07462345
     63.51656839
     63.53848271
     63.53848271
     63.44334676
     64.17085345
     64.20222016
     64.20222016
     63.85353418
     61.71640918
     61.71640918
     61.71640918
     60.64609839
     60.64609839
     60.64609839
     61.19076714
     61.19076714
     60.96152899
     60.10318638
     61.47193373
     61.64069588
     61.65608631
     61.08778111
     61.22870194
     61.47165290
     61.47165290
     61.47165290
     61.99258747
     62.65132601
     62.34894831
     63.44139638
     63.44034888
     63.30719717
     63.30719717
     63.32032278
     63.87188698
     63.57561022
     63.57561022
     63.57231255
     63.40403637
     63.65870618
     63.36823942
     63.38012863
     63.23178311
     62.92458528
     62.92458528
     62.33381755
     62.32463371
     61.54596256
     61.54596256
     61.99453237
     61.82508482
     62.32172600
     63.13496344
     63.39213394
     63.65068750
     63.86467253
     62.91076744
     63.20736931
     64.23268402
     64.18789205
     64.18848327
     64.18848327
     63.87258078
     63.97433217
     63.45149283
     62.11729697
     62.11729697
     63.06996731
     62.67360650
     62.67360650
     62.71629451
     63.17858825
     63.07717444
     63.01134879
     63.01134879
     62.37280991
     62.01806412
     62.29494059
     61.56732722
     61.56732722
     62.07670054
     62.07670054
     62.07670054
     61.96512172
     62.46986057
     61.99655678
     62.96559531
     62.96559531
     62.69859359
     63.11269892
     63.11269892
     62.71892893
     62.41068921
     62.41068921
     62.43902941
     62.43902941
     58.44112751
     55.51010001
     55.51010001
     55.51010001
     62.06769924
     61.05896694
     61.68978525
     61.68978525
     61.60918416
     61.60918416
     61.51830494
     62.31065257
     64.33721511
     64.33721511
     64.33721511
     64.29229046
     63.92837432
     63.92837432
     63.63058356
     63.63058356
     63.51004943
     63.51004943
     63.86748415
     63.88783824
     63.20590285
     63.80664959
     64.05943759
     64.17732085
     64.15720072
     63.96168838
     63.96168838
     63.96168838
     62.38282260
     62.68280102
     62.68280102
     62.66190833
     63.18232181
     63.18232181
     62.66984474
     62.61209497
     62.55513382
     62.17924259
     62.28793471
     62.55398087
     62.56964964
     62.03709585
     62.04264526
     62.62743227
     61.91884861
     62.51255323
     63.14713477
     63.14713477
     63.14713477
     63.20386038
     63.18326676
     63.27187833
     63.27187833
     63.38674508
     63.38674508
     63.67701197
     63.71072469
     63.52113622
