    123.34361983
    123.93225335
    124.04804807
    124.02515743
    123.59943780
    124.06357332
    124.03324194
    124.01630521
    123.88161637
    124.23672653
    124.23672653
    124.23672653
    124.23672653
    124.22371796
    124.19509796
    124.19509796
    124.03828865
    123.50242007
    123.50242007
    123.50242007
    123.50242007
    123.75626150
    124.23313187
    124.22512604
    123.28408693
    123.28408693
    123.13266824
    121.83131580
    122.53592675
    123.25142129
    123.61467002
    123.26604348
    123.26604348
    123.26604348
    123.24568609
    123.41351584
    122.09184394
    122.09184394
    123.28594567
    123.28594567
    123.59685219
    123.16402218
    123.72640688
    123.73811158
    123.73811158
    123.73811158
    123.46943997
    123.90043517
    123.55961096
    123.59586445
    123.60879005
    120.48633708
    120.48633708
    120.48633708
    122.96747152
    122.96747152
    122.96747152
    122.96747152
    122.45173386
    122.45173386
    122.45173386
    123.67611620
    123.69092393
    122.02295164
    122.74398934
    122.74398934
    121.39563126
    123.98352148
    124.13472161
    124.03717159
    123.72313031
    123.86386735
    123.70254662
    123.50900078
    123.50900078
    123.58556351
    123.58556351
    123.81401397
    123.81401397
    123.80361521
    123.75063526
    123.75562674
    123.97070811
    124.18703536
    124.18647227
    124.22236597
    123.98574894
    124.03195296
    124.02222197
    124.01556372
    124.01556372
    124.01556372
    124.23669052
    124.23669052
    123.85900626
    123.75242284
    123.46807804
    123.46807804
    123.46807804
    123.46807804
    121.18227490
    121.78214993
    120.06305261
    120.06305261
    119.58735434
    119.58735434
    119.58735434
    122.00151401
    120.27977231
    121.74475795
    121.31466238
    121.31466238
    119.54444234
    119.61942980
    119.92279170
    119.92279170
    120.43539021
    121.50240744
    121.96109315
    121.68366577
    121.68366577
    121.68366577
    121.81093906
    121.81093906
    122.92398904
    122.47790019
    119.08176406
    121.03652256
    120.29055919
    121.27291740
    121.03065401
    121.03065401
    121.03065401
    121.89739531
    118.39323897
    118.39323897
    118.48585278
    122.11671730
    122.11671730
    122.96222422
    122.96222422
    122.02978245
    121.81884325
    121.93204809
    121.93204809
    121.93204809
    123.20719715
    123.20719715
    123.20719715
    123.20719715
    123.86349894
    123.86349894
    123.55717095
    123.59496925
    124.04557858
    123.65475227
    122.51384023
    122.27314691
    122.27314691
    122.27314691
    122.42270791
    123.04383719
    123.04383719
    121.23626660
    123.21224770
    123.35645880
    123.33124104
    123.92628433
    123.92628433
    123.92628433
    123.91360146
    123.89795884
    123.30913983
    123.30913983
    123.56986076
    124.14683751
    124.14683751
    124.08387933
    124.08387933
    124.15950709
    124.17962010
    124.16428877
    124.17279513
    124.13036975
    123.96692035
    123.89514769
    123.89514769
    124.20747601
    124.19167244
    124.14804078
    123.59608451
    123.59608451
    123.41076779
    123.55214496
    123.42583825
    122.41843104
    122.52132474
    122.92115975
    122.06104762
    122.89842346
    123.34397283
    123.34397283
    123.59359807
    123.59359807
    123.73265662
    123.35512892
    123.43883165
    123.49260049
    123.49260049
    123.15204632
    123.12653307
    123.33934364
    123.61277316
    123.61277316
    123.61277316
    123.93519548
    123.83756740
    123.56426489
    123.56353030
    123.58272835
    122.75606473
    121.99529414
    121.99529414
    123.65035480
    123.31261126
    123.45081637
    123.85128571
    123.88027545
    124.12993179
    124.12993179
    124.12993179
    123.85558808
    123.86826979
    123.77584069
    124.23941488
    123.61343191
    123.56713171
    123.65307555
    123.74996711
    123.36060243
    123.36060243
    123.36060243
    123.35914744
    123.99830958
    123.99830958
    123.60226791
    123.04572512
    122.97172477
    122.55957071
    123.36847720
    123.97781916
    123.91805687
    123.91805687
    123.76906260
    123.76906260
    123.76906260
    123.84160726
    123.85192231
    124.12965225
    124.04598488
    124.04598488
    123.93738420
    123.94565759
    124.18715457
    124.17866529
    124.19438763
    124.14624554
    124.14624554
    124.14624554
    124.08952567
    123.85470721
    122.73109933
    122.64423043
    122.05935282
    122.05935282
    123.22292235
    123.62342620
    122.24220074
    122.24220074
    121.82858117
    121.89192297
    120.14380129
    123.62317804
    123.90791450
    123.90791450
    123.98945291
    123.98945291
    124.03883185
    124.03883185
    123.87852769
    123.16872513
    122.93143666
    122.93143666
    122.64707380
    124.11281961
    124.09257363
    123.47340429
    123.47340429
    123.47340429
    124.09711316
    123.74122381
    124.22027471
    124.21750889
    124.21750889
    123.80310924
    123.23113648
    123.33009071
    123.43995435
    123.42020120
    123.54654338
    123.94563913
    124.17512105
    124.21809909
    124.22649854
    124.21198213
    124.18240436
    124.20360580
    124.09570032
    123.17603056
    123.17603056
    123.17603056
    122.05376046
    122.74288010
    123.72014505
    124.11751191
    124.06287055
    123.03858463
    123.61496742
    123.68430722
    122.68865501
    123.42265345
    123.42265345
    122.52428021
    123.29662561
    123.29662561
    123.29662561
    123.29662561
    123.36467857
    122.61027746
    122.04647549
    122.04647549
    122.04647549
    122.04647549
    122.04647549
    122.21056686
    122.21056686
    122.21056686
    122.21056686
    122.21056686
    122.90800068
    123.44596513
    123.44596513
    123.58875411
    122.55728053
    121.41188686
    121.41188686
    121.41188686
    121.97399983
    121.74601754
    121.74601754
    121.74601754
    122.78190664
    122.70462694
    122.70462694
    122.70462694
    123.82647577
    123.96523078
    124.03308501
    123.54822175
    123.54822175
    123.15148868
    123.54472492
    123.54472492
    123.54472492
    123.54472492
    123.54472492
    123.67136970
    123.36376124
    123.27779788
    123.27779788
    123.27779788
    123.27779788
    122.63165785
    119.75011538
    119.75011538
    119.72146190
    119.72146190
    121.85487795
    121.85487795
    121.85487795
    123.54956976
    123.13856341
    123.80434112
    123.69978647
    123.69978647
    124.02629375
    123.16943027
    123.33743168
    123.46291824
    124.01789770
    122.29519508
    123.07261099
    123.28475224
    122.36898246
    122.36898246
    122.36898246
    122.25470110
    123.21403649
    120.62237313
    120.62237313
    122.94252150
    122.93925406
    122.93616137
    123.44652216
    123.74136514
    123.90150485
    123.90150485
    123.83190376
    123.86457965
    123.24089626
    123.44993290
    123.44993290
    123.13085947
    123.20768788
    123.20768788
    122.32740539
    122.32740539
    122.28892183
    122.28892183
    122.47226415
    122.47226415
    122.47226415
    122.47226415
    122.47226415
    123.02012926
    123.02012926
    123.96046782
    123.82952679
    123.82952679
    123.97361753
    122.85934732
    122.83162637
    122.96744651
    123.88403584
    123.49091780
    123.46082692
    123.73830548
    123.50121987
    123.46662854
    123.91972854
    123.91900622
    124.14008445
    124.14008445
    124.21355897
    124.21429607
    124.18716098
    124.21568710
    124.04403280
    124.16139785
    124.09169780
    124.12291407
    124.12293129
    124.12538097
    124.12538097
    123.83132123
    123.91153763
    124.20092772
    123.89068754
    120.05241332
    120.05241332
    120.39960407
    121.96512177
    121.96512177
    122.47892888
    123.21370858
    122.93271992
    122.93271992
    123.22326945
    123.93492865
    123.15918681
    122.85092398
    122.01993155
    122.80219636
    119.94787495
    119.94787495
    123.32317479
    123.32317479
    123.93558354
    123.93558354
    124.01438880
    124.01438880
    124.22761105
    124.23333268
    124.23333268
    123.98774067
    123.93411542
    123.02866359
    123.02866359
    123.34417004
    123.53634979
    123.64089275
    123.36425614
    123.36425614
    123.36171919
    123.36171919
    123.36171919
    124.08782238
    124.09354970
    124.10059514
    124.05851614
    124.22690023
    124.16820594
    124.06568000
    124.06568000
    124.06568000
    124.09629382
    124.00690165
    124.03491220
    124.14826080
    124.14826080
    124.15318259
    123.88208752
    124.17301767
    123.69138834
    123.59456407
    124.23776333
    124.23776333
    123.80319605
    123.08131501
    123.49161062
    123.92556621
    124.04375929
    124.15941150
    124.15941150
    124.14813191
    124.06317752
    124.03141555
    124.18315945
    124.12646129
    124.14811819
    123.84087711
    123.84087711
    123.84087711
    123.57304107
    123.71156250
    123.96388193
    124.16035826
    124.16035826
    124.18058266
    124.18058266
    123.71912042
    123.71912042
    123.40354946
    123.64859654
    123.86458383
    123.92751350
    123.63031809
    123.63031809
    124.03443929
    124.12393555
    124.08233823
    123.93982086
    123.32037234
    123.32037234
    123.36562013
    123.23136282
    123.37953158
    123.18321635
    123.96529160
    123.96529160
    124.19632660
    123.18376369
    123.18376369
    123.18376369
    123.31640795
    123.45896721
    123.21700143
    121.58286204
    121.58286204
    121.55842151
    122.14946110
    120.24865139
    118.24062383
    118.24062383
    117.77778558
    117.90297604
    117.19015522
    117.19015522
    115.76847174
    114.66950338
    115.76730089
    114.80002828
    114.80002828
    114.16903790
    116.27912713
    116.27912713
    117.52456169
    116.35127135
    116.57284144
    116.57284144
    123.05579364
    123.13362055
    123.55178221
    123.55178221
    123.55119109
    123.76336580
    122.86773083
    123.43129782
    122.45496995
    123.31589360
    123.20410831
    124.04005538
    124.04806293
    124.04806293
    123.75331965
    122.78939967
    122.72413384
    122.84871134
    122.78686358
    123.52491678
    123.52491678
    121.67098480
    121.67098480
    119.05630206
    121.53744417
    121.53744417
    121.53744417
    121.07150685
    121.07150685
    121.07150685
    121.66318599
    121.56950603
    122.92952161
    122.92952161
    122.97746230
    122.97746230
    122.97746230
    122.88741756
    122.88741756
    122.88741756
    122.88741756
    122.88741756
    122.46780505
    122.46780505
    123.86457860
    123.63615905
    123.91869717
    124.02841312
    123.68118680
    123.68118680
    122.25421713
    122.25421713
    122.25421713
    124.07190620
    124.08455207
    124.05082936
    124.09138400
    123.89222860
    123.61943176
    123.61943176
    123.90924528
    123.91605277
    122.91043936
    122.91043936
    122.91043936
    122.99876840
    122.67521710
    120.77702230
    120.73648450
    121.92887835
    121.92887835
    122.28464106
    120.94021125
    120.94021125
    120.14825629
    120.05233335
    120.05233335
    123.10516761
    123.10516761
    122.82787733
    123.20787256
    123.37345701
    123.38084623
    123.38084623
    123.38084623
    122.77746335
    123.49860198
    123.49860198
    123.49860198
    124.07320958
    124.06113587
    124.06113587
    124.06113587
    123.87883889
    124.05678654
    124.00115115
    123.87585365
    123.94410021
    123.94410021
    123.17236103
    122.14895064
    122.14895064
    122.14895064
    121.93241214
    121.93241214
    121.47834782
    121.47834782
    121.47834782
    121.47834782
    120.05303622
    120.05303622
    122.55349718
    122.49030805
    122.80203714
    122.80203714
    122.80203714
    121.85169511
    121.93508095
    121.25618513
    121.25618513
    121.25618513
    121.65557279
    121.82472811
    121.35677138
    121.35677138
    121.35677138
    121.35677138
    121.35677138
    121.35677138
    122.46936038
    122.33562752
    122.64120167
    120.91192856
    122.17374920
    122.17374920
    122.17374920
    122.17374920
    122.13072415
    120.72615452
    120.72615452
    120.72615452
    121.46154342
    121.46154342
    121.46154342
    121.46154342
    122.85815230
    123.17514929
    123.17514929
    121.93594520
    121.40579280
    123.09889140
    123.55244532
    123.76055597
    124.15050744
    124.14289845
    123.47480838
    123.35684523
    123.19838743
    123.10616279
    124.18875322
    123.79970162
    123.90174481
    123.80568773
    124.23941790
    124.20432584
    123.85853988
    123.77453541
    123.69868066
    123.69868066
    123.69868066
    123.50458899
    123.50458899
    121.93480574
    122.61134717
    122.61134717
    123.79430235
    123.79430235
    124.14441581
    124.12829713
    124.07512111
    124.16822306
    124.18309690
    124.14394377
    124.10882225
    124.19453951
    123.82539898
    123.33626494
    123.02570384
    122.95868211
    122.95868211
    122.95868211
    122.95868211
    123.59879436
    123.47279560
    123.88676443
    123.88676443
    123.77880738
    122.65942925
    123.11170592
    123.23385243
    122.82446214
    122.93482145
    122.93482145
    123.12102460
    123.12102460
    122.32295936
    122.53341875
    121.79568544
    121.79568544
    121.57590206
    121.57590206
    121.57590206
    121.58461412
    121.80464369
    122.18679025
    122.90443524
    123.13649235
    123.14655471
    122.65580717
    123.66998221
    123.50531128
    121.51343446
    121.71977807
    121.58000624
    122.94475453
    122.94475453
    122.94492373
    122.86829859
    122.86829859
    122.37702695
    122.37702695
    122.37702695
    123.09450118
    122.23126465
    122.23126465
    122.23126465
    122.23126465
    122.13723414
    122.13723414
    122.13723414
    123.41948306
    124.11540840
    124.18239034
    123.87835090
    124.18844432
    124.14697450
    124.14697450
    124.02146153
    123.24633842
    123.87219731
    118.99899027
    117.83751795
    116.97883718
    115.78927022
    114.88101519
    117.32037448
    117.32037448
    117.32037448
    118.33253781
    118.33253781
    120.97413037
    120.97413037
    120.39839728
    120.39839728
    121.39559008
    121.39559008
    117.84031256
    120.38094979
    121.36551610
    121.98593408
    122.56747043
    122.26480978
    122.26480978
    122.88017506
    123.89536560
    123.89536560
    123.89536560
    123.89536560
    123.89536560
    124.07624477
    124.07624477
    123.90250422
    123.90250422
    123.97903806
    124.04855814
    123.88317956
    123.90238128
    124.16954725
    123.34077574
    122.75833849
    121.84119989
    121.84119989
    123.27310857
    123.06995997
    123.55382551
    123.54775841
    123.40818530
    122.20751296
    122.68006401
    123.90075843
    122.78875026
    122.78875026
    122.78875026
    122.78875026
    122.86616751
    122.82006864
    122.96305352
    121.11938724
    121.59069711
    122.60941714
    123.43733102
    123.23233672
    122.51860323
    123.36890883
    123.49751972
    123.49751972
    123.37750663
    123.37750663
    123.15322150
    123.66162178
    124.12360834
    124.22001779
    123.95588968
    123.32900999
    123.32987028
    123.32987028
    123.32987028
    123.32987028
    123.49678389
    123.45680949
    123.79228620
    123.91764495
    123.93701592
    123.79508010
    123.24805623
    123.24805623
    121.53824769
    121.51587540
    121.51587540
    123.26300999
    123.33478591
    123.29268351
    123.29268351
    123.77638690
    123.90534690
    124.16551961
    124.11026186
    124.20823230
    124.20689352
    123.98702971
    123.84941906
    124.16960385
    123.63548207
    123.28888155
    122.95038223
    122.79810495
    123.72236638
    123.53044364
    123.53044364
    123.42933909
    123.25428743
    123.89184244
    123.50186373
    123.53285032
    122.74481127
    122.74481127
    122.74481127
    123.13709636
    122.24235954
    122.24235954
    122.24235954
    124.07582991
    123.84208132
    123.15145509
    123.00753556
    123.00753556
    122.82890455
    123.25611645
    123.25611645
    123.87083422
    123.87083422
    123.83312423
    123.83312423
    124.00357031
    123.92771164
    122.94859785
    123.05498439
    123.05498439
    122.75408004
    123.30840545
    123.93273577
    124.06408518
    124.06408518
    124.06080884
    124.06080884
    123.78616672
    123.80811929
    123.83060776
    124.00540592
    124.19503513
    121.57425219
    121.57425219
    121.57425219
    121.79132113
    121.57254170
    121.37971604
    121.37971604
    121.37971604
    121.37971604
    121.37971604
    122.04010299
    120.54644263
    123.05412045
    123.02602569
    123.74819016
    123.74819016
    123.49535363
    123.49535363
    124.09730945
    123.35322271
    123.76332033
    123.95168342
    123.74979784
    123.42757315
    123.42757315
    121.86697163
    121.86697163
    121.90110224
    121.90110224
    121.94518518
    121.94518518
    121.94518518
    123.37481264
    123.37481264
    123.84779949
    123.87096010
    124.19863257
    123.97415917
    123.97415917
    124.12540678
    124.12540678
    124.15867413
    124.16800858
    123.98834822
    124.13334428
    124.17164732
    124.15091276
    124.15091276
    124.23484221
    124.23458653
    123.16249301
    122.37643155
    123.07404911
    122.73950756
    123.47156259
    123.25196671
    123.25554919
    123.28799768
    123.08384109
    123.07511404
    122.60697412
    122.60697412
    123.65017363
    123.81929753
    123.95832736
    124.02893061
    123.89267024
    124.18475298
    124.01643411
    123.87139898
    123.87139898
    123.55063861
    123.99039185
    123.49716550
    123.51266473
    123.51266473
    122.77245819
    122.77245819
    121.22310667
    123.32583778
    123.24810294
    123.49134389
    123.17372664
    124.08067856
    124.23476059
    124.17893131
    124.17734231
    124.17734231
    124.16178127
    124.09369079
    123.75630483
    123.75630483
    122.92985485
    123.50079783
    123.94353567
    123.50424213
    123.59279422
    122.36587168
    123.52653328
    124.00211883
    122.60121225
    122.62442815
    122.62442815
    122.62442815
    123.06455955
    123.06455955
    123.62627148
    123.71119161
    123.71119161
    123.41951871
    123.41951871
    123.41951871
    120.38017302
    123.99146356
    123.98272309
    123.67429580
    123.50683065
    123.50683065
    123.94161310
    123.32039856
    123.73478844
    123.69166048
    123.69166048
    123.54248084
    123.68131887
    123.68131887
    123.68131887
    123.25717251
    123.32119643
    123.68896814
    123.08956905
    121.93156757
    121.93156757
    121.30951894
    121.09782418
    122.67604195
    122.67604195
    123.29657464
    123.13105420
    123.13105420
    123.13105420
    123.13105420
    123.18951240
    123.18951240
    124.14360731
    124.19993184
    124.02500848
    124.05139879
    123.69734329
    123.77571281
    123.56514733
    123.56514733
    123.56514733
    123.94969392
    124.18825266
    124.18825266
    124.14600698
    124.14600698
    124.14225020
    124.14225020
    123.71442731
    123.71442731
    123.62120061
    124.15968068
    124.18702707
    124.22118163
    124.18773536
    124.18773536
    123.98998986
    123.98998986
    123.98998986
    123.98998986
    123.98998986
    124.17761532
    124.19365487
    123.77418867
    123.94004547
    123.92376147
    123.18113635
    123.34345131
    123.34345131
    122.73517008
    120.47983429
    121.21957481
    122.78692780
    123.79571598
    123.85779137
    124.23226273
    124.03089374
    124.03089374
    124.17633976
    124.18455751
    124.06405018
    123.83902344
    123.83902344
    123.83374705
    123.83374705
    123.35443790
    123.14963757
    122.41044059
    123.04241692
    123.04241692
    123.27453718
    123.25809925
    121.83740839
    123.46489068
    123.46269481
    123.35028828
    123.45815303
    123.26804792
    123.26804792
    123.45678011
    122.39126950
    122.62673006
    122.62673006
    122.62673006
    122.84573564
    122.00906222
    122.00906222
    122.00906222
    121.47411575
    119.95061746
    119.95061746
    120.38502782
    120.38502782
    120.38502782
    120.38502782
    121.05251732
    121.05251732
    121.05251732
    121.05251732
    121.05251732
    120.78814737
    121.69756690
    122.51478781
    123.41063992
    123.41063992
    123.13783329
    123.13783329
    122.96293884
    122.87416838
    122.77156249
    122.77156249
    122.92981816
    122.94508348
    122.94508348
    123.12142345
    122.62837854
    120.24040114
    121.94936445
    123.77269865
    123.68016436
    123.68016436
    122.53717834
    122.53717834
    122.00787095
    122.09464389
    122.59299376
    121.30463873
    122.79590002
    122.56662012
    122.89213026
    123.27345917
    123.18645664
    123.76216368
    123.16359704
    121.70191020
    121.74663596
    121.74663596
    123.15382510
    123.15382510
    123.04805095
    123.04805095
    123.44807679
    123.25826946
    123.59379927
    123.73563493
    123.61018487
    123.61018487
    123.35695511
    123.35695511
    123.74116036
    123.52795165
    123.32615139
    123.43455998
    123.86248229
    123.86248229
    124.02049750
    124.02049750
    123.60242439
    123.35323129
    123.35323129
    123.33210385
    123.99150920
    123.95313087
    123.42646582
    123.42646582
    123.90354240
    123.84626366
    123.43090980
    123.98682896
    123.84072001
    123.61819773
    123.61819773
    123.61819773
    123.61707672
    123.61707672
    123.42121080
    122.51207714
    122.51207714
    122.51207714
    123.75713403
    124.17031797
    124.17031797
    123.90242199
    123.82945110
    123.77590896
    123.92845747
    123.91219483
    124.03040459
    124.01123772
    123.75616949
    123.75616949
    123.75964252
    123.95983234
    123.95983234
    124.00392935
    123.59106803
    123.58231235
    124.15245594
    123.69462323
    123.98919971
    124.00069851
    123.96282161
    123.96700779
    123.98997025
    122.82792520
    123.88853457
    123.78185365
    123.78185365
    122.53887241
    122.98837317
    123.27760716
    123.27760716
    123.08820868
    122.23172000
    122.23172000
    122.23172000
    122.23172000
    123.43188957
    122.66725403
    122.66725403
    121.96182011
    121.96182011
    123.80897344
    123.80897344
    123.59727595
    123.39373018
    123.27236943
    122.79992467
    121.76148171
    122.27802085
    123.48103281
    123.48103281
    123.85197691
    123.00597068
    122.95836701
    121.54050824
    121.89975115
    121.89975115
    121.94275479
    122.55270939
    122.55270939
    122.36951548
    122.36563568
    122.36147514
    122.36147514
    122.36147514
    121.09909794
    121.30675654
    121.30675654
    121.30675654
    122.84577233
    122.84577233
    122.84577233
    120.07276950
    121.97162650
    121.80357144
    121.80357144
    123.47092128
    123.47092128
    123.45793768
    122.43584362
    120.28746103
    120.72365857
    121.92485123
    121.92485123
    121.92485123
    123.16143967
    124.15319455
    124.08519589
    124.07481835
    124.07481835
    124.21240568
    124.06794539
    123.96364916
    123.50424211
    123.73281336
    122.89579357
    122.89579357
    122.89579357
    122.57817333
    122.57817333
    122.57817333
    122.51997788
    122.51997788
    120.20828892
    120.20828892
    121.61760876
    121.61760876
    123.18159866
    123.18159866
    123.18159866
    123.26806127
    122.69635440
    123.34377835
    122.99238944
    123.38406941
    121.59010910
    121.89661958
    121.89661958
    121.89661958
    122.33360049
    123.54860905
    123.54860905
    123.54860905
    123.12407270
    122.40625817
    122.40625817
    121.93146168
    123.14414407
    122.33409749
    122.33409749
    122.80200304
    123.43198286
    123.43198286
    123.78580017
    123.82676316
    124.07148977
    123.76878126
    123.24853758
    124.20149103
    123.96975775
    123.18118193
    120.61869493
    120.61869493
    121.02077274
    123.85364288
    123.95505480
    123.95505480
    123.95505480
    123.95505480
    124.06008283
    123.90309573
    123.90309573
    123.90853448
    123.82526997
    123.82526997
    123.92046491
    123.80279295
    123.80279295
    123.82930491
    124.16893882
    123.68194838
    123.68194838
    123.68194838
    123.74817519
    122.21334929
    121.32036328
    120.43918812
    120.43918812
    120.20851717
    122.53632419
    122.53632419
    124.08673243
    124.09471951
    124.17627079
    123.96736385
    124.12109045
    124.23595235
    124.23595235
    124.06014255
    123.56672920
    123.92817391
    123.94696017
    124.02251984
    124.11266699
    124.09618056
    124.11433009
    124.11433009
    123.72556034
    123.63251168
    123.62813960
    123.65805525
    122.65207667
    122.45051086
    122.71368651
    122.71368651
    122.36447127
    122.36447127
    122.36447127
    122.51959801
    122.60401099
    122.78023660
    123.24187765
    122.74029564
    122.74029564
    122.55117785
    123.70080120
    123.75521033
    123.66038889
    123.43217997
    121.71881812
    121.71881812
    121.71881812
    123.05329488
    123.05329488
    122.38958633
    120.16728271
    120.25366819
    120.25366819
    122.60142844
    122.60142844
    122.60142844
    123.28966684
    124.17003588
    124.17003588
    124.20341887
    123.99183768
    123.80143344
    123.02379065
    123.02379065
    122.72391404
    122.72391404
    122.72391404
    123.54618163
    123.54618163
    123.54618163
    123.54618163
    124.10769876
    124.17744530
    124.17744530
    123.51705668
    123.49746179
    123.73720323
    123.73720323
    123.73674440
    123.73674440
    123.73674440
    123.73674440
    123.76380110
    123.93443474
    123.93443474
    123.93443474
    124.15772316
    124.22379124
    124.23294411
    124.23436173
    124.19077220
    124.19077220
    124.20924961
    124.20924961
    124.10799723
    124.16937603
    124.12599059
    123.93868779
    124.22408129
    124.02043105
    123.94010187
    123.72425834
    123.76858456
    123.73528312
    124.09191762
    124.15173592
    124.18216942
    124.19335003
    124.09959404
    122.88604068
    123.53562550
    123.16924867
    122.41124680
    123.00864722
    123.86472487
    123.79601620
    123.73881550
    123.75953945
    123.81880666
    123.79560339
    123.97950728
    123.95044955
    123.99704025
    123.99704025
    123.30867790
    123.30867790
    122.53391764
    123.12380678
    123.50547740
    123.54118819
    122.99494788
    123.50958674
    122.98116469
    123.09931631
    121.62033420
    120.19662214
    120.19662214
    120.19662214
    120.00910044
    120.00910044
    120.00910044
    120.00910044
    121.16996432
    122.61842494
    122.58943762
    122.80209182
    122.80209182
    122.18588127
    122.18588127
    122.18588127
    122.47997485
    122.46988358
    122.46988358
    122.46988358
    123.71453416
    124.14285524
    124.14285524
    123.67369725
    123.70237710
    123.02200898
    120.47236699
    120.47236699
    120.09410877
    120.97369288
    122.72870706
    123.51858567
    123.36072356
    123.50019735
    123.50019735
    123.50019735
    123.12892382
    123.12892382
    123.50472793
    123.95157317
    124.04462226
    124.04462226
    124.11649406
    123.67101381
    123.66625294
    122.84312616
    122.84312616
    123.63960432
    123.97732231
    124.23041595
    123.87095839
    123.82112440
    123.74463017
    124.04292461
    124.06842601
    121.86830390
    123.20581148
    124.16718007
    124.16718007
    124.21560882
    123.19703797
    123.19703797
    119.43813304
    123.06531227
    123.86966154
    123.72103422
    123.72103422
    123.76470116
    123.76470116
    123.76470116
    122.82680880
    122.82680880
    124.07348754
    124.07348754
    124.12959810
    124.14005859
    124.07326315
    124.07326315
    124.03784798
    124.05720386
    124.21556058
    123.82808227
    123.56012908
    122.84359278
    122.84359278
    123.32638798
    123.45718039
    123.45718039
    124.13588432
    124.15194842
    124.15194842
    124.05840422
    124.05840422
    124.19778739
    124.19778739
    123.99853518
    123.84493205
    122.68952524
    123.78272816
    123.69050639
    124.17204847
    124.17204847
    123.87575812
    123.91027555
    123.91027555
    124.12855398
    124.12855398
    124.15415151
    124.15415151
    124.19449331
    123.68420653
    123.68420653
    124.00585826
    124.14331159
    123.88528076
    123.88528076
    123.88528076
    123.87902014
    123.87902014
    123.62180956
    124.19742582
    123.64862846
    123.91495148
    124.07061879
    124.18700158
    124.18636778
    124.18636778
    124.23820582
    124.10780139
    124.12578527
    124.16227761
    123.43683402
    123.93173624
    124.11165297
    124.11165297
    124.11165297
    123.76288561
    124.05163310
    123.38684364
    124.14293270
    124.14293270
    124.14293270
    123.78833685
    123.78821837
    123.82315108
    123.96673955
    123.92623810
    123.58326544
    123.11958691
    123.11958691
    124.23215922
    124.23143009
    122.78457013
    122.60215281
    123.45666664
    123.45666664
    123.45666664
    123.45666664
    123.45666664
    123.45666664
    123.74822377
    123.74822377
    123.74822377
    123.74822377
    123.74822377
    123.74822377
    123.89324385
    123.89324385
    123.59924142
    123.58881971
    123.91350563
    123.74156237
    123.59803689
    123.26922080
    123.37109490
    123.37109490
    122.72611322
    122.22208235
    122.22208235
    123.49639647
    123.49639647
    123.51455050
    123.60085950
    123.60085950
    123.76133588
    124.11042118
    124.11042118
    123.97814217
    123.66219901
    123.66219901
    123.66756375
    123.66756375
    123.61820785
    123.07294888
    123.50393898
    123.50393898
    123.18467879
    123.18467879
    123.91984635
    123.92989690
    123.92989690
    123.97199259
    123.97199259
    124.06285742
    124.06285742
    124.06285742
    124.06285742
    124.06035183
    122.73737675
    122.73737675
    122.73737675
    123.17769058
    123.17769058
    123.17769058
    123.02217498
    122.66449618
    122.66449618
    123.38255281
    123.37576569
    123.28008441
    123.46902415
    122.83309559
    122.94672829
    123.41627800
    123.05452013
    122.89823437
    123.40958695
    121.68100536
    122.84453244
    122.84453244
    123.55225310
    123.55225310
    124.12374349
    124.12374349
    124.07607538
    124.07607538
    122.82759621
    122.17602101
    123.82747243
    123.19073515
    123.19073515
    123.37441728
    123.10029162
    123.10219700
    123.12615923
    123.12615923
    122.41551634
    122.35234449
    122.35234449
    122.00684357
    120.79697036
    120.79697036
    120.79697036
    120.79697036
    120.79697036
    120.79697036
    117.78978527
    117.78978527
    117.78978527
    117.78978527
    117.66531649
    117.66531649
    119.37769562
    119.37769562
    119.37769562
    120.09997693
    120.61789391
    120.61789391
    119.82526162
    119.49240428
    119.13092270
    119.13092270
    119.36351759
    119.36351759
    116.73158681
    116.73158681
    116.73158681
    118.29250140
    118.29250140
    119.82699880
    119.82699880
    119.82699880
    121.01325316
    121.17795408
    121.17795408
    122.72701773
    122.65362093
    122.97782489
    122.45817679
    122.64334426
    123.43485532
    123.12525868
    123.92406090
    123.06344687
    123.06344687
    123.06344687
    123.47810416
    123.66812213
    123.66812213
    123.24155204
    123.60071153
    123.54526982
    123.54526982
    124.09529220
    124.02812497
    123.74495511
    122.66716823
    122.23268475
    120.59665331
    122.36879832
    122.29732307
    122.29732307
    122.29732307
    122.29732307
    122.41948217
    122.64826355
    123.49325072
    123.49325072
    123.49325072
    123.45922310
    122.96802880
    123.34522310
    123.23289296
    123.23289296
    123.23289296
    123.23289296
    123.66802237
    123.65613202
    123.57037406
    123.92478272
    123.93502673
    123.98256334
    123.92706232
    124.17876708
    124.13527249
    124.13527249
    123.83553670
    123.97745544
    123.60811156
    123.60811156
    124.04832176
    124.04886857
    124.04886857
    124.04886857
    123.50294551
    123.86083647
    123.86083647
    123.80415161
    122.88623926
    123.90750309
    124.02539433
    124.02539433
    124.02863819
    124.14312046
    123.58316949
    123.80901112
    124.17018457
    124.22503013
    124.19547194
    124.20338184
    124.18135416
    124.07078338
    124.06232461
    124.01669215
    123.91379730
    123.82035747
    123.82035747
    123.92672236
    124.15209945
    123.92134272
    123.92134272
    124.04619799
    124.04619799
    124.08604069
    123.79445185
    123.04571192
    123.82128348
    123.81552453
    123.81552453
    123.81552453
    123.83449073
    123.60689604
    123.42197645
    123.59672568
    123.30109059
    123.39264053
    123.39264053
    123.49951460
    123.42846150
    124.02845402
    124.20334881
    124.02697006
    124.05587574
    122.65095757
    120.37426981
    120.37426981
    120.37426981
    120.37426981
    120.37426981
    120.37426981
    123.96979544
    123.52810365
    123.77172695
    123.56657434
    123.59846064
    123.69618774
    124.15732067
    124.11761067
    124.11761067
    124.11761067
    124.12995287
    123.28739428
    123.28739428
    122.86297266
    123.31811059
    124.04553470
    124.04553470
    124.04553470
    123.56114573
    123.46321312
    123.67035271
    123.80214387
    123.84986533
    123.81941704
    124.06736440
    124.19984115
    124.16019138
    124.15847886
    124.22762394
    124.19327251
    123.33618360
    123.08775835
    122.62160285
    122.96442193
    123.75768413
    123.84908029
    124.20395247
    124.20395247
    123.54129197
    123.15033244
    123.15033244
    123.09633208
    124.18540027
    124.06213646
    123.28320372
    123.28331128
    124.14147180
    124.17191387
    123.83348070
    123.83348070
    123.83348070
    121.98695939
    121.98695939
    121.98695939
    121.98695939
    121.98695939
    122.12650590
    122.12650590
    123.39579531
    123.39579531
    122.44134860
    123.18099231
    121.83632588
    120.53621990
    122.63247998
    122.63247998
    122.63247998
    122.86500525
    121.83184677
    121.83184677
    121.83184677
    123.65323451
    123.33661442
    123.93720657
    123.86279950
    123.77686795
    123.98578767
    123.98578767
    124.09332589
    124.09472014
    124.09472014
    124.00272299
    123.62885147
    124.08935199
    124.09511066
    124.11090051
    124.09976461
    124.09976461
    122.66815148
    123.88230369
    123.88230369
    123.69896169
    123.68976062
    123.86720251
    123.36300653
    122.82613095
    123.44358838
    123.43658485
    123.32062084
    122.37405597
    122.68489093
    122.68489093
    122.68489093
    121.77966761
    122.43444970
    123.00623449
    122.99723120
    122.99723120
    123.27141854
    122.89891584
    122.89891584
    122.89891584
    122.89891584
    122.89891584
    122.97140843
    123.29183517
    123.29183517
    123.32023286
    123.37158442
    123.83744670
    122.95071961
    123.19535151
    123.12825915
    123.75876028
    123.67558217
    123.86932765
    123.86932765
    124.06881974
    124.06881974
    124.06881974
    124.04569250
    123.63320052
    123.63320052
    123.63320052
    123.63320052
    123.63320052
    123.63320052
    124.11613665
    124.21458160
    124.23455762
    123.92053742
    123.84659333
    123.84659333
    123.78567378
    123.86305874
    123.99910869
    124.11276401
    123.61509093
    123.61509093
    123.63187649
    123.63187649
    122.75468994
    122.25600376
    123.34201644
    123.34201644
    122.46022224
    123.19298792
    123.29179931
    122.80021593
    122.22103470
    122.03287659
    122.03287659
    122.03287659
    123.60959696
    123.60706558
    123.02794199
    123.02794199
    122.37284731
    122.37284731
    122.37284731
    122.37284731
    123.20045462
    123.82755516
    123.82755516
    123.48348839
    122.22331368
    122.22331368
    121.00517724
    121.00517724
    121.00517724
    122.77593016
    122.30051861
    122.72666507
    124.18215034
    124.14835133
    124.10179179
    124.10179179
    124.00541668
    123.69053013
    123.55271814
    123.95036486
    124.15782861
    124.19370847
    124.19370847
    124.20159068
    124.20159068
    124.22358196
    124.22358196
    124.22358196
    124.13408706
    123.81064478
    123.89148155
    123.73292773
    123.73292773
    123.24364564
    123.23078811
    123.33161320
    123.33161320
    123.32830786
    123.90541835
    123.92282199
    123.55001875
    123.14867515
    123.65553201
    123.48707797
    124.01912466
    124.01912466
    124.01912466
    123.86970089
    123.99000192
    123.99000192
    124.05308122
    124.01321513
    124.16995796
    124.20745951
    124.05930782
    124.05930782
    124.09325996
    123.87116592
    123.84657880
    123.90809062
    123.90809062
    123.84553158
    123.89584909
    123.95404130
    122.64726135
    123.44051868
    123.61432660
    121.10683648
    121.80169484
    121.80169484
    121.32670040
    121.32670040
    121.32670040
    121.71032584
    122.78680842
    120.09714794
    122.53214796
    122.53214796
    122.53214796
    121.95654871
    121.95654871
    121.74794159
    121.69394161
    121.56005302
    121.56005302
    119.14824854
    118.41070824
    118.41070824
    118.19987756
    119.87587440
    118.68590969
    118.68590969
    118.68590969
    118.68590969
    118.68590969
    118.68590969
    118.68590969
    120.42698730
    122.06946350
    119.63727720
    116.84719219
    118.20805713
    115.80830281
    115.33765893
    115.33765893
    116.59076627
    116.59076627
    119.17237552
    119.17237552
    120.69882034
    121.43407777
    120.99980408
    120.16922201
    120.16922201
    120.16922201
    120.18233715
    120.18233715
    123.13050631
    123.13050631
    123.13050631
    123.31156921
    124.15143765
    124.08442958
    124.20164328
    124.17746204
    124.18012141
    123.91719361
    124.14521663
    124.14521663
    124.02058975
    123.91217976
    123.82344121
    124.04046777
    123.79198494
    123.91719920
    123.91829028
    123.88513325
    123.88513325
    122.54383975
    122.54383975
    122.99373216
    123.84137023
    124.20805312
    123.92080336
    123.50758701
    124.04849205
    124.04849205
    124.04849205
    123.75703148
    123.75703148
    123.70401378
    123.90568480
    123.94776319
    123.94346347
    123.94346347
    123.94346347
    123.96503247
    123.31431703
    123.31431703
    124.03727176
    123.68595038
    123.95913651
    123.96094350
    123.51050899
    123.70806801
    123.70806801
    123.74239520
    121.93279192
    120.73622223
    121.61915254
    122.19088643
    123.50794509
    124.06036507
    124.04501849
    124.02264163
    123.71732559
    124.06336946
    124.06336946
    124.14220312
    124.14220312
    124.23387472
    124.18923897
    124.17823098
    124.21395229
    124.12663645
    124.12663645
    124.11079119
    124.09263121
    123.87355262
    123.87355262
    123.87355262
    123.87888935
    123.86766016
    123.86766016
    123.83690748
    123.38053230
    123.26321068
    122.77629327
    122.73724516
    122.46797116
    123.11243763
    119.89949855
    118.11443396
    118.57767244
    123.16652273
    123.84138500
    123.92505937
    123.86717321
    123.24088093
    123.39799893
    123.34918173
    123.34918173
    123.95288715
    123.95288715
    124.04573212
    124.04573212
    124.04458702
    120.99723892
    120.99723892
    120.99723892
    120.99723892
    121.92829483
    121.92829483
    123.44824222
    123.44824222
    123.60180772
    123.02544583
    123.02544583
    123.02544583
    123.02544583
    122.67583266
    121.78948460
    119.95883978
    119.95883978
    123.13019550
    122.92239125
    121.67828313
    121.67828313
    121.64335576
    122.07810019
    122.03787830
    123.92253725
    124.00700679
    124.00700679
    123.89060649
    123.89060649
    123.89060649
    123.89060649
    123.89060649
    123.89060649
    123.63674546
    122.37319914
    121.56706339
    121.56706339
    122.66900983
    122.51267954
    122.51267954
    122.51267954
    122.51267954
    122.51267954
    123.25369510
    123.40767021
    123.46031004
    123.47507220
    123.94494514
    123.79814900
    123.62924489
    122.92806068
    123.06950144
    123.01192350
    123.01192350
    123.52201287
    123.49502261
    123.49502261
    123.88998260
    123.88998260
    123.82083212
    123.74711090
    123.73746359
    124.10694682
    124.10694682
    124.02045359
    123.37637424
    123.03898704
    123.03898704
    123.03898704
    123.03898704
    123.03898704
    123.86070824
    123.86070824
    123.86070824
    123.86070824
    124.02763127
    123.89418324
    123.96558978
    123.96558978
    124.13841276
    124.11396029
    123.62682284
    123.62682284
    123.62682284
    123.49546069
    123.28935740
    123.13807530
    123.19526930
    123.89027478
    123.89027478
    124.20018618
    124.02051474
    124.00202729
    124.01434120
    124.01434120
    124.13723278
    123.91783969
    123.91783969
    123.91783969
    123.91783969
    123.20403899
    123.20403899
    123.46885853
    123.51090086
    123.51090086
    123.41459113
    123.92833267
    123.97681803
    123.97681803
    124.13649649
    124.04467639
    124.08277157
    123.52379688
    123.52379688
    123.58365889
    123.60482412
    123.45467427
    123.27225001
    122.96901490
    123.77508550
    123.47809090
    124.15387746
    123.89495749
    123.89495749
    123.97084771
    123.75560457
    123.29989457
    123.90579659
    123.90579659
    123.94504871
    123.94504871
    123.94504871
    123.95632364
    123.77408767
    122.52201531
    123.77964592
    124.22990026
    123.77791796
    123.60851305
    122.17591890
    121.97661602
    121.97661602
    121.97661602
    121.97661602
    123.12734454
    123.12734454
    123.12734454
    123.12734454
    123.12734454
    123.12734454
    120.64919939
    121.86368960
    121.64221507
    122.04704619
    122.04704619
    121.30419906
    120.94446168
    120.94446168
    120.96150887
    119.91811026
    119.91811026
    119.91811026
    119.91811026
    121.71002653
    121.89402821
    121.89402821
    121.53658978
    123.27876043
    123.27876043
    122.03123996
    121.28878330
    122.17133498
    120.70830202
    120.70830202
    120.25270123
    120.25270123
    120.25270123
    120.25270123
    122.52743192
    122.60379457
    122.45609448
    123.81255421
    123.70867595
    123.39316025
    123.39316025
    123.39316025
    122.90851899
    123.55603138
    123.77752230
    124.01784189
    123.78719033
    124.08593765
    124.08167790
    124.23397492
    124.20184808
    124.20184808
    124.21362699
    124.15294890
    124.16203491
    124.15565647
    124.15081576
    123.80814899
    123.62791408
    124.13877819
    123.70086086
    123.71378578
    123.71378578
    123.71378578
    123.71378578
    123.66080166
    123.66080166
    123.92805969
    123.55730803
    123.71445427
    123.94919548
    123.30641216
    122.86255561
    122.86255561
    122.80817297
    122.79817798
    122.60039155
    122.73167277
    124.01927620
    124.14726157
    124.14726157
    124.14726157
    124.17523237
    124.17964473
    123.94672942
    124.04063691
    124.04063691
    123.99891823
    123.70244717
    124.06829559
    124.06539156
    124.06539156
    124.06539156
    124.01697978
    124.02111207
    123.97803441
    123.82658099
    123.85346920
    123.29403826
    124.15039535
    124.15039535
    124.15714554
    124.06523691
    124.14315191
    124.14315191
    124.14315191
    124.05884024
    122.99468406
    123.12078828
    123.12078828
    123.27411269
    123.28713344
    123.38283789
    123.36251388
    123.58257873
    123.42455923
    124.21866463
    124.21866463
    124.13059218
    124.10009631
    124.03916352
    124.04516236
    123.51347305
    123.51347305
    123.89789205
    123.67807375
    123.67807375
    123.67593501
    123.86977850
    123.96269419
    124.12151988
    124.13695363
    124.16200117
    124.00035887
    123.34854436
    123.71207871
    123.71207871
    124.22377685
    124.22019548
    124.22019548
    124.23262034
    123.93534365
    123.93534365
    123.43755107
    123.43755107
    123.43755107
    123.43755107
    123.68308518
    123.68308518
    122.98648223
    122.99718962
    123.17672019
    124.04837149
    124.03134120
    123.61581879
    123.18790082
    122.05897898
    122.05897898
    121.57601174
    121.57601174
    122.89286602
    122.70418209
    123.31933969
    123.31933969
    123.28102635
    123.28102635
    123.63408935
    123.93171959
    123.93171959
    124.02240042
    123.90438439
    124.16989168
    124.02423181
    124.19184920
    122.25249487
    121.75875476
    121.75875476
    121.75875476
    121.75875476
    121.75875476
    122.73458671
    122.80390326
    123.04214167
    122.90111016
    124.16264081
    124.16264081
    123.46514513
    124.03760190
    123.51412481
    123.99726887
    124.06204177
    123.88555563
    123.88555563
    123.86163101
    124.22922950
    122.94487954
    122.94487954
    122.94487954
    123.51919008
    123.51958232
    123.51958232
    123.77960370
    123.54840285
    123.54840285
    123.47707377
    123.47707377
    123.71946070
    123.66598356
    124.14551988
    123.93497090
    123.02720885
    123.52244484
    123.52244484
    123.21224916
    123.21224916
    123.14591333
    123.48776099
    123.17093213
    123.17093213
    123.17093213
    123.17093213
    122.88102662
    123.10675287
    124.01695408
    124.01695408
    123.89282128
    123.92261980
    123.49573370
    123.49573370
    123.11795529
    122.13586782
    123.43945663
    123.43945663
    123.43945663
    123.90444528
    123.80955030
    123.73859422
    124.13909080
    124.13909080
    123.80721139
    123.65028636
    123.31463965
    123.88730560
    123.88730560
    123.92084221
    124.14121571
    124.01026242
    124.01026242
    123.83607577
    123.43591345
    122.50955906
    124.10827475
    124.10827475
    124.10827475
    124.13573042
    124.17761363
    122.94090678
    123.20843690
    123.92180725
    123.87974673
    123.87974673
    123.87974673
    124.08140004
    124.15603182
    124.15603182
    124.15603182
    124.15603182
    124.11769252
    124.21414222
    123.81179621
    123.14792176
    122.94714790
    123.52464396
    124.11611979
    124.06364356
    123.93507986
    124.07444340
    124.07444340
    123.73695663
    123.65531529
    123.86255037
    123.88360633
    123.88360633
    123.88360633
    123.82787624
    123.67718675
    122.83613152
    123.20505520
    123.20505520
    123.76066933
    123.07214415
    123.75637422
    123.66113693
    123.73078493
    122.42886626
    123.42740462
    123.42740462
    123.71027860
    123.71027860
    123.76011487
    123.71009259
    123.71009259
    123.38003177
    123.78930440
    123.48523490
    123.48523490
    124.08724701
    124.08724701
    124.16980863
    124.16980863
    124.11616953
    124.11616953
    124.11616953
    124.21035524
    124.13549170
    123.78155081
    124.01432057
    124.01432057
    124.01432057
    124.08891301
    124.21475936
    123.96153969
    123.96153969
    123.97337011
    123.97337011
    123.97337011
    123.97337011
    123.62248612
    123.72068514
    122.11219711
    122.11219711
    123.92192234
    123.92192234
    124.12862394
    124.15436278
    123.96806477
    124.15189439
    124.21842949
    124.17881840
    124.22264302
    124.20484294
    124.20484294
    124.22183871
    124.22183871
    123.93693731
    123.89509686
    123.89509686
    124.01993307
    124.06911529
    124.15967393
    124.01841366
    124.01841366
    123.99327822
    123.84189655
    123.82462750
    123.96056476
    123.00270122
    123.00270122
    123.38795563
    123.55619835
    123.55619835
    123.55619835
    123.53478211
    122.45060388
    123.38969058
    123.38969058
    124.03350302
    123.75486976
    123.76000805
    123.76000805
    124.18883487
    121.88432619
    123.64107843
    123.49613492
    119.96466378
    122.97036442
    122.97036442
    122.97036442
    122.97036442
    122.97036442
    122.97036442
    124.05988298
    122.33964687
    122.33964687
    122.33964687
    122.33964687
    121.96014586
    122.36039748
    119.22623147
    121.94536561
    124.23466488
    124.20057537
    123.84135862
    123.75367202
    123.21547326
    122.99638087
    122.98194761
    122.98194761
    123.28821052
    123.25433653
    123.55621258
    123.55621258
    123.83043038
    123.83043038
    123.45700897
    123.45700897
    122.12803988
    122.12803988
    122.16568841
    122.16568841
    122.04338353
    122.04338353
    123.65343315
    123.36922950
    123.36922950
    122.99321472
    123.28629759
    124.06552941
    124.03651679
    124.03651679
    124.03641959
    124.03736753
    124.19079061
    124.19079061
    124.08640630
    124.08885999
    124.08885999
    124.02485787
    124.05849320
    123.52017323
    123.52017323
    123.52017323
    123.05270288
    123.69738075
    123.70237705
    123.87866506
    123.75457322
    123.79456875
    124.11881081
    124.03874022
    124.14409115
    124.04318783
    123.81545462
    124.14200658
    124.13860562
    124.12773871
    124.17446258
    124.17446258
    124.18536162
    124.18536162
    124.19364134
    123.78151342
    123.81777891
    123.13774149
    123.65876367
    121.29515828
    123.23506371
    123.23506371
    123.02671699
    123.02671699
    122.89650406
    121.74404355
    122.62012884
    122.62012884
    123.61448706
    123.64208160
    123.47168817
    123.46405403
    123.93964977
    124.10921403
    124.03055784
    123.57837923
    123.57837923
    123.43914595
    123.43914595
    122.97404124
    122.78149023
    123.35699744
    121.81108723
    122.05449623
    121.61022208
    123.44869611
    122.57555718
    121.99678661
    121.99678661
    121.58343118
    121.60054693
    123.81891871
    123.88669027
    123.88805846
    122.42496130
    122.42496130
    123.47696002
    123.86101480
    123.96398232
    123.96398232
    123.96398232
    123.78525429
    123.62255224
    124.04021521
    124.01126606
    123.99825945
    123.99825945
    123.83998635
    123.98621476
    123.98621476
    123.18356483
    123.18356483
    123.17373937
    122.70379563
    122.21872655
    123.18251525
    123.31199033
    123.38537325
    121.97186991
    121.13866472
    122.17607758
    122.36691309
    122.78926934
    122.78467314
    123.22138198
    123.22138198
    122.25018532
    121.06440050
    121.06440050
    120.06949284
    120.06949284
    120.06949284
    120.06949284
    120.06949284
    119.18690294
    119.18690294
    119.18690294
    119.38294042
    119.25437414
    119.25437414
    119.59112852
    119.94236480
    119.94236480
    120.11474513
    121.90771976
    123.35354302
    123.79366806
    123.78054167
    123.78054167
    123.80018323
    123.44546880
    123.46090981
    123.46090981
    123.54890671
    123.92868831
    123.92868831
    123.84044497
    124.16298658
    124.08430426
    124.18858266
    123.04336840
    121.94302627
    123.87650490
    123.87650490
    123.75788731
    123.77812019
    122.55694218
    122.62710337
    121.60725408
    121.60725408
    120.99050193
    121.16361144
    121.84386197
    121.84386197
    121.84386197
    121.84386197
    121.85179875
    121.85179875
    121.85179875
    121.93152006
    121.93152006
    121.97807087
    121.97807087
    122.54792311
    121.92459200
    121.92459200
    121.92459200
    121.92459200
    122.01098392
    122.01098392
    122.70996124
    122.70996124
    122.65899894
    123.05483392
    123.30333390
    123.28711185
    122.86128411
    122.86128411
    122.86128411
    123.51719835
    123.65107032
    123.45964066
    122.88063361
    122.86489310
    122.61548358
    122.61548358
    123.80299147
    123.00170523
    123.00170523
    123.00170523
    124.12492603
    124.12492603
    124.04571926
    123.63526234
    123.66062465
    123.32605581
    122.04494259
    122.04494259
    122.14788116
    122.85784835
    122.00000840
    123.83250377
    124.09566794
    124.21606447
    124.10180581
    124.10180581
    124.23857616
    124.05834370
    123.23027764
    123.85615000
    123.81170385
    123.81170385
    123.92632670
    123.83091987
    123.68986078
    123.98470307
    124.06012233
    122.36295750
    123.50648023
    123.50648023
    123.50648023
    123.50648023
    123.95133914
    123.78723204
    123.62140710
    123.62140710
    123.62140710
    123.49466934
    124.19868171
    124.16112493
    124.08124409
    123.40744627
    123.86106594
    123.97719243
    123.99332698
    124.01950993
    123.27591940
    123.33351633
    123.85165542
    123.72135953
    122.00815533
    122.00815533
    122.81212728
    122.81212728
    122.81212728
    122.87735034
    122.87735034
    123.25754866
    123.37235124
    123.37235124
    123.76056453
    124.10871390
    124.00293686
    124.19443656
    123.93185302
    124.15473285
    124.15683457
    124.14424947
    124.00689379
    123.99908680
    123.99908680
    123.91599213
    123.98148331
    124.14565639
    124.14565639
    123.81496419
    122.81807433
    122.26872094
    123.16264279
    123.16264279
    123.70395346
    123.12986069
    123.12986069
    123.12986069
    123.80275525
    123.80094120
    124.00415075
    122.93248255
    122.97488532
    122.89328503
    122.03962703
    121.22289627
    121.22289627
    121.22289627
    122.90368504
    123.84063851
    123.84312323
    123.95578791
    123.57865075
    123.33344233
    123.91480253
    123.70496835
    123.66658972
    123.74867410
    123.76374884
    123.75042880
    123.86440580
    123.86440580
    124.20464907
    124.20464907
    124.22064828
    124.18910196
    124.04434978
    123.76085107
    123.76085107
    123.76085107
    123.17973161
    123.40239707
    123.40239707
    123.70045867
    123.77062337
    123.75339407
    123.68287675
    122.86792474
    123.57161072
    122.90696447
    122.90696447
    124.01766523
    123.51450689
    123.39676340
    123.39676340
    124.10314719
    124.11439668
    124.15143706
    124.10809085
    124.17211602
    124.01101928
    123.97403193
    124.02035037
    124.02035037
    124.02035037
    124.09692593
    124.09692593
    124.12824963
    124.16866813
    124.14784107
    124.14269659
    124.10621007
    122.98628275
    123.19029355
    123.29867090
    124.02005262
    123.90739076
    123.93773425
    123.82831747
    123.82831747
    123.99047786
    124.00582226
    124.03794542
    124.00613691
    123.90077652
    123.81638441
    123.80318956
    122.20055930
    122.20055930
    120.84020041
    122.72831500
    123.34562192
    124.08060185
    124.08060185
    123.93472171
    122.76905885
    122.76905885
    123.99392258
    124.04331945
    124.04331945
    124.04018581
    124.10280274
    122.98552439
    123.03080805
    121.98819198
    121.98819198
    122.90015027
    123.92736797
    122.86035096
    122.86035096
    122.86035096
    122.86035096
    121.32225886
    122.00718216
    122.67088488
    123.59169882
    123.86125335
    123.86962126
    124.00951336
    123.92905564
    123.97585158
    123.97585158
    124.07701745
    124.07701745
    121.70705752
    120.62506830
    120.62506830
    120.62506830
    122.84948215
    122.18276576
    123.12117302
    123.11579309
    123.20870517
    124.03859160
    123.76238527
    123.25160226
    122.66985951
    122.48301824
    122.48301824
    122.58017047
    122.58017047
    123.03803939
    123.58101136
    122.78307361
    121.83621420
    122.27772961
    122.41568609
    123.93937595
    123.93937595
    124.00931180
    124.00931180
    123.95137886
    123.95944965
    123.37418099
    123.37418099
    123.24384224
    122.32113489
    122.32113489
    123.07763490
    123.07763490
    122.96003291
    122.96003291
    123.11927719
    123.11927719
    123.11927719
    122.87407486
    123.60111933
    123.85710142
    123.85710142
    124.13159477
    124.18356957
    123.96916762
    123.93670323
    123.77478625
    123.57630503
    123.33999673
    123.33999673
    123.32960338
    123.72969447
    123.69501728
    123.69501728
    123.69501728
    123.81109273
    123.81109273
    124.23525167
    124.23525167
    124.03326908
    123.74257136
    123.59138794
    123.59138794
    123.96043306
    123.90015218
    124.23561820
    124.04232079
    123.20767614
    123.20767614
    123.20767614
    123.21674635
    123.21674635
    123.21674635
    123.76069471
    123.76069471
    122.83241111
    122.82173005
    122.82173005
    122.82173005
    123.61250998
    123.61250998
    123.01972449
    122.40427282
    122.40427282
    122.89135527
    123.32728260
    123.32728260
    122.36570179
    123.16894029
    123.74897011
    124.13569617
    124.16654748
    124.16201017
    123.28862753
    123.87422990
    123.89923749
    124.15962591
    124.15119764
    124.23305666
    123.91337683
    123.91337683
    123.90428535
    123.90428535
    123.73468504
    123.56393239
    124.04322476
    123.96579536
    124.13396678
    124.14662695
    124.17831753
    124.19217977
    124.18401537
    124.21859337
    124.20173949
    124.22109759
    124.01020667
    124.03928182
    124.10299495
    124.01200865
    123.78727598
    123.45578313
    123.35176581
    123.79912943
    123.69556044
    123.44491111
    123.44491111
    124.08646538
    123.77374514
    123.77374514
    124.20670067
    124.20670067
    124.20670067
    124.03641446
    124.03641446
    123.78437693
    123.60617223
    124.20298333
    124.19365021
    124.04348589
    124.04348589
    124.04348589
    123.68678255
    122.66156226
    122.87552550
    121.94516279
    121.94516279
    121.94516279
    121.85216601
    121.85216601
    121.02265901
    121.02265901
    120.73253030
    120.57566104
    123.18159162
    123.54683212
    123.54683212
    123.66369022
    123.66369022
    123.19563471
    124.03170986
    123.43351677
    123.57380781
    123.99506239
    124.05993836
    124.05993836
    123.57518023
    123.57518023
    123.36311569
    123.36311569
    123.36311569
    123.60476432
    123.76601900
    123.76601900
    123.16117459
    123.16117459
    122.88042143
    121.73607954
    122.05209722
    122.05209722
    121.99797274
    123.49502988
    123.21318950
    123.32101770
    123.32101770
    123.02849697
    120.89112764
    122.32890975
    123.10531917
    123.11730510
    123.11730510
    123.11730510
    123.11730510
    123.11730510
    123.11730510
    122.93161115
    123.78292550
    122.96122146
    123.35436635
    119.57674824
    121.94269031
    121.94269031
    123.55690421
    124.22423473
    124.22423473
    124.16239823
    123.97620403
    123.97817134
    123.98163942
    123.91779385
    124.11362645
    124.13830414
    124.13830414
    123.93815261
    124.19221850
    124.19221850
    124.17172494
    124.04106193
    124.09817542
    124.17720502
    124.17763001
    124.06842106
    123.54353939
    123.54353939
    123.54353939
    123.74221899
    123.74221899
    123.74221899
    123.96820675
    123.96820675
    124.12262709
    123.68272599
    123.68272599
    123.85894690
    123.85894690
    123.85894690
    123.85894690
    124.19551837
    124.23400834
    124.23213145
    124.23213145
    124.22157126
    124.14095126
    124.15962304
    124.15399828
    124.15399828
    124.04810280
    124.01733926
    123.64748439
    124.03758156
    123.65321039
    122.70088090
    122.70088090
    124.04233658
    123.98942860
    123.91192301
    123.71270092
    123.73793402
    123.73793402
    122.36108799
    122.36108799
    123.85016807
    123.18586408
    122.84708195
    123.38264509
    123.10008904
    123.30771051
    123.80000953
    123.83742273
    123.79398311
    123.56122051
    121.89154686
    121.89154686
    121.22266345
    121.22266345
    119.88898829
    119.88898829
    122.12945110
    121.33899891
    121.33899891
    121.99088727
    122.31357115
    123.81854940
    123.87603201
    123.94478586
    124.18529444
    124.18529444
    123.92911505
    123.92423961
    123.89793169
    123.83192087
    123.80052919
    123.84663595
    123.84663595
    123.39365874
    123.08599272
    123.32631027
    123.32631027
    123.64498443
    123.64498443
    122.93576066
    122.93576066
    122.52916617
    123.75305487
    123.77559338
    123.39366734
    123.39559989
    122.88153634
    122.88153634
    122.89854588
    122.89854588
    123.77497398
    123.76498607
    124.21879348
    124.21879348
    124.17241516
    124.18976017
    124.19484104
    124.19484104
    124.19484104
    124.15215540
    124.09444472
    123.16597572
    123.37330570
    121.40855241
    121.40855241
    120.84907106
    123.01170641
    124.02783919
    124.21778093
    123.90997375
    123.88881756
    124.05852316
    124.05852316
    123.92620529
    123.92620529
    123.92620529
    123.92825679
    123.91677257
    123.91677257
    123.91677257
    123.81034642
    123.47426384
    123.59870056
    123.48660571
    123.48660571
    123.69056013
    123.69056013
    123.70692522
    123.43610634
    123.47782935
    123.47782935
    123.60220971
    124.01619558
    124.09688497
    124.09688497
    124.09688497
    124.00963259
    123.69789519
    122.61342609
    122.61342609
    122.61342609
    123.34487875
    123.31599121
    123.76088056
    123.45658653
    123.46288011
    123.37265828
    123.37265828
    122.84220376
    123.75735173
    122.92252170
    122.66955303
    122.66955303
    122.66955303
    123.28626788
    123.99258931
    123.69469869
    123.76304956
    123.60014254
    122.94743086
    123.06885032
    121.32401429
    121.32401429
    121.32401429
    121.32401429
    119.17017555
    119.67866620
    119.67866620
    121.00126918
    121.00126918
    120.85930641
    120.85930641
    120.85930641
    119.93075098
    122.06200937
    122.06200937
    122.69813817
    120.34700481
    120.34700481
    120.34700481
    119.29344371
    120.30978788
    120.30978788
    119.91417547
    122.88538462
    123.28115605
    123.51772123
    123.53703664
    123.48732435
    123.34186619
    121.94474439
    123.18063560
    123.45560278
    123.93815826
    124.03227427
    123.79619720
    123.99729362
    123.91554729
    123.79253104
    123.53229579
    123.63276620
    123.62579930
    123.26249872
    123.10805689
    122.95678906
    123.07716427
    123.07716427
    122.61714941
    122.61714941
    122.61714941
    122.61714941
    122.61714941
    123.57359949
    123.57359949
    123.61759566
    123.49410297
    123.32138413
    122.24401024
    122.47017579
    122.47017579
    122.96151599
    122.59718851
    122.99433843
    121.92405981
    122.80572343
    122.80572343
    122.96302670
    118.54404527
    118.54404527
    118.54404527
    118.09852178
    121.11357142
    120.00010078
    122.21812396
    120.90917148
    120.90917148
    120.90917148
    121.24879963
    121.24879963
    121.24879963
    122.46845743
    120.92183703
    122.51354766
    123.40565088
    122.57480959
    122.38259848
    122.05538399
    122.05538399
    123.48592842
    123.81191771
    123.40073103
    123.86724464
    122.47020774
    122.41842947
    121.18027079
    121.54302932
    119.99144113
    121.42341823
    120.26314603
    120.25129523
    120.25129523
    120.38200764
    122.42788821
    122.78736292
    122.85332329
    122.85332329
    122.85332329
    122.51489448
    121.73174229
    121.68407732
    122.12946461
    119.97994680
    120.96881707
    122.28952503
    122.28952503
    120.74802819
    120.67617984
    122.22291152
    122.22291152
    122.22291152
    124.23165305
    124.22760928
    124.17445588
    124.17445588
    123.74258527
    123.74258527
    123.75009968
    123.86342010
    123.56656923
    122.68839892
    122.68839892
    123.39991447
    123.37017483
    123.88067414
    123.53056102
    122.69473030
    122.69473030
    123.49201417
    123.49201417
    123.01888348
    123.08125390
    123.32706356
    123.32706356
    123.32706356
    123.32706356
    123.21841904
    123.80851756
    123.90287112
    123.76010639
    123.68301864
    123.68301864
    123.68301864
    123.77322890
    123.63435932
    123.63435932
    123.96066822
    123.89869482
    124.01702963
    123.82203102
    123.82203102
    123.82203102
    123.68111072
    123.22536713
    122.60269770
    122.12566200
    122.99647067
    123.44129897
    121.52506408
    122.21401951
    122.21401951
    120.47328239
    120.13847737
    120.13847737
    122.40370262
    121.63283214
    122.51523888
    122.90437850
    123.65624901
    122.45313240
    122.82010452
    122.82010452
    122.92292621
    123.69836155
    123.22221614
    123.45572261
    123.79991197
    123.79991197
    123.92626797
    123.92626797
    123.39961135
    123.39961135
    121.67913827
    123.14278670
    122.37271151
    123.38895992
    123.46753184
    123.46753184
    123.46753184
    124.20414936
    123.65170900
    123.69658822
    123.20150296
    123.38500417
    123.54474830
    123.33207591
    123.26220255
    122.81583064
    120.95264084
    121.40134017
    121.40134017
    120.11259471
    120.11259471
    123.32033405
    122.25420059
    122.25420059
    123.93423809
    123.42362918
    116.81926105
    116.81926105
    119.87679474
    120.11386096
    121.14119229
    120.97658332
    121.18502450
    121.18502450
    121.01642401
    121.16885177
    120.95361531
    120.85131753
    120.85131753
    122.30745698
    122.46463250
    122.33361202
    122.42465345
    122.42465345
    122.34170257
    122.34170257
    120.19954983
    120.19954983
    119.16326560
    119.16326560
    120.03411866
    119.72927303
    119.55959634
    118.82380581
    118.82380581
    118.82380581
    119.20931619
    120.80505321
    119.50585972
    121.90682251
    121.90682251
    122.41959311
    122.50098945
    122.87405905
    123.13709397
    122.67384328
    122.76592848
    122.81157152
    122.81157152
    122.89345999
    122.56693719
    122.97529367
    123.70500746
    123.57664839
    122.55431922
    122.55431922
    123.19620611
    122.80033897
    122.82588459
    122.64448466
    124.16029185
    124.16029185
    124.16029185
    124.08500703
    124.16398655
    124.16398655
    124.16759260
    122.75060385
    122.75060385
    122.75060385
    123.82434147
    123.51876945
    123.50204653
    122.75192073
    122.75192073
    122.95411876
    122.83983622
    122.83983622
    122.83983622
    122.83983622
    123.84161766
    123.65979048
    123.65979048
    124.22396837
    123.48209406
    123.41574410
    123.86231444
    123.85717668
    123.99434942
    123.99434942
    124.02716183
    123.99169205
    123.99169205
    123.96438415
    123.96438415
    124.05059779
    123.35122637
    123.35122637
    123.03364275
    123.03364275
    123.90057939
    124.02293067
    123.88320293
    123.88320293
    124.01929754
    123.89591491
    124.00418219
    124.00418219
    122.01783627
    122.01783627
    122.04253385
    122.04253385
    123.33851122
    123.91048916
    123.05788253
    123.24584968
    123.34218860
    124.03595332
    123.69620870
    123.72100449
    123.72100449
    123.72100449
    123.72100449
    123.33991235
    122.96130367
    122.96130367
    122.96130367
    123.62685159
    123.62685159
    123.56402047
    123.54891304
    123.54891304
    122.89056576
    123.79573055
    123.47717548
    123.39208626
    122.96172759
    122.29225444
    123.68946796
    123.68946796
    123.92370948
    123.92370948
    123.99335770
    123.20095257
    123.32053279
    123.28665389
    123.68191990
    124.06529476
    123.87309343
    124.15131427
    124.19080000
    123.90665696
    123.90665696
    124.16799677
    124.17280948
    124.23753647
    123.14271738
    122.97157945
    122.97157945
    123.32575676
    123.32575676
    123.50105754
    123.41483674
    123.76163648
    123.76163648
    123.76163648
    121.93272750
    122.74877100
    123.47022969
    122.57529959
    122.08419600
    123.10347018
    123.60414482
    123.60414482
    123.98836132
    124.03802905
    124.04179100
    124.02764424
    124.02764424
    124.02764424
    124.10913950
    124.10913950
    124.04552331
    124.04552331
    123.81027986
    123.65302197
    123.83710631
    123.69950869
    123.73602971
    123.30556969
    122.58617520
    123.95078323
    123.95078323
    124.07200564
    124.07200564
    124.23826462
    124.23342847
    124.23342847
    124.23214042
    124.18987343
    123.60459920
    123.30362090
    123.88257396
    124.21831232
    123.56115683
    122.88651671
    122.91300843
    123.04370467
    123.04370467
    122.98645299
    122.78980098
    122.78980098
    122.78980098
    122.78980098
    123.88193331
    123.96337760
    123.82243158
    124.14017171
    123.85146122
    123.85146122
    123.79169173
    123.79169173
    124.13896338
    124.13896338
    123.89833097
    123.99518251
    123.99518251
    123.99518251
    122.65290764
    122.95825413
    122.95825413
    121.99182994
    123.24724438
    123.24724438
    123.90455448
    123.85141508
    123.85141508
    123.73591352
    123.60225885
    123.86065467
    122.84699041
    123.33069546
    122.96421319
    123.65763674
    123.53190619
    122.95099367
    123.82746989
    123.69405732
    123.69405732
    123.96886076
    123.99885993
    124.17834578
    124.10534745
    124.10534745
    123.93846865
    124.19475077
    121.78552612
    121.79056866
    121.79056866
    121.79056866
    122.54777213
    122.54777213
    123.13330535
    123.08893524
    123.08893524
    123.08893524
    123.08893524
    123.08893524
    123.84388811
    123.48554948
    123.48554948
    122.79389574
    122.61253891
    122.18908809
    121.46742827
    121.46742827
    120.23572884
    120.23572884
    122.61335088
    122.57611303
    122.96487967
    122.70958478
    122.70958478
    123.04434632
    123.04434632
    123.04434632
    123.25237540
    123.28756279
    123.28756279
    123.34308747
    123.38685069
    123.54034527
    123.61546640
    123.61546640
    123.65887473
    124.22543215
    124.22543215
    124.22543215
    124.22543215
    124.23282402
    124.23782000
    124.22898093
    124.15892561
    123.95194457
    123.95194457
    124.04645828
    124.23641616
    123.68529675
    123.68316032
    123.68343659
    123.89509374
    124.23260509
    124.22455299
    124.22455299
    124.22455299
    124.22455299
    124.18927939
    124.19791418
    124.08603217
    124.08603217
    124.10995147
    124.10995147
    124.14821398
    124.14821398
    123.71957390
    122.86382719
    122.59703228
    123.20860528
    123.20860528
    122.49683538
    122.01105644
    122.10060950
    122.10060950
    122.10060950
    121.07772083
    121.76657914
    121.40786989
    122.35094333
    123.03358898
    122.99815110
    123.67220530
    123.59903034
    123.62978023
    123.63922527
    123.65322909
    123.19633939
    123.19633939
    123.45067320
    121.99720506
    121.99720506
    123.04317871
    122.92337295
    123.47235737
    123.65733007
    124.19672107
    124.09841117
    124.15605524
    124.06908636
    123.26081456
    123.06157776
    123.00198992
    122.95369380
    123.54089120
    123.65538449
    123.90864757
    123.59991628
    123.59991628
    123.51603795
    122.22379971
    123.59250954
    123.59250954
    123.63705720
    124.08942187
    123.89664981
    123.98291624
    124.01777725
    123.64229334
    123.65251683
    123.65251683
    123.65251683
    124.14471568
    124.22051169
    123.98829903
    124.17699876
    124.13894907
    123.60501827
    124.04444098
    124.04790344
    123.97361263
    124.22965680
    124.22159716
    124.23103543
    123.95558660
    124.05430832
    124.02181011
    124.02181011
    122.80040323
    122.80040323
    122.88748820
    122.88748820
    122.88748820
    122.88748820
    122.12990603
    122.12990603
    124.10292524
    124.10292524
    123.62757448
    123.96596507
    123.96993135
    123.72140536
    123.72140536
    123.74331595
    123.85223003
    123.85223003
    123.85848102
    123.85848102
    123.77755077
    123.77755077
    123.87835752
    123.65767908
    123.61169300
    123.79071298
    123.67106559
    123.13459408
    122.71993027
    123.53005246
    123.53005246
    123.76512750
    123.76150253
    123.84041779
    123.74494196
    122.67088940
    122.67088940
    122.67088940
    124.12137814
    124.06703015
    124.06703015
    124.08882008
    124.10757633
    124.05394652
    124.05394652
    123.64153688
    123.64153688
    123.64153688
    123.56876458
    123.70158449
    123.70158449
    123.65697031
    123.65697031
    123.65697031
    124.01979012
    123.92268872
    124.11032765
    124.12925453
    123.62935740
    123.62935740
    124.11852401
    124.11852401
    124.11852401
    124.19085543
    123.97994627
    123.94766715
    123.94766715
    123.94766715
    124.10706521
    124.10706521
    124.11596565
    123.93636660
    123.84248721
    123.84248721
    123.97947811
    124.07674215
    124.07760319
    123.56607207
    123.81305235
    124.02827171
    124.17272429
    124.08891355
    123.96930173
    123.95280552
    123.96460386
    123.96460386
    124.21402954
    124.21484432
    124.11424203
    124.11424203
    123.90727063
    123.45215157
    121.81756118
    121.35033876
    121.72236752
    121.72236752
    121.72236752
    122.32432532
    122.32432532
    122.82525589
    122.67025452
    123.65176804
    122.98478485
    123.58726126
    123.24800812
    123.03932384
    123.27268336
    123.48941580
    122.66601052
    122.40749505
    122.38505142
    123.55679092
    123.55679092
    123.55679092
    123.55220812
    123.19256387
    122.82802692
    122.59372375
    123.72378333
    123.64470569
    122.37345374
    122.40618527
    122.40618527
    122.40618527
    122.40618527
    122.53278333
    122.53278333
    120.14043003
    120.14043003
    122.23354098
    123.29344775
    123.29344775
    123.14710830
    123.06977723
    123.56710393
    124.01523861
    124.01523861
    124.18065318
    123.72623186
    123.18137126
    123.18137126
    123.09522274
    123.91651593
    123.63269435
    124.02213435
    123.97102371
    123.99474135
    123.53315062
    122.37240946
    123.14994980
    123.64468058
    124.01241180
    123.96564971
    123.64301077
    123.15404700
    124.02466258
    123.98060529
    124.17800128
    124.23789699
    124.20052664
    120.47453723
    121.85998930
    121.85998930
    121.85998930
    124.10030238
    124.10030238
    124.01316952
    124.01316952
    124.01868506
    123.71030344
    123.71030344
    123.71030344
    123.63729631
    124.13026974
    124.08650252
    123.49226548
    123.66355465
    123.94625484
    123.99821007
    123.91001890
    124.08555787
    124.08659398
    123.74770004
    123.74770004
    123.74770004
    123.74770004
    123.44636322
    124.19754710
    124.21456284
    124.09913355
    123.68130899
    123.68130899
    123.68130899
    123.61837400
    122.22159626
    121.55193461
    121.15940264
    121.15940264
    123.45268577
    123.37774115
    123.20402602
    123.17492144
    122.10959425
    123.16203577
    123.16203577
    123.16203577
    122.64624630
    123.60344817
    123.30861551
    123.31422186
    122.26524980
    122.64576318
    122.87785741
    121.26204031
    121.26204031
    121.26204031
    123.05261124
    122.25956495
    122.25956495
    121.87288388
    121.87288388
    123.12820847
    123.29562884
    123.94375013
    123.94375013
    123.94375013
    123.94375013
    123.95343686
    122.99134043
    122.99134043
    123.10748985
    123.18926168
    123.46265767
    123.46265767
    123.84677664
    123.89595850
    123.55218441
    124.02373988
    124.02373988
    124.02373988
    123.92856242
    123.52194065
    123.52194065
    123.46956533
    123.45774482
    123.26706586
    123.79368509
    123.86173279
    123.40602730
    123.40602730
    124.20470912
    124.22159174
    124.09921644
    123.52645852
    123.52645852
    123.52645852
    123.52645852
    123.52645852
    123.02125259
    122.74058309
    124.03068277
    124.03068277
    123.91137188
    123.46276369
    123.67406105
    124.19191345
    124.22486448
    124.22881903
    124.20651591
    124.22675458
    123.79642465
    123.57307957
    123.65679386
    123.65679386
    123.99899501
    124.09379371
    124.20291433
    124.19992235
    124.19992235
    124.19992235
    124.19992235
    123.86376910
    123.85778444
    123.89041624
    124.06412056
    124.07943738
    123.84611661
    123.64477336
    123.64477336
    123.70551625
    123.70551625
    123.80134823
    124.14388763
    124.15931244
    124.12175882
    124.12534591
    124.09407496
    124.17232382
    123.49409479
    123.49409479
    123.46954222
    123.46954222
    123.36628889
    123.36628889
    123.94345502
    123.93164158
    124.15982378
    124.00652700
    124.17328108
    124.21048996
    123.84135753
    123.84957136
    123.76885316
    122.80864462
    122.80466797
    122.80466797
    123.62573072
    123.55889753
    123.39119742
    124.02797776
    122.66533269
    122.39527458
    123.84270803
    123.79015649
    123.79015649
    123.79315810
    123.54733806
    123.55777030
    123.92427104
    123.92919630
    123.70762973
    123.57098482
    123.23288441
    123.96583283
    123.96583283
    123.62563179
    124.02444053
    122.43228663
    122.43228663
    123.90798766
    123.90798766
    123.34254976
    123.34254976
    123.34254976
    123.13945563
    123.13945563
    123.23024740
    122.22234553
    122.41249591
    122.22523737
    122.70461856
    122.70461856
    122.32926028
    122.42540694
    122.74965312
    123.50046796
    123.70458791
    123.44191961
    123.44191961
    123.07615602
    124.06033366
    124.04859139
    123.78241397
    123.61044161
    123.61044161
    123.47146674
    123.43510168
    123.43235633
    123.67836444
    123.61564736
    123.43180014
    123.88916238
    123.46464475
    123.45362809
    123.40511885
    123.40511885
    123.90662346
    123.52838748
    123.52838748
    121.85880532
    121.85880532
    121.85880532
    121.85880532
    123.43050844
    123.73955044
    124.06514450
    124.06514450
    124.06514450
    123.27249302
    122.46798888
    122.46798888
    122.46798888
    122.92004392
    122.69262134
    122.69262134
    121.95878031
    121.95878031
    122.65769134
    122.74371276
    122.74371276
    122.74371276
    121.76841438
    121.16791453
    121.16791453
    120.43265578
    120.43265578
    120.43265578
    120.43265578
    120.43265578
    120.43265578
    123.61524564
    123.59128741
    123.69998237
    123.42754792
    123.15142723
    122.55593485
    122.55593485
    122.72879496
    122.89568495
    123.25454298
    123.25454298
    123.25454298
    123.25454298
    123.63218214
    122.40511820
    122.32002082
    122.32002082
    122.90658983
    122.90658983
    122.90337372
    122.42574330
    123.47052958
    124.00409370
    123.98397947
    123.92450327
    123.47633305
    123.47633305
    123.54442800
    121.42739195
    122.84074659
    122.84074659
    123.06123959
    123.59363077
    122.82130670
    122.82130670
    122.82130670
    122.72541951
    123.90832779
    123.90832779
    123.90832779
    123.90832779
    123.91975736
    123.77077215
    123.86266478
    123.98411806
    123.98628447
    123.78528848
    123.64329872
    122.65939698
    121.99792190
    123.45139969
    123.45139969
    122.47228024
    123.13835301
    123.21723179
    123.42208830
    123.44564530
    123.44564530
    123.44564530
    123.44564530
    122.42394913
    122.42394913
    121.16997837
    121.16997837
    121.16997837
    123.39412355
    123.25713033
    122.64663515
    122.64663515
    122.81666450
    122.81666450
    123.01202716
    123.20487611
    123.08410639
    123.48366907
    123.57209231
    123.24637769
    123.26742330
    123.26742330
    123.28414875
    123.93311373
    123.93311373
    123.94365094
    123.81500951
    122.97438313
    123.14134955
    123.14134955
    123.14134955
    122.76425097
    122.71814142
    122.71814142
    123.24105931
    123.37804910
    123.37804910
    123.72886212
    123.46539944
    123.62113106
    123.87471797
    124.23191873
    124.23870936
    123.97942045
    123.97942045
    123.97942045
    123.97942045
    123.96608412
    123.96767688
    123.96767688
    124.07420741
    124.07946780
    123.52522966
    123.52522966
    123.81419625
    123.92708884
    124.18859482
    124.19109267
    124.04001025
    124.07017355
    124.17006865
    124.20454885
    124.20454885
    124.21078693
    124.16323788
    124.11566905
    123.40552874
    123.40552874
    123.40552874
    123.41360501
    122.79508287
    124.12294061
    124.12294061
    124.12294061
    124.11950842
    122.00340497
    122.08995723
    122.08995723
    122.75756338
    123.60568698
    123.21711766
    122.58274956
    124.02108914
    124.02108914
    123.95029208
    123.95799544
    124.02032232
    123.97399956
    123.97399956
    123.90186010
    123.96840372
    123.85860608
    123.85860608
    123.85164192
    123.95132199
    123.92983196
    123.82320055
    123.82320055
    123.68968661
    124.08022838
    124.17173033
    123.71700433
    123.94525918
    123.97369450
    123.58689938
    123.58689938
    123.75642045
    123.73957418
    123.73957418
    124.08165997
    124.08165997
    123.56864555
    123.56864555
    122.08981981
    122.60087311
    122.60087311
    122.60087311
    123.87765026
    123.87813854
    123.87813854
    123.87813854
    123.88425192
    123.95415484
    123.95415484
    123.97729876
    123.82006781
    124.23894333
    124.04600559
    124.10299229
    123.98917719
    124.23674427
    124.17821882
    124.11034998
    124.11034998
    124.20121209
    124.14518030
    124.14518030
    123.93299542
    123.74702828
    123.44514728
    123.79463744
    123.57169903
    122.46766970
    123.55297184
    123.55297184
    123.55297184
    123.50780335
    124.09048875
    123.89437197
    123.89437197
    123.84827701
    122.77238578
    122.47822434
    122.47822434
    121.66992455
    121.66992455
    122.85179741
    122.60385814
    123.16597811
    121.64270173
    122.61875083
    123.30491231
    123.49103359
    123.49103359
    123.83487621
    123.83487621
    124.05882232
    123.57476664
    124.17245103
    124.17245103
    124.18140293
    124.18140293
    124.19881397
    124.22224929
    124.22224929
    124.09007659
    123.99363046
    123.71043197
    123.76007572
    123.52870050
    123.52870050
    123.76578197
    124.13990183
    124.13990183
    124.15716459
    124.14918617
    124.14918617
    124.16774832
    124.16774832
    124.22275723
    124.23385738
    124.21259485
    124.22145607
