    888.32181656
    889.72648950
    889.12720629
    890.28675982
    890.28675982
    890.81816836
    890.84269180
    890.74954670
    890.20670546
    890.27044984
    890.62650080
    890.58757888
    890.66027819
    890.71178528
    888.44605620
    888.62162058
    888.62162058
    887.89162123
    887.89162123
    888.18331386
    889.31751421
    889.31751421
    889.31751421
    889.31751421
    887.69641697
    888.94815711
    888.94815711
    889.96904314
    890.36311449
    890.35543652
    890.35440386
    890.35440386
    889.76957129
    889.57665720
    890.03563568
    890.26730338
    890.66202783
    890.60247057
    890.40444154
    890.56496068
    890.56496068
    890.56496068
    890.60802433
    890.75433134
    890.77117279
    890.57825449
    890.57825449
    890.20009313
    890.29622567
    889.66120928
    888.05449999
    888.05449999
    889.28826910
    889.28826910
    889.28826910
    889.11516294
    889.62139994
    889.82556464
    887.91445818
    887.91445818
    887.91445818
    889.08220388
    888.19952499
    887.69587549
    888.33227367
    888.87897262
    888.96832411
    889.20169708
    888.98385726
    888.68797189
    888.68797189
    888.68797189
    887.52387335
    889.62204505
    890.44633161
    890.44413295
    890.43542159
    890.64666712
    890.66411415
    889.78502682
    889.78502682
    890.20208233
    890.20208233
    890.20208233
    890.32669190
    890.36035044
    890.71844501
    890.64732117
    889.59268720
    889.59268720
    889.59268720
    889.61179443
    890.45499120
    890.15895674
    889.94272402
    889.82777527
    889.82777527
    889.82777527
    889.82936002
    889.82936002
    886.77898875
    888.32935460
    889.02248476
    889.02248476
    889.02248476
    889.02248476
    890.60019913
    890.60019913
    890.60019913
    890.80479469
    890.84122032
    890.71789177
    890.77585177
    890.54101387
    890.74140066
    890.74140066
    890.73172433
    890.78529992
    890.80694378
    890.15603335
    890.15603335
    890.52057895
    890.52057895
    890.77180669
    890.59643268
    890.74991930
    890.73859743
    890.73859743
    890.01990302
    890.32372733
    888.77830989
    888.77830989
    888.77830989
    888.77830989
    888.77830989
    889.05693669
    889.05693669
    889.05693669
    889.05693669
    888.23544366
    888.75169924
    890.01983695
    890.59701653
    890.55951261
    890.22997593
    890.28077007
    890.67189022
    890.31904760
    890.44708417
    890.56626492
    890.49173759
    890.52226995
    890.18261760
    890.43683332
    890.40098493
    890.52870526
    890.52870526
    890.54114606
    890.48089250
    890.33912565
    890.70164730
    890.36160035
    890.60050607
    890.27129144
    890.41025858
    890.26021195
    890.32863905
    890.70836313
    890.84103935
    890.80867377
    890.23612990
    890.80735574
    890.67949738
    890.69975752
    890.68904409
    890.67753881
    890.67753881
    889.89362958
    889.93236254
    889.66729745
    890.62362428
    890.54991298
    890.40704355
    890.22931465
    890.66947159
    890.66947159
    890.69023852
    890.46668066
    890.25768266
    890.29374524
    889.94137426
    889.94137426
    888.80891741
    888.80891741
    888.80891741
    888.74690144
    888.74690144
    888.74690144
    887.52487154
    888.75349181
    890.57655077
    890.42045340
    890.34506291
    890.83151054
    890.83402878
    890.83354600
    890.83354600
    890.72383181
    890.72383181
    890.72383181
    890.59270047
    890.33855833
    890.10127860
    890.10127860
    890.10127860
    890.10127860
    890.10127860
    889.63464004
    889.98456921
    888.92505828
    888.92505828
    888.92505828
    890.76499003
    890.60410630
    890.64060392
    890.63157863
    890.16617073
    889.48069336
    888.94819428
    890.57914858
    890.19131334
    890.19131334
    890.42917320
    888.87873586
    889.90406308
    890.23813344
    890.23813344
    890.56380641
    890.56380641
    890.47139251
    890.56975706
    890.30705528
    889.88481797
    889.82455391
    890.35887739
    889.91911605
    889.65289472
    887.31817188
    887.31817188
    887.31817188
    888.73479716
    889.45257282
    889.45257282
    889.50954461
    889.47247293
    889.47247293
    889.76968277
    889.73373028
    889.68215740
    889.61729005
    888.84926056
    888.87596874
    888.45802872
    889.14791194
    889.39732254
    889.39732254
    888.62253524
    888.62253524
    888.98268948
    889.36716748
    889.43779877
    890.22123299
    890.15170911
    890.84028157
    890.84795990
    890.79028194
    890.84116891
    889.65776795
    889.35280868
    890.78351633
    890.78351633
    890.78351633
    890.77658414
    890.81200025
    890.81200025
    890.80596139
    890.80596139
    890.80596139
    890.79490225
    890.76519640
    890.56003843
    890.56003843
    890.56003843
    890.35637785
    890.35637785
    890.46112271
    890.57788813
    890.57788813
    890.60828379
    890.31782623
    890.04025836
    890.61886555
    890.61886555
    890.13949935
    889.42321028
    889.30988109
    889.30988109
    889.75626128
    889.90364785
    890.64173976
    889.75552019
    889.75552019
    889.19981253
    887.59133551
    888.24042124
    887.66942113
    887.66942113
    887.66942113
    886.68856472
    886.91793506
    887.56790308
    886.74272505
    886.74272505
    886.74272505
    886.35306722
    887.55028969
    888.66043998
    888.66636306
    888.66636306
    886.73581176
    886.73581176
    886.73581176
    886.73581176
    886.73581176
    886.73581176
    887.52717826
    887.52717826
    887.52717826
    887.52717826
    888.04693272
    888.16391311
    888.16391311
    887.85254963
    888.13959437
    888.13959437
    888.13959437
    888.91405848
    888.91405848
    888.91405848
    890.24914426
    890.83541479
    890.83588808
    890.44384685
    890.22966098
    890.37470082
    890.37470082
    890.54221643
    890.64114894
    890.52779661
    889.78905213
    889.33374142
    889.33374142
    889.67618134
    889.80315111
    890.15413198
    889.62566522
    890.06740593
    889.40307652
    889.40307652
    889.29238759
    887.78960003
    887.78960003
    887.69328575
    887.86889010
    887.86889010
    890.47385255
    890.45027396
    890.00159465
    889.88750264
    890.24935965
    889.97946403
    890.52986579
    890.43764168
    890.43764168
    890.43764168
    888.06933575
    887.66938660
    884.44075549
    884.44075549
    889.60845921
    889.60845921
    889.60845921
    889.60845921
    890.03185382
    890.03185382
    890.43165144
    890.48976423
    890.48976423
    890.56592206
    890.53029307
    888.46576014
    888.46576014
    888.81675965
    888.81675965
    888.81675965
    890.26352903
    890.53875602
    890.08656491
    890.21502351
    890.00342795
    890.12431389
    890.12431389
    890.12431389
    890.76081195
    890.72258594
    890.65340353
    890.65340353
    890.79649328
    890.84362749
    890.83994823
    890.82493303
    890.81105479
    890.81105479
    890.84470289
    890.79207956
    890.70638031
    890.44835986
    890.63117712
    890.47610805
    889.83131406
    890.25168949
    890.25168949
    890.25168949
    890.24698717
    890.27737389
    890.75448865
    889.95997143
    890.47302735
    890.47623963
    890.68124130
    890.68124130
    890.57304765
    890.57363585
    890.49812407
    890.49812407
    890.49812407
    890.49812407
    890.40169021
    890.83073987
    890.83659936
    890.76111990
    890.76111990
    890.78425289
    890.78425289
    890.59119537
    889.28664349
    889.54766307
    890.54170773
    890.25592363
    890.25592363
    890.48458946
    890.05204802
    890.27371676
    890.31306001
    890.74701957
    890.74610665
    889.91006185
    889.73319032
    890.48549358
    889.98206699
    889.98206699
    888.99829795
    888.99829795
    889.36771930
    889.59752707
    889.74063199
    889.61737049
    890.39472388
    890.69452628
    890.73957106
    890.75807423
    890.76114332
    890.83502317
    890.63768673
    890.71103870
    890.72356159
    890.72707076
    890.68825640
    890.41948488
    890.41948488
    890.42137050
    889.19805722
    889.19805722
    890.03924615
    890.53995509
    890.48319541
    890.24493012
    890.15444176
    890.47828674
    890.43036107
    889.57215736
    890.17967044
    890.43231847
    890.43231847
    890.27597867
    890.27597867
    890.25093534
    890.61548726
    890.71170761
    890.03042460
    888.45665249
    888.45665249
    888.77930170
    889.23564240
    889.59179547
    889.94517659
    889.68725149
    889.68725149
    889.28654089
    889.28654089
    889.28654089
    890.11520460
    890.64836115
    889.50371651
    889.50371651
    890.26452620
    889.82647938
    888.47179478
    890.61933869
    889.94271298
    890.05419662
    890.21396069
    890.36797233
    890.03428618
    890.75658806
    890.75658806
    890.78640720
    890.82763873
    890.82763873
    888.88196559
    890.69554144
    890.62817903
    890.46253827
    890.74602432
    890.52628554
    890.53036557
    890.00885935
    890.00885935
    890.03138174
    889.41494764
    889.67078198
    889.78574370
    890.32510220
    890.32510220
    887.79451689
    888.54012759
    888.42760786
    888.48483380
    888.48483380
    888.73697067
    888.73697067
    887.94008231
    887.43759361
    887.43759361
    887.43759361
    887.94736256
    887.71706983
    887.71706983
    886.78735276
    884.79562872
    884.79562872
    887.05365860
    887.05365860
    888.80206201
    889.73520028
    889.97735401
    890.35728176
    889.95949177
    889.74702587
    889.74702587
    889.37767313
    889.01028144
    889.48270528
    889.48270528
    889.48270528
    889.20599367
    889.20599367
    888.93639825
    888.93639825
    888.93639825
    889.52643951
    889.26240088
    889.26240088
    889.52271099
    889.15427012
    888.41916326
    888.41916326
    888.41916326
    888.41916326
    888.41916326
    889.14979578
    889.47891765
    889.87789611
    889.87789611
    889.87789611
    889.87789611
    889.88658036
    889.88658036
    889.94500631
    889.94500631
    889.94500631
    889.94500631
    889.29537389
    886.97684453
    888.18445018
    888.18445018
    888.18445018
    890.82681308
    890.43376694
    890.44225139
    890.09164847
    890.09164847
    890.30355049
    890.30355049
    890.26410377
    890.09317176
    889.24086657
    889.24086657
    889.56059807
    889.57224078
    889.57224078
    889.57224078
    889.57224078
    889.57224078
    890.19118622
    890.19118622
    890.20467657
    890.20467657
    890.16987174
    888.67737003
    888.67737003
    888.67737003
    889.76158527
    888.90457236
    888.90457236
    889.86671525
    889.86671525
    889.86671525
    889.86671525
    889.50351448
    890.19740449
    890.19740449
    890.19740449
    889.89260177
    887.96678011
    889.63928643
    890.08766437
    890.08766437
    889.30411672
    889.30411672
    889.24886404
    889.15742591
    889.93189706
    889.93189706
    890.30703054
    889.69678841
    890.13427859
    890.83598651
    890.83598651
    890.77256025
    890.55210749
    890.40829293
    890.40829293
    890.40829293
    889.88520870
    889.82320257
    889.66146773
    889.99222010
    889.99222010
    890.29611840
    890.69698866
    890.72540405
    890.15981276
    890.18210282
    890.18210282
    889.08204632
    890.47713283
    890.46411363
    890.45193324
    889.40057408
    890.81876035
    890.78911055
    890.46834801
    890.46700786
    890.46700786
    890.45087417
    890.54482556
    890.42385507
    890.34019026
    890.34019026
    890.06822628
    889.94447311
    889.73027482
    889.73027482
    889.66066074
    890.65816443
    890.72211677
    890.23591584
    890.23559990
    890.23559990
    890.23559990
    890.14133819
    889.26656718
    889.26656718
    888.23082690
    888.23082690
    888.23082690
    890.03998429
    890.04390772
    890.07070495
    889.79428955
    889.79428955
    889.80822628
    889.34375631
    887.39289775
    886.30479660
    886.30479660
    886.30479660
    886.91997694
    887.97450845
    887.98478243
    889.67277077
    889.67828339
    889.82932134
    889.83089345
    889.45751962
    890.70895043
    890.64705339
    890.73605866
    890.74947241
    890.57249055
    890.51268458
    889.82864198
    890.12589336
    890.12589336
    890.12289362
    890.18795621
    890.05998689
    889.27826027
    890.01603208
    890.00064553
    890.00064553
    889.68991768
    889.51865932
    890.04882209
    889.92108843
    890.00899119
    890.00899119
    890.00899119
    889.32214640
    889.32214640
    889.32214640
    889.14486115
    890.67038722
    890.67038722
    890.65229174
    890.44613401
    890.57441160
    890.58372834
    890.67897129
    890.72374042
    889.78519852
    889.07112884
    890.40256849
    889.99197355
    890.07929190
    890.03910354
    889.87355993
    889.83383661
    890.08226557
    889.29696559
    887.73158669
    888.86228398
    887.73509397
    887.79490944
    889.06209102
    889.45882739
    889.45882739
    889.48170402
    888.59295076
    887.77280600
    887.77280600
    887.77280600
    888.69626807
    889.91150916
    890.36090328
    890.36872435
    890.26965748
    890.62009547
    890.12548658
    889.78367631
    888.28121770
    889.19839649
    889.56159174
    889.56159174
    888.35904530
    887.87844874
    887.87844874
    887.33385885
    888.40002736
    888.87075499
    889.25821727
    890.15675395
    890.15675395
    890.45346178
    890.56523651
    890.36214236
    890.36214236
    890.73193635
    889.88473970
    889.88473970
    889.88473970
    890.22973841
    890.21849789
    890.43428558
    890.63169391
    890.72536003
    890.23945684
    890.25077187
    890.38622173
    890.79234491
    890.73132809
    890.20822468
    890.21238101
    890.56553454
    890.61356472
    890.63707912
    890.71345246
    890.71345246
    890.71345246
    890.71345246
    890.81491942
    890.83731662
    890.83976615
    890.81988479
    890.81072215
    890.74580688
    890.45198751
    890.43682649
    890.43682649
    889.25817615
    889.29846635
    889.29846635
    888.41173555
    888.97821770
    889.54893290
    889.54893290
    889.45050038
    889.38605170
    889.84471494
    888.84990836
    888.84990836
    890.07048205
    889.81026721
    890.31290042
    889.05220438
    886.82985154
    887.36740692
    887.36740692
    887.99390630
    887.99390630
    889.03259818
    889.03259818
    889.03259818
    889.03259818
    889.89326262
    889.89326262
    889.89326262
    889.89326262
    890.60488032
    890.61992989
    890.40111821
    889.87481930
    889.87481930
    888.99891318
    887.35587710
    888.13049128
    888.13049128
    888.13049128
    888.13049128
    888.20400225
    890.36898674
    890.36821304
    890.62012123
    890.44108326
    890.05968002
    889.98248619
    889.95470058
    890.09868413
    890.09868413
    890.72136601
    890.58979184
    890.45301143
    890.42664476
    889.95528404
    889.96554005
    889.60684182
    890.26095723
    890.12726875
    890.11580942
    890.72370070
    890.73859039
    890.72693050
    890.73909967
    890.63866677
    889.99354564
    890.37171894
    889.73064844
    889.73064844
    890.31024314
    890.37922123
    890.62124304
    890.25914015
    890.33337211
    890.33337211
    890.69102861
    890.69102861
    890.22509344
    887.51849958
    889.43753522
    889.43753522
    889.43753522
    888.78226569
    888.78226569
    889.01249182
    888.38045528
    888.22433672
    888.22433672
    889.92069884
    890.18871732
    890.56682760
    890.69493321
    890.69493321
    890.58534416
    890.45219349
    890.45219349
    890.42861137
    890.42927701
    890.41951770
    889.64099318
    889.29498201
    888.89007309
    889.78421761
    889.78421761
    890.11748800
    889.69650663
    889.67823172
    889.70589341
    889.70589341
    889.59745170
    889.74129108
    889.74129108
    889.97394834
    889.95561624
    889.95561624
    889.94451017
    889.94451017
    889.94451017
    890.50284232
    890.65637634
    890.63811355
    890.62111783
    890.83652352
    890.43711591
    890.21390788
    889.73741069
    887.57184998
    887.57184998
    888.54821072
    888.54821072
    888.54821072
    888.54821072
    888.13171190
    888.13171190
    888.33410150
    889.86198939
    889.01109151
    889.01109151
    889.01109151
    889.01109151
    889.44792595
    889.62648059
    889.84433832
    890.56123160
    890.60089426
    890.68023886
    890.52123459
    890.53185916
    889.85444582
    888.80589107
    890.34267421
    890.41406665
    890.15823801
    890.15823801
    890.20504673
    889.99249528
    889.99249528
    890.81277774
    890.27980870
    890.23582901
    890.17658324
    890.39906881
    890.82568663
    890.83204826
    890.71914342
    890.77679995
    890.56134908
    889.66623806
    889.66623806
    889.66623806
    888.68443481
    888.93284428
    888.93284428
    889.60678866
    890.06469297
    890.55686092
    890.44549455
    890.48239323
    890.61410590
    890.72008291
    890.72008291
    890.70439196
    890.41196978
    890.39712721
    890.50913872
    890.50913872
    890.44666409
    890.41858493
    890.35175730
    890.82123416
    890.73683406
    890.85111050
    890.83948624
    890.76242863
    890.76242863
    890.60468745
    890.70829690
    890.66004498
    889.72195120
    889.54496217
    890.83228995
    890.84724939
    890.84724939
    890.84724939
    890.84724939
    890.83436836
    890.31331335
    890.04274854
    888.28593234
    888.58167389
    888.58167389
    888.58167389
    888.58167389
    888.90121210
    888.90121210
    888.90121210
    888.90121210
    889.32935566
    889.42933632
    889.64703137
    889.25376140
    890.17697500
    889.79759161
    890.07308085
    890.07308085
    890.07308085
    890.13683303
    889.88989752
    889.88989752
    889.06060447
    889.06060447
    889.26900663
    889.93004069
    888.91915879
    888.91915879
    888.91915879
    889.24450197
    890.32108702
    889.74254231
    890.39461531
    890.39461531
    890.39461531
    890.57177458
    890.42765520
    890.52041790
    890.52041790
    890.55133538
    890.55133538
    890.39948600
    890.54180132
    889.07317945
    889.07317945
    889.07317945
    889.60509016
    889.60509016
    889.85081215
    889.85081215
    889.85081215
    890.43359852
    890.44138806
    890.35393957
    890.62836799
    890.60001897
    890.65370485
    890.37716225
    890.38104496
    890.08189159
    890.08189159
    890.23264983
    890.09598305
    889.76602525
    889.76602525
    889.76602525
    889.76602525
    889.76602525
    889.28939549
    888.44392534
    889.00392533
    888.84110781
    888.84110781
    890.24324868
    890.44637136
    890.33481276
    890.16721874
    889.53095402
    889.96416871
    889.59128542
    889.37071238
    889.37071238
    889.37071238
    889.37071238
    888.92099905
    888.92099905
    888.70956571
    889.89189438
    890.60434121
    889.66141179
    889.66141179
    890.04407581
    889.94814052
    888.43334793
    888.75000416
    889.53717653
    889.15946839
    889.15946839
    889.15946839
    890.02441198
    890.25965207
    889.93689201
    890.13513306
    890.28631290
    890.45918031
    890.45918031
    890.29914294
    890.22393794
    890.65564218
    890.60513081
    890.78622194
    890.79758475
    890.67067951
    890.77726264
    890.77592046
    890.78621839
    890.70327711
    890.28905283
    890.28905283
    890.21515044
    890.21515044
    890.23997311
    890.25886514
    890.21561014
    890.29971975
    890.65862218
    890.65862218
    890.19545090
    889.54187451
    889.52669835
    890.15307185
    890.49739264
    890.49739264
    890.49739264
    890.49739264
    890.49739264
    890.35735978
    890.35735978
    890.40571400
    890.40571400
    890.11356879
    890.11356879
    890.64921893
    889.14953851
    889.14953851
    889.14953851
    889.14953851
    889.36899342
    889.36899342
    889.28265274
    890.26249460
    890.26249460
    890.33451109
    890.33451109
    890.33451109
    890.40963304
    890.07814154
    890.31364464
    890.45190369
    889.93568145
    890.81877367
    890.77182540
    890.78827910
    890.66925358
    890.66304755
    890.66304755
    890.10560574
    889.85336089
    887.94604425
    887.94604425
    889.67485127
    889.67485127
    890.53576739
    890.51506040
    890.72671214
    890.66383604
    890.66215741
    890.19990071
    890.63651596
    890.30210788
    889.63159764
    889.63159764
    889.63159764
    889.63159764
    889.56821056
    889.56821056
    890.31724644
    890.77510153
    890.78115128
    890.47455829
    890.47455829
    890.49477587
    889.96078947
    890.48315937
    890.48315937
    890.45085332
    890.36560821
    890.57060414
    890.57060414
    890.83223421
    890.83223421
    890.72101866
    890.72101866
    890.72101866
    890.72745918
    890.69499085
    890.69499085
    890.62823847
    890.75132788
    890.75132788
    890.75132788
    890.74719622
    890.51685407
    890.63159224
    890.35649152
    890.27416063
    888.99074510
    888.99074510
    889.12473206
    889.39607472
    889.39607472
    889.39607472
    888.38563568
    889.03994192
    889.53392013
    889.53392013
    889.66761624
    889.85277576
    889.67231371
    888.99370644
    888.65083171
    890.29077516
    890.39252156
    890.62509277
    890.63037683
    890.63037683
    890.65966050
    890.67911526
    890.68550629
    890.69267629
    890.69267629
    890.27499586
    890.23275919
    889.59294716
    890.09671527
    890.09671527
    890.09671527
    890.09671527
    890.09671527
    890.49835203
    889.37956929
    889.37956929
    889.37956929
    889.50254837
    889.50254837
    889.26340195
    889.26340195
    889.26340195
    889.26340195
    890.43569036
    889.75138158
    890.19666950
    890.19666950
    890.31537846
    890.31537846
    890.50951743
    890.50951743
    890.50951743
    890.50951743
    888.45830189
    888.45830189
    888.57108293
    888.62396253
    888.62396253
    889.37723120
    889.58639853
    889.18550067
    889.18550067
    888.79493833
    888.48526985
    888.48526985
    888.48526985
    887.63292014
    887.23690461
    887.23690461
    886.72510850
    886.72510850
    886.72510850
    888.59322348
    888.59322348
    888.92676892
    888.92676892
    888.92676892
    890.48047889
    890.36226400
    890.70233456
    890.82562864
    890.82562864
    890.69083796
    890.69083796
    890.72873134
    890.76817508
    890.82136880
    890.47158456
    890.46658143
    890.69939664
    890.54554340
    890.25377417
    890.73294361
    890.84076729
    890.81859748
    890.70389180
    890.70389180
    890.73790533
    890.81032725
    890.70253481
    890.79108816
    890.79108879
    890.79439678
    890.81980590
    890.68516851
    890.29348080
    890.14973042
    890.06812253
    890.16710488
    890.20865690
    889.95397119
    890.76706397
    890.21060823
    890.52888725
    890.52084469
    890.52345219
    890.63584699
    890.64475682
    890.68123559
    890.56864699
    890.56887965
    890.56887965
    890.56887965
    890.56887965
    890.56887965
    890.56887965
    890.10102414
    890.62641130
    890.62641130
    890.62641130
    890.52383407
    890.52383407
    890.52383407
    890.68893192
    890.75649687
    890.75649687
    890.55582634
    890.55582634
    890.73725335
    890.73725335
    890.73988296
    886.84110861
    889.73398504
    890.72207381
    890.55442443
    890.55442443
    889.34547400
    888.54407379
    888.54407379
    888.54407379
    887.80576969
    889.93411567
    890.11908241
    889.95736479
    889.61249731
    889.61249731
    889.61249731
    889.71515573
    889.64312052
    890.07425046
    890.07425046
    890.78197438
    890.78197438
    890.75398839
    890.01990269
    888.36542322
    888.36542322
    888.36542322
    889.46939497
    889.46939497
    889.23149903
    889.55717996
    889.15137599
    889.59305400
    889.22093315
    890.07621779
    890.04281331
    890.22069387
    890.21280874
    888.99789155
    888.99789155
    888.99789155
    888.99789155
    889.82016755
    889.82016755
    889.82016755
    890.37149317
    890.37149317
    890.57966779
    890.70872539
    890.32497987
    890.69391971
    890.26282387
    890.26282387
    889.52113567
    889.91972638
    890.15378630
    890.37974139
    889.73130492
    889.73130492
    889.87758943
    889.87758943
    889.87758943
    889.71407877
    890.32334941
    890.32334941
    890.43722859
    890.17517593
    890.31007140
    890.52489659
    890.21630453
    890.21630453
    890.36130790
    890.35241018
    890.35241018
    890.35532335
    889.49961772
    889.49961772
    889.81698861
    890.05572434
    890.05259523
    889.77966200
    890.05008596
    890.05008596
    890.53350370
    890.53350370
    890.71981084
    890.38851643
    890.38851643
    890.38851643
    890.38851643
    890.38851643
    890.35890357
    890.35890357
    890.35890357
    890.50285816
    889.95098988
    890.82178908
    890.74391136
    890.74391136
    890.78088911
    890.19998364
    889.96385085
    890.06059601
    890.48874489
    889.84553214
    889.84553214
    889.81677070
    890.31830979
    889.86346395
    890.43772650
    889.88477533
    890.12775315
    889.88647862
    889.88647862
    889.47036492
    889.51337556
    890.24116830
    889.77157462
    889.81434709
    889.81434709
    890.32942731
    887.79590119
    887.79590119
    890.43034435
    890.43034435
    890.38356370
    890.38356370
    889.90278431
    890.39399516
    890.39399516
    890.26990886
    887.43612744
    888.64723909
    890.23827971
    890.80083000
    890.43963269
    889.85041342
    890.41912193
    890.51120944
    890.51120944
    890.63799741
    890.32032595
    890.45648693
    890.40004369
    890.03160632
    888.60187149
    887.93535756
    887.93535756
    889.77616659
    889.77616659
    890.36094848
    890.21550944
    889.48052291
    889.14039297
    890.10159444
    890.10159444
    890.10159444
    890.35397309
    890.63398300
    890.53061970
    887.34023580
    889.90484859
    890.19660365
    890.21428747
    890.28893441
    890.37681720
    890.37681720
    890.10737552
    890.10737552
    890.77009217
    890.75911974
    890.73686271
    890.73686271
    890.58581934
    890.57964374
    890.47345559
    889.28515117
    889.28515117
    889.28515117
    889.32333515
    887.26331882
    887.26331882
    888.13339877
    887.24998127
    887.24998127
    887.24998127
    890.46689794
    890.46689794
    890.46689794
    889.88380367
    889.88380367
    890.22564836
    890.75913400
    890.75913400
    890.63677014
    890.72540113
    890.72540113
    890.83264975
    890.83703627
    890.27643391
    890.27643391
    890.61978530
    890.58090671
    890.55419230
    890.55419230
    890.54492045
    890.54492045
    890.68367594
    890.51232208
    890.59745366
    890.59745366
    890.59745366
    890.39966367
    890.68935083
    890.52825830
    889.81866342
    889.81866342
    888.00659196
    888.00659196
    888.29526935
    888.71592518
    889.05782384
    887.57031985
    888.24889016
    888.24889016
    890.64187641
    890.64359236
    890.37676181
    890.42812463
    890.48815601
    890.48815601
    890.34289689
    889.97837850
    890.85002908
    890.85002908
    890.82292952
    890.42319426
    890.41747078
    890.20898183
    890.43866745
    889.91504060
    889.91504060
    889.88638238
    889.88638238
    889.97417703
    889.97417703
    889.97417703
    890.51588850
    890.51588850
    890.51588850
    890.54819804
    890.24855562
    889.96199202
    889.96199202
    890.08337643
    890.08209806
    890.15155659
    890.32939582
    890.48207413
    890.48207413
    890.46368501
    889.82353857
    889.82353857
    889.82353857
    889.44187787
    887.80063185
    887.80063185
    888.07324982
    888.95063283
    889.32595912
    888.69518901
    888.17831561
    889.13715037
    890.04569128
    890.04569128
    890.04569128
    890.01158053
    890.01158053
    889.99733523
    889.77043942
    890.62407571
    890.68042412
    890.68346514
    890.47256349
    890.46910424
    890.77741550
    887.14056168
    887.14056168
    885.87321994
    885.87321994
    884.89539594
    884.89539594
    884.89539594
    885.16799915
    885.16799915
    886.32507214
    886.32507214
    887.01409571
    884.88013420
    884.88013420
    887.23527876
    887.37690089
    887.34764723
    884.13899301
    884.13899301
    884.95276986
    884.95276986
    883.20556905
    887.24203471
    886.52442860
    886.52442860
    886.52442860
    886.52442860
    887.27097879
    887.27097879
    887.91838712
    887.91838712
    885.88429082
    889.48400839
    889.49974520
    888.66094736
    888.74215191
    887.65441361
    889.00423155
    889.00423155
    889.75028061
    890.17236179
    890.11616950
    890.57927756
    890.63349892
    890.43084786
    890.55900585
    890.62850350
    889.56719609
    889.83605288
    889.63658066
    888.84022796
    888.84022796
    888.84022796
    888.42879696
    888.34634768
    888.25901972
    888.25901972
    887.49639529
    888.48074155
    888.25747661
    889.15719824
    890.26437294
    890.23891196
    890.46998768
    889.46575482
    889.46575482
    890.18841627
    890.53012772
    890.30432244
    890.30432244
    890.38039931
    890.21972574
    890.21972574
    890.21972574
    890.21972574
    890.09343880
    889.83739608
    889.76374444
    889.78132640
    890.42139300
    890.42139300
    890.17822383
    889.74468507
    889.73172135
    889.19269742
    889.19269742
    889.84612706
    890.35606919
    890.35606919
    889.42056374
    889.42056374
    889.42056374
    889.42056374
    889.42056374
    890.21317136
    890.21317136
    889.88869331
    890.26579674
    889.15198225
    889.20728138
    889.26780254
    889.37512236
    889.67388964
    888.43527739
    890.02562431
    888.59557182
    887.56273437
    887.84674313
    887.84674313
    887.94743302
    890.24846296
    890.02549342
    888.47373919
    887.59701336
    888.53723517
    888.54528864
    889.34140075
    890.15562245
    890.15562245
    890.03441035
    887.48829096
    887.48829096
    887.48829096
    887.48829096
    887.48829096
    888.88041154
    888.88041154
    889.15353427
    887.53988792
    887.90022081
    887.90022081
    887.90022081
    890.18728154
    890.44024987
    890.48036537
    890.66036764
    890.65057681
    890.65408646
    890.83594414
    890.84083243
    890.84083243
    890.78913497
    890.79189470
    890.75307947
    890.81409459
    890.82354361
    890.82354361
    890.82349164
    890.32246768
    890.36557156
    889.38424997
    889.70584607
    889.36366218
    889.03136639
    889.08278669
    889.91784173
    890.07905618
    890.48156983
    890.48156983
    890.37052756
    890.37052756
    890.38887871
    890.71975297
    890.67387451
    890.67387451
    890.81398140
    890.46235797
    890.49623829
    890.37643006
    888.64529135
    889.44766925
    890.46426478
    890.58986699
    890.78026620
    890.78069989
    890.78816828
    890.78816828
    890.78816828
    890.77266264
    890.82102361
    890.84462191
    890.83109091
    890.82480414
    890.58717425
    890.58272276
    890.64471963
    890.63492512
    890.63492512
    890.15826443
    890.15826443
    890.24055732
    890.39503309
    890.53329960
    890.61920526
    890.50900248
    890.14354481
    890.06468432
    890.06468432
    890.26382268
    890.34073235
    890.67114095
    890.67972356
    888.98318893
    889.23444664
    888.34331345
    889.99018957
    889.99018957
    889.28377095
    889.81953093
    890.07233750
    887.61905452
    887.61905452
    889.56369831
    889.94916416
    890.11486940
    889.38631814
    889.38631814
    887.69085882
    886.72892364
    886.72892364
    886.72892364
    887.13087489
    888.64024744
    888.64024744
    888.45129864
    888.45129864
    888.40278156
    888.40278156
    888.54121133
    888.65475959
    888.65475959
    889.07459301
    889.07459301
    888.84289696
    888.84289696
    888.31015817
    888.96647336
    888.96647336
    888.96647336
    888.96647336
    888.67864139
    888.67864139
    887.15891685
    888.63795422
    887.81908211
    887.81908211
    887.81908211
    887.81908211
    887.81908211
    887.38412873
    890.26017111
    890.22128558
    890.34469005
    890.22872381
    890.15951833
    890.02259390
    890.04312798
    890.04312798
    889.79809180
    889.19979357
    889.19979357
    890.79183383
    890.65625253
    889.92373047
    890.16005214
    890.16005214
    890.16005214
    890.16005214
    890.52957215
    890.52957215
    890.52957215
    890.52957215
    890.36426148
    890.38141070
    890.38141070
    890.73426413
    890.17045412
    890.17353585
    890.66610400
    890.64836806
    890.81249675
    890.81249675
    890.81436157
    890.81001703
    890.79885359
    890.79885359
    890.79910887
    890.83780224
    890.51090818
    890.78865563
    890.77369228
    890.22012225
    890.22012225
    890.22012225
    890.22012225
    890.50762805
    890.50762805
    889.56117252
    889.28980541
    889.50900973
    890.72951008
    890.72248306
    890.75162567
    890.58630478
    890.50315506
    890.50500110
    890.50500110
    890.50500110
    890.50500110
    890.64911047
    890.54406420
    890.56419630
    890.73354206
    890.57512441
    890.57512441
    890.57512441
    890.51995004
    890.47648965
    890.47648965
    890.76240392
    890.69600723
    890.69600723
    890.44384353
    890.62771544
    890.62771544
    890.34635525
    890.41897869
    890.28618514
    890.36160516
    890.16635798
    890.16635798
    890.48525308
    890.17572975
    890.49487903
    890.49487903
    890.72676094
    890.73814742
    890.79265722
    890.52673416
    890.82113981
    890.63134414
    890.68863021
    890.68863021
    890.78552378
    890.28027671
    890.10826093
    890.08250495
    890.09072913
    890.20090538
    890.68202527
    889.97898451
    890.14674718
    889.78354630
    889.78354630
    889.73905254
    889.73905254
    889.20599576
    889.55015446
    889.55015446
    887.54478337
    887.54478337
    887.54478337
    887.54478337
    886.97475041
    886.97475041
    887.21850965
    887.21850965
    887.21850965
    889.79952517
    889.52073525
    890.25886350
    889.73512193
    890.08141231
    889.33264278
    890.12424358
    889.59948066
    889.59948066
    889.56650604
    888.84827636
    884.62560562
    886.83743226
    886.83743226
    886.83743226
    885.19605558
    887.51251950
    887.51251950
    888.50570387
    889.81993203
    890.00215907
    890.51328692
    890.21486079
    890.21486079
    888.63088751
    889.94623816
    889.94623816
    890.26222437
    890.21556783
    889.46635457
    888.83577800
    889.19146832
    890.48659640
    890.68892593
    889.46520254
    889.46520254
    889.45985041
    889.45985041
    889.45985041
    889.45985041
    889.45985041
    889.45985041
    888.65579125
    888.65579125
    889.43255522
    889.43255522
    889.65517990
    889.70407950
    889.70407950
    889.70407950
    889.70407950
    890.19472002
    890.19472002
    890.57257487
    890.65387806
    890.65387806
    890.24896302
    889.91403819
    889.61432418
    889.76869071
    889.40516324
    889.40516324
    889.40516324
    889.40516324
    888.83910859
    889.98533299
    890.47417598
    890.47417598
    889.42459572
    889.88644228
    888.49654992
    888.91048025
    888.91048025
    889.00110765
    888.28961978
    888.28961978
    888.28961978
    888.36237774
    890.41980503
    890.40625324
    890.42255029
    888.53031684
    890.30081375
    888.30093520
    888.30093520
    888.30093520
    888.30093520
    890.34032755
    890.13393602
    889.72855023
    889.72855023
    888.66259500
    888.69252006
    889.13166912
    889.20393298
    890.37869926
    890.37869926
    890.69621448
    890.78923525
    890.81618141
    890.75481265
    890.55713745
    890.56987938
    890.61649903
    890.48964031
    890.40833313
    890.40833313
    888.84781285
    888.84781285
    888.02658652
    889.35375933
    889.66502376
    889.66502376
    890.36085657
    890.36085657
    890.36085657
    890.66432360
    890.72911902
    890.67655672
    890.68861069
    890.82316493
    890.75841152
    890.19805891
    890.09744708
    890.09744708
    890.09744708
    890.09744708
    890.09744708
    890.21351308
    887.95868180
    890.37130785
    890.19009679
    890.60412193
    890.56553430
    890.56553430
    890.56553430
    890.56553430
    890.35296377
    890.56322530
    889.99786841
    890.76563954
    890.74214366
    890.74214366
    890.68989842
    889.50918156
    889.73641351
    889.70409890
    889.70409890
    889.70409890
    889.70409890
    889.70409890
    889.05151258
    889.95968465
    890.52311680
    889.91375123
    890.02795071
    889.69054886
    890.56421147
    890.65593434
    890.67135082
    890.62172246
    889.20494949
    885.46662101
    887.63595842
    889.02880062
    889.02880062
    889.73697418
    889.70140667
    889.65994471
    889.50843975
    889.50843975
    889.48239694
    889.55449366
    889.55449366
    889.55449366
    889.55449366
    890.40255652
    890.82988924
    890.83117452
    890.57745777
    890.00729051
    890.00729051
    889.76444462
    890.61668004
    890.61668004
    890.62037319
    890.62037319
    890.61538723
    889.97741205
    889.97741205
    889.88383821
    889.39622907
    889.99093946
    888.27360940
    888.27360940
    888.27360940
    888.27360940
    889.07767462
    888.50432859
    889.36367202
    890.43046004
    890.43046004
    890.44622459
    890.51962751
    890.51777698
    890.51777698
    890.65592889
    890.00842927
    890.50157115
    890.57915134
    890.57915134
    889.98906181
    890.28718336
    890.28718336
    890.19553708
    890.28812650
    890.28812650
    890.56471581
    890.56471581
    890.70351915
    890.43850887
    888.94176836
    890.65169846
    890.59041484
    890.07567998
    890.07567998
    890.28525884
    890.46479737
    890.46479737
    890.46479737
    890.21602721
    890.51208625
    889.98939113
    890.23838215
    890.14559255
    890.14559255
    890.14559255
    890.67643151
    890.44299104
    890.44299104
    890.45447604
    890.81181367
    890.81181367
    890.81181367
    890.81091711
    890.81091711
    890.68124614
    890.17335683
    890.17335683
    890.17335683
    890.58732301
    890.58732301
    890.44254289
    887.67310602
    887.67310602
    887.67310602
    887.67310602
    887.67310602
    887.67310602
    888.25071988
    888.91566859
    888.91566859
    890.28566358
    889.33270560
    889.33270560
    889.33270560
    889.33270560
    889.33270560
    890.13763203
    890.78174014
    890.77874452
    890.79680301
    889.86445644
    889.58097261
    889.70400973
    889.70400973
    890.44434101
    890.47600869
    889.46261718
    889.46261718
    889.46261718
    889.46261718
    889.10143007
    889.07458347
    889.07458347
    888.67630422
    888.74123800
    888.74123800
    888.74123800
    888.74123800
    890.01909073
    890.02246121
    890.02246121
    888.32698545
    887.41123681
    887.22800060
    887.22800060
    888.99076619
    888.97485499
    888.61419185
    888.61419185
    888.61419185
    888.68549873
    889.91077690
    888.59878567
    888.23275813
    888.23275813
    888.23275813
    888.23275813
    888.23275813
    888.23275813
    889.21317680
    889.38129321
    889.76373182
    890.55109748
    890.55109748
    890.55109748
    889.51196501
    889.51196501
    890.43405808
    890.33437668
    890.33437668
    890.23251052
    890.08938734
    890.11514121
    889.83969141
    889.49875851
    889.49875851
    886.99995555
    889.38526766
    888.50476420
    888.50476420
    889.51916618
    888.92969157
    885.15673564
    885.15673564
    885.15673564
    885.15673564
    886.75502856
    888.83317190
    888.80090775
    888.80090775
    888.80090775
    888.80090775
    890.06745772
    889.56980332
    890.50692318
    890.50692318
    890.51646031
    890.14184603
    890.12627243
    890.09044699
    890.29132058
    890.01136594
    890.08725205
    889.91185802
    890.20202550
    890.13503399
    889.94269960
    888.16654704
    888.16654704
    889.70556374
    889.70556374
    890.23853541
    890.18024407
    890.42209444
    890.50074608
    890.68528530
    890.78397576
    890.84300647
    889.24655478
    889.24655478
    889.25984689
    889.25984689
    889.92262520
    889.92262520
    890.22984713
    890.48410613
    890.72106595
    890.74888357
    890.75025898
    890.62536266
    889.35262706
    889.35262706
    889.35262706
    890.28267705
    890.78461043
    890.72872271
    890.77610546
    890.38542398
    890.11720787
    890.19155735
    890.19155735
    890.37830570
    890.07601708
    889.35222246
    889.35222246
    889.35222246
    889.35222246
    889.03656048
    889.61932602
    889.55636566
    890.60637144
    890.60862274
    890.09701438
    890.09701438
    890.09701438
    890.41017527
    890.38462396
    890.15897171
    890.15897171
    889.85971596
    889.85971596
    889.78171560
    887.75451090
    888.82411813
    888.82411813
    889.43672688
    890.15658150
    889.97188994
    889.59826264
    889.83068354
    889.83068354
    889.21528678
    889.21528678
    889.86356271
    889.88808537
    890.26340011
    890.57381280
    890.84032627
    890.75212430
    890.79069700
    890.26384735
    890.26384735
    890.26384735
    890.30899196
    889.87068216
    889.87068216
    889.86328537
    890.18509712
    890.18509712
    890.18509712
    890.71999659
    890.71999659
    890.82967253
    890.72360235
    888.30697593
    887.00959036
    889.53507531
    889.27830478
    888.93264675
    888.93264675
    889.56134192
    889.56134192
    889.56134192
    889.16401474
    890.53945675
    890.42066576
    890.18267757
    890.33561080
    889.42824474
    889.42824474
    889.52952427
    890.53725648
    890.62243380
    890.62243380
    890.40154374
    889.35839589
    889.35839589
    889.96012579
    889.96012579
    889.96012579
    889.75632940
    889.66386702
    890.53246173
    890.53246173
    890.69826477
    890.38502124
    890.25640045
    890.25640045
    890.20641931
    890.20913481
    884.76277845
    884.76277845
    884.76277845
    884.76277845
    885.20265162
    885.20265162
    885.20265162
    887.13401215
    887.13401215
    888.57165556
    888.57165556
    889.12147220
    890.43606576
    890.73892568
    890.46621771
    890.46621771
    889.68108987
    890.29830455
    890.57811702
    890.30571436
    890.46671604
    890.84062603
    890.83685659
    890.83685659
    890.83816629
    890.79784082
    890.80141101
    890.80141101
    890.80141101
    890.80141101
    890.80399079
    890.79850742
    890.79358441
    890.78616316
    890.78616316
    890.76509777
    890.76509777
    890.74907545
    890.73144383
    890.68652431
    890.68652431
    890.68652431
    890.66481852
    890.66710421
    890.30001524
    890.27955045
    890.37972810
    890.79677425
    890.67495277
    890.69265162
    886.08284638
    886.08284638
    886.08284638
    886.08284638
    886.08284638
    889.51190115
    889.95256890
    890.04938291
    890.11757593
    890.11757593
    890.71757713
    890.71757713
    890.70169640
    890.63983408
    890.65717227
    890.61918026
    890.61918026
    890.61918026
    890.61918026
    890.43736524
    890.40277907
    890.14199901
    890.14199901
    890.75823881
    890.45082274
    890.09518154
    890.37488586
    890.37488586
    890.37488586
    890.36290805
    889.30728550
    889.30728550
    889.28038584
    890.18768327
    890.18337838
    890.18337838
    890.81127298
    890.72546218
    890.72546218
    890.45824829
    890.45824829
    890.45824829
    890.45824829
    890.28195629
    890.48983472
    890.48983472
    890.48983472
    890.48983472
    889.73471154
    889.50773270
    889.65662422
    890.79530326
    890.83003910
    890.34651997
    890.31353073
    890.31353073
    889.85828455
    889.60445247
    889.53907966
    889.69244284
    889.78473951
    889.78473951
    888.43109827
    888.43109827
    888.43109827
    887.55922075
    887.55922075
    887.55922075
    887.55922075
    888.20963319
    888.20963319
    890.30572063
    890.53785231
    890.53785231
    889.60332602
    889.60332602
    890.21638343
    890.78731449
    890.82619419
    890.84201376
    890.73557027
    890.71785904
    890.69469994
    890.73180359
    890.60535021
    890.79066146
    890.69654403
    890.68737253
    890.38534253
    890.38237944
    890.10562841
    890.42064186
    890.40958986
    890.35991566
    890.82751569
    890.82751569
    890.82142386
    890.82088836
    890.82088836
    890.81082284
    890.78405830
    890.74830325
    890.76267049
    890.71668863
    890.74133079
    890.56201628
    890.62402091
    890.62402091
    890.79534264
    890.51366715
    890.51366715
    890.52743304
    890.52743304
    890.52743304
    890.50215279
    890.74717582
    890.74717582
    890.77002871
    890.77002871
    890.77002871
    890.84320301
    890.84320301
    890.84326058
    890.83044267
    890.64324127
    890.64324127
    890.64324127
    890.42982792
    890.42982792
    890.19243303
    890.39255992
    890.18811335
    890.18811335
    890.18811335
    890.38340451
    890.38340451
    890.38059677
    890.38059677
    890.38059677
    890.38059677
    890.38059677
    890.55341875
    890.55188387
    888.75408480
    888.75408480
    889.19034063
    889.31894390
    889.60413200
    890.09715553
    890.09715553
    888.09010920
    888.09010920
    888.09010920
    888.09010920
    888.09010920
    887.37463754
    887.37463754
    887.37463754
    887.37463754
    887.37463754
    888.43330743
    887.91810813
    889.52799485
    890.22076806
    890.13435904
    890.13435904
    889.78340924
    889.88153719
    889.55500050
    889.78390769
    888.74399794
    889.09413116
    889.09413116
    889.34997731
    889.84800436
    889.84800436
    890.15287230
    890.24396042
    890.22578138
    890.22578138
    890.18253053
    890.15199172
    890.15199172
    889.89341830
    889.97827020
    889.94828094
    890.14260130
    889.41062766
    887.82081624
    887.82081624
    889.54592368
    889.54592368
    889.62430226
    889.62430226
    889.71212818
    889.71212818
    889.71212818
    889.71212818
    888.73122832
    888.73122832
    890.26799276
    890.38923735
    890.51796086
    890.75099436
    890.75099436
    890.76229835
    889.57722671
    889.23962302
    885.63653673
    885.63653673
    886.43688536
    886.85401035
    886.85401035
    886.85401035
    886.85401035
    886.85401035
    887.33636909
    888.71533595
    888.70815982
    888.84890693
    889.95988650
    890.10962091
    890.20861693
    889.71417233
    888.97823619
    888.40841125
    888.20921534
    888.47639202
    889.92275697
    889.62928720
    890.64168405
    890.47406577
    890.62624731
    890.32885493
    890.32885493
    890.58012312
    889.21253195
    889.21253195
    889.87611372
    890.62000317
    890.29876749
    890.29876749
    890.29876749
    889.85729254
    888.28183362
    888.28183362
    888.28183362
    888.28183362
    889.04879620
    888.25257233
    888.99029295
    888.21959552
    888.21959552
    887.38885302
    888.26701741
    888.26701741
    888.26701741
    888.26701741
    888.26701741
    888.26701741
    890.24063703
    890.24063703
    890.38895357
    890.38895357
    890.51154703
    890.50429767
    890.53646571
    890.42859661
    890.42799765
    890.43294008
    890.43294008
    889.92791078
    889.92791078
    889.92791078
    889.92791078
    890.66864215
    890.66998143
    890.84417922
    890.70235737
    890.70235737
    890.73632817
    890.67870656
    890.68247240
    889.76311491
    889.76311491
    889.76311491
    889.85700334
    890.66674358
    890.67994762
    890.61847707
    890.69526038
    890.14252404
    890.09196524
    890.01855475
    886.83705506
    889.39693893
    889.39693893
    889.39693893
    889.34301110
    890.11728757
    886.22883924
    886.22883924
    886.22883924
    886.22883924
    888.66825281
    888.66825281
    888.66825281
    889.16882208
    889.15616442
    889.94492884
    889.99148918
    890.17913929
    889.99623571
    890.22703971
    890.22703971
    890.26561948
    890.26561948
    890.26561948
    890.26561948
    889.41153376
    890.48662021
    890.79288610
    890.67020402
    890.67020402
    890.83348293
    890.82919747
    890.83209611
    890.15846029
    890.15846029
    890.32982738
    889.02114408
    888.97718270
    887.25679380
    886.93529019
    886.93529019
    887.33791314
    887.33791314
    887.33791314
    888.63180482
    888.63180482
    888.63180482
    890.28765300
    890.40667866
    890.38116478
    889.67988898
    889.67988898
    890.64045341
    890.64045341
    890.65833780
    890.65048140
    890.84968105
    890.61651095
    890.65743968
    889.96514911
    889.96514911
    890.14506124
    890.55194719
    890.70209254
    890.72836246
    890.75593927
    890.73014367
    890.76646738
    890.67917801
    890.81390796
    890.81390796
    890.01046166
    890.01833158
    889.92531844
    890.14733334
    890.68116750
    890.34511532
    890.35825833
    890.27831705
    890.73067658
    890.77381523
    890.73116850
    890.74722160
    890.57128472
    890.63298691
    889.91536922
    889.91536922
    889.99002898
    890.45062494
    890.45062494
    890.45062494
    890.01394513
    890.04590913
    890.04590913
    890.04590913
    890.25531943
    890.53765737
    890.53765737
    890.54375777
    890.03387065
    890.03387065
    889.95302908
    890.37453357
    890.37453357
    890.37453357
    890.31904732
    889.94751136
    889.94751136
    890.07681706
    890.58048404
    890.53701427
    890.60499221
    890.70476108
    890.70476108
    890.69685743
    889.97479763
    889.97479763
    889.97479763
    889.97479763
    889.97479763
    889.80455982
    889.80455982
    889.80455982
    889.76709716
    888.53652428
    888.53652428
    890.62766000
    889.24485654
    889.46352377
    890.44688731
    890.13934448
    889.65146037
    890.46063367
    889.07853258
    890.56743340
    890.54551674
    890.63142432
    890.64189243
    888.96867390
    889.37986265
    889.60092455
    889.60092455
    889.35350005
    889.88399880
    889.85850245
    889.68473720
    889.68473720
    889.68473720
    890.66774452
    890.62837117
    890.17990201
    889.35963689
    888.79929869
    890.18026623
    890.18026623
    890.25915997
    888.27345023
    887.98111968
    887.98111968
    889.40836823
    889.98292705
    889.98292705
    889.95424587
    889.93655413
    889.93655413
    889.93655413
    889.93655413
    890.81685280
    890.77390792
    890.59610092
    890.38742018
    890.43746924
    890.43746924
    890.43746924
    890.43746924
    890.43746924
    890.59216884
    890.35168053
    890.28293693
    890.28293693
    890.28293693
    890.28293693
    890.83805774
    890.69934984
    890.43199506
    890.27318107
    890.83668984
    890.83668984
    890.81918316
    890.83232750
    890.00034029
    890.05603410
    890.81009877
    890.74455714
    890.36224927
    889.99929307
    888.27285558
    888.15879794
    886.88265941
    886.88265941
    886.88265941
    889.29703215
    888.19851806
    888.57255108
    888.57255108
    889.24718821
    889.33484176
    889.98310171
    890.38509678
    889.58409150
    890.00027764
    889.82507989
    889.37056715
    889.37056715
    889.64277495
    889.64277495
    889.64277495
    889.99730918
    889.73575488
    890.18666263
    890.06125949
    890.12902258
    889.06869928
    889.06869928
    888.66240181
    888.66240181
    887.80287784
    888.55305264
    888.55305264
    888.55305264
    888.54538848
    888.54538848
    888.54538848
    888.48882606
    888.48882606
    889.36847197
    890.55385848
    890.55385848
    890.59094468
    890.56772048
    889.40103454
    888.36274405
    889.90864865
    890.65793936
    890.73616785
    890.54061370
    890.35914769
    889.98624138
    890.17430772
    889.60196147
    890.34645877
    890.34645877
    890.06562569
    890.43458651
    889.84383408
    889.85233351
    888.71601797
    888.91612687
    888.91612687
    888.91612687
    889.98851720
    890.01318050
    890.12986324
    890.26866999
    890.25881301
    890.26005814
    890.25001005
    890.14338824
    889.97706324
    890.28086343
    888.71894373
    890.04496876
    890.12695968
    890.27664043
    890.36218814
    890.68597399
    890.68597399
    890.68597399
    890.42379279
    890.29135384
    890.23111295
    890.05716040
    889.95239853
    889.94840840
    890.64494650
    890.70795227
    890.70795227
    890.70795227
    890.71378813
    890.70985755
    890.62046379
    890.60194900
    890.60194900
    890.60194900
    889.90114436
    889.69793635
    889.45440969
    889.78792771
    890.10155065
    888.67475196
    888.67475196
    888.73330903
    889.15578549
    889.42183363
    889.63259895
    890.45718273
    890.60082674
    890.20094317
    890.80338757
    890.15691167
    890.15691167
    890.15691167
    890.15691167
    889.65446802
    889.65446802
    890.44133593
    890.44133593
    887.85971322
    887.85971322
    887.85971322
    886.46273610
    889.14841886
    889.14841886
    888.11726030
    888.78264984
    888.93390653
    888.93390653
    888.93390653
    889.13379147
    889.13379147
    890.47110444
    890.47110444
    890.47110444
    890.54212128
    890.67550409
    890.67550409
    890.36636207
    890.31976561
    890.56984389
    890.81817297
    889.85149509
    889.85297065
    889.85297065
    890.19641633
    890.45072119
    890.58544134
    890.65508299
    890.72638100
    890.70575440
    890.70575440
    890.70570138
    890.70570138
    890.76759662
    890.75187457
    890.79085781
    890.83379693
    890.44353192
    890.44353192
    890.57610259
    890.57610259
    889.58329778
    889.58329778
    889.39854977
    889.38481201
    889.38481201
    889.39234074
    889.13578043
    889.13578043
    888.28873047
    888.34906430
    888.34906430
    888.34906430
    888.78814328
    888.78814328
    889.16740102
    888.83320393
    888.83320393
    888.11857079
    888.11857079
    889.45543950
    890.41240748
    890.16590788
    890.16590788
    889.83767379
    890.34904218
    890.51440698
    889.55028339
    889.55028339
    889.55028339
    888.86693451
    889.76105995
    889.82948461
    890.50144740
    890.11025076
    890.22581374
    889.95645396
    889.95645396
    890.03391099
    890.09721739
    890.10169933
    890.10169933
    890.07364794
    890.30791839
    890.30791839
    890.33909759
    889.75505732
    890.70721178
    890.72242137
    890.72242137
    890.27885727
    890.46525155
    890.58329909
    890.14701868
    890.31190138
    890.31190138
    889.84348225
    890.07444692
    889.81746584
    890.31149752
    890.37934739
    890.80146064
    890.67748966
    890.69574861
    890.76239224
    890.46755565
    890.27265497
    890.39342918
    889.48875411
    888.04519423
    888.04519423
    888.09814265
    888.05851307
    889.25271559
    890.21847037
    890.36959116
    889.93849113
    889.72368064
    889.72368064
    889.72368064
    889.55448163
    887.67843960
    887.67843960
    888.40816555
    887.67585076
    889.00446789
    889.71566147
    889.81408269
    889.69229244
    889.69229244
    889.55617003
    889.55617003
    889.55617003
    889.55617003
    890.07108913
    890.66382826
    890.40906578
    889.18630360
    890.18269305
    890.07868651
    890.03562897
    889.04879283
    888.81335602
    888.81335602
    888.44873322
    887.91845043
    887.91845043
    889.31718821
    889.31718821
    888.47160139
    888.47160139
    888.47160139
    888.82764977
    888.82764977
    888.82764977
    889.15594329
    889.67504875
    889.67504875
    889.67504875
    890.35961574
    890.46853283
    890.00345316
    890.00345316
    889.20540100
    889.20540100
    889.20540100
    889.28671358
    889.66627559
    890.12180962
    889.98733956
    890.37681214
    890.37681214
    890.37681214
    890.41594989
    890.40838973
    889.96117671
    889.96117671
    889.96117671
    889.88325584
    889.94708270
    889.02277582
    889.87292275
    889.95890502
    889.79125696
    889.25978128
    889.25978128
    889.25978128
    889.83037430
    889.76468376
    890.01257367
    890.48375404
    890.61446358
    890.61343050
    890.29146110
    890.57408778
    890.61583797
    890.61583797
    890.61583797
    890.79185046
    890.62042735
    890.84892460
    890.25533842
    890.30200666
    890.45732310
    890.45732310
    890.62732990
    890.61708721
    890.36664185
    890.37330679
    890.36696931
    889.36905048
    889.36905048
    889.36905048
    890.57971344
    890.57971344
    890.57971344
    890.68235797
    889.50511843
    888.62251015
    889.92845513
    889.98767676
    890.03324087
    890.03324087
    889.84287461
    889.85305272
    889.80915680
    889.66568002
    889.66568002
    890.09978271
    890.15579984
    890.28244730
    890.21570424
    889.76332241
    888.41471361
    888.48031426
    888.45109366
    888.45109366
    889.95236456
    890.51733668
    890.51733668
    889.33658726
    889.33658726
    889.33658726
    889.33658726
    889.33658726
    889.33658726
    889.63127376
    889.43135146
    889.40423296
    888.63161331
    888.63161331
    889.02427932
    890.64655025
    890.64655025
    890.81962353
    890.81962353
    890.68900193
    890.62469822
    890.45450239
    890.45450239
    890.36890682
    890.40592860
    890.39919733
    890.05569028
    890.24491586
    889.76384590
    890.80474257
    890.77642752
    890.77642752
    890.72446767
    890.73118209
    890.38756209
    890.38871985
    890.38747888
    890.82877695
    890.84537762
    890.83711710
    890.23081595
    890.23081595
    889.42861740
    889.42861740
    889.42861740
    889.42861740
    889.42861740
    889.38059134
    890.40420143
    890.39408483
    889.16043716
    889.16043716
    888.70181806
    888.70181806
    889.04019165
    886.95705953
    887.86702838
    887.86702838
    889.84098703
    889.78396384
    889.88993605
    889.88993605
    890.62469978
    887.78632259
    887.78632259
    887.78632259
    887.87498259
    887.87498259
    889.17400533
    889.17400533
    890.04158659
    890.04158659
    890.04158659
    890.22845067
    889.52162831
    890.46723681
    890.46723681
    890.46723681
    889.91312132
    888.95563674
    888.95563674
    888.95563674
    887.49915837
    887.49915837
    887.49915837
    887.49915837
    888.67012603
    890.54367046
    890.54367046
    890.54367046
    890.54218339
    890.58491199
    890.56117207
    890.56117207
    890.56117207
    890.56117207
    890.56117207
    890.55141907
    890.33294500
    890.62750752
    890.77646870
    890.72805194
    890.78336852
    890.59037855
    890.52376006
    889.69665356
    889.53328035
    889.53328035
    888.99894853
    890.11468424
    890.35466812
    890.66779224
    890.66779224
    890.22719952
    889.55826393
    889.55826393
    889.47689290
    889.47689290
    889.47689290
    889.47689290
    889.47689290
    889.66271316
    889.34670831
    889.34670831
    889.34670831
    888.50847421
    882.68394085
    887.37279247
    887.37279247
    888.44579245
    888.44579245
    888.44579245
    890.26410064
    889.76842672
    889.78170553
    889.78170553
    889.78170553
    889.78170553
    889.78842468
    889.78842468
    889.78842468
    889.78842468
    889.78842468
    890.18861772
    890.18861772
    890.23076285
    890.11059252
    889.65604854
    889.65604854
    890.08864969
    889.05347214
    889.05347214
    889.10837452
    889.10837452
    889.41087397
    889.41087397
    889.41087397
    889.41087397
    889.41087397
    890.42060514
    890.42060514
    889.35626925
    888.41812363
    888.14867388
    888.63024808
    889.54378885
    889.83429087
    889.83429087
    889.71859893
    890.47230342
    890.26667249
    890.50868558
    890.56667889
    890.58211795
    890.61351807
    890.61351807
    890.61351807
    890.61351807
    890.61351807
    890.41135497
    890.23972722
    890.23972722
    890.62212592
    890.34992780
    890.34992780
    890.70426468
    890.72179108
    890.75081629
    890.70356488
    890.71833280
    890.69705570
    890.56067100
    890.83988611
    890.82790672
    890.73981012
    890.68059205
    890.55524406
    890.24546956
    889.73364147
    889.70037861
    890.25446699
    890.41478328
    890.41478328
    890.80522648
    890.71443729
    890.20688969
    889.90028838
    889.90028838
    889.97493830
    890.63245547
    890.64992216
    890.64992216
    890.59482466
    890.58416152
    890.61010910
    890.66934895
    890.67785452
    890.77527416
    890.77387477
    889.91166590
    887.01296617
    887.01296617
    887.01296617
    887.01296617
    888.33789652
    888.84187745
    888.84187745
    889.48757849
    890.21681596
    888.81899880
    889.17474700
    889.17474700
    889.11725069
    890.01194433
    890.65104736
    890.65104736
    890.73339357
    890.58059011
    890.10135504
    890.10135504
    890.03971814
    889.80701243
    890.06445255
    890.06445255
    890.06445255
    890.06445255
    890.06445255
    889.94696486
    890.65455584
    890.59226719
    880.25790003
    880.25790003
    881.74506590
    881.74506590
    881.74506590
    881.74506590
    882.32767593
    882.89573013
    882.89573013
    881.19382458
    886.02257430
    886.62953810
    886.83528881
    887.51073096
    885.64478363
    884.46079169
    884.46079169
    886.15781943
    886.15781943
    888.09576153
    889.41263528
    890.02414929
    887.85034155
    887.85034155
    889.87795234
    889.47283465
    889.87073036
    890.45246735
    890.59392110
    890.59424582
    890.38742392
    890.38009627
    890.38009627
    889.54194285
    889.19084778
    889.19084778
    889.30586130
    889.30586130
    889.30586130
    889.76796252
    888.07500228
    888.07500228
    888.07500228
    889.01463786
    889.06416154
    889.06416154
    889.26854042
    889.26215637
    889.26215637
    888.64128822
    890.38357570
    890.35663517
    890.21892670
    890.09870219
    888.75087193
    888.75087193
    890.21341508
    890.27176490
    890.57777396
    890.76126748
    890.60637129
    890.60637129
    890.65559777
    890.65559777
    890.65559777
    890.65559777
    890.62525386
    890.60518709
    890.60518709
    890.41668134
    890.65187778
    890.44809642
    890.49687472
    890.49687472
    890.49687472
    889.97203318
    890.49995550
    890.50612603
    890.48900557
    889.95899998
    890.02259448
    890.02259448
    889.97512625
    889.97512625
    889.41044456
    889.41044456
    889.22176555
    885.94499778
    885.94499778
    884.84337376
    889.72262419
    889.72262419
    889.72262419
    890.76268037
    890.77731850
    890.79997742
    890.79997742
    890.79365613
    890.81717683
    890.57438795
    890.76574488
    890.69851918
    890.76353216
    890.77390667
    890.53500505
    890.80359815
    890.74189628
    890.68347069
    890.04840437
    890.04840437
    890.04840437
    890.04840437
    890.81737183
    890.37272289
    890.37272289
    890.37272289
    890.66589996
    890.66687370
    890.66687370
    890.68112652
    890.06184191
    890.70988806
    890.79863107
    890.84793891
    890.84193357
    890.54731740
    890.50465004
    889.79849466
    889.68079297
    889.68079297
    890.72662759
    890.64329578
    890.15195550
    890.15195550
    890.64916444
    890.78415160
    890.80586529
    890.41510330
    890.35881045
    890.30587311
    889.71724010
    889.71724010
    889.71724010
    889.71724010
    889.71724010
    890.33472968
    889.20510459
    889.20510459
    889.20510459
    886.45326859
    890.43169349
    889.56040105
    889.56040105
    889.56040105
    889.56040105
    890.04703373
    889.76734970
    889.79935329
    889.76631264
    890.18014936
    890.18014936
    889.56000334
    889.56000334
    890.62553444
    890.73356797
    890.66786423
    890.66786423
    890.63786495
    890.62336280
    889.41498910
    890.33251200
    890.33251200
    890.52834899
    890.52228099
    890.45068325
    890.33246858
    889.81594048
    890.39713298
    890.79509358
    890.57880508
    890.41485360
    890.25830771
    890.25830771
    889.99531758
    889.99531758
    890.76013660
    890.76013660
    890.76013660
    890.76013660
    890.76013660
    889.67334446
    889.67334446
    890.35202602
    889.50963984
    889.15808768
    887.63467705
    886.01579983
    886.01579983
    889.28494941
    889.10511617
    890.47617318
    890.26840559
    890.67836421
    890.44791139
    887.24210408
    887.24210408
    885.45325485
    885.45325485
    884.82771214
    884.82771214
    887.20838470
    887.20838470
    889.05509054
    888.83211427
    888.83211427
    888.83154407
    889.41936706
    889.41936706
    889.41936706
    889.41936706
    889.46050336
    889.46050336
    889.46050336
    887.83740366
    887.83740366
    887.83740366
    886.80917745
    886.80917745
    888.28277879
    888.39279081
    890.14164486
    889.66314195
    889.83333127
    889.08001525
    888.95401217
    888.58899604
    888.73134329
    889.53141126
    889.53141126
    889.69483817
    889.69483817
    890.47880942
    890.47880942
    890.59048648
    890.59797099
    890.54669700
    890.70727924
    890.79302751
    890.80460904
    890.80460904
    889.70293695
    889.41059974
    889.69578526
    889.48744336
    887.84469785
    887.84469785
    889.07098806
    889.55739404
    889.20178484
    888.97609766
    888.97609766
    889.82252917
    890.03534529
    890.57714499
    890.21422928
    890.33748866
    890.29804283
    890.68237372
    890.73326321
    890.76344117
    890.78703904
    890.78703904
    890.78703904
    890.69016921
    890.72383399
    890.72383399
    890.72383399
    890.72383399
    890.79952570
    890.79083889
    890.57956392
    890.78868772
    890.11678741
    890.45661797
    890.73799190
    890.65228882
    890.63067032
    890.46906527
    890.78462419
    890.78554553
    890.04279352
    890.04279352
    890.08424014
    889.70999394
    889.70999394
    889.70999394
    889.70999394
    890.57864413
    890.62181085
    890.52351705
    889.55662692
    889.55662692
    889.51030838
    888.40770774
    888.40770774
    890.82290914
    890.58435980
    890.71793090
    890.27040778
    890.27040778
    889.97368397
    890.12875242
    890.12875242
    890.12875242
    890.12875242
    890.12875242
    890.12875242
    890.36223435
    890.21607585
    890.26327519
    890.24342509
    889.47508826
    888.01791946
    888.01791946
    888.53222456
    888.53222456
    888.53222456
    888.53222456
    888.25575725
    889.09067876
    887.88370956
    889.31673290
    889.31673290
    887.88867083
    889.37580836
    889.37580836
    889.37580836
    888.37991384
    888.38054446
    889.04261451
    889.05448603
    889.05448603
    890.45636086
    890.04937565
    890.69460321
    890.77698044
    890.77698044
    890.03676948
    890.03676948
    889.99626584
    889.44713753
    889.44729213
    889.44729213
    889.45478139
    889.82712316
    889.77142412
    889.72968382
    889.73225050
    890.64566210
    890.18446558
    889.89925547
    889.89925547
    889.89925547
    889.72663299
    888.32819172
    889.38829588
    890.81439970
    890.81842212
    890.81842212
    890.66284532
    890.67069611
    890.81304990
    890.80271364
    890.80271364
    890.82590740
    890.63676973
    890.63765363
    890.32254116
    890.65274594
    890.71470862
    890.71470862
    890.71390343
    890.57438875
    890.03351284
    889.82665637
    890.36995714
    890.61142509
    890.68330983
    890.68330983
    890.79449437
    890.79515699
    890.79965891
    890.37509617
    890.61039241
    890.63056480
    890.19989169
    890.14749224
    889.08717532
    889.08717532
    889.36635997
    890.77631071
    890.31148399
    890.31148399
    890.39267414
    890.57723794
    890.34875899
    890.34875899
    890.62824095
    890.64184514
    890.64184514
    890.64184514
    890.60466338
    890.45705140
    890.45453145
    890.69055249
    890.56823987
    890.66436898
    890.66436898
    890.80380411
    890.80380411
    890.40386931
    890.66209723
    890.26132296
    890.41009998
    890.61417100
    890.84712115
    890.84712115
    890.10009355
    890.10009355
    890.08399530
    890.79666724
    890.55948480
    890.82424775
    890.76309476
    890.47334821
    890.33881218
    890.50646265
    890.41837392
    890.41837392
    890.41837392
    890.65887877
    890.65887877
    890.62226275
    890.56905233
    890.57843705
    890.72754003
    890.72820411
    890.65486695
    890.66749988
    890.83130521
    889.46444969
    889.50871148
    890.39735073
    889.57514824
    889.07840440
    889.37847626
    889.18591678
    889.18591678
    890.09855936
    890.09855936
    889.34088770
    889.34088770
    889.45890893
    889.22618656
    890.23410411
    889.80943239
    889.82671675
    889.67106078
    890.08662363
    888.33201415
    888.33201415
    888.03278745
    889.55395049
    890.61211296
    890.58904972
    890.80040142
    890.60104079
    890.60104079
    890.61877196
    890.61877196
    889.82131964
    890.04892918
    889.82678572
    890.19199260
    890.10191154
    889.91125787
    889.91868607
    889.91868607
    889.98589257
    890.31466059
    890.31466059
    890.31524280
    890.29685593
    889.56882124
    889.86154709
    889.83447832
    889.83447832
    890.21825338
    889.85440558
    890.04810007
    890.83377859
    890.68594379
    890.63921669
    889.91073626
    890.48338603
    889.65510801
    889.89237890
    889.21715320
    889.21715320
    889.21715320
    889.21715320
    889.63349273
    889.50728157
    889.50728157
    889.30320401
    889.89229984
    890.17077911
    890.79229019
    890.74908999
    890.75413331
    890.75413331
    890.71794146
    890.73176969
    890.77195922
    890.77195922
    890.77195922
    890.77195922
    890.70522916
    890.70522916
    890.69099933
    890.68346250
    890.27306252
    890.59901223
    890.59503133
    890.63421576
    890.82598397
    890.82598397
    890.82060168
    890.82483139
    890.75890761
    890.69342270
    890.77001439
    890.76851156
    890.78481740
    889.64381674
    889.76141434
    890.49230022
    890.41778481
    890.27684679
    890.27684679
    887.39004424
    887.39004424
    888.84445082
    889.06182847
    888.61510835
    888.61510835
    887.95372861
    887.80214449
    887.80214449
    887.54383790
    887.54383790
    887.54383790
    888.14074547
    887.67894474
    888.26502467
    889.84201657
    889.84201657
    888.47231860
    888.47231860
    888.65963715
    888.65963715
    889.19850844
    889.56711089
    889.93006171
    889.84274076
    889.79384230
    890.24379710
    890.24379710
    890.03128058
    890.03128058
    890.03128058
    890.09539196
    890.09539196
    890.09539196
    890.19113200
    890.19113200
    890.37523441
    890.50205974
    890.84703583
    890.80868367
    890.80521690
    890.80292538
    890.61818798
    890.78336086
    890.61533304
    890.66384473
    890.69201106
    890.20906609
    890.20906609
    890.42098829
    890.66949954
    889.72488941
    889.72488941
    889.66950594
    888.90672585
    888.90672585
    888.90672585
    888.90672585
    890.17338278
    890.73058972
    890.80868999
    890.80868999
    890.61099469
    890.61099469
    890.61099469
    890.61099469
    890.44648578
    890.37263871
    889.30962792
    890.19717041
    890.19717041
    890.16024940
    889.73062642
    889.73062642
    890.19045333
    890.30209286
    890.37274830
    890.16875409
    890.16875409
    890.16875409
    890.76747722
    890.79090515
    890.75014410
    890.76668642
    890.76668642
    890.75161492
    890.80232496
    890.78107971
    890.78107971
    890.78107971
    890.61499155
    890.64228805
    890.64228805
    889.52737129
    889.52737129
    889.86879597
    889.82526037
    889.75219279
    890.47341035
    889.89712706
    890.61083845
    890.60951619
    890.58843887
    890.40719060
    890.16377668
    890.81344298
    890.81344298
    890.66007264
    890.62363232
    890.56765368
    890.49551298
    889.84880310
    888.38240447
    888.38240447
    889.17763501
    888.93546229
    889.86268659
    889.98079244
    890.59367026
    889.54020841
    890.47364663
    890.51068390
    890.79912521
    890.11598162
    890.11598162
    889.77279688
    889.01545880
    889.20461664
    889.53729674
    889.46303426
    889.46303426
    890.70100582
    890.70144842
    890.84420202
    890.80165667
    890.71686756
    890.71686756
    890.75169060
    890.75682253
    889.95630529
    890.28897432
    890.37123646
    890.39931945
    889.21411108
    889.55778021
    889.55526847
    889.86059934
    889.80162871
    890.02848369
    889.96618857
    890.81293921
    890.57076129
    889.97138446
    889.95886474
    889.43201835
    888.72387856
    890.13161651
    890.02536986
    888.73050972
    887.07943258
    889.62475008
    889.62475008
    889.42665669
    888.96387140
    889.63243615
    889.96733805
    889.86212634
    889.85054819
    888.52333779
    888.52333779
    889.77644839
    889.87341695
    889.68112534
    889.68112534
    889.01128598
    888.81223987
    889.77830298
    890.21835541
    889.16328763
    889.16328763
    889.53644390
    890.28874079
    890.31285693
    890.27782027
    890.27782027
    890.27782027
    890.27782027
    889.34680100
    890.61838100
    890.61838100
    890.72931602
    890.64201105
    890.57534974
    889.90770531
    890.24822932
    890.56564882
    890.26118412
    890.10242653
    890.21078789
    890.21078789
    890.71768984
    889.88416257
    890.42426299
    890.52365638
    890.52365638
    890.45045597
    890.10334605
    890.03775872
    890.03775872
    890.03775872
    890.03775872
    890.17846590
    890.03037757
    890.03037757
    889.10750089
    889.10750089
    889.10750089
    889.39187089
    888.91775067
    889.82364714
    888.89051252
    888.89051252
    888.89051252
    888.90568863
    889.51432064
    889.51432064
    890.63252458
    890.80291663
    890.76397715
    890.82346264
    890.82346264
    890.82346264
    890.82346264
    890.39179699
    890.44441039
    890.56497289
    890.56497289
    890.54550171
    890.54550171
    890.18624462
    889.27030220
    889.27030220
    889.27030220
    889.27030220
    888.86213585
    889.01319099
    889.01319099
    888.63493922
    888.63493922
    889.21777108
    888.80727385
    889.75016209
    889.39871461
    890.06531144
    889.68631103
    888.14977920
    888.14977920
    888.14977920
    888.14977920
    888.14977920
    888.04885319
    887.08302216
    887.08302216
    887.08302216
    885.66709846
    888.52298126
    888.52298126
    888.52298126
    888.52298126
    888.18185616
    888.18185616
    889.37258088
    889.37258088
    889.13574250
    889.48218177
    889.48218177
    888.29294390
    889.76647560
    889.76647560
    889.04127281
    889.04127281
    889.04127281
    890.67136187
    890.83173677
    890.35217390
    890.35217390
    890.42039587
    890.51639828
    890.51639828
    890.54998181
    890.54998181
    890.66804945
    890.77150352
    890.79847052
    890.72154924
    890.26569839
    890.26569839
    890.26569839
    890.83053428
    890.65629364
    890.12122310
    890.37010672
    890.37010672
    890.39295220
    890.39295220
    890.67678054
    890.67678054
    890.74191163
    890.62737394
    890.82733633
    890.82733633
    890.82986308
    890.82986308
    890.76028045
    890.78782802
    890.78513617
    890.40349115
    890.40349115
    890.07386563
    889.95678390
    889.95678390
    889.95678390
    889.95678390
    888.52429591
    888.52429591
    888.52429591
    888.52429591
    888.52429591
    888.52429591
    888.52429591
    888.74005370
    888.76145778
    888.76145778
    888.76145778
    888.76145778
    888.76145778
    888.44833287
    889.06696263
    888.25072999
    889.33269938
    889.33269938
    889.11445200
    889.52744709
    889.51656764
    889.60253027
    889.60253027
    890.22047861
    890.31133532
    889.73547855
    889.73547855
    888.95397834
    889.80020136
    889.80020136
    888.21705751
    888.21705751
    888.21705751
    887.49914374
    888.60528809
    887.89842037
    889.51858064
    889.39756527
    888.98506289
    890.02041643
    889.47833482
    889.27771249
    889.27771249
    888.86229857
    888.86229857
    888.04586352
    889.40727822
    890.35661063
    890.59322554
    890.42104316
    890.65521333
    890.65521333
    890.79897424
    890.18523617
    890.07498025
    889.41536628
    888.12549548
    888.12549548
    888.24186469
    888.24186469
    888.24186469
    888.24186469
    888.24186469
    888.24186469
    889.32213427
    889.64360905
    889.64360905
    889.64360905
    890.73349271
    890.50805599
    890.32836338
    890.32836338
    890.15559110
    889.92714605
    890.20957586
    889.95006436
    890.64161409
    889.90413316
    889.90413316
    890.01613634
    889.30395009
    889.59033443
    889.12733945
    888.96793181
    889.86157877
    889.86157877
    889.07010162
    889.68577137
    889.68577137
    888.60579018
    888.39093401
    888.39093401
    888.34403914
    888.34403914
    890.10631459
    890.10631459
    890.07275317
    889.24675995
    889.24675995
    889.24675995
    888.70884456
    888.82472941
    888.82472941
    889.85783829
    890.28605454
    890.38961142
    890.66387777
    890.54474655
    890.61321221
    890.61321221
    890.61321221
    890.57107167
    890.57587847
    890.57587847
    890.57587847
    890.23564104
    890.29834632
    890.62314457
    890.04851289
    890.24813650
    890.33853396
    890.55610689
    890.54558063
    890.54558063
    890.70278292
    890.56128375
    890.71489137
    890.20151438
    890.56158480
    890.70230274
    890.54836212
    890.54836212
    889.46070443
    889.42905797
    889.56493191
    889.86175519
    889.86175519
    889.86175519
    888.76517629
    888.77862062
    890.70792408
    890.73140806
    890.81641456
    890.81641456
    890.81234518
    890.79445150
    890.79445150
    890.84176224
    890.84176224
    890.84176224
    890.82486360
    890.82486360
    890.82486360
    890.82486360
    890.80867124
    890.78478999
    890.82728366
    890.79888304
    890.79888304
    890.74540463
    890.02138941
    889.73843202
    890.09315534
    890.52090288
    890.09720372
    888.97223638
    889.60146088
    890.69212588
    890.41071482
    890.41071482
    890.04594438
    889.66945285
    889.76538427
    889.38811030
    889.04549104
    889.07575111
    888.59076278
    888.35332700
    888.35332700
    886.21218858
    886.21218858
    889.32326634
    889.52700650
    889.52700650
    889.04371713
    888.13683434
    888.13683434
    888.35792057
    888.59836646
    888.65615747
    889.89736021
    889.80968260
    889.40719699
    889.73258973
    889.73258973
    889.45111353
    889.68508592
    889.20614280
    889.66875177
    890.14130673
    890.14130673
    890.55979560
    890.12440318
    889.86860599
    889.54717467
    889.54717467
    889.43156941
    890.70167072
    890.56997310
    890.77436715
    890.64510462
    890.57618520
    890.57618520
    890.80142781
    890.41489583
    890.07846132
    890.07846132
    889.77631715
    889.08181752
    889.08181752
    889.56497655
    890.44983961
    887.49729109
    887.49729109
    887.49729109
    887.49729109
    887.49729109
    888.41640052
    888.41640052
    889.23654945
    889.18974299
    889.18974299
    888.51097938
    889.96760964
    889.70138555
    889.70138555
    889.70138555
    889.70138555
    889.70138555
    889.94762296
    889.94762296
    890.13486054
    889.83980254
    889.99022014
    889.99022014
    889.91411417
    889.46749306
    889.72941103
    889.78642553
    890.13333426
    889.81226285
    890.28702805
    890.28702805
    890.41630994
    890.38613285
    890.20938250
    889.38942698
    889.97708182
    889.68541716
    889.68541716
    890.01010896
    890.06120142
    890.61731119
    890.63735628
    890.59726688
    890.59726688
    890.59726688
    890.57461910
    890.41053503
    890.41053503
    890.45605340
    890.45605340
    890.52720914
    890.52720914
    890.84788439
    890.72698854
    890.72698854
    888.43053434
    888.43053434
    888.43053434
    890.04070134
    890.00391811
    890.00391811
    890.59491602
    890.63156243
    890.58232367
    890.58232367
    890.58232367
    890.62775636
    890.74630253
    890.38633083
    890.43911757
    890.48777379
    889.91388789
    889.91388789
    890.33945975
    890.33945975
    890.33945975
    890.53088452
    890.53088452
    890.48273961
    890.53014959
    890.41129157
    890.58864780
    890.62390501
    890.58114101
    890.35189263
    890.68122738
    889.83520518
    889.83520518
    889.83520518
    889.83520518
    889.83520518
    889.83520518
    889.83520518
    890.82194552
    890.82528458
    890.82312007
    890.71209939
    890.74326973
    890.85052229
    890.84528814
    890.84522032
    890.73280187
    890.59271323
    890.59271323
    890.53188475
    890.60469679
    890.65326714
    890.65326714
    890.70388434
    890.45109743
    890.73417484
    890.73417484
    890.61149898
    890.72948646
    890.56404812
    890.56404812
    890.56256771
    890.56256771
    890.45590776
    890.45590776
    890.46584960
    890.46584960
    889.21077224
    889.35205808
    890.84992606
    890.82082290
    890.78780189
    890.78780189
    890.78886690
    890.80358478
    890.72657937
    890.72657937
    890.62572295
    890.61720821
    890.26157855
    890.50323764
    890.50077735
    890.49826547
    890.49826547
    890.29129755
    890.68762310
    890.68762310
    890.45742307
    890.45742307
    890.45742307
    890.30626064
    890.43019730
    890.58238202
    890.65364111
    890.65364111
    890.65364111
    890.43297507
    890.43297507
    890.43297507
    890.51357888
    890.76144931
    890.74349910
    890.69708723
    890.27867813
    890.27867813
    889.95442091
    886.55442408
    886.55442408
    886.55442408
    887.60224019
    888.49338731
    888.49338731
    887.55962779
    888.88334217
    887.86092575
    888.83189966
    888.75147614
    888.75147614
    888.75147614
    888.15588968
    888.15588968
    888.15588968
    889.99545144
    890.24956456
    890.24956456
    890.73486659
    890.79952769
    890.80692504
    890.73522205
    890.73522205
    890.73522205
    890.73119976
    890.71054307
    890.71172369
    890.67896722
    890.67896722
    890.34815954
    890.54485134
    890.54485134
    889.85316793
    889.85316793
    890.73035186
    890.69815541
    890.84281147
    890.81895583
    889.99867647
    890.42254869
    889.78403674
    889.78534799
    890.54998154
