    115.74500327
    115.72406759
    115.72008626
    115.71964408
    115.26937696
    115.31232515
    115.41803199
    114.77895408
    114.77895408
    114.77895408
    114.76475414
    114.87961344
    114.83781230
    114.95446989
    115.02948280
    114.97782523
    114.83080348
    115.06949778
    115.69170202
    115.62276529
    114.14596763
    115.15939298
    115.36907833
    115.28190561
    114.83737099
    115.30666730
    115.72743503
    115.69142638
    115.79574087
    115.32842908
    115.12162806
    115.12274822
    115.12274822
    115.71880325
    115.64879019
    115.41483265
    115.42281572
    115.50954939
    115.53375240
    115.65878744
    115.46784951
    115.73367994
    115.71683406
    115.64358552
    115.80792054
    115.80792054
    114.95711587
    114.30119768
    113.79036592
    113.94598976
    115.30866676
    115.34360820
    115.43934026
    115.47505456
    115.76542514
    114.67691733
    113.99240253
    113.99240253
    113.99240253
    113.99240253
    114.58373942
    114.00234832
    113.23958162
    113.23958162
    114.20085185
    113.65315625
    113.65315625
    113.24954977
    114.29233929
    114.38969792
    114.38969792
    114.38969792
    114.38969792
    114.74890439
    114.81507235
    114.63418893
    115.54179771
    115.65911117
    115.68912747
    115.81871713
    115.12749725
    115.13137432
    115.13137432
    114.28771000
    114.54075428
    114.51602119
    114.86249457
    115.09974348
    115.29487652
    115.32884779
    115.59770829
    115.47260822
    115.47260822
    115.47260822
    115.49593048
    115.41340660
    115.23790544
    115.50598761
    115.36198546
    115.34825980
    114.81035955
    114.81035955
    114.13650720
    114.13650720
    114.13650720
    113.27802476
    114.13586617
    114.27357146
    114.27357146
    115.19741322
    115.59933821
    115.37207385
    114.83932550
    114.62806818
    114.74146951
    114.67590886
    115.02932163
    115.54145394
    114.83690517
    114.46667510
    114.46667510
    114.46667510
    114.40305321
    114.21002227
    114.34219740
    114.10763634
    114.10650977
    113.94111247
    114.85649377
    114.85649377
    113.95642601
    114.47180318
    115.12791493
    114.43664624
    114.21945997
    114.99968611
    114.99968611
    113.85438192
    112.53564909
    112.12314062
    112.12314062
    112.30893757
    113.82437750
    113.82437750
    113.26306195
    114.25402507
    113.00109323
    113.00109323
    113.14132728
    113.10189502
    115.14145030
    115.14145030
    115.67069949
    115.43906406
    115.69655557
    115.54676494
    115.12055516
    115.12055516
    115.12055516
    110.99713763
    113.61752838
    113.61752838
    112.49880790
    111.28657846
    111.28657846
    111.28657846
    115.76274321
    115.64977250
    115.64977250
    115.76804103
    115.25786943
    115.25786943
    115.25786943
    115.25786943
    115.42334403
    115.59332823
    115.59957038
    115.59957038
    115.56465248
    115.56465248
    114.21844843
    114.21844843
    112.89498159
    112.36224325
    112.36224325
    112.36224325
    112.36224325
    112.36224325
    112.36224325
    113.93042914
    115.42731866
    115.49323533
    115.32836647
    115.12700447
    115.71793949
    115.80887994
    115.80887994
    115.80887994
    115.66673892
    115.65682602
    115.14983756
    114.68132244
    114.68132244
    115.65772617
    115.60476913
    115.82017856
    115.68380132
    115.68380132
    115.68380132
    115.68380132
    115.77232659
    115.67508232
    115.67311603
    115.55134516
    115.55134516
    115.72706885
    115.66757292
    115.83642338
    115.73346397
    115.79432265
    115.79422797
    115.78415599
    115.81001419
    115.42013532
    115.46765588
    115.37340186
    115.37340186
    115.37340186
    115.46171349
    115.10090809
    115.10090809
    115.08508866
    115.51752800
    115.53375881
    115.46898579
    115.39315087
    115.63884245
    115.58358659
    115.75828767
    115.71861609
    115.61152878
    115.52822730
    115.77423306
    115.76280492
    115.76280492
    115.81035276
    115.73860474
    115.75999894
    115.54739957
    114.83502338
    111.56896174
    111.56896174
    111.56896174
    113.82455344
    113.43079974
    113.43079974
    114.55318098
    115.14038221
    115.14038221
    115.14038221
    115.14038221
    114.84612247
    114.84612247
    114.32938099
    114.32938099
    114.32938099
    114.32938099
    114.32938099
    114.20324154
    115.68450937
    115.63632617
    115.60588375
    115.60588375
    115.76472842
    115.76472842
    115.79137473
    115.72773100
    115.75342375
    115.37724851
    115.53760922
    115.53760922
    115.48158370
    115.64083094
    115.10265676
    114.57224790
    114.87989440
    114.95525568
    114.95525568
    115.04047855
    115.57609476
    115.73632896
    114.96132416
    114.96132416
    115.18338240
    115.60622968
    115.60622968
    115.29425334
    115.29425334
    115.21607295
    115.21607295
    115.79565520
    115.82395007
    115.77156169
    115.78581152
    115.67761762
    115.68186537
    115.59073075
    115.59073075
    115.65518900
    115.59256350
    115.59256350
    114.31839746
    114.93104801
    114.94992926
    115.77936634
    115.77936634
    115.55623854
    115.68028002
    115.52361734
    115.42024344
    115.32222087
    115.32222087
    114.88935759
    114.99880300
    113.68447618
    111.31908867
    111.31908867
    111.31908867
    110.68650770
    113.56550428
    113.56550428
    113.56550428
    113.56550428
    113.56550428
    115.32511572
    115.23993119
    115.24237902
    115.24237902
    115.24237902
    114.99941919
    115.18692023
    115.41509054
    115.41509054
    115.83548037
    115.83548037
    115.83690935
    115.52082066
    115.22411666
    115.27720423
    115.52085660
    115.62375971
    115.40064053
    115.40064053
    114.93199683
    114.93199683
    115.25459881
    115.66705488
    115.66705488
    115.66705488
    115.29402239
    114.95413402
    115.00990848
    115.59503451
    115.17427530
    115.37945706
    115.79135036
    115.79135036
    115.79135036
    115.72191924
    115.72191924
    115.72191924
    115.71486168
    115.69432804
    114.35333615
    115.66627914
    115.60976153
    115.54747058
    115.54747058
    115.57917343
    115.18872898
    115.18872898
    115.18872898
    114.71796941
    114.71796941
    114.70166056
    115.22590022
    113.97226135
    115.00435438
    115.00435438
    115.05608719
    115.44532039
    115.34236157
    114.64494877
    114.80744743
    114.92283020
    114.92283020
    114.83797106
    114.83797106
    114.83797106
    114.83797106
    115.23310292
    115.23650795
    115.24473730
    115.58626961
    115.58626961
    115.70378517
    115.70378517
    115.70378517
    115.67611246
    115.65588904
    115.57604435
    115.57728885
    115.57728885
    115.57728885
    115.31837575
    115.31837575
    115.42415423
    115.42415423
    115.10060039
    115.17118192
    115.51091290
    115.37193457
    115.38092842
    115.38092842
    115.57555249
    115.57555249
    115.35633078
    115.49729477
    115.67011754
    115.59269484
    115.55252122
    115.82055907
    115.55147854
    115.27981400
    115.22571895
    115.47641795
    114.06549038
    113.66443757
    114.20660093
    114.11212538
    111.78597800
    111.92893904
    111.91877223
    111.91877223
    111.06473064
    111.20187035
    111.64360529
    111.64360529
    114.92472972
    114.92472972
    114.18645371
    114.18645371
    114.18645371
    114.27441433
    114.37725679
    114.37725679
    114.95035759
    114.95035759
    115.29211456
    115.21749659
    115.21749659
    114.52857548
    113.74382467
    113.74382467
    115.51590424
    115.51590424
    115.52114625
    115.63129463
    115.18186956
    114.82147525
    114.86007010
    115.20995124
    115.17342702
    115.46810489
    115.69748265
    115.66344851
    115.56883193
    115.62526459
    115.64259570
    115.64259570
    115.64259570
    115.64259570
    115.64196235
    115.64196235
    115.64196235
    115.64196235
    115.64196235
    115.01041732
    115.01041732
    115.01041732
    115.01041732
    115.01041732
    115.01041732
    114.09868254
    114.09868254
    114.00580900
    114.19994102
    114.19994102
    114.19994102
    114.48745482
    114.11360288
    114.11360288
    115.47602593
    115.42815417
    114.92669086
    114.92669086
    114.92669086
    114.92669086
    114.92669086
    114.92669086
    115.70525472
    115.80441888
    115.75464479
    115.75464479
    115.71432315
    115.71432315
    115.71432315
    114.77203461
    113.84736669
    113.90761162
    114.38998445
    114.67442521
    114.78251109
    114.78251109
    114.78251109
    114.92746925
    114.60101139
    115.43483698
    115.37527306
    115.37527306
    115.23158686
    115.28539104
    114.69271955
    114.92483650
    114.44084303
    114.61534633
    113.46742604
    113.46742604
    112.42706788
    113.81604122
    115.05524925
    115.35513096
    115.17050944
    115.10677816
    115.10160120
    115.30307114
    115.09960241
    115.48521955
    115.07341389
    115.60629566
    115.32348339
    115.41463707
    115.65572990
    115.80062887
    115.79188033
    115.66102056
    115.77421011
    115.77421011
    115.32616585
    114.11410349
    114.50815403
    114.50815403
    114.50815403
    114.39097522
    114.39097522
    114.23735262
    114.23735262
    114.97168656
    114.97168656
    114.04979461
    114.02025327
    114.62393593
    115.45505364
    114.23934223
    114.27862866
    113.59700148
    113.28061560
    112.88043429
    112.88043429
    112.30752647
    112.30752647
    111.85545214
    113.89709233
    113.89709233
    114.87809636
    114.75229143
    114.81125584
    114.81125584
    115.32943771
    115.49937969
    115.43421519
    115.31170732
    115.31170732
    114.92852944
    115.26321992
    114.96675643
    114.42652066
    114.42652066
    114.56774302
    114.76483615
    114.61524481
    114.61524481
    114.56756133
    114.56756133
    113.46022996
    113.43124245
    113.43124245
    113.43124245
    113.36049839
    113.13758622
    113.13758622
    113.13758622
    113.13758622
    113.96513533
    114.19116229
    114.19116229
    114.19116229
    115.22585399
    115.22585399
    113.90527789
    115.26647775
    115.26647775
    115.15791622
    115.00952784
    115.20551959
    115.05116228
    115.05116228
    114.99030814
    115.20314418
    114.26280612
    114.26280612
    114.26280612
    114.87216342
    114.89549074
    114.42112531
    114.42112531
    114.62357130
    114.63941669
    114.63941669
    115.20585318
    115.20585318
    115.33783249
    115.58260533
    115.58260533
    115.58260533
    115.68233741
    115.57140797
    115.00083480
    115.00083480
    115.00083480
    115.78228046
    115.79485050
    115.31640065
    113.16110044
    115.53593912
    115.53593912
    115.33470163
    115.18536089
    115.18536089
    115.59366093
    115.73101709
    115.17112207
    115.49916507
    115.33049896
    115.34993162
    114.91923249
    114.91923249
    114.91923249
    115.44602635
    115.44602635
    115.44602635
    115.44602635
    115.74960995
    115.20731793
    115.28392065
    115.14612208
    115.03856493
    115.03856493
    115.05149099
    114.97020374
    114.97020374
    114.97020374
    114.82821954
    112.69440822
    112.69440822
    112.69440822
    114.07647304
    114.18367939
    114.83162712
    114.91973854
    114.91462386
    114.95634811
    115.71013020
    115.73584178
    115.81823628
    115.81687452
    115.78839537
    115.78839537
    115.47304367
    115.47304367
    114.16506547
    113.86347038
    113.86347038
    113.86347038
    114.20697552
    115.26058567
    115.26058567
    115.24938040
    115.24938040
    115.24938040
    115.37245064
    115.81197147
    115.81197147
    115.81197147
    115.81197147
    115.81197147
    115.81197147
    115.71349596
    115.77970906
    115.82722920
    115.82722920
    115.77731808
    115.82272436
    114.84117828
    114.84117828
    114.72968565
    114.15877107
    114.15877107
    113.02505060
    111.85054553
    111.85054553
    112.84109382
    114.87070313
    114.87070313
    114.87070313
    114.87070313
    114.87070313
    114.02050408
    114.02050408
    113.62291626
    113.62291626
    113.62291626
    115.32672820
    115.71669327
    115.81631514
    115.79466981
    115.82345769
    115.82345769
    115.79140847
    115.73662608
    113.25706991
    114.84208660
    114.05685365
    114.05685365
    114.05685365
    113.15183556
    113.94308572
    113.99403385
    114.95917314
    114.48516301
    112.74194295
    113.20555082
    113.45190404
    113.45190404
    114.23911982
    114.23911982
    114.85161971
    114.85161971
    114.91307007
    115.13458658
    115.65539947
    115.64196385
    115.64196385
    115.66814313
    115.38369192
    115.47404019
    115.47404019
    113.96095166
    115.02690581
    114.92956160
    115.45259342
    115.44423993
    115.55562056
    114.54583600
    114.54564801
    113.31756246
    113.31756246
    113.99816953
    114.55920203
    114.72202969
    114.73532272
    115.06927576
    115.33987533
    115.53698504
    115.53698504
    115.69447421
    115.79038696
    115.67660726
    115.69379601
    115.08302287
    115.39005928
    115.39005928
    115.54156120
    115.63925872
    115.63925872
    114.95192447
    114.25783456
    114.36522682
    114.38137551
    114.38137551
    114.12446846
    114.12446846
    114.12446846
    114.12446846
    114.12446846
    115.42906397
    115.48952655
    115.61764789
    115.57718242
    115.70888541
    115.75848496
    115.77534297
    115.10524421
    115.77475665
    115.79002763
    115.82973821
    115.82973821
    115.69316795
    115.24589046
    115.24589046
    115.12467618
    115.21890831
    115.31451734
    115.30253475
    115.54878417
    115.01299828
    115.01299828
    115.12775030
    115.72090115
    115.28053018
    115.58920910
    115.65069878
    115.74166728
    115.72516393
    115.72516393
    115.71736107
    115.58722833
    115.43566360
    115.43566360
    115.20984380
    113.72026039
    113.64516958
    113.64516958
    113.00996582
    114.72212124
    113.13843151
    113.13843151
    112.25342922
    112.25342922
    114.11569302
    113.88962603
    113.80335406
    112.20218626
    112.82866124
    113.23997747
    113.23997747
    113.61323808
    114.93854116
    114.79223791
    114.72284166
    113.98206839
    114.71011621
    114.71011621
    114.91326174
    114.94034043
    115.48322588
    115.47238273
    115.47238273
    115.41683335
    115.49191052
    115.48493114
    115.48493114
    115.45057397
    115.11259174
    115.11259174
    115.11259174
    115.11164383
    115.11164383
    115.27190706
    115.60103808
    115.64761280
    115.64761280
    115.05697642
    115.56196066
    115.20162602
    115.14068077
    114.93276258
    114.92316623
    114.45860567
    114.45860567
    114.35670309
    114.35670309
    114.35670309
    114.75748104
    114.49263281
    114.61056127
    113.73996981
    113.73996981
    113.87539565
    115.76422945
    115.76317891
    115.79858999
    115.80054763
    115.80938731
    115.53681811
    115.53252809
    115.53252809
    115.66053858
    115.55504800
    115.39967122
    114.34613449
    114.64744408
    114.62832501
    115.17240548
    115.17240548
    113.54350564
    113.65528611
    113.65528611
    113.65528611
    113.65528611
    113.65528611
    113.63584527
    113.63584527
    114.70956074
    114.43357679
    114.78140476
    114.43026376
    114.43026376
    115.08005945
    115.08005945
    115.06156743
    115.14235432
    114.76524755
    114.69262960
    115.16305830
    113.84680669
    113.84680669
    113.87106991
    113.87106991
    113.87106991
    114.71757914
    114.71757914
    115.68053787
    115.60805996
    115.60432956
    115.60109409
    114.20862025
    114.60094852
    115.01952870
    115.10860004
    115.10860004
    114.45952370
    114.86875712
    114.90832642
    114.63986997
    113.88539559
    114.14450332
    114.14450332
    114.10767828
    113.75364535
    113.77145671
    113.77145671
    114.69401625
    113.01307559
    113.55750139
    111.54104619
    111.54104619
    111.54104619
    111.54104619
    113.89029807
    113.89029807
    113.89029807
    113.89029807
    113.89029807
    113.47300152
    113.92175773
    113.90817752
    114.72210345
    114.79024804
    114.84725086
    114.50998034
    113.42851684
    113.42851684
    114.40258677
    114.48783108
    114.07135120
    113.71257271
    113.61201416
    113.61201416
    113.61201416
    112.70886958
    113.90506299
    113.90506299
    114.23764510
    114.23764510
    114.23764510
    114.23764510
    114.23764510
    113.63245788
    114.74282094
    115.19534287
    115.01729948
    114.81873551
    114.91308913
    115.63496022
    115.32812127
    115.32812127
    115.45729039
    115.45729039
    115.45729039
    115.41611510
    115.41780613
    115.34575860
    115.12874836
    115.52886002
    115.45379428
    115.45379428
    115.45379428
    114.31382635
    113.58585436
    113.61954132
    115.07078469
    114.71152820
    114.71152820
    114.87913627
    114.87913627
    114.87913627
    114.72102714
    113.57743931
    113.77552486
    115.16215195
    113.91978052
    115.23321444
    115.42441915
    115.42441915
    115.00106112
    115.00106112
    115.62670173
    115.36796321
    115.70713483
    114.86675131
    113.90938067
    113.90938067
    115.12002233
    115.12002233
    114.52004008
    114.52004008
    113.74890757
    114.60393323
    114.24619013
    114.24619013
    112.80068428
    115.18053748
    114.86442645
    114.84296806
    114.84296806
    114.81755570
    114.81755570
    114.81755570
    115.67551831
    115.67551831
    115.67551831
    114.73816231
    114.73816231
    114.15120961
    115.52414926
    115.52414926
    115.52414926
    115.69919884
    115.66254814
    115.64029580
    115.64029580
    115.58059270
    115.60169667
    115.60169667
    115.17225105
    115.46214368
    115.46214368
    115.48958443
    115.48958443
    115.34677126
    115.34677126
    114.84447760
    114.38075779
    114.38075779
    113.01894674
    113.79259778
    114.51192622
    114.38796305
    114.38796305
    114.54833227
    114.35664331
    114.35664331
    114.35664331
    114.35664331
    113.45702259
    113.45702259
    113.45702259
    113.40118032
    113.40118032
    114.61746760
    114.61746760
    114.61746760
    114.37667196
    114.67848777
    115.13067925
    115.32726301
    115.28198007
    114.91101648
    114.91101648
    115.05574639
    114.81400525
    114.82693594
    115.31802060
    115.48831064
    115.48028520
    115.48295589
    115.48295589
    115.56796382
    114.81510623
    115.69539107
    115.82803517
    115.82803517
    115.82803517
    115.55221549
    115.72530488
    115.21373418
    115.21373418
    115.56653043
    115.54211109
    115.52784653
    115.53597947
    115.42978112
    115.24458901
    115.23631873
    115.43874667
    115.15323836
    115.12837398
    115.20170699
    115.22831495
    115.42088174
    115.57417293
    115.45061745
    115.65848243
    115.80400258
    115.27354499
    114.87052018
    114.87052018
    114.79367869
    114.79367869
    115.55624265
    115.65185665
    114.97923218
    115.08715334
    115.08715334
    114.69152086
    114.97829742
    115.41043902
    115.44893762
    115.44893762
    115.44893762
    115.44893762
    115.36755441
    115.15510306
    114.67642400
    115.57462587
    114.96533816
    115.09253986
    115.11281650
    115.25987133
    115.37772742
    115.67952113
    115.70468247
    115.73102615
    115.73102615
    115.73102615
    115.72728317
    115.78894548
    115.75322066
    115.75835791
    115.15236837
    115.22570894
    115.22570894
    114.75497268
    114.75497268
    114.75497268
    114.75497268
    114.74162225
    115.41633289
    115.22292998
    115.57044448
    115.57044448
    115.41166117
    115.41166117
    115.19960391
    115.59638690
    115.59638690
    115.55666926
    115.47823365
    114.38175569
    114.38175569
    114.38175569
    114.38175569
    114.38175569
    115.13826048
    113.82927959
    113.82927959
    112.49262071
    113.20007646
    113.20007646
    115.26019706
    113.72977181
    114.61104655
    114.61104655
    114.61104655
    114.61104655
    115.29951431
    115.64048249
    115.64048249
    115.67910222
    115.67910222
    115.67910222
    115.67910222
    115.67910222
    115.67614195
    115.69566833
    115.81610197
    115.82876984
    115.80656246
    114.89928856
    114.92150547
    113.33125668
    113.33125668
    113.33125668
    113.33125668
    113.33125668
    112.59239819
    112.59239819
    112.59239819
    112.59239819
    115.42352361
    115.13716431
    114.19415862
    114.24291370
    113.88347259
    114.07327944
    114.73469278
    115.22412392
    115.20754794
    115.20754794
    115.20754794
    115.38797822
    115.16104541
    115.46513799
    115.05372477
    114.69155216
    113.34412729
    113.34412729
    113.69961653
    113.97205833
    115.43263053
    115.35260894
    115.43006364
    115.37959546
    115.63977774
    115.40823942
    115.49184889
    114.37986435
    114.37986435
    114.37986435
    114.24448169
    114.24448169
    114.02608412
    114.73526807
    115.20743897
    115.21512343
    115.27426394
    115.77116526
    115.77116526
    115.74730490
    115.70377954
    115.70377954
    115.70377954
    115.68576019
    115.68576019
    115.68576019
    115.73410073
    115.73410073
    115.70119105
    114.99831022
    114.02819795
    114.02819795
    113.51486620
    113.48736599
    114.18338252
    114.46840713
    114.46840713
    114.46840713
    114.49435950
    113.21604537
    112.88601786
    113.66220526
    113.72125941
    113.72125941
    113.72125941
    113.72125941
    113.87499147
    114.32322231
    114.58970562
    114.05663941
    113.44397945
    113.44397945
    113.44397945
    113.44397945
    113.44397945
    113.44397945
    113.44397945
    113.44397945
    113.44397945
    114.47329564
    114.50716663
    114.50716663
    113.38104913
    114.45193133
    114.67721539
    113.60773281
    114.49392486
    114.55945300
    114.24964370
    114.89134657
    114.79362760
    114.47554974
    114.47915104
    115.46893571
    115.46893571
    115.46893571
    115.08926441
    115.62403620
    115.62695661
    114.61194896
    115.39131217
    115.57627055
    115.57627055
    114.94944128
    115.09794762
    114.93462526
    114.06165113
    114.94414079
    114.73220262
    114.61647238
    115.44729166
    115.44729166
    115.35622227
    115.23616392
    114.65035468
    113.72678927
    113.72678927
    113.72678927
    113.84309230
    113.81649936
    114.78764025
    114.01140487
    114.01140487
    114.83970647
    114.83970647
    114.73541448
    115.36065748
    115.37807653
    115.37807653
    115.37807653
    113.30495591
    112.11547050
    110.89553879
    110.89553879
    110.89553879
    110.89553879
    110.89553879
    110.89553879
    110.99692454
    108.40118690
    108.40118690
    108.40118690
    112.90106466
    112.90106466
    113.68651866
    113.68651866
    113.68651866
    113.14259381
    114.14410266
    114.74197093
    114.08998583
    115.52904913
    115.54308733
    115.56422501
    115.66119061
    115.09758355
    115.09758355
    115.78443286
    115.78443286
    115.73072780
    114.86804918
    114.76147936
    114.75879355
    115.81742546
    115.78640124
    114.95304221
    115.53927294
    115.60022143
    115.25502638
    115.60929540
    113.64985631
    113.54797861
    113.74627732
    113.74627732
    114.10015531
    114.10015531
    114.10015531
    114.10015531
    114.10015531
    114.10015531
    113.74633504
    113.74633504
    113.74633504
    113.74633504
    113.74633504
    115.37379501
    115.37379501
    115.54021522
    115.74172875
    115.37072396
    114.23852108
    113.81216199
    115.52180226
    115.79247570
    115.54276400
    115.57383847
    115.57946082
    115.57225361
    115.58027468
    115.56833041
    115.62774890
    115.62774890
    115.41906718
    115.53034167
    115.53034167
    115.32306458
    115.32306458
    115.27984840
    115.27984840
    115.29305808
    115.47226118
    115.47542976
    115.31521634
    115.31521634
    115.41017692
    115.81643051
    115.82470946
    115.73449815
    115.54303189
    115.48494922
    115.59362546
    115.58298297
    115.58298297
    115.58298297
    115.58298297
    115.71086836
    115.68557404
    115.68843734
    115.82686285
    115.83413648
    115.79663879
    115.73065660
    115.12506046
    114.98597199
    113.78287821
    113.78287821
    113.78287821
    115.17963923
    115.31498709
    114.33773007
    114.33773007
    114.09241861
    114.09241861
    114.09241861
    113.85272576
    112.75907072
    114.59520950
    114.59520950
    114.85794179
    115.27672384
    113.86341954
    113.86341954
    113.86341954
    113.86341954
    114.10785715
    114.93444985
    114.93444985
    114.93444985
    115.51018793
    115.63483294
    115.51680719
    115.30293934
    115.25790376
    115.71212080
    115.71212080
    115.78039806
    114.38399289
    115.70473220
    115.70473220
    115.80581844
    115.65538361
    115.38711482
    115.38543107
    115.55153279
    114.66151430
    114.66151430
    114.66151430
    114.66151430
    114.04397326
    113.83926039
    114.43369166
    114.49285107
    114.49285107
    114.68754717
    115.46425377
    115.64285255
    115.67066307
    115.47002792
    115.47002792
    115.57958462
    115.01508166
    115.58061685
    115.32113611
    115.80470419
    115.80470419
    115.59555679
    114.38108359
    113.93066267
    113.93066267
    115.28427319
    114.22059038
    114.89804813
    115.43120825
    115.43120825
    115.43120825
    114.97757407
    114.50259502
    115.24522748
    114.28936785
    114.88489161
    114.71674965
    114.71674965
    114.76956873
    115.25435983
    114.77180374
    114.77180374
    114.77180374
    114.77180374
    114.90943652
    114.73198111
    114.73198111
    113.69385589
    113.69385589
    113.69385589
    112.75909711
    112.75909711
    114.56542686
    114.55372202
    111.55217602
    114.23508750
    114.23508750
    113.58233807
    113.00501445
    114.68951555
    114.68951555
    114.68951555
    114.77980369
    115.67662369
    115.67662369
    115.38873145
    115.38873145
    115.38873145
    115.37512732
    115.28242918
    115.50766553
    115.08710074
    114.54311862
    114.54311862
    115.21540507
    115.25815619
    115.31862234
    115.51629328
    115.52902374
    115.75662197
    114.52327950
    114.34838093
    114.34838093
    115.59132905
    115.06294843
    115.06294843
    115.35075041
    115.35075041
    115.35075041
    115.24902701
    115.17325817
    114.97463440
    115.63061371
    115.63302274
    115.31692577
    115.31692577
    115.31692577
    115.38592514
    115.38592514
    115.38592514
    113.25558198
    113.25558198
    113.25558198
    113.25558198
    113.25558198
    114.08042946
    114.08042946
    114.08042946
    113.83594909
    115.51511576
    115.51511576
    115.49083301
    115.53184301
    115.42730557
    115.46670865
    115.22481197
    112.75041058
    114.89456500
    114.89456500
    114.73805922
    114.73805922
    114.73805922
    114.65324783
    115.16778854
    115.16409227
    115.16409227
    115.49803133
    115.49803133
    115.49803133
    115.57983951
    115.72841030
    115.72841030
    115.47290759
    115.48042865
    115.27747738
    115.75610051
    115.82959175
    115.82959175
    115.83719951
    115.83612912
    115.81390585
    115.75573017
    115.73047461
    115.78884674
    115.82066518
    115.82365013
    115.83446168
    114.80791213
    115.06167448
    115.06167448
    115.06167448
    114.42278691
    114.42278691
    113.84456509
    113.84456509
    112.94752610
    114.58183017
    115.32472487
    115.32472487
    114.86511615
    114.86511615
    114.84908113
    113.86950466
    113.86950466
    113.86950466
    113.15128493
    113.15128493
    113.15128493
    113.95514038
    113.92781189
    112.54667861
    115.28314742
    115.28314742
    115.28314742
    115.28314742
    115.28314742
    115.68399568
    115.50479287
    115.50479287
    115.50479287
    115.41575908
    114.99226870
    115.00478197
    115.18735201
    115.18735201
    114.82085982
    114.82085982
    114.46301745
    115.42006748
    115.16363699
    115.16363699
    115.16363699
    115.16881375
    115.16881375
    115.16881375
    115.41183503
    115.41183503
    115.41183503
    115.61531192
    115.32829845
    115.46714284
    115.49981152
    115.45691339
    115.51671437
    115.51671437
    115.51671437
    115.51671437
    114.34240538
    115.53133201
    115.45546027
    115.45546027
    115.79392490
    115.76955493
    115.82383514
    115.73084605
    115.59686486
    115.59353033
    115.40521118
    115.41020973
    115.58533619
    115.48141958
    115.69151694
    115.73212440
    115.71139287
    115.58257648
    115.77027055
    115.11615835
    115.36254252
    114.82357808
    114.67576288
    114.69438402
    114.56288527
    111.54027828
    111.54027828
    111.54027828
    111.70422641
    113.11637153
    113.11637153
    113.11637153
    113.11637153
    113.11637153
    113.27010104
    114.72824251
    113.86110102
    114.89268829
    114.54694298
    114.68204447
    114.68204447
    113.74764495
    114.85829617
    115.11124276
    115.11124276
    115.11124276
    115.11124276
    115.19528193
    115.07853805
    115.07853805
    115.60657176
    113.39368555
    113.39368555
    114.83813748
    115.63952898
    115.51465481
    115.51465481
    115.66139375
    115.66139375
    115.68240802
    115.68500407
    115.77237713
    115.33836882
    115.69490478
    115.49601807
    115.49601807
    115.69481390
    115.57918204
    115.57918204
    115.43810468
    113.60867171
    113.60867171
    114.25731589
    113.90415684
    114.87087584
    115.25270338
    112.88218008
    113.63136968
    114.91108634
    115.16441147
    113.96640818
    112.76096416
    112.76096416
    112.76096416
    113.99750988
    113.99750988
    113.99750988
    113.99750988
    114.15484899
    114.70441944
    115.34907452
    115.34907452
    115.35606433
    115.36930656
    114.91616296
    114.91616296
    114.04015868
    113.63097627
    113.82481907
    114.94746396
    114.94746396
    115.22045277
    115.22045277
    115.31648911
    115.47283189
    115.48391674
    115.45103479
    114.95485718
    115.46850884
    115.01581079
    115.52025252
    115.63671469
    115.63903266
    115.62538644
    115.83499267
    115.83499267
    115.74220610
    115.74220610
    115.74073534
    114.34200986
    114.87136723
    113.97606894
    113.97606894
    114.05541863
    114.09325985
    114.09325985
    114.09325985
    114.09325985
    115.02593706
    115.02714845
    115.22727069
    115.22727069
    114.86180467
    114.56299600
    114.56299600
    114.85701252
    115.11121775
    115.06564321
    115.03243736
    115.03243736
    114.05772559
    114.22858923
    114.22858923
    114.55997122
    114.97238402
    114.97238402
    114.97238402
    114.97631629
    115.47154477
    115.45471297
    115.83502205
    115.72116520
    115.68122284
    115.68122284
    115.78299723
    115.78299723
    115.82994311
    114.84185359
    115.58289917
    115.40731633
    115.46263281
    115.46263281
    115.56997392
    114.27636235
    115.06725000
    115.06725000
    114.92465935
    115.55662173
    115.55662173
    114.75895984
    114.75895984
    115.63346045
    115.75552922
    115.75507481
    115.78601294
    115.77846392
    115.67835871
    115.68456890
    115.53885971
    115.09358235
    114.59767505
    114.83701077
    114.83701077
    114.68321642
    114.28867697
    114.28867697
    114.28867697
    114.28867697
    115.59573502
    115.28778571
    115.09192573
    115.24096299
    115.24096299
    115.24096299
    115.21673146
    115.58127982
    115.58127982
    115.80575414
    115.83011046
    115.83011046
    115.82285804
    115.77636936
    115.67806267
    115.78897389
    115.72063032
    115.41336763
    115.75252978
    115.25849399
    115.25849399
    115.25652444
    115.21652881
    115.30776502
    115.22730937
    115.22730937
    114.35104405
    115.11905273
    115.08359520
    114.75318692
    114.83189366
    115.61464923
    115.57520620
    115.66541151
    115.71714464
    115.68976810
    115.61077121
    115.16232490
    115.16232490
    115.21597254
    115.28450223
    114.89131443
    115.12467319
    115.13713036
    114.86579496
    114.86579496
    115.17754638
    115.17754638
    115.45614151
    115.72293807
    115.71815412
    115.35481013
    115.80836836
    115.32541521
    115.35032728
    115.24563322
    115.24563322
    115.24563322
    115.01780591
    115.08870423
    115.00507924
    115.38459504
    115.38459504
    115.22829074
    114.59290038
    115.32872493
    114.26933676
    115.25258776
    115.26746579
    115.67588729
    115.26011740
    115.77258299
    115.81162584
    115.34621434
    115.22694694
    115.29369416
    113.52756492
    115.83681076
    115.83673631
    115.82513500
    115.25731555
    114.90983482
    114.88562539
    114.88562539
    114.88562539
    114.14845662
    114.14845662
    114.11052892
    113.44613195
    113.49583313
    112.13389900
    112.13389900
    112.13389900
    113.22690510
    113.29919585
    113.29919585
    113.29919585
    114.22979926
    114.22979926
    114.32933078
    114.11518060
    113.60529552
    113.80650434
    113.80650434
    114.25193617
    113.05319686
    113.32270947
    114.14884716
    114.62090490
    114.62090490
    114.81119269
    114.69696315
    114.79044263
    114.55518635
    115.07673339
    115.13389111
    115.24364779
    115.19005697
    115.19005697
    114.99787856
    115.49700278
    115.49700278
    115.67078287
    115.64960073
    115.66738924
    115.15737342
    115.15737342
    115.15737342
    115.32922312
    115.25281252
    115.36664921
    114.84712438
    114.84712438
    114.62136621
    114.80744510
    115.31655003
    115.35884514
    115.61496165
    115.81690653
    115.81690653
    115.81690653
    115.69075444
    115.60762507
    115.61255657
    115.56576123
    115.56576123
    115.64555143
    115.65689877
    115.82997465
    115.61878437
    115.42942376
    115.42942376
    115.42942376
    115.02633231
    114.69142408
    115.02368456
    114.21523373
    114.25389224
    114.25389224
    114.25389224
    114.25389224
    114.25389224
    114.33368332
    114.81534389
    113.70072745
    113.14062491
    113.14062491
    113.56244442
    114.28511042
    114.47651446
    114.80763791
    114.80763791
    115.33188487
    115.26577633
    115.01816676
    115.45377127
    115.47798678
    115.58088879
    115.59230052
    115.59230052
    115.58964591
    111.96171858
    111.19970289
    113.25043371
    113.25043371
    113.25043371
    113.25043371
    113.25043371
    113.51832359
    113.51832359
    113.51832359
    113.25738301
    113.25738301
    113.25738301
    114.01674731
    114.01674731
    114.23818624
    114.23818624
    114.80988115
    114.80988115
    114.80988115
    115.23196091
    115.54707157
    115.66944478
    115.83088544
    115.83599385
    115.83434947
    115.83434947
    115.80289091
    115.62351777
    115.62351777
    114.96893345
    114.59029963
    114.42087108
    114.42087108
    113.48500429
    114.07339239
    114.07339239
    114.49228951
    114.04481171
    113.06714260
    113.06714260
    114.17569644
    115.35894857
    115.45413916
    115.75625274
    115.76283259
    115.76218488
    114.89368736
    114.86711291
    114.71634115
    115.40883694
    115.40883694
    115.40883694
    113.78665380
    114.82067007
    114.82067007
    115.80606279
    115.75488380
    115.75488380
    115.14473317
    114.70188720
    115.04664367
    115.04664367
    113.79111395
    114.57107981
    115.31794077
    115.12123587
    114.86496562
    114.87675354
    115.76787003
    115.70786985
    115.29530827
    115.42136550
    114.43548502
    114.43548502
    114.29315376
    114.71409467
    114.50730213
    114.56784917
    114.56784917
    114.66750169
    114.79895582
    114.32519789
    115.33178005
    115.61781447
    115.63880754
    115.44688562
    115.47477551
    114.87796435
    114.87796435
    113.85585063
    113.85585063
    115.59613803
    115.51487425
    115.50615721
    115.50920698
    115.77716273
    115.77195883
    115.76674828
    114.59452330
    115.58009930
    115.74826734
    115.78959431
    115.48457535
    115.48457535
    113.95311777
    114.39626961
    114.46953765
    113.93212915
    113.93212915
    113.93212915
    113.93212915
    114.26126314
    115.06643487
    113.77653965
    114.24945992
    114.81658208
    114.12775302
    114.02161604
    115.62389957
    115.62584082
    115.27053201
    115.27053201
    114.29918166
    114.14125553
    114.27288757
    115.18650513
    115.06447500
    115.02928517
    115.02928517
    115.24905196
    115.24905196
    115.44616502
    115.44664038
    115.44664038
    115.49909687
    115.49909687
    115.49909687
    115.43666354
    115.41993956
    115.55025638
    115.39439740
    115.40113214
    114.65660275
    114.82578882
    114.82578882
    114.99732663
    115.34748465
    115.35611281
    115.78434225
    114.82622434
    115.44107362
    115.50977299
    115.55115838
    115.58335182
    114.69966137
    115.30570338
    115.31482196
    115.30711123
    114.87220940
    114.92458439
    114.33468039
    114.98337848
    115.35546683
    113.78867499
    114.29083388
    115.26515196
    114.70258403
    115.41285176
    114.86393446
    114.94245871
    115.13455783
    115.13602687
    114.52990735
    114.43182783
    114.33359188
    115.29863348
    115.61331926
    115.70753670
    115.76190208
    115.81378422
    115.81378422
    115.80501119
    115.67895760
    115.69077041
    115.57669551
    115.59669810
    115.40520450
    115.30648374
    115.30648374
    114.84885417
    115.42014873
    115.42014873
    114.73632531
    113.91246118
    113.91246118
    114.96065181
    115.25221087
    115.25221087
    115.47134565
    114.15657054
    114.09164949
    114.06458789
    112.14062307
    112.14062307
    112.14062307
    112.31336107
    112.31336107
    114.12798136
    113.79044321
    113.47017695
    113.47017695
    113.47017695
    113.47017695
    113.93848797
    113.56840025
    113.56840025
    114.23248855
    114.23248855
    114.28748505
    114.11860079
    114.11860079
    114.11860079
    114.11860079
    114.11860079
    114.11860079
    113.56824921
    114.20779751
    114.57913634
    114.33537828
    114.33537828
    114.51800039
    115.10910074
    115.24341352
    115.02892010
    114.08822616
    113.76820990
    113.76820990
    114.47890309
    114.47890309
    114.42946049
    115.06479482
    115.06479482
    115.28539400
    114.67754530
    114.79052078
    114.33491298
    114.33491298
    114.08978410
    113.90769246
    114.81379435
    114.63642195
    114.31866885
    114.74434451
    114.57702337
    114.51813129
    114.51813129
    114.32524437
    114.32524437
    114.50862988
    114.97737879
    115.09970194
    115.09970194
    115.09390739
    115.17941931
    114.80257829
    115.12276106
    115.48522670
    115.42303987
    115.68336949
    115.68336949
    115.46533750
    115.80216749
    115.80216749
    115.80216749
    115.80216749
    115.26708488
    114.74020763
    115.75297050
    115.75297050
    115.36518385
    115.23896869
    115.63921048
    115.47124545
    115.47124545
    115.65625894
    115.64817169
    115.53599313
    115.52588383
    115.30373028
    115.30373028
    115.40314525
    115.41666074
    115.44167775
    114.80454854
    114.80454854
    115.04503229
    115.04503229
    115.04503229
    114.82258259
    113.92719515
    113.92719515
    113.92719515
    113.92719515
    113.92719515
    113.37230488
    113.37230488
    114.82360947
    114.82360947
    114.16524035
    113.78059184
    114.62479928
    114.67485776
    114.56164275
    115.04946142
    115.04946142
    115.04946142
    115.44678380
    115.44678380
    115.36456271
    115.35576832
    115.35576832
    115.29617489
    115.29617489
    115.29617489
    115.29617489
    115.56036514
    115.55479997
    114.98505391
    114.81748759
    114.28710686
    114.45017883
    114.53469468
    114.96094806
    114.96094806
    114.96094806
    114.90329791
    115.44291178
    115.44014331
    115.44014331
    115.44014331
    115.42334483
    115.42334483
    115.65209385
    115.68303064
    115.68303064
    115.66724496
    115.68961475
    115.25858103
    115.31871427
    114.41463241
    114.41463241
    115.39281099
    115.39281099
    115.39281099
    115.44512619
    115.51697438
    115.47819851
    115.25077353
    115.32132408
    115.58140447
    115.56848358
    115.16786352
    115.16786352
    115.15462620
    115.19866435
    115.08377059
    114.37909053
    113.86747903
    113.86747903
    112.98011014
    112.98011014
    112.98011014
    112.98011014
    114.24210931
    114.10102595
    114.01951516
    114.05242656
    114.05242656
    114.05242656
    113.54645919
    114.84706279
    114.10260861
    114.10260861
    114.47036994
    115.42363265
    115.39921488
    115.39921488
    115.55729462
    115.64067928
    115.64067928
    115.65618859
    115.78332252
    115.57223295
    115.57826925
    115.53329313
    112.70820794
    114.65032422
    114.65032422
    114.65032422
    115.34312447
    115.34312447
    115.11713769
    114.72473728
    114.92790924
    114.92790924
    115.17621938
    115.17209152
    115.36732028
    115.14175699
    115.09001712
    115.27240565
    114.90736697
    114.90736697
    114.85400330
    114.85400330
    114.92569187
    114.87132634
    114.86761690
    114.65750503
    114.45829595
    114.45829595
    114.76561372
    115.10588735
    115.28817784
    115.23170727
    115.00199899
    114.91248041
    115.45457401
    115.56685074
    115.49663851
    115.51979406
    115.48685192
    115.29020914
    115.29020914
    114.60513021
    114.60513021
    114.60513021
    115.08729114
    115.08729114
    115.00678265
    115.83657856
    115.78552325
    115.58213290
    115.58213290
    115.58213290
    115.49334496
    115.62142562
    115.73444402
    114.71910111
    114.61262302
    114.57620042
    114.31016475
    114.31016475
    114.31016475
    114.31016475
    114.40313708
    114.96000926
    114.96000926
    114.82235282
    114.91756265
    114.87286231
    114.69337168
    114.31786316
    114.97759404
    115.73020647
    115.04620392
    115.04620392
    115.04620392
    115.26718842
    114.94253648
    114.86347475
    114.80978900
    114.80978900
    115.41744027
    115.46894229
    115.52542951
    115.14506385
    115.14506385
    114.70907054
    113.32612862
    113.89979590
    115.27647897
    114.67909809
    114.89537779
    114.96945718
    114.96945718
    115.17639078
    115.17639078
    114.81736606
    114.91764537
    114.33587291
    115.03310666
    115.08112237
    115.08112237
    115.08112237
    113.49165488
    114.12319105
    114.41648599
    114.41648599
    112.92184129
    112.92184129
    114.30830963
    113.75994426
    113.62297957
    113.62297957
    113.53329103
    113.69315786
    113.64617604
    114.31436215
    114.31436215
    114.42797895
    114.12469202
    113.92789837
    114.73286184
    114.29740076
    114.91235406
    115.00884453
    114.92679184
    114.61311454
    113.83010633
    113.83010633
    115.15991339
    115.15991339
    115.15991339
    115.00383777
    113.85763635
    114.64464409
    111.72520978
    114.06792185
    114.06792185
    115.27292868
    115.76523044
    115.81375488
    115.82319830
    115.77859391
    115.78000802
    114.70557425
    114.70557425
    114.70557425
    115.08899441
    115.08899441
    115.08899441
    115.22054220
    115.22054220
    115.22054220
    115.79864851
    115.68143854
    114.56218942
    115.07406345
    115.55195773
    115.74281018
    115.79983324
    114.86291503
    114.70722873
    115.03161707
    115.72350144
    115.68520161
    115.08634108
    115.78416244
    115.78416244
    115.78416244
    115.80312781
    115.80264304
    115.81590944
    115.81595698
    115.81328080
    115.83674460
    115.65449398
    115.75823101
    115.76426075
    115.76426075
    115.23436842
    114.39339692
    115.75275252
    115.59533700
    115.22897578
    115.22897578
    115.14454015
    115.76627930
    115.68886903
    115.66085633
    115.28480829
    115.16102819
    111.65809886
    111.65809886
    112.54889523
    114.34648256
    114.34648256
    114.34648256
    114.34648256
    110.81973654
    112.64601987
    114.06026639
    115.33938744
    115.33938744
    115.51298643
    115.09220171
    115.66408014
    115.57871388
    115.52376751
    115.51242981
    115.61997366
    115.61997366
    115.56594974
    113.73969674
    113.73969674
    115.31314082
    115.31314082
    115.31688692
    115.41181503
    115.39977324
    115.34310606
    115.46693796
    115.67737225
    115.67737225
    115.13723796
    114.71347466
    113.58531971
    113.58531971
    113.58531971
    113.58531971
    113.58531971
    113.58531971
    113.58531971
    113.58531971
    113.58531971
    113.58531971
    113.58531971
    113.58531971
    113.82032864
    114.33377325
    114.19223045
    114.64486493
    114.64486493
    114.24053513
    114.74987185
    114.66342293
    112.00205023
    112.00205023
    113.23897375
    113.23897375
    112.66023571
    113.01614981
    113.01614981
    109.76481337
    109.76481337
    109.76481337
    109.02120575
    114.20753186
    115.75449252
    115.75449252
    115.67638933
    115.67638933
    115.67638933
    115.03290521
    115.12468216
    115.12468216
    115.12468216
    115.12468216
    115.12468216
    115.12468216
    115.68511980
    115.21106804
    115.25098202
    115.35813597
    115.59360503
    115.50231998
    115.52964716
    115.52697310
    115.47259134
    115.15079921
    115.04712684
    115.56078970
    115.49726760
    114.94613302
    115.15055776
    115.16178083
    115.16178083
    115.21021972
    114.49277025
    114.49277025
    112.20139050
    112.62606224
    112.37326895
    113.28396144
    113.28396144
    113.28396144
    113.28396144
    113.28396144
    113.79351128
    115.67351682
    115.71115048
    115.82876974
    115.80269987
    115.74169336
    115.81358309
    115.81732258
    115.81732258
    115.81190382
    115.62190549
    115.58338847
    115.79581678
    115.72119219
    115.77027189
    115.66435228
    115.66435228
    115.17999231
    115.74126111
    115.74126111
    115.75288055
    115.61468940
    115.67653848
    115.67653848
    115.66107533
    115.54476262
    115.54476262
    115.54476262
    115.66963324
    115.61189562
    115.61189562
    115.63028411
    115.23869510
    115.82140948
    115.80551058
    115.45765043
    115.54219253
    115.54219253
    114.90070031
    114.97264372
    114.92431559
    114.21922365
    114.21922365
    114.68052250
    114.79610563
    115.04866609
    115.15889536
    115.47446363
    115.12892951
    114.73780451
    114.61151155
    115.43327317
    115.10754334
    115.57865263
    115.38048684
    115.38048684
    114.31638471
    114.31638471
    114.39428916
    114.39428916
    115.28473724
    115.09547367
    115.30043455
    115.08662863
    115.08662863
    114.13869720
    113.99232674
    113.99232674
    115.23238753
    115.23238753
    115.71175816
    115.71116070
    115.82423709
    115.60352937
    115.51109745
    115.26623668
    115.26623668
    115.26623668
    115.41631326
    113.10552127
    113.10552127
    113.10552127
    114.20918606
    114.20918606
    115.23314039
    115.23314039
    114.66753549
    115.61298359
    115.61298359
    115.42292637
    115.47047914
    115.49419217
    115.55040485
    115.53088520
    115.24639995
    115.34388096
    115.34388096
    115.80655326
    115.73728305
    115.37254364
    114.40489999
    114.73375645
    114.27209483
    114.06364835
    114.06364835
    114.37723119
    114.56248197
    114.70603148
    114.66081793
    114.83885100
    112.29861006
    112.29861006
    113.58550370
    113.48851456
    113.09216037
    113.09216037
    113.09216037
    113.09216037
    113.09216037
    114.26582288
    114.86939039
    114.99872263
    113.88205596
    113.00786891
    113.69189949
    113.55265441
    113.55265441
    113.55265441
    113.55265441
    113.55265441
    113.64393381
    113.59722158
    113.59722158
    113.59722158
    113.80732139
    113.80732139
    114.32489342
    115.31528639
    115.31528639
    113.79832773
    113.01121619
    114.07788704
    114.55945498
    114.55945498
    114.62335030
    112.32725456
    113.59566718
    114.48405340
    114.86077710
    115.15846493
    115.28468203
    114.40604330
    114.86706828
    115.20819947
    115.20819947
    115.72520529
    115.75322883
    114.29962490
    113.99511986
    113.99511986
    115.74960153
    115.74960153
    115.59758014
    115.60315462
    115.48680859
    115.53534739
    115.61842980
    115.62362943
    115.62544727
    115.62544727
    115.17834514
    115.17834514
    115.43874688
    115.66644973
    115.27298533
    115.13327084
    114.49885725
    115.78047180
    115.78047180
    115.77154360
    115.78157719
    115.78157719
    115.69205593
    115.74303276
    115.40284369
    115.46886526
    115.25021128
    114.73664247
    114.62463111
    115.00678905
    114.44247335
    115.03835665
    115.28880360
    115.28880360
    115.28880360
    115.42559042
    115.64361868
    115.64361868
    115.78269144
    115.83430791
    115.75735934
    115.34701121
    115.33744441
    115.69267499
    115.69267499
    115.74029402
    115.79363478
    115.79363478
    115.47058561
    115.58907976
    115.19465201
    115.19529094
    115.30857116
    115.34094953
    115.38635093
    115.44678542
    115.44083888
    114.20913318
    114.20913318
    114.20913318
    114.63188913
    115.53302184
    115.25248807
    115.25248807
    115.25248807
    115.77728380
    115.79220047
    115.79706692
    115.61108165
    115.61108165
    115.61108165
    115.75618270
    115.80510828
    115.82023322
    115.82406742
    115.82406742
    115.82296376
    115.59318886
    115.54647824
    115.00565192
    115.00565192
    115.00565192
    115.00565192
    115.38056290
    115.43380734
    115.36509226
    115.31602130
    115.24303620
    115.71067179
    115.69601813
    115.67538179
    115.65602630
    115.65602630
    115.65602630
    115.68255006
    115.75313876
    115.82693195
    115.82531316
    115.83760155
    115.81532967
    114.20534004
    114.20534004
    113.91894949
    113.91894949
    114.00846010
    114.31391832
    115.35927058
    115.62674457
    115.61540045
    115.68357742
    115.68650981
    115.68925560
    115.68925560
    115.81703273
    115.81894923
    115.75184332
    115.76205043
    115.76205043
    115.81742913
    115.75086655
    115.78724220
    115.79819166
    115.24480071
    115.24665220
    115.30276359
    115.31024905
    114.83463752
    114.83463752
    115.63095627
    115.63095627
    115.12170055
    115.48766029
    115.04939208
    115.04939208
    113.98370860
    113.98370860
    115.25963124
    115.25963124
    115.25963124
    115.25963124
    115.10136489
    115.17923465
    115.26314235
    115.54535045
    115.66028280
    115.24154173
    115.31305844
    114.29277085
    113.85869959
    115.07739785
    115.82879832
    115.67240634
    115.67267697
    115.61027178
    115.65422782
    115.80029268
    115.80029268
    115.80050180
    115.80160153
    115.82271678
    115.51055179
    115.51055179
    115.35658475
    115.25734885
    115.25734885
    115.35783545
    114.72715576
    114.72715576
    114.70265535
    115.11893128
    115.54549723
    115.51715036
    115.72361369
    115.74697421
    115.74697421
    115.61759026
    115.61759026
    115.64861514
    115.63326826
    115.63326826
    114.72453559
    114.35124741
    114.23770874
    114.09358095
    113.77504323
    112.65943949
    112.65943949
    111.97792705
    111.97792705
    111.97792705
    111.97792705
    111.97792705
    113.37885713
    113.37885713
    113.68213705
    113.89618728
    115.29053752
    115.29053752
    115.77820235
    115.76056733
    113.92301843
    113.92301843
    114.08886522
    113.61619596
    113.61619596
    111.28485391
    111.28485391
    111.28485391
    111.28485391
    111.28485391
    115.38730516
    115.35494054
    115.31982291
    115.38166468
    115.08624204
    115.08624204
    115.21444465
    115.55816886
    115.66263522
    115.79993735
    115.61742241
    115.62995371
    115.61661327
    115.82967556
    115.69813732
    115.73201720
    115.75537047
    115.21221756
    115.44388215
    115.44388215
    115.44803569
    115.44803569
    115.44803569
    114.47869600
    114.11604353
    114.11604353
    114.54884962
    114.18703423
    114.34433121
    114.34433121
    114.64369704
    115.11001302
    115.12885473
    115.83399154
    115.80075663
    115.82106925
    115.82106925
    115.83011991
    115.53901864
    115.53901864
    115.07033506
    115.07033506
    115.07033506
    115.18726242
    115.55629400
    115.55629400
    114.97331095
    115.07608586
    115.08045452
    115.54821151
    115.53464860
    115.69029544
    115.69029544
    115.67168349
    115.67951657
    115.67951657
    115.67951657
    115.67951657
    115.67951657
    115.26210494
    115.26210494
    115.26210494
    115.24829504
    115.45912240
    115.61463468
    115.61463468
    115.04621762
    115.58400370
    115.72420564
    115.37138995
    115.33573861
    115.33573861
    115.33175587
    115.33175587
    115.33175587
    115.15626967
    115.15626967
    115.15626967
    115.65156906
    115.65156906
    114.57653363
    114.90856770
    114.90856770
    114.90856770
    115.20830278
    115.20830278
    115.20273631
    115.47480955
    115.80415927
    115.21767588
    113.45136354
    113.45136354
    113.45136354
    113.45136354
    113.45136354
    113.90339951
    113.90339951
    114.33952104
    114.23029902
    114.84998767
    114.93344096
    114.89242300
    114.89242300
    114.89242300
    114.97014404
    114.97014404
    114.93371609
    113.13675427
    113.96758490
    114.82536363
    113.70828551
    114.33350750
    115.18564652
    114.71730361
    114.88099878
    114.67634369
    114.83571464
    114.68333627
    115.39730846
    115.00318031
    115.00318031
    114.00011119
    114.26531148
    114.67646258
    114.63599691
    114.63599691
    114.63599691
    114.63599691
    114.85963962
    114.41290428
    114.95564876
    114.95564876
    114.60719522
    115.12087038
    115.12134632
    114.31698809
    115.21220321
    115.09185931
    115.20256610
    115.09703242
    115.38254374
    115.52130387
    115.52130387
    115.77270756
    115.77270756
    115.74524704
    115.49126524
    115.29443196
    115.31519145
    115.32944364
    115.32944364
    115.34890490
    115.25754536
    115.24196320
    115.39007755
    114.77413852
    115.18215492
    115.14554850
    115.14554850
    115.36341154
    114.97420586
    114.97420586
    114.97420586
    115.30242266
    115.59528468
    115.59528468
    115.59528468
    115.06952123
    114.80231804
    115.68847495
    115.68847495
    115.49474959
    114.86169040
    115.31665490
    115.31665490
    115.52859755
    115.52859755
    114.01305050
    114.01305050
    113.92745307
    113.92745307
    113.92745307
    111.79679285
    111.79679285
    111.79679285
    114.48791079
    115.09249596
    111.66512884
    111.66512884
    114.41109121
    115.28843919
    114.92845365
    114.92845365
    115.59259016
    115.77866115
    115.75323531
    115.49845458
    115.56626411
    115.13763365
    115.13763365
    115.10695062
    114.48708192
    114.48708192
    114.94238694
    114.57282211
    114.54611016
    114.54611016
    114.65880247
    113.48237152
    112.69577039
    112.69577039
    112.69577039
    114.22196624
    114.87228541
    114.58654377
    114.72821650
    114.72821650
    114.72821650
    113.84558092
    114.75873091
    115.19172143
    115.19172143
    115.32009665
    115.51834999
    115.60577083
    115.74106593
    115.65368303
    115.81339727
    115.56088271
    115.59740595
    115.59740595
    115.58904994
    115.62337029
    115.79027097
    115.79570768
    115.80404117
    115.79677220
    115.82806642
    115.57795640
    115.57795640
    115.77089609
    115.77081601
    115.47692862
    115.47692862
    115.51607385
    115.68570591
    115.65534066
    115.69876937
    115.75537384
    115.78675759
    115.81638311
    115.83613432
    115.79489010
    115.19233242
    115.19177455
    115.19236261
    115.19236261
    115.19236261
    115.81775034
    115.79173264
    115.71553883
    115.64386283
    115.64386283
    115.68000575
    115.68000575
    115.58688834
    115.76128937
    115.78361705
    115.78361705
    115.72373048
    115.82497080
    115.82359419
    115.58459307
    115.32972966
    115.32972966
    115.32972966
    115.42810149
    115.31766339
    115.31766339
    115.31766339
    114.80152124
    114.80152124
    115.64169415
    115.64169415
    115.64169415
    115.59849029
    115.54545518
    115.32051382
    114.81929068
    113.89140919
    114.52216170
    114.32338725
    113.18918965
    114.56050344
    115.36040518
    115.41713475
    115.41713475
    114.95333793
    115.48687479
    115.18776706
    115.29390669
    115.50817714
    114.94220181
    114.94220181
    114.93179933
    115.65611964
    115.44584661
    115.43800553
    115.19872332
    115.04981056
    114.57508428
    114.90291623
    115.11871683
    115.11871683
    115.02277810
    115.02277810
    113.58557539
    113.58557539
    113.94598316
    112.94136775
    112.94136775
    112.35607561
    112.35607561
    112.35607561
    112.35607561
    112.35607561
    112.35607561
    113.02541063
    113.30175497
    113.36732727
    113.36732727
    114.31417896
    114.95365553
    115.38482594
    114.95561154
    114.95561154
    114.48391848
    115.09406185
    114.53753523
    114.53753523
    115.23114215
    114.73592951
    114.21772658
    115.70660371
    115.73552561
    115.73552561
    115.51945853
    115.48143092
    115.46451936
    115.46451936
    115.35379739
    115.35379739
    115.35379739
    115.35379739
    114.57266240
    114.57266240
    114.54170242
    114.33660910
    113.72127993
    113.72127993
    114.42170068
    114.23318228
    113.61229258
    114.38090729
    114.43947741
    115.45539337
    115.40161257
    115.73933542
    115.57456637
    115.55178219
    115.75665768
    115.57234891
    115.57234891
    115.71578715
    115.66681943
    115.22404565
    114.83068039
    114.83068039
    114.83068039
    114.83068039
    114.74520792
    114.82883807
    113.91290779
    114.27269162
    114.40081383
    114.62108779
    114.96548738
    113.54248452
    113.43087528
    113.43087528
    115.36817309
    115.36817309
    115.47326112
    115.47326112
    115.00200368
    115.00200368
    115.37547331
    112.54108535
    111.78935958
    111.78935958
    110.72938599
    110.72938599
    114.39606893
    114.65202792
    115.35946106
    115.69646470
    115.69646470
    115.69646470
    115.52769323
    115.45602416
    115.45602416
    115.01188006
    114.86554024
    115.55603692
    115.55603692
    115.55388178
    115.63331594
    115.08817681
    115.45068110
    115.57596558
    115.57911419
    115.05880016
    114.70338604
    115.42485062
    115.29426793
    115.29426793
    115.21366432
    115.31965824
    115.56273500
    115.56734268
    115.69484525
    115.00504348
    115.48532253
    114.38732993
    114.51753596
    115.74999940
    115.77139267
    114.46308569
    115.69175411
    115.64905439
    115.58616783
    115.73795977
    115.73795977
    115.73795977
    115.66863167
    115.62339620
    115.62364877
    115.62364877
    115.67296742
    115.67296742
    115.79388619
    115.41119177
    115.37829444
    114.10682458
    114.10682458
    114.35807876
    115.28034355
    115.39876180
    115.39876180
    114.92615583
    114.92615583
    114.35184876
    114.35184876
    114.35184876
    115.45915594
    115.45059706
    115.47507942
    114.78812251
    114.77121402
    114.77121402
    114.77121402
    114.77121402
    114.96758232
    114.88908950
    114.88908950
    114.20570216
    114.20570216
    114.20570216
    114.20570216
    115.66843611
    115.66843611
    115.75631506
    115.75631506
    115.78091053
    115.75400475
    115.78546632
    115.74708351
    115.73389127
    115.73862318
    113.13141698
    115.72515863
    115.11291595
    115.52671077
    115.74406721
    115.74406721
    115.80518541
    115.80518541
    115.82842188
    115.82842188
    115.33148075
    115.33148075
    114.39066706
    114.39066706
    114.39066706
    115.29481342
    115.29481342
    115.29481342
    115.30045988
    115.83598415
    115.71948053
    115.71948053
    115.77984511
    115.77984511
    115.58211234
    115.82964800
    115.78638329
    115.57803646
    115.58657910
    115.70171737
    115.71908735
    115.71490478
    115.71490478
    114.10136184
    115.22454902
    115.22454902
    115.11383935
    114.95240135
    114.95240135
    115.27384558
    115.67640930
    115.77682299
    115.80574895
    115.50804278
    115.59442698
    115.59442698
    115.81589757
    115.29831810
    115.83282419
    115.83539024
    115.83539024
    113.75176091
    114.07015558
    113.73167826
    113.73167826
    113.73167826
    115.29869453
    115.12066965
    115.12066965
    115.30372178
    115.53537024
    115.53537024
    115.32218524
    114.74348086
    114.49151166
    114.61883618
    114.56454269
    114.56454269
    114.56454269
    113.87773719
    113.87773719
    115.39587649
    115.17833844
    115.15892361
    115.12514956
    115.12514956
    115.04600557
    114.69501597
    114.69501597
    114.41111903
    114.41111903
    114.41111903
    114.41111903
    115.65031065
    115.67235383
    115.31702061
    115.34184096
    115.26140303
    115.54486156
    115.82766854
    115.82766854
    115.82768864
    115.68136137
    115.66285826
    115.66285826
    115.78998802
    115.78697041
    115.50552236
    115.44356813
    115.57621460
    115.34160241
    114.84338638
    115.13500958
    115.23664398
    114.90172026
    115.57402987
    115.60675885
    115.60675885
    115.35639961
    115.17852492
    115.08396785
    114.62039444
    114.62039444
    115.34815194
    115.22941071
    115.79328444
    115.54429185
    114.83647573
    114.83647573
    114.83647573
    115.20465014
    115.20465014
    115.39611875
    114.84349662
    114.66961231
    115.24278484
    115.07852449
    115.19781613
    115.19140275
    115.18197090
    115.61754337
    115.59426231
    115.59426231
    115.77539441
    115.70482652
    115.81600765
    115.69152284
    115.69152284
    115.69554718
    115.69554718
    115.71460636
    115.79824366
    115.44742242
    115.40497408
    114.77349844
    115.74413426
    115.74126231
    115.55960296
    115.62772580
    115.48915783
    115.38607827
    115.80444721
    114.32107294
    114.32107294
    114.32107294
    115.35644728
    115.04176565
    115.04176565
    114.53065917
    114.90755593
    114.98284003
    114.97260485
    114.97260485
    115.48005774
    115.48005774
    115.45738309
    115.45738309
    115.65621493
    115.63732180
    115.67119526
    115.57650058
    115.33803958
    115.35731353
    115.29617755
    115.36181480
    115.43363406
    115.56828135
    115.56828135
    115.17000474
    115.70167683
    115.70167683
    115.64012714
    115.64012714
    115.77172925
    115.69676521
    115.75632251
    115.71405637
    115.71405637
    115.71405637
    114.18892299
    114.18892299
    114.92373005
    114.98103163
    114.79983499
    114.53400742
    114.75307859
    114.75307859
    114.75307859
    114.55531774
    115.48734026
    115.61186311
    115.11650490
    115.11650490
    115.11650490
    115.11650490
    115.11650490
    115.56554769
    115.59425269
    115.59425269
    115.59425269
    115.83204313
    115.70380881
    115.74012566
    115.73551783
    115.77237314
    115.69137206
    115.59750493
    115.53190497
    115.73206920
    115.73963210
    115.72601753
    115.60131037
    115.23192455
    114.40320205
    114.40320205
    114.40320205
    114.40320205
    114.40320205
    115.67870808
    115.43329398
    115.39129862
    115.39129862
    115.39129862
    115.38006753
    115.38006753
    113.78832223
    115.09138852
    115.60506458
    115.82223928
    115.81097153
    115.81612227
    115.82724502
    115.82724502
    115.83370443
    115.82941801
    115.81828979
    115.79233772
    115.73612253
    115.76057472
    115.76057472
    115.77386051
    111.41620695
    111.41620695
    111.41620695
    115.23068550
    115.23068550
    115.40197572
    115.40197572
    115.40197572
    115.40197572
    114.01097829
    114.01097829
    114.01097829
    114.01097829
    114.01097829
    114.01097829
    115.17940573
    115.17940573
    115.39022353
    115.39022353
    115.39022353
    113.93879850
    115.70318983
    115.69165382
    115.54718774
    115.33609111
    115.79995121
    115.79995121
    115.73137967
    115.73137967
    115.73321717
    115.58782738
    115.58782738
    115.44371701
    115.44371701
    115.44371701
    115.66665489
    115.61948643
    115.64641691
    115.64641691
    115.64641691
    115.75638192
    115.60608086
    115.55952871
    115.67268703
    115.67268703
    115.64874672
    114.54826388
    114.54826388
    115.26110696
    114.83170692
    115.43837065
    115.76763150
    115.36999815
    115.44857286
    115.31824645
    115.31824645
    115.31824645
    115.74115163
    115.78063612
    115.77468421
    115.77881756
    115.69327256
    115.66214747
    114.56794529
    114.59793066
    114.42949917
    111.66731070
    111.66731070
    114.34605851
    114.34605851
    115.19152922
    114.97596995
    113.39441529
    113.76886659
    113.98005884
    113.98005884
    113.77939454
    113.77939454
    113.73130543
    114.22030464
    114.22030464
    114.22030464
    114.23890409
    114.53073304
    114.51301487
    114.17698864
    114.15284994
    114.15284994
    113.55257266
    114.16381909
    113.41842438
    113.93569465
    115.19997274
    114.87882869
    114.86795979
    115.14689320
    114.17569961
    114.79664542
    114.66920674
    115.26092172
    115.79332688
    115.72959547
    115.72959547
    115.70694804
    115.67451297
    114.45389511
    114.45389511
    115.81367289
    115.74788135
    115.76646531
    115.74139950
    115.76026466
    115.65533566
    115.28774791
    115.28774791
    114.53422012
    114.37723460
    113.24191265
    113.24191265
    113.24191265
    113.23828554
    113.23828554
    113.23828554
    112.82624414
    112.82624414
    114.46544254
    115.40149096
    115.40149096
    115.40149096
    115.44998520
    113.50124354
    114.17012204
    115.04272795
    115.04272795
    114.99449704
    114.81082862
    114.81082862
    115.31133155
    115.31133155
    115.31133155
    115.31133155
    115.31133155
    115.31140156
    115.31140156
    115.53669746
    115.49266252
    113.38312284
    115.00580342
    114.86496003
    114.94045439
    115.25819110
    113.98263275
    113.85970261
    113.85970261
    114.42047481
    113.60240511
    114.19068305
    114.19068305
    114.19068305
    114.47120997
    114.47120997
    114.47120997
    114.47120997
    115.13124257
    115.13124257
    115.13124257
    115.13124257
    115.22101956
    115.22101956
    115.29319432
    115.29319432
    115.21855148
    115.21855148
    115.30432619
    115.48620132
    115.68439138
    115.52136352
    115.52136352
    115.44501286
    115.53734841
    115.55964089
    115.55964089
    115.55964089
    115.55964089
    115.65678982
    115.31807554
    114.50410128
    114.50410128
    113.31335528
    115.49733535
    115.49733535
    115.53728887
    115.44495008
    115.17335139
    115.26436061
    115.26436061
    115.71416967
    115.63200849
    115.42113399
    113.65527499
    114.14681196
    114.29275481
    114.74466068
    115.08424790
    113.92329295
    113.93206878
    113.93206878
    113.93206878
    114.63277821
    114.49986330
    113.31070354
    113.68217410
    113.03266913
    113.03266913
    114.08234256
    113.91612660
    113.91612660
    114.56555236
    114.56555236
    114.50196922
    115.58125718
    115.66759397
    115.61081434
    115.75714689
    115.76608760
    115.78131210
    115.76414913
    115.64745186
    115.64652961
    114.88318388
    114.95345962
    115.46957211
    115.46957211
    115.33145481
    115.50518600
    114.57163893
    114.57163893
    114.57163893
    114.88167427
    114.88167427
    114.88167427
    115.02569458
    114.95273549
    114.77108707
    114.72179513
    113.53095351
    113.53095351
    114.46946768
    114.82839067
    113.98979381
    115.63961667
    115.73803411
    115.75662508
    115.75662508
    115.69925598
    115.68063689
    115.55525825
    115.55525825
    114.37314854
    114.37314854
    114.40397048
    115.43530111
    114.61105462
    114.62946192
    113.39950949
    113.39950949
    113.39950949
    113.39950949
    113.39950949
    113.23565745
    113.35192280
    115.08107032
    115.08107032
    115.65991520
    115.20795692
    115.57852862
    115.80031747
    115.70892732
    115.81513366
    115.81513366
    114.34688191
    115.52825560
    115.52825560
    115.73391587
    115.73391587
    115.73356213
    115.81578672
    115.80952397
    115.75125956
    115.61551503
    115.61551503
    115.61662666
    115.58439733
    115.74992344
    115.81300470
    115.80161916
    115.78073273
    115.69566822
    115.78181928
    115.15040552
    114.86390575
    114.06028776
    114.06028776
    113.68569171
    113.68569171
    112.54693516
    112.54693516
    112.54693516
    112.68933987
    112.68933987
    112.66369751
    114.00546158
    114.38585631
    114.51283687
    115.07248520
    113.86873012
    113.13764131
    113.13764131
    114.14862972
    114.47296335
    114.47296335
    115.06282887
    115.57399023
    115.81221349
    115.65884377
    115.65884377
    115.65884377
    114.68828189
    114.68828189
    115.04485151
    115.65536646
    115.50127388
    115.45549806
    115.72477200
    115.21084838
    115.35339744
    115.35339744
    115.35339744
    115.35339744
    115.43235660
    115.43235660
    115.81281295
    115.68012684
    115.63289665
    115.63289665
    115.41542433
    114.94597897
    115.21149268
    115.78900123
    115.61225567
    115.61624048
    115.57618029
    115.29307507
    115.31964252
    114.73072601
    115.23820280
    114.13596603
    114.13596603
    114.42179490
    114.52098368
    114.92198383
    114.89079456
    115.16754720
    114.44336976
    115.00576370
    115.08611852
    115.16534991
    115.16534991
    115.16633311
    115.16633311
    115.78124768
    115.81349901
    115.79272877
    115.68140350
    115.67293681
    115.74739195
    115.59383984
    115.45220952
    111.76000312
    111.76000312
    111.76000312
    111.76000312
    112.44872833
    112.44872833
    111.44350681
    112.00170501
    112.87634066
    112.87634066
    112.87634066
    112.87634066
    112.29070417
    112.29070417
    114.29570717
    113.85843265
    113.85843265
    115.46624315
    115.46624315
    115.46311133
    115.46303442
    115.44824538
    113.30350442
    115.35605667
    114.04465825
    114.35797075
    114.31377547
    114.31377547
    114.31377547
    113.50742861
    113.50742861
    113.49433786
    113.49433786
    113.49433786
    114.38829865
    114.70129843
    114.70129843
    114.70129843
    115.25999527
    115.16740147
    114.56920255
    113.47062571
    113.47062571
    113.47062571
    113.47062571
    113.73010533
    114.31474213
    114.49472012
    115.65133972
    115.65133972
    115.65133972
    115.74651179
    115.74372587
    115.58628540
    115.62161702
    115.62637795
    115.21932701
    115.21597684
    115.13820847
    115.04386290
    114.73911470
    113.91522751
    113.96067790
    113.91383726
    113.26601567
    113.53674057
    113.53674057
    113.31410791
    113.31410791
    113.31410791
    114.81958247
    115.12575317
    115.67647590
    115.31092296
    114.90819770
    114.21523718
    114.21523718
    113.30537964
    113.30537964
    114.02620057
    113.92815779
    113.92815779
    114.32899294
    114.32899294
    114.01554518
    114.01554518
    111.89567299
    111.89567299
    113.29353796
    113.29353796
    114.37270559
    114.27211181
    114.17641466
    114.17641466
    114.17641466
    114.17641466
    114.48106628
    114.64382347
    113.71525442
    114.37668853
    115.17491121
    114.23530112
    114.97738936
    114.74546296
    114.88738164
    115.06393470
    113.04986146
    113.04986146
    113.04986146
    113.35077702
    113.35077702
    114.44110493
    115.11696088
    115.08112397
    115.24373737
    115.39964601
    115.71822826
    115.71822826
    115.71822826
    114.92578229
    115.31001817
    115.21993697
    115.39920369
    115.36096297
    114.35727543
    114.35727543
    114.35727543
    115.73057776
    115.64990499
    115.51008600
    115.57381376
    115.35644046
    115.35644046
    115.35644046
    115.35644046
    114.85570623
    115.74010481
    115.74010481
    115.77130397
    114.57905526
    115.22074085
    115.22074085
    114.91947380
    114.95697612
    113.73639825
    114.17518831
    114.17518831
    113.57829610
    114.42395624
    114.73654423
    114.73654423
    114.76300118
    113.97830401
    113.83158703
    113.83158703
    114.31330062
    114.29955386
    114.29955386
    114.29955386
    114.29955386
    114.58480644
    115.10130596
    115.04311658
    114.12092330
    114.12092330
    114.03852484
    114.35230043
    114.78799358
    114.79527485
    115.26083772
    115.26083772
    115.73946151
    114.00114191
    114.00114191
    114.00114191
    114.00114191
    114.00114191
    114.00114191
    114.96403379
    114.96403379
    115.64626615
    115.81555998
    115.81555998
    115.79089073
    113.78257526
    113.78257526
    115.00651746
    114.63584225
    114.63584225
    114.56725818
    115.48812647
    115.83576015
    115.82120062
    115.67351576
    115.58115221
    115.66548114
    115.66548114
    115.08272706
    115.08272706
    115.33585236
    115.23531862
    115.20844760
    114.94522942
    114.94522942
    115.07488197
    114.43682059
    114.70939303
    114.09459548
    114.75641795
    115.15429910
    115.42348793
    114.76372735
    114.64996377
    114.64996377
    114.80660537
    114.80660537
    114.80660537
    114.67832060
    113.45275669
    113.76971226
    111.51747543
    114.94178230
    115.74478204
    115.82687354
    115.19398700
    114.77370518
    114.42180265
    115.13710645
    114.64657074
    114.64657074
    114.66470019
    114.26773856
    114.26773856
    114.26773856
    113.58117776
    112.01295076
    112.08791505
    112.80668312
    112.80668312
    113.93984393
    113.37395450
    113.38026528
    113.38026528
    112.71509803
    112.24181420
    112.24181420
    112.24181420
    112.79700226
    112.79700226
    112.70795686
    112.70795686
    112.70795686
    112.70795686
    114.35419382
    114.35419382
    115.41653200
    115.41653200
    115.41653200
    115.36019058
    115.28233184
    115.23706433
    115.21777919
    115.21777919
    115.66009084
    115.66009084
    115.40616387
    115.54499820
    115.54499820
    115.44369565
    115.76275523
    115.71996107
    115.71058710
    115.54986251
    115.43376086
    115.57956617
    115.50377182
    115.29010481
    115.13520276
    114.55322854
    114.83874879
    114.81432809
    115.71400473
    115.72398723
    115.69752005
    115.66382379
    115.66382379
    115.52429723
    114.54019674
    114.54019674
    114.54019674
    114.54019674
    114.54019674
    114.54019674
    114.17748560
    114.33952942
    114.35548853
    115.17938522
    114.51959400
    114.64888804
    114.65585436
    114.62496388
    114.62496388
    115.23741205
    114.32847597
    115.25309639
    115.35772666
    115.42414737
    114.80132570
    114.22679462
    114.68478266
    114.68478266
    114.68478266
    114.68478266
    115.24154715
    115.27139467
    115.30207843
    115.49060254
    115.44522183
    114.26169100
    114.26169100
    113.87157178
    113.40135739
    114.05834719
    113.75418049
    113.75418049
    114.22879162
    114.94501300
    115.27140624
    115.21206947
    115.27277255
    115.25516941
    115.76730586
    115.67177257
    115.67177257
    115.60969990
    115.47773686
    115.72995345
    115.72995345
    115.72925465
    115.75590975
    115.75590975
    115.78101931
    115.62624936
    114.72606852
    114.64352908
    114.57300839
    114.57300839
    113.22776910
    113.22776910
    113.22776910
    113.60201089
    113.60201089
    113.60201089
    113.60201089
    113.60201089
    113.72987522
    113.55384073
    114.67228691
    115.17861446
    113.63486899
    113.29561532
    113.29561532
    113.53218219
    113.53218219
    114.32795421
    114.32795421
    114.83246602
    114.83312695
    115.79943155
    115.75970070
    115.49710701
    115.55151272
    113.06658319
    115.45643014
    115.45643014
    115.51009728
    115.50242503
    115.50242503
    115.54667226
    115.29652895
    115.28151337
    115.32709952
    115.34425032
    115.34425032
    115.21211980
    115.21211980
    115.21211980
    115.19154632
    115.19154632
    115.19154632
    112.02368520
    112.96692697
    113.76649154
    113.76649154
    113.52522010
    114.72265224
    115.49192266
    115.49219249
    114.76622506
    113.88886540
    113.88886540
    114.40868234
    114.40868234
    114.81371430
    114.81371430
    114.82702707
    114.65831083
    114.65831083
    114.65831083
    114.72454680
    114.72454680
    114.72454680
    114.56242548
    114.75353221
    114.83298568
    114.75919964
    115.55604347
    115.14211011
    114.32396759
    114.18513462
    114.12222806
    114.80044916
    115.09991489
    115.09991489
    115.11356025
    115.11356025
    115.70581490
    115.80735013
    115.64566863
    115.68795617
    115.68795617
    115.81812505
    115.67265316
    115.67265316
    115.67265316
    115.65474131
    115.38855754
    115.27156938
    114.84941915
    114.87835512
    114.48991283
    114.39287578
    114.39287578
    115.28948249
    115.48155019
    115.48155019
    115.38026705
    115.38026705
    115.57218483
    112.76287388
    115.07016396
    114.54540682
    114.54540682
    114.51480102
    114.51480102
    114.51480102
    115.28994385
    115.19182466
    114.63731620
    113.20573269
    113.59012029
    113.59012029
    113.59012029
    113.59012029
    113.52336448
    113.52336448
    114.15103112
    115.25626974
    115.25626974
    114.88492899
    115.36866056
    115.36866056
    111.99023441
    115.00003716
    115.72295454
    115.72295454
    115.21895152
    115.33905412
    113.29021551
    113.24209062
    113.24209062
    115.16603788
    115.61341567
    115.61341567
    115.27473057
    115.22983318
    115.22983318
    115.22983318
    115.22983318
    115.04025588
    115.56223361
    115.57261818
    115.32079283
    115.32079283
    115.71853532
    115.36330087
    115.36330087
    115.36330087
    115.00735659
    115.18457369
    115.26737508
    114.90231176
    114.90231176
    114.90231176
    115.75794068
    115.61415902
    115.79198794
    115.79198794
    115.37213935
    114.72978944
    114.80019363
    114.80019363
    114.21868554
    114.21868554
    114.21868554
    115.29215025
    115.31998066
    115.31998066
    115.15867361
    114.84858848
    114.84858848
    115.10767275
    115.75864283
    115.50163120
    113.51243309
    113.51243309
    114.81288506
    114.92331133
    115.08049260
    115.08049260
    115.08049260
    115.67705467
    115.49702853
    115.70561300
    115.75136420
    115.77788538
    115.62233584
    115.54994293
    115.55596530
    115.55596530
    115.70181662
    115.70330198
    115.70330198
    115.69368691
    115.55746576
    115.55746576
    115.25886318
    115.25886318
    115.25886318
    115.25886318
    115.25942020
    115.64059486
    115.83360275
    115.75466980
    115.82342459
    115.83028418
    115.83168853
    115.73509389
    115.72014460
    115.74689437
    115.71508562
    115.61838387
    115.61838387
    115.64744528
    115.83399737
    115.82585554
    115.78273891
    114.37910823
    114.37910823
    114.37910823
    114.37910823
    114.37910823
    115.40388273
    112.95087026
    112.95087026
    112.95087026
    114.41742616
    114.41742616
    114.41742616
    114.81880261
    114.81880261
    114.81880261
    114.23154664
    115.68213026
    115.68213026
    115.68213026
    115.67453696
    115.53529533
    115.54396396
    115.54396396
    115.77558222
    114.71415314
    114.71415314
    114.71415314
    115.13075895
    114.97919265
    114.97919265
    114.97919265
    114.91581644
    114.91581644
    115.75831224
    115.77052021
    115.55186603
    115.55186603
    114.40381837
    114.37020857
    115.63926462
    115.34984360
    115.05041114
    115.20435849
    114.86015581
    114.86015581
    112.17255689
    112.17255689
    112.17255689
    112.17255689
    113.73094483
    112.72277698
    112.72277698
    113.07950312
    113.78117453
    113.78117453
    114.21309455
    114.60182320
    113.70502611
    113.48040319
    113.48040319
    113.48040319
    113.48040319
    113.48040319
    113.48040319
    113.48040319
    113.48040319
    113.61833171
    113.61833171
    113.61833171
    113.39651232
    113.43179701
    113.43179701
    113.43179701
    113.77466275
    113.50329635
    114.59288867
    114.59288867
    113.35286989
    113.35286989
    115.05548393
    115.05548393
    115.19580417
    115.28352339
    115.18849309
    115.16578555
    114.21729342
    114.21729342
    114.21013005
    114.25242500
    114.70959196
    114.76421732
    114.76421732
    115.29795041
    115.37458742
    115.38573837
    115.22272286
    115.21176135
    115.37044994
    114.29179621
    114.25694638
    114.25694638
    114.25694638
    114.59963260
    114.05552934
    114.98524928
    115.33910036
    115.53732015
    115.53941332
    115.27603033
    115.31147968
    115.61549897
    115.41682381
    115.17659667
    115.17659667
    115.17659667
    115.17781300
    115.01627497
    114.90936140
    115.50597677
    115.71897180
    114.73644334
    114.67417596
    114.85166526
    114.86438619
    113.02630121
    113.02630121
    113.41517558
    112.84059210
    114.38933380
    113.63295637
    112.68743955
    112.43204006
    113.72698215
    113.72698215
    114.30396124
    114.97445689
    114.97445689
    114.96013675
    114.96013675
    115.54597112
    115.54597112
    115.32374499
    114.98718822
    115.63908159
    115.63908159
    115.62860205
    115.62860205
    115.62860205
    115.62860205
    115.22701050
    115.22701050
    115.14921205
    115.02713412
    115.02713412
    114.60785045
