    117.48675074
    118.48863113
    118.40112779
    119.46867104
    118.98306224
    118.98306224
    118.98306224
    118.98306224
    119.87251253
    119.52776043
    119.20904070
    118.87590959
    118.12821102
    118.12821102
    118.97325014
    118.97325014
    119.20644707
    119.20644707
    119.03068531
    119.26922025
    119.26922025
    118.64622381
    119.19671275
    119.19466389
    118.95603541
    118.20732251
    117.49584928
    118.36866414
    118.69144589
    118.69144589
    118.69144589
    118.61020919
    118.61020919
    118.72492707
    118.72492707
    118.72492707
    118.72492707
    118.25223458
    118.25223458
    118.38252920
    118.38252920
    118.66924290
    118.66924290
    118.66924290
    119.10033987
    118.41758345
    118.08048673
    118.13512037
    119.03808163
    118.18316272
    119.02302548
    119.72993331
    119.62282802
    119.62282802
    119.00850565
    119.00850565
    118.29654796
    118.29654796
    118.29654796
    118.82444255
    118.58231913
    118.51677056
    118.99234300
    118.99234300
    119.83752395
    119.75954150
    119.85608838
    119.87034239
    118.98560263
    119.15172209
    118.63879332
    118.63879332
    118.41211049
    118.68858005
    119.33987190
    119.68776056
    119.83410116
    119.63035759
    119.67287786
    119.67287786
    119.25987211
    119.25987211
    119.25987211
    119.24229551
    119.24229551
    118.79456431
    118.40423200
    118.40423200
    118.40423200
    118.40423200
    118.40423200
    118.40423200
    118.40423200
    118.40423200
    118.99619977
    118.99619977
    118.28622664
    118.72403857
    118.72403857
    117.53408716
    119.82393029
    119.85541376
    119.85541376
    119.85620706
    119.85620706
    119.85603350
    119.75296299
    119.75296299
    119.69964977
    119.59862908
    119.64086124
    119.83694623
    119.12916043
    118.92075362
    119.11777482
    118.90569272
    118.94478488
    118.52232035
    118.12497681
    118.12497681
    118.12497681
    118.71713092
    119.01341818
    119.59788473
    118.51885772
    118.48239699
    119.37895552
    119.40314410
    119.40314410
    119.40314410
    119.27361249
    119.27361249
    119.27361249
    119.29209016
    119.29209016
    119.31294762
    119.44747234
    119.40341536
    119.40341536
    119.49192752
    119.12555606
    119.16573310
    119.16573310
    119.16573310
    119.20964390
    119.31118100
    119.58597563
    119.06473141
    119.27970791
    119.46607412
    118.70239259
    118.70239259
    118.70239259
    116.30242649
    117.95057601
    119.10232062
    119.10232062
    119.10232062
    119.10232062
    119.15696848
    119.37450891
    119.37450891
    119.37450891
    119.69949267
    119.48907481
    119.71794002
    119.80947492
    119.68128183
    119.67601515
    119.74011854
    119.79684237
    119.79434023
    119.76862395
    119.78467571
    119.78467571
    119.79188541
    119.79188541
    119.73736380
    119.44705575
    119.40593010
    119.36907961
    119.36597387
    119.62188356
    119.49411811
    119.86266439
    119.82661350
    119.82096302
    119.70342572
    119.82226945
    118.71469044
    118.70177751
    119.05204362
    119.05204362
    119.05204362
    118.39845961
    117.39774066
    117.39774066
    119.15833863
    119.56670308
    119.42689266
    119.49628458
    119.67968765
    119.59597841
    119.59597841
    119.59411933
    118.40545473
    118.40545473
    119.19242144
    119.87201670
    119.55822063
    119.66366885
    119.71110697
    119.71110697
    119.71110697
    119.55274280
    119.48613715
    118.28231895
    118.26803604
    118.34840018
    118.34840018
    118.95758917
    118.94490760
    118.72665066
    118.72334296
    118.72334296
    118.51309357
    118.20711233
    119.06927403
    119.06927403
    118.95464215
    118.86287280
    119.64566657
    119.61302772
    119.71744743
    119.77867332
    119.80128131
    119.80128131
    119.77881929
    119.77881929
    119.77676189
    119.77676189
    119.77504003
    118.94273290
    119.11874525
    119.56177659
    119.56177659
    119.55668149
    119.55449855
    119.63217642
    119.32744997
    117.40573522
    117.23624613
    116.11154013
    116.11154013
    116.11154013
    117.32824576
    117.32824576
    117.32824576
    118.15510478
    117.02426689
    117.02426689
    118.67089470
    118.22035733
    118.22035733
    117.77157081
    117.67537748
    117.67537748
    117.58135394
    118.88187235
    118.88087120
    118.88846989
    118.88846989
    118.75177203
    118.75177203
    118.85224786
    118.85224786
    118.85224786
    118.15216496
    118.15216496
    118.15216496
    118.91799184
    119.60804847
    119.68837569
    119.73533679
    119.73533679
    119.75912071
    119.76209940
    119.76089321
    119.63057934
    119.50965819
    119.70283113
    119.36134540
    119.39910780
    119.42335118
    119.42335118
    119.10725758
    119.00815741
    118.24961307
    119.29216126
    119.35891183
    119.46953426
    119.72533328
    119.81279318
    119.84612309
    119.84612309
    119.84612309
    119.80821653
    119.72738055
    119.75426951
    119.58595201
    119.58595201
    119.39578084
    119.28874098
    118.66844716
    118.66844716
    118.66528311
    118.66528311
    117.52670097
    118.13751687
    118.13751687
    118.41142788
    117.62627584
    117.42122075
    117.20683392
    117.28731890
    117.28731890
    117.46187591
    117.46187591
    117.59707880
    117.99989912
    116.67298577
    116.67298577
    116.67298577
    116.87960602
    116.87960602
    116.25536141
    116.25536141
    118.27712436
    118.85605183
    118.44578606
    117.97762552
    118.35063008
    118.35063008
    119.38741141
    119.38741141
    119.24047843
    119.26387615
    119.26387615
    119.26387615
    119.26387615
    118.86509170
    118.70857634
    118.70857634
    118.07708827
    118.07708827
    118.07708827
    116.42894039
    116.49551704
    116.94627959
    119.17897655
    119.17897655
    118.37847485
    119.35118931
    119.78358176
    119.69894370
    119.69894370
    119.69894370
    119.42818801
    119.42818801
    119.43619990
    119.27862556
    119.22717651
    118.96237519
    118.95884958
    118.46750994
    118.46750994
    118.40144534
    118.19809364
    118.19809364
    118.02690127
    118.57112156
    118.57112156
    118.57112156
    118.35096960
    118.35096960
    119.17840954
    119.17840954
    118.73670168
    118.73670168
    118.66408345
    118.66408345
    118.66408345
    118.66408345
    118.66408345
    118.71379788
    118.71379788
    118.61234454
    118.61234454
    117.81171841
    118.01180677
    119.48879566
    119.68378888
    119.37183692
    119.37183692
    118.89270268
    118.97916384
    118.97916384
    118.97916384
    119.21401191
    117.21713941
    119.53223736
    119.47804611
    119.47804611
    119.48455069
    118.90440890
    119.20834323
    119.20834323
    119.20834323
    119.20834323
    119.12619236
    119.12804294
    119.45268222
    118.96005645
    119.43555094
    119.06361869
    119.43458140
    119.18470673
    118.64856724
    118.60265020
    118.60265020
    119.01720166
    119.32616307
    119.32616307
    119.33342545
    119.33342545
    119.38982535
    119.39465690
    119.30258469
    119.38541102
    119.11532040
    119.07750574
    119.07750574
    119.01540713
    118.86207610
    119.02073696
    119.02073696
    119.29975169
    119.42987301
    119.48836143
    119.74413819
    118.73598848
    119.51173988
    119.51173988
    119.48003129
    119.86097344
    119.84485464
    119.84485464
    119.82441687
    119.83409504
    119.62456779
    119.85555014
    119.74689625
    119.86138719
    119.85315523
    119.85315523
    119.84808408
    119.85645836
    119.38071239
    119.38071239
    119.38071239
    119.38071239
    119.63424691
    119.49253987
    119.78994418
    119.05472618
    119.07888278
    119.07888278
    119.07888278
    119.07888278
    119.07888278
    119.27266360
    119.31898847
    119.31898847
    119.75136533
    119.85220673
    119.78787752
    119.60453867
    119.82311742
    119.84792846
    119.84792846
    119.78960306
    119.77221543
    119.77221484
    119.76935658
    119.15395317
    119.08729434
    119.04106530
    117.91109747
    117.79501058
    117.79501058
    118.60325303
    119.58568866
    119.23748273
    119.77087073
    119.71795270
    119.22850683
    119.30683558
    118.60450712
    119.42857611
    119.64137050
    119.50467973
    118.50995808
    119.63685547
    119.66173640
    119.62185427
    119.12130438
    119.12130438
    119.56098892
    119.56098892
    119.05316830
    119.85033517
    119.57429059
    119.01879259
    119.01879259
    118.92228162
    118.92228162
    119.86891566
    119.81356471
    119.76045874
    119.76045874
    119.76045874
    119.43784476
    118.77928111
    116.69281320
    116.69281320
    116.69281320
    116.69281320
    118.39124656
    118.39124656
    118.83156815
    118.09154068
    116.56096987
    116.56096987
    118.38675157
    118.38675157
    118.38675157
    118.38675157
    118.07063444
    118.07007652
    119.05724435
    119.12544064
    119.09452898
    118.54925693
    118.55459351
    118.55459351
    118.72650148
    118.72650148
    119.00435712
    119.00315105
    118.71054659
    119.20092176
    119.14315827
    119.46831168
    119.02096441
    119.13557731
    119.79186344
    119.79410459
    119.79410459
    119.84715336
    119.54140401
    119.08576101
    119.08576101
    119.08576101
    119.08576101
    119.11115367
    119.55391213
    119.81400106
    119.81400106
    119.79524042
    119.85151014
    119.73937607
    119.73937607
    119.65707986
    119.65707986
    119.68136407
    119.68136407
    119.56999787
    118.64495716
    118.64495716
    119.16282709
    118.28973843
    119.40572560
    119.40572560
    119.40572560
    119.47326186
    119.19774891
    119.55454601
    119.72356475
    119.51179331
    119.51179331
    119.56447657
    119.56447657
    119.56447657
    119.45101748
    119.26408804
    119.25222120
    118.86940678
    118.86940678
    118.90346294
    118.42215094
    118.41056880
    118.36125764
    118.30194314
    118.26219492
    117.13730936
    117.13730936
    117.13730936
    117.67001426
    118.53412723
    118.23674218
    118.72504697
    118.72504697
    119.21818010
    119.14456127
    119.24999161
    118.79678848
    118.79678848
    118.79678848
    118.13204895
    117.84549907
    117.79975843
    118.25766644
    118.35740247
    117.04854942
    117.04854942
    118.49276131
    119.05370411
    118.99062710
    119.30605948
    117.85832047
    116.78275528
    117.73195385
    117.72192402
    118.49619606
    118.49619606
    118.49619606
    117.34772868
    117.34772868
    117.34772868
    117.17261041
    119.13372458
    119.33398955
    119.33467562
    119.33467562
    119.33467562
    119.26777783
    119.64248838
    119.84295160
    119.83258013
    119.55232055
    119.57974185
    119.73610701
    119.85046894
    119.56798596
    119.56798596
    119.68290662
    119.71658623
    119.67644954
    119.73151121
    119.67939961
    119.67939961
    117.96740780
    117.96740780
    117.96740780
    119.78310233
    119.78310233
    119.56929920
    119.14652715
    119.14652715
    119.08855333
    119.08855333
    119.08855333
    119.44161890
    119.44161890
    119.82870336
    119.64343466
    119.86607483
    119.85341004
    119.81510543
    119.81510543
    119.81510543
    119.22483823
    119.36856231
    119.13564576
    119.14587842
    119.14258241
    118.60189574
    119.07892073
    119.74378007
    119.73419320
    118.89265649
    119.35816494
    118.84899092
    119.04830041
    119.09864406
    119.42332179
    119.42332179
    118.97216319
    118.97216319
    119.30511833
    119.30511833
    119.12687320
    118.85570827
    118.94774840
    118.94774840
    119.23741079
    119.47539416
    119.73349823
    119.76732086
    118.07808396
    119.18243554
    119.18243554
    119.18243554
    119.54152015
    118.26685706
    118.26685706
    118.26685706
    118.26685706
    118.12876568
    118.12876568
    118.15111716
    118.15111716
    118.15111716
    118.15111716
    116.12948379
    116.12948379
    116.12948379
    117.45602643
    117.45602643
    118.31263532
    118.31263532
    118.38311623
    118.38311623
    118.93206914
    119.38430972
    119.40714282
    119.05507660
    119.70836227
    119.34807470
    119.73882214
    115.36502685
    116.38381562
    116.38381562
    116.38381562
    116.74844689
    117.54671360
    117.93737554
    117.93737554
    118.25211074
    118.25446331
    116.09464681
    117.63600256
    118.36781495
    117.86767335
    117.86767335
    117.97581966
    118.63317139
    119.14632911
    119.45127076
    119.51055817
    119.32621860
    119.43240854
    119.75320894
    119.78971545
    119.78009138
    119.78238491
    119.28748208
    119.54363227
    119.51000431
    117.43843429
    117.43843429
    117.43843429
    117.43843429
    117.43843429
    117.43843429
    118.49911563
    118.49911563
    118.82968736
    118.73541308
    119.13531820
    118.54758747
    118.82535715
    118.82535715
    118.46274988
    118.46274988
    118.46274988
    119.44564170
    119.52893795
    119.49090177
    119.36512999
    117.74373832
    118.89385544
    118.30133568
    118.36616120
    118.35144293
    118.32766717
    118.76865521
    118.19674209
    117.27883799
    117.27883799
    117.27883799
    117.58583180
    117.58583180
    117.58583180
    117.58583180
    117.67005554
    118.89552660
    117.99343815
    118.15292122
    119.23110745
    119.23487404
    119.17514039
    119.21909769
    119.03986638
    119.50555828
    119.80743187
    119.80743187
    119.26128575
    119.26128575
    119.26128575
    119.26128575
    119.26128575
    119.26128575
    119.45466278
    119.19791750
    119.19791750
    119.03607237
    118.94022973
    119.72910318
    119.47996373
    119.50675438
    119.50675438
    119.54417375
    119.62704537
    119.38435857
    119.38435857
    118.74198569
    118.74198569
    119.77552219
    119.58354345
    118.75740420
    119.75826338
    119.74533201
    119.67653718
    119.67653718
    119.67653718
    118.63532925
    118.63532925
    119.07235944
    119.83999318
    119.03746396
    119.60123288
    119.17440989
    119.38035599
    119.40585771
    119.22471176
    119.22471176
    119.58161383
    119.68286661
    119.77822010
    119.62095181
    119.63252048
    119.71627369
    119.81188093
    119.81188093
    119.81188093
    119.75738259
    119.75625350
    119.79895764
    119.82676471
    119.44161388
    119.01536161
    119.26074106
    119.07540111
    119.41308347
    118.60079592
    117.48812974
    116.23710105
    116.23710105
    117.45073025
    117.45073025
    117.45073025
    117.45073025
    117.45073025
    117.45073025
    117.45073025
    117.45073025
    117.45073025
    117.45073025
    117.45073025
    119.51358026
    119.51358026
    119.24029035
    119.24029035
    118.67786395
    118.69438549
    118.69438549
    119.62340975
    119.23514738
    119.23514738
    119.36715477
    119.59764486
    118.69894530
    118.69894530
    119.42885826
    117.84648803
    119.17802649
    117.35909114
    117.35909114
    118.81190790
    118.81190790
    118.81190790
    119.35257495
    118.45393328
    118.45393328
    118.14409290
    118.14409290
    118.14409290
    118.14409290
    117.11251473
    115.90348525
    115.90348525
    117.08428384
    117.08428384
    117.46815677
    118.11873232
    116.83536045
    116.83536045
    116.83536045
    116.83536045
    118.01064064
    118.01064064
    118.81871651
    118.97353673
    118.97353673
    118.97353673
    118.93576734
    118.30062040
    117.35572204
    118.19365724
    118.85321521
    119.06371192
    118.57365313
    118.01449093
    118.01449093
    117.93450861
    116.52418717
    116.52418717
    116.52418717
    116.52418717
    116.52418717
    116.52418717
    116.52418717
    116.52418717
    116.52418717
    116.52418717
    116.52418717
    116.52418717
    117.54879482
    118.47950725
    117.40815837
    118.43742309
    119.85526299
    119.85526299
    119.85526299
    119.55221235
    119.55221235
    119.55248996
    119.55248996
    118.51085202
    119.68790979
    119.64354788
    119.76733534
    119.48846531
    119.39373331
    119.29862243
    119.29862243
    119.29862243
    119.29862243
    119.26122527
    119.71461124
    119.59168545
    119.59117289
    119.59117289
    119.82865688
    118.88400707
    118.88400707
    118.88400707
    119.07072456
    118.68666211
    119.16323012
    119.59547568
    119.73746960
    119.18547933
    118.47673791
    118.72476154
    118.49457676
    118.49457676
    118.48121822
    118.49849268
    118.45929179
    118.84526799
    118.75185211
    118.46493160
    118.39304959
    118.39304959
    119.15654277
    119.07557945
    119.14495991
    119.14495991
    118.68306571
    118.79628369
    118.41538767
    118.41538767
    118.99905058
    119.12473960
    119.42779617
    119.52583483
    119.52583483
    119.53030829
    119.55547597
    119.65859759
    119.65859759
    119.27900514
    119.27900514
    119.45830223
    119.55616282
    119.61374352
    119.82503336
    119.64442510
    119.64442510
    119.65829196
    119.86515119
    119.67221703
    119.67221703
    119.69519785
    119.69519785
    119.69519785
    119.66196148
    119.59501814
    118.78426813
    118.68513189
    118.87783272
    118.88370574
    117.55894759
    118.28671848
    118.41187707
    114.79086890
    117.15013243
    119.28525817
    119.10986577
    119.53777500
    119.52471789
    119.52471789
    119.52471789
    119.61707108
    119.76380779
    119.75693319
    119.75693319
    119.75183654
    119.76099011
    119.76547410
    119.76393697
    119.73104102
    119.60695181
    119.42175613
    119.42175613
    119.45140623
    119.54080530
    119.48229252
    119.20072364
    119.09866088
    118.83738826
    118.83738826
    118.83738826
    118.83738826
    118.83738826
    118.68842726
    119.66695907
    119.69678639
    118.74526111
    119.54951515
    119.78734688
    119.67982815
    119.57154981
    119.57154981
    119.66688155
    119.66757830
    119.73498253
    119.57052131
    119.18093591
    119.56054943
    119.39472442
    119.48917235
    119.47362772
    119.46126891
    119.46126891
    119.45587500
    117.90966925
    118.39470501
    119.43618831
    119.43618831
    119.43618831
    119.59262223
    119.59262223
    119.53348566
    119.53314677
    119.53314677
    119.53314677
    119.53155987
    119.38188808
    119.38188808
    119.66952528
    119.47330060
    119.23944568
    119.24712139
    118.95708507
    118.03717262
    118.34202953
    118.83770273
    118.83770273
    118.83770273
    118.83770273
    117.96475136
    118.40863019
    119.03734032
    119.01591394
    118.42365045
    118.42365045
    119.13978869
    119.13978869
    119.13978869
    118.88036812
    119.37697151
    119.68202413
    119.69212583
    119.48816247
    118.80035218
    119.18951400
    119.18951400
    117.21548644
    118.84504537
    119.17563590
    119.17148087
    119.18152591
    119.18152591
    119.00377528
    119.00377528
    119.00018709
    119.12361626
    119.59769700
    119.10876095
    118.85977647
    119.01458738
    119.41196846
    117.61012728
    117.89094956
    119.47646898
    119.53140677
    119.38793173
    119.48884343
    119.73059281
    119.73059281
    119.52331448
    119.52331448
    119.52331448
    119.67683351
    119.67683351
    119.69259836
    119.79711201
    119.74399681
    119.44813435
    119.44813435
    119.52720566
    119.52720566
    118.36549971
    118.01847202
    118.81409486
    118.97654855
    118.97654855
    119.19025991
    119.08393510
    118.66975867
    118.62683703
    118.64532002
    118.49464530
    118.49464530
    118.64596157
    118.64596157
    117.81671374
    118.86227541
    119.23839804
    119.23839804
    119.23839804
    119.23839804
    118.00440901
    118.76484949
    118.44778986
    118.88245389
    119.16390103
    119.45047233
    119.71170464
    118.71919240
    119.64586352
    119.56618244
    119.56618244
    119.81082280
    119.81082280
    119.81082280
    119.81578532
    119.83352764
    119.83352764
    119.83352764
    119.83352764
    119.85286682
    119.77592801
    119.85377154
    119.61868004
    119.62334703
    119.25824830
    119.34453765
    119.34453765
    119.80739004
    119.80739004
    119.80739004
    119.75033864
    119.52400735
    119.52400735
    119.52400735
    119.65672896
    119.70856543
    119.65893265
    119.65893265
    119.65893265
    119.60629896
    119.60629896
    119.84467598
    119.84467598
    119.84467598
    119.86232271
    119.53143681
    119.53143681
    118.13465012
    119.59788685
    119.28057286
    116.82594996
    114.01237207
    114.54426582
    114.54426582
    114.54426582
    117.56598865
    118.61011141
    118.61011141
    118.99660251
    118.99660251
    119.07459099
    118.86783612
    118.86783612
    118.99708784
    118.95296090
    119.32533821
    119.32533821
    119.32533821
    119.21914348
    119.21914348
    118.85078421
    119.22922719
    119.22922719
    118.25053444
    118.25053444
    118.25053444
    118.18457933
    118.35656867
    118.61427483
    119.00744562
    118.77696997
    118.56308563
    119.33008470
    119.33008470
    119.39977868
    119.39977868
    118.69253052
    117.70393162
    117.70393162
    117.70393162
    117.95171514
    118.58553337
    119.38122885
    119.38122885
    119.38122885
    119.74008009
    119.49310991
    119.25727812
    118.73828996
    118.24554819
    118.24554819
    117.58287240
    117.58287240
    118.42726925
    118.42726925
    118.42726925
    118.28451197
    118.28451197
    118.28451197
    119.07197295
    119.07197295
    119.42299735
    118.98674003
    118.33393022
    117.94768096
    117.94768096
    118.03520593
    118.45333872
    118.45333872
    118.45333872
    118.45333872
    118.45333872
    118.31049294
    119.29615298
    119.30944451
    118.20738943
    118.20738943
    118.91997151
    118.91261811
    118.91261811
    118.87667481
    118.78529627
    118.24687237
    116.27754317
    116.27754317
    116.27754317
    116.27754317
    118.03962856
    117.78341321
    117.67639049
    116.18449696
    116.18449696
    116.18449696
    116.39945170
    117.99744375
    118.86803490
    119.46358454
    119.14489825
    118.61363422
    118.13753568
    118.13753568
    118.13753568
    118.43819905
    118.33239229
    118.33239229
    118.33239229
    118.33239229
    117.89000368
    118.89381404
    118.95813958
    119.34783250
    119.38315365
    118.78586094
    118.78586094
    118.88030681
    118.79387611
    119.12477582
    117.74470680
    116.37289307
    116.37289307
    116.37289307
    116.37289307
    118.93395106
    118.93395106
    119.61267485
    118.98035795
    119.09606524
    119.09606524
    119.31094341
    119.31094341
    119.08830427
    119.08830427
    119.08830427
    118.60207128
    116.28021800
    116.28021800
    117.81255170
    117.81255170
    117.63210962
    117.98589019
    117.98589019
    118.80573844
    118.80573844
    118.95555574
    118.34847199
    119.80841375
    119.83134355
    119.86466081
    119.86466081
    119.84360414
    119.77163505
    119.35039508
    119.47017818
    119.47017818
    119.46408920
    119.46198351
    119.13593180
    117.69499215
    117.69499215
    117.69499215
    117.69499215
    119.29480219
    119.04664589
    119.04664589
    118.85588040
    118.71910539
    118.60446532
    118.60446532
    118.60446532
    118.60446532
    117.72902559
    117.72902559
    118.43763225
    118.43763225
    118.43763225
    118.79968615
    118.79968615
    119.31063262
    119.70409493
    119.70409493
    119.34360649
    119.34360649
    119.71845085
    118.88414686
    118.87932181
    119.27181287
    119.68050447
    119.68050447
    119.20429493
    119.37894050
    119.42648648
    119.15966022
    119.15966022
    119.15966022
    119.06937991
    119.26439737
    119.16507520
    119.16507520
    119.23515805
    119.23515805
    119.65298847
    119.85803371
    119.69157592
    119.81101204
    119.75091741
    119.75091741
    119.44993913
    119.50440625
    119.37382081
    118.70271160
    118.70271160
    118.70271160
    118.73915975
    118.02407068
    116.90915705
    117.62036350
    114.89200330
    115.53842840
    115.53842840
    116.97288815
    116.97288815
    118.15520223
    118.15520223
    119.11574214
    118.58060013
    118.82878777
    117.95108367
    117.95108367
    118.12576152
    118.12576152
    117.71846833
    118.53832582
    119.41346173
    118.43855815
    118.43855815
    118.43855815
    118.66006818
    117.77824465
    118.55789481
    118.03961292
    118.27406130
    118.27406130
    117.77883855
    117.77883855
    117.56373174
    119.17392547
    118.92233708
    118.85400346
    118.85400346
    119.18301965
    119.18301965
    119.19021197
    119.31690756
    119.14882063
    119.44608635
    119.64456454
    119.59280614
    119.81922120
    119.84396904
    119.38007321
    118.85353028
    119.70361583
    119.81748952
    119.85767903
    119.65785444
    118.40804253
    116.66108449
    117.66493465
    117.91380576
    117.91380576
    117.91380576
    117.91380576
    117.91380576
    114.69298096
    113.33517214
    113.33517214
    113.33517214
    112.63658624
    112.33569527
    112.33569527
    112.33569527
    112.33569527
    112.33569527
    112.33569527
    112.33569527
    110.47034824
    115.51343050
    118.65538834
    119.05469239
    119.04257309
    119.00150274
    118.37771688
    118.82518781
    119.61500075
    118.45451619
    119.77096093
    119.48889390
    119.48889390
    119.67484241
    119.69406697
    119.69127170
    119.69127170
    119.57656661
    119.48163851
    119.48163851
    119.48163851
    119.29087502
    119.29087502
    119.29087502
    119.29087502
    119.29087502
    119.74023889
    119.74063971
    119.24832434
    119.43759044
    119.75467958
    119.81897079
    119.77191139
    119.80695723
    119.77369362
    119.70612798
    119.70612798
    119.70612798
    119.14407916
    117.55605039
    117.55605039
    117.52779997
    117.51208167
    117.60148659
    118.70440580
    118.55490409
    118.55490409
    118.55490409
    118.32746572
    118.56321510
    118.56321510
    118.98773851
    118.98773851
    118.46895787
    118.46895787
    118.44494622
    117.38778940
    116.76769437
    116.76769437
    116.76769437
    117.69300235
    118.56986314
    118.79697676
    119.29458538
    119.29458538
    118.65798751
    118.14077451
    117.81358498
    117.81358498
    117.81358498
    117.81358498
    116.73973439
    117.88483633
    117.88483633
    117.88483633
    119.59809956
    118.39895156
    118.17567719
    118.17567719
    119.64186434
    119.69143618
    119.69143618
    119.83378374
    119.85781264
    118.93566559
    118.97802162
    119.08802910
    119.08802910
    118.62720351
    118.75144917
    118.75144917
    114.29785294
    114.07115401
    114.07115401
    113.83142614
    119.39693184
    119.11584850
    118.76623291
    119.09275828
    119.09275828
    119.09275828
    119.37795798
    119.42176774
    119.42176774
    119.42176774
    119.83239876
    119.83239876
    119.84848003
    119.82709380
    119.64910888
    118.97821539
    118.99797599
    119.01065690
    119.65489661
    119.76544402
    119.78389936
    119.59466860
    119.46177888
    119.20756294
    119.20288193
    119.07656645
    119.81288533
    119.83664064
    119.40318806
    119.14797718
    118.11765504
    118.16114763
    118.91690065
    118.94314044
    118.98818555
    119.34017909
    118.94980617
    118.81360244
    119.37636426
    119.28487870
    119.63407825
    119.61566607
    119.61566607
    119.61566607
    119.61566607
    119.21205451
    119.25329781
    119.76535852
    119.33965121
    119.52303195
    119.41829347
    119.44351108
    119.63542989
    119.63542989
    119.68730492
    119.72534444
    119.78672469
    119.81462803
    119.77687480
    119.77687480
    119.58163790
    119.58478382
    119.66136502
    119.79043542
    119.79043542
    119.69696683
    119.69696683
    119.82449299
    119.82080977
    119.82080977
    119.82080977
    119.31351616
    119.18994074
    119.18994074
    119.18994074
    119.18994074
    119.18994074
    119.13620165
    119.45200231
    119.71394184
    119.83739700
    119.85619754
    119.85619754
    119.85619754
    119.85619754
    119.85619754
    119.68565579
    119.77164404
    119.20840166
    118.73781781
    117.33782941
    117.33782941
    117.86788813
    119.33479479
    118.37687675
    118.37687675
    118.37687675
    117.46919661
    117.46919661
    117.46919661
    117.46919661
    119.80400436
    119.76502556
    119.65227829
    119.44903598
    119.02093459
    119.68358399
    119.57399544
    119.57399544
    119.06678463
    118.71177858
    118.71177858
    118.22950699
    117.34725351
    119.04689088
    119.78904930
    119.77897106
    119.54413337
    119.54413337
    119.39077525
    118.92225363
    118.92225363
    118.92225363
    119.34612389
    119.34612389
    119.33226869
    119.33226869
    119.64166341
    119.38144375
    119.37745737
    119.61767316
    119.87078819
    119.74827756
    119.56327466
    119.61079426
    119.75991617
    119.60360534
    119.27376225
    119.24201355
    118.10018976
    113.82057443
    113.82057443
    116.78800850
    118.44871544
    116.77581455
    116.77581455
    116.77581455
    116.77581455
    116.77581455
    117.60146166
    117.49508209
    117.49508209
    118.25875679
    115.72002398
    115.62005615
    115.27215629
    115.27215629
    115.27215629
    115.33362261
    115.33362261
    118.13997419
    118.13997419
    118.13997419
    118.89320775
    118.65438339
    117.75403774
    119.15737155
    118.94322266
    118.94322266
    118.59206609
    118.37672458
    118.37672458
    118.51068334
    118.81772471
    118.81772471
    118.51156620
    118.78082633
    118.78082633
    118.78082633
    119.15198057
    119.27346255
    119.27346255
    117.50001310
    118.29224615
    118.47293480
    118.47293480
    119.20645276
    119.47072949
    119.43165679
    119.74667068
    119.76910429
    119.70246046
    119.48140574
    119.37667964
    119.35954511
    118.87883841
    119.65466556
    119.63137940
    119.80167269
    119.80167269
    119.30117661
    119.33311962
    119.30100307
    119.30100307
    117.49052333
    117.49052333
    117.49052333
    117.69352402
    119.06812606
    119.24257153
    119.24257153
    119.24257153
    119.83888734
    119.87130107
    118.89901903
    118.93226249
    118.18006032
    118.93340270
    119.26073334
    118.29957151
    118.32839439
    116.43078168
    115.25325503
    115.25325503
    115.25325503
    115.41583610
    117.93469164
    117.93469164
    116.96895046
    116.95628009
    117.41577497
    117.41577497
    117.41577497
    116.90117694
    118.19950399
    117.89694129
    117.56725188
    117.30575907
    117.30575907
    116.52390068
    117.93535111
    118.71496694
    118.95629848
    119.13809742
    119.13809742
    118.70187571
    118.93691370
    118.20056654
    118.20056654
    118.69176968
    118.87661712
    118.95517843
    119.15906484
    118.77932485
    118.88065198
    118.88065198
    118.01477508
    118.08821040
    118.08821040
    118.56536729
    118.74624957
    117.76530451
    117.50082309
    117.10751114
    118.28302920
    118.56082179
    118.56082179
    118.56082179
    118.37727888
    118.93799092
    119.22286343
    119.22286343
    119.22286343
    119.65097842
    119.70791016
    119.80299314
    119.79848762
    119.80755149
    119.80755149
    118.92188595
    118.92188595
    118.97680538
    119.44838276
    119.23418495
    119.15628698
    117.99230860
    118.16665266
    118.16665266
    119.05723024
    119.29658351
    119.21625485
    118.53005319
    117.88313514
    117.80242276
    117.80242276
    117.80242276
    117.55478237
    117.61964444
    117.61964444
    117.96045277
    117.96045277
    117.47294115
    117.47294115
    117.47294115
    118.15634050
    118.15634050
    118.15634050
    118.20618503
    118.47612947
    118.47612947
    118.57105325
    119.12986402
    119.04113581
    119.12223337
    119.00988314
    118.04201163
    117.53759940
    117.46742686
    118.01277936
    118.06869417
    117.68311779
    117.68311779
    117.63386105
    117.63386105
    118.75519062
    119.85020314
    119.84169638
    119.84169638
    119.77038163
    119.82959496
    119.07435472
    117.88885651
    119.08465017
    118.80567295
    118.80567295
    119.13440865
    119.07620434
    118.04830111
    118.04830111
    117.94479481
    117.89100922
    117.97706731
    117.91884007
    117.57760470
    119.05381245
    118.63824095
    118.63824095
    118.63824095
    118.63824095
    118.45731747
    118.45731747
    118.45731747
    118.25720352
    118.56714689
    119.66590613
    119.63381885
    119.63381885
    119.30773296
    119.30773296
    119.17505587
    119.16933822
    118.67364177
    118.67364177
    117.14534238
    117.14534238
    118.49859753
    117.78362244
    117.78362244
    116.93874263
    116.57846738
    115.79263745
    115.79263745
    115.79263745
    115.79263745
    116.68456573
    117.38618109
    118.19781855
    118.58655234
    118.58655234
    118.81655387
    118.55216452
    117.75082181
    118.94958562
    118.94958562
    119.45186019
    119.45186019
    119.60099606
    119.45873880
    119.67844459
    119.51868085
    119.27051594
    116.49906750
    116.99610801
    116.99610801
    116.99610801
    116.93969541
    119.05237323
    119.05237323
    119.54247932
    119.86279506
    119.86279506
    119.85674571
    119.85674571
    119.64675797
    119.55031432
    119.65377956
    119.51576859
    119.77377596
    119.79422018
    119.72313243
    119.62259428
    119.81270817
    119.81270817
    119.73738210
    119.85128227
    119.64758288
    118.52153640
    115.55958718
    116.61376571
    119.11451151
    119.73670321
    119.71648235
    119.71648235
    119.51433626
    119.51433626
    119.40399156
    119.37114361
    119.29296577
    119.29296577
    119.29296577
    119.29296577
    119.29296577
    118.74028614
    118.61051911
    119.43448692
    119.43448692
    119.43448692
    119.85235960
    119.18875233
    119.33698745
    119.69678778
    119.69678778
    119.84515672
    119.77788684
    119.81058915
    119.67219868
    119.50807159
    119.40233107
    119.17774432
    119.17774432
    119.39811874
    119.39811874
    119.39811874
    119.53801985
    118.29297598
    119.23864738
    119.51608333
    119.57187880
    119.57187880
    119.57187880
    119.34362095
    119.54685796
    118.54245291
    118.89094428
    118.89094428
    118.60847252
    117.46768327
    118.90152522
    118.90152522
    118.90152522
    118.90152522
    118.90152522
    119.13422548
    119.13218064
    119.42479991
    119.60934704
    119.78524565
    119.78524565
    119.66107260
    119.66107260
    119.66107260
    117.84350430
    117.84350430
    117.84350430
    117.36982747
    117.36982747
    116.51302179
    117.03279285
    117.03279285
    117.03279285
    117.03279285
    117.49810262
    117.01721278
    117.50770656
    117.63520322
    117.18794814
    117.18794814
    116.58397738
    116.25770653
    116.25770653
    116.25770653
    117.54154138
    114.41624615
    119.14689808
    119.14689808
    119.01702026
    118.85273564
    119.08143285
    117.98032010
    116.86537017
    118.88381979
    118.88381979
    118.72144310
    118.32277430
    118.51806642
    119.40170736
    119.40170736
    119.40170736
    119.41663687
    116.98292322
    116.98292322
    116.98292322
    119.02502453
    118.27740502
    118.27740502
    118.27740502
    118.27740502
    118.27740502
    118.27740502
    117.55731771
    117.30977503
    117.72217628
    117.53793690
    118.67503649
    119.20490307
    119.20490307
    119.20490307
    119.20490307
    119.20490307
    119.34844314
    119.73763972
    119.73763972
    119.41308804
    119.41988583
    119.41988583
    119.55702346
    119.46657502
    119.47822809
    117.38873038
    118.63754891
    118.63754891
    119.37439169
    119.37439169
    119.33028112
    118.87925075
    118.59189543
    118.39723816
    118.39723816
    118.50443207
    117.25797022
    117.13054490
    117.13054490
    118.51869325
    118.51869325
    119.82808214
    119.76552853
    119.74983779
    119.73137876
    119.68936234
    119.35777428
    119.75879400
    119.87112762
    119.85709882
    119.51459687
    119.51459687
    119.51459687
    119.51459687
    119.73405161
    119.64482783
    119.44067196
    119.55693217
    119.06367388
    119.43972672
    119.23665513
    119.77996852
    119.57471137
    119.58633956
    119.61379703
    119.61379703
    119.77211049
    119.47421911
    119.47421911
    119.36944356
    119.74579276
    119.82713592
    119.84432040
    119.84432040
    119.54853071
    119.55280918
    119.12833494
    118.46187235
    118.46187235
    118.46187235
    118.46187235
    118.46650053
    118.46650053
    117.85424243
    117.33806950
    118.21452523
    116.00761567
    116.00761567
    118.98633959
    118.88101762
    118.62421690
    119.14404105
    119.46712782
    119.46712782
    119.46712782
    119.57485500
    119.48202636
    119.32751585
    119.37199081
    119.37979933
    119.36460531
    119.36460531
    119.24773598
    119.55401459
    118.40342534
    117.76412076
    117.76412076
    118.96257468
    118.99322989
    118.99345685
    118.50601560
    117.68206712
    117.68206712
    117.08314491
    117.08314491
    115.83623523
    115.83623523
    115.83623523
    116.19107553
    117.68786193
    118.81944845
    118.92824354
    118.92824354
    119.55043449
    119.55043449
    119.55043449
    119.53454141
    119.53454141
    119.59994757
    119.43329657
    119.70812971
    119.65675487
    119.52565108
    119.83827617
    119.81062040
    119.78442037
    119.03969615
    119.03969615
    118.29925381
    119.67706103
    119.67706103
    119.67706103
    119.83491934
    119.72281602
    119.86618498
    119.86618498
    119.83585552
    119.76532943
    119.30635208
    119.51505901
    119.51505901
    119.51505901
    119.11733351
    118.80541664
    119.49090815
    119.01203893
    119.01203893
    119.01087318
    119.01087318
    119.67281111
    119.67281111
    119.37279828
    119.31126497
    119.31126497
    119.39591620
    119.49097138
    119.49097138
    119.49097138
    119.59104349
    119.59567712
    119.59567712
    119.04835849
    119.04835849
    119.55172236
    118.80316052
    118.80316052
    118.80316052
    119.25005540
    119.36687782
    119.28474740
    119.33170337
    118.87611542
    119.80262119
    119.66885454
    119.86385456
    119.86385456
    119.79533750
    119.79533750
    119.62209523
    119.17909935
    119.24118020
    119.24118020
    119.79705470
    119.37996373
    119.38163806
    119.03354836
    119.03354836
    119.03354836
    119.03354836
    118.70836319
    119.45623520
    118.76943431
    117.48274433
    117.26149909
    117.73927598
    117.37219132
    117.37219132
    117.06507485
    118.29572188
    117.76875603
    117.76875603
    117.76875603
    117.76875603
    117.76875603
    118.17909428
    116.53791753
    118.28597099
    118.69816016
    119.19029502
    119.33508234
    119.33508234
    118.27738480
    118.27941216
    118.27941216
    118.74835174
    118.94856392
    118.94856392
    119.23692818
    119.23692818
    119.79179901
    119.74103720
    119.42325514
    119.14118306
    119.14118306
    119.14118306
    118.95548992
    119.16162830
    119.54777879
    119.54777879
    119.80977482
    119.38233569
    119.38233569
    119.72249007
    119.71758691
    118.61206906
    118.24002564
    118.24002564
    118.25186243
    117.94165076
    117.94165076
    116.64873209
    116.64873209
    116.60603991
    116.60603991
    118.52594116
    118.63787609
    118.03850851
    117.89509480
    119.14260397
    119.45018170
    119.41598405
    119.76059321
    119.81033305
    119.67861754
    119.81082031
    119.86527885
    119.78093121
    118.48605943
    118.07209934
    118.89794901
    118.77714638
    119.29620233
    118.43143189
    118.68541203
    118.18428486
    118.53257175
    118.53257175
    118.53257175
    118.91890411
    118.91890411
    118.91890411
    117.49466976
    117.43810270
    117.43810270
    118.14258409
    118.14258409
    118.14258409
    118.14258409
    118.83347468
    118.83347468
    118.83347468
    119.11356761
    117.99414315
    119.41193650
    119.51582854
    119.13060623
    119.13060623
    119.31144337
    119.25395135
    119.12029228
    118.97584330
    118.97584330
    119.12544698
    119.12544698
    118.80837240
    119.04012485
    119.04012485
    119.04012485
    119.37576161
    119.37020944
    119.14547103
    119.08369292
    119.08369292
    119.32829682
    119.34455302
    119.21633343
    119.30150139
    119.30150139
    119.16286007
    119.02352807
    118.39920660
    118.39920660
    118.39920660
    118.93602943
    118.93602943
    118.93602943
    118.26638707
    118.25093831
    118.08620549
    118.08620549
    118.73214220
    119.27526744
    119.18662140
    119.18662140
    119.69385254
    119.79461589
    119.06907586
    119.27846998
    119.45588131
    119.45588131
    119.45588131
    119.27924390
    119.70928248
    119.65042262
    119.27365311
    119.43483728
    119.54538104
    119.38060823
    119.38060823
    119.36177704
    119.36177704
    119.36177704
    119.36177704
    119.36177704
    119.65811488
    119.65811488
    119.67147856
    119.66049337
    119.66049337
    119.23868444
    118.79307739
    119.27360929
    119.06497364
    119.06497364
    118.51652769
    118.27606503
    118.35565333
    119.04098506
    119.58192288
    119.58846946
    119.63264707
    119.45830008
    119.45930699
    119.76665131
    119.43211289
    119.49933555
    119.44656664
    119.16951139
    119.16951139
    118.81061983
    118.81775070
    118.89518386
    119.18770201
    119.05696826
    119.43447648
    119.35143310
    119.73448698
    119.72692819
    119.73731879
    119.63074880
    119.79719452
    119.36459102
    119.19387982
    118.75036102
    118.50648032
    119.07667548
    119.19882045
    119.19882045
    119.10197605
    119.10197605
    119.10197605
    118.97010339
    119.71384532
    119.62386725
    119.68430398
    119.84926128
    119.50234270
    119.50234270
    119.50234270
    119.50206317
    119.60563384
    119.60734651
    119.56383304
    119.55377201
    119.55377201
    119.55377201
    119.42762307
    119.42762307
    118.93281899
    119.28621248
    119.16372025
    118.01681641
    117.51188099
    117.12778743
    115.80202167
    117.74442004
    115.85990159
    116.34843290
    117.35772362
    117.83933946
    118.04155032
    118.00553908
    119.28063722
    119.49617256
    119.82614423
    119.43622249
    119.39529215
    118.69635158
    118.69635158
    118.83968164
    119.69130096
    119.69027405
    119.50247969
    119.53450876
    118.60636977
    118.60636977
    119.34983564
    118.53662051
    118.48155152
    118.48155152
    118.48155152
    119.04540709
    118.88268440
    118.85348067
    119.27663143
    119.14934241
    119.46111860
    118.95962611
    118.95962611
    118.95962611
    119.75156281
    119.85137341
    119.76660755
    119.30863016
    119.30863016
    119.38096795
    119.38096795
    119.83081304
    119.80879818
    119.55512765
    119.55512765
    119.52415004
    119.35937046
    119.61041397
    119.78115733
    119.78115733
    119.76736458
    119.21921117
    119.12764537
    119.12764537
    119.12764537
    119.12764537
    118.64909266
    118.64909266
    118.79403470
    118.79403470
    118.32113281
    118.32113281
    119.63961701
    119.74313848
    119.74313848
    119.78474929
    119.44962308
    119.11092080
    119.37319370
    118.53086478
    118.53086478
    118.53214440
    118.53214440
    118.78520544
    118.38173342
    118.51692281
    118.54706235
    117.58918840
    116.26740422
    117.70693659
    118.71781893
    118.74722938
    118.74722938
    119.41112970
    119.36098152
    119.36098152
    119.36098152
    119.50567110
    119.50567110
    119.57298612
    119.58060890
    119.71126394
    119.44628057
    119.59962281
    118.81836175
    117.49345059
    117.49345059
    118.31230054
    119.43515862
    119.74814206
    119.58432944
    119.67938966
    119.05248469
    118.71503127
    118.71503127
    119.12312095
    119.67411235
    119.83446228
    119.83446228
    119.86867330
    119.79559725
    119.70736133
    119.22598486
    119.22235790
    118.20581399
    119.54479483
    119.72058903
    119.72058903
    119.72058903
    119.72535072
    119.77313138
    119.60617427
    119.62211365
    119.49396849
    119.38698343
    119.23344001
    119.23344001
    119.04125919
    119.04089291
    118.45401460
    119.16896821
    119.27542607
    119.86267158
    119.86267158
    119.80317320
    119.32102588
    119.61344498
    119.69793665
    119.71745150
    119.64716337
    119.54318396
    119.63843250
    116.13507521
    116.13507521
    116.88429205
    116.88429205
    116.93612331
    119.50942832
    119.84552145
    119.84552145
    119.83497971
    119.80656784
    119.50537229
    119.50537229
    119.54080528
    119.54080528
    119.54264191
    119.48587898
    119.47699701
    119.69439227
    119.46839624
    119.39887007
    119.39887007
    119.39887007
    119.27300283
    119.19082304
    118.04000544
    118.79088414
    119.34466890
    119.35894932
    119.35894932
    119.35894932
    119.35894932
    119.50363488
    119.22927531
    119.33521455
    119.43425922
    119.61965642
    119.19300594
    119.26694958
    119.18699254
    119.27418893
    119.37733787
    119.37733787
    119.20696868
    119.20696868
    119.20696868
    118.45773175
    118.45773175
    118.52327872
    119.14932804
    119.33952976
    119.52542693
    119.52542693
    119.85774025
    119.85513173
    119.27186431
    119.60378527
    119.57695973
    119.57695973
    119.51064420
    119.82760731
    119.82760731
    118.75534912
    117.54175471
    117.88731160
    118.48953041
    118.58385570
    119.29481528
    119.34835119
    119.34835119
    119.78771898
    119.66990420
    119.60087485
    119.75197124
    119.23661031
    119.09123955
    119.09123955
    119.40006837
    119.66911953
    119.57085011
    119.15396138
    119.15396138
    119.15396138
    119.63387841
    119.86979138
    119.84392010
    119.83953031
    119.72367128
    119.75098184
    119.66573775
    119.82630225
    119.85574139
    119.85574139
    119.79051725
    119.78096843
    119.73912838
    118.48128068
    118.48128068
    117.61093178
    119.43770913
    119.43770913
    119.30932685
    119.30932685
    119.30932685
    119.35752683
    119.41203391
    118.76331858
    118.11850468
    118.82938089
    118.94651813
    118.83060791
    118.83060791
    118.83060791
    118.83060791
    119.01937728
    119.35998168
    119.19975999
    118.99215326
    118.60338690
    118.56988775
    119.51330985
    119.04001884
    118.93958600
    119.44904172
    119.44904172
    118.52221705
    118.52221705
    118.51071246
    118.77436513
    118.11769011
    117.88480564
    118.08118606
    118.15570285
    118.15570285
    118.15570285
    118.15570285
    118.15570285
    117.68484975
    117.68484975
    119.03722748
    118.95900288
    119.03269186
    118.82901502
    119.23896327
    119.37608858
    119.37608858
    119.37608858
    119.18282931
    119.08780699
    118.32696318
    119.01212246
    119.01246281
    119.16112518
    119.23497543
    119.20477893
    119.20477893
    119.20477893
    117.72978029
    118.02359984
    119.01439385
    119.01439385
    119.01439385
    119.05246681
    119.05246681
    118.67276210
    119.10313419
    117.32571498
    117.32571498
    116.69319616
    116.83452802
    117.34770638
    117.34770638
    117.18630013
    117.18630013
    117.18630013
    117.05994598
    116.65098468
    117.15551354
    117.66278804
    117.66278804
    118.57510224
    119.00448641
    119.00448641
    118.79786028
    118.89404312
    118.36681846
    117.55628671
    117.55573022
    117.78765796
    117.78765796
    117.27893841
    117.27893841
    117.27893841
    115.13518413
    115.06753688
    115.06753688
    116.65800107
    118.45261043
    118.63239975
    118.61761029
    119.14423651
    119.02659083
    119.02659083
    119.12028256
    119.14207601
    118.82752884
    118.81185741
    118.52357849
    118.52357849
    118.57734063
    118.72411669
    118.83953636
    118.74060296
    118.57493067
    118.61611715
    117.92845609
    117.16045965
    117.16045965
    117.16045965
    118.51959794
    118.51959794
    118.51959794
    118.51959794
    117.42157576
    117.56034551
    118.75374257
    118.82641304
    118.89581204
    119.43866677
    119.43866677
    119.15790317
    119.07862900
    118.53239400
    119.40736366
    119.84889103
    119.37851590
    119.33094156
    119.33094156
    119.34106896
    119.21364478
    119.78751302
    119.66050581
    119.83878174
    119.83878174
    119.80985302
    119.78754582
    119.86704788
    119.75621365
    119.75621365
    119.60919975
    119.60919975
    119.42796833
    119.69614591
    119.85154245
    119.80948940
    119.46514895
    119.57290444
    119.57290444
    119.52783753
    119.80747560
    119.84541655
    119.83462368
    119.73719453
    119.73719453
    119.76390914
    119.86531544
    119.84234339
    119.03198876
    116.36163458
    117.56174239
    117.56174239
    114.75197358
    114.19153115
    118.06090516
    119.02667109
    119.72861159
    119.83720763
    119.86388102
    119.72162772
    119.72162772
    119.72162772
    119.68055339
    119.45819916
    119.45819916
    119.43007627
    119.28293605
    119.28293605
    119.51857189
    119.51857189
    119.61374056
    119.61525089
    119.43615105
    119.40821221
    119.40410557
    119.67278106
    119.67278106
    119.81154693
    119.81154693
    119.41376697
    119.41376697
    119.38630553
    119.53633706
    118.48873649
    118.48873649
    118.48873649
    119.33108411
    119.21593154
    119.21593154
    119.21593154
    119.21593154
    118.22056453
    118.22056453
    118.88797905
    118.65030696
    118.65030696
    118.03302429
    118.98116824
    118.41744412
    118.41744412
    118.41744412
    118.09416957
    118.09416957
    118.09416957
    115.71854047
    118.41104130
    118.46986930
    117.16243321
    117.75823882
    117.54464628
    117.57307639
    115.70658846
    115.70658846
    116.32265738
    116.32265738
    117.02979420
    117.26302520
    116.03053798
    116.03053798
    118.10072202
    117.67301798
    117.67301798
    117.67301798
    117.94331938
    118.74024590
    118.74024590
    119.54564073
    119.48673746
    119.48673746
    118.66213978
    118.66610508
    118.15707252
    118.57806689
    117.82801064
    117.82801064
    118.85121449
    119.14607013
    119.37574179
    119.24720172
    119.34862825
    119.38145564
    119.38145564
    119.21758693
    118.01066860
    117.94921809
    117.94921809
    119.10096514
    119.08369466
    119.23165874
    119.13602119
    118.78248457
    119.22295269
    119.23014563
    119.59011267
    119.55338703
    119.86145550
    118.65019024
    119.55287199
    118.69415084
    118.70008425
    118.70008425
    118.14465499
    117.90046010
    118.15494716
    118.34994989
    118.28897392
    118.28281286
    118.46392438
    118.48994319
    117.18260718
    117.10097446
    116.55954949
    116.53713691
    116.53713691
    116.59731372
    116.59731372
    117.72964329
    118.66789826
    118.66789826
    118.70797241
    118.66990779
    118.66583425
    118.74697244
    118.70421766
    118.70421766
    118.38446409
    117.29736594
    117.24812018
    117.24812018
    117.24812018
    118.05384245
    118.65685603
    119.43439258
    119.46155349
    119.56661529
    119.58083157
    119.56999877
    118.23575672
    117.52061601
    116.88144273
    116.88144273
    116.12318348
    116.12318348
    116.12318348
    116.12318348
    116.43309990
    116.89213119
    116.89213119
    117.61475977
    117.61475977
    117.61475977
    117.98285352
    119.03842546
    118.20920613
    118.20920613
    118.20920613
    117.57117755
    118.53355280
    118.53355280
    118.53355280
    119.41204107
    119.41204107
    119.40438868
    119.53088587
    119.42120089
    119.42120089
    119.42120089
    119.38404190
    119.38404190
    119.38404190
    118.94565488
    118.80003154
    118.76417737
    118.81902784
    119.12833172
    119.12833172
    119.71740635
    119.76990715
    119.54899795
    119.55702355
    119.77167888
    119.77167888
    119.72889151
    119.73022766
    119.77117646
    119.63567620
    119.68686618
    117.48649447
    117.48649447
    117.48649447
    119.31903285
    119.31903285
    119.19969927
    119.17358710
    119.47402941
    119.49051201
    118.10269866
    118.47539533
    118.47539533
    118.47539533
    118.50315855
    117.99707649
    119.36205045
    119.61996666
    119.49484367
    119.30191670
    119.30191670
    119.47342354
    119.47342354
    119.57920518
    119.22881395
    119.02147343
    119.02147343
    118.73614632
    118.73614632
    118.89342275
    118.89342275
    118.89342275
    118.96932671
    119.55962703
    118.88029871
    118.87002345
    118.90771140
    118.90771140
    119.15932753
    119.17691239
    119.17691239
    119.06406472
    119.52593287
    119.52593287
    118.28853517
    118.48751935
    118.48751935
    118.48751935
    118.25757967
    118.23033854
    118.71815695
    118.71815695
    118.71815695
    118.36402730
    118.80848630
    118.80848630
    118.72366980
    118.72366980
    118.72366980
    119.25197315
    119.79120157
    119.79120157
    119.65214227
    119.50320921
    119.54201218
    119.47520298
    119.47520298
    119.34902466
    119.34902466
    119.34902466
    119.26635174
    119.26635174
    119.28942875
    119.61437648
    119.61437648
    119.27405416
    119.50116176
    119.47750269
    119.48867717
    119.53152226
    119.58260391
    119.58260391
    119.58260391
    119.42151930
    119.32078402
    118.93035956
    118.93035956
    119.03141357
    119.01508320
    118.83942917
    118.83942917
    119.63761105
    119.59778292
    119.59778292
    119.59778292
    119.59778292
    119.86828014
    119.85268119
    119.85268119
    119.70841132
    119.70841132
    119.84356908
    119.83354249
    119.80529565
    119.79188041
    119.61468522
    119.32097461
    119.27904921
    118.66574970
    119.64106770
    118.87686267
    118.87686267
    118.87686267
    118.53741450
    118.53741450
    118.84002497
    118.84002497
    118.90382648
    116.75777397
    116.75777397
    116.75777397
    116.75777397
    116.75777397
    116.75777397
    117.72919704
    117.72919704
    117.72919704
    117.70712033
    117.70712033
    117.70712033
    117.16821966
    117.31939837
    118.43619791
    118.43619791
    118.43619791
    118.43619791
    118.43619791
    118.43619791
    118.43619791
    118.43619791
    118.43619791
    119.64442980
    119.64442980
    119.64442980
    119.64442980
    119.71316712
    119.84381050
    119.67832262
    118.70778856
    118.40115761
    118.40115761
    118.40115761
    118.92002655
    119.62999163
    119.48560234
    119.07955793
    119.11088267
    119.11088267
    119.11088267
    119.11088267
    119.67984672
    119.67984672
    119.67984672
    119.49670823
    119.49670823
    119.44699416
    119.44699416
    119.44699416
    119.44699416
    119.03686924
    119.03686924
    119.03686924
    119.03686924
    119.07614772
    117.77136397
    119.66915801
    119.67516324
    119.75759114
    119.49863294
    119.65663515
    119.24077885
    119.77254602
    119.76497683
    119.76497683
    119.71061328
    118.98435637
    118.98435637
    119.14686315
    119.14686315
    119.14686315
    119.35882345
    118.93349174
    118.93349174
    118.53569217
    118.63054576
    119.27745647
    118.55253305
    118.73903478
    118.17424566
    118.74352399
    119.03857070
    119.46240070
    119.19785185
    118.21942728
    118.21942728
    118.80241140
    118.57120391
    118.45814417
    117.70446840
    118.07222477
    118.93675134
    119.35718939
    119.58282280
    119.14066612
    117.37501372
    117.37501372
    118.69232297
    119.02964499
    119.02964499
    118.49698972
    118.80952692
    119.45230643
    119.45230643
    119.36355471
    119.17054115
    119.17054115
    119.17054115
    119.62919976
    119.61728215
    119.86477031
    119.86477031
    119.68219990
    119.68425896
    119.80036339
    119.80036339
    119.80036339
    119.74212717
    118.93740042
    118.84785792
    119.06699032
    119.51397255
    118.40943006
    118.40943006
    118.64107615
    118.50109127
    119.21214206
    119.70638821
    119.70638821
    119.76596905
    119.84500098
    119.84500098
    119.82820310
    119.78445032
    119.70416671
    119.69033038
    119.69033038
    119.69098898
    119.49193973
    119.58277681
    119.56659426
    119.57661441
    119.40492907
    119.69536687
    119.83761690
    119.83761690
    117.98290650
    117.29044816
    116.98426682
    115.50567364
    115.50567364
    115.95002662
    115.95002662
    116.91205975
    116.91205975
    116.91205975
    117.95727135
    118.36704734
    118.33192402
    118.30483070
    118.24224576
    119.14681467
    119.14681467
    119.84239928
    119.81263115
    119.81263115
    119.00533505
    119.00533505
    119.00533505
    118.60926539
    115.38559379
    115.38559379
    115.38559379
    115.38559379
    115.38559379
    115.38559379
    115.38559379
    115.38559379
    118.28517953
    118.28517953
    118.49179889
    119.19324076
    119.19324076
    119.76142012
    119.70782358
    119.23717754
    119.23717754
    119.16921195
    119.19676183
    119.19676183
    119.34643083
    118.65227058
    119.23391559
    119.23391559
    119.17771926
    119.17771926
    119.17771926
    118.35551980
    118.35551980
    117.69683603
    117.69683603
    118.73273647
    118.55744016
    118.55744016
    118.84698769
    117.78156565
    117.78156565
    117.78156565
    117.29068305
    116.39303037
    116.51203384
    116.51203384
    116.51203384
    116.51203384
    117.04389428
    116.77633717
    118.32384827
    118.32384827
    118.84848832
    119.33398259
    119.70455226
    119.52097557
    119.49174304
    119.51879641
    119.51879641
    119.51879641
    119.28432695
    119.28432695
    119.28432695
    119.45609851
    119.22289727
    119.22289727
    118.87778361
    118.71126719
    118.71126719
    119.48770259
    119.48770259
    119.48770259
    118.96032009
    118.96032009
    118.96032009
    117.25417720
    119.12522144
    119.12522144
    119.42100689
    118.65001808
    118.65001808
    116.85119972
    116.89924306
    116.89924306
    119.41720835
    119.38664068
    119.35088416
    119.52748775
    119.78929388
    118.92761379
    118.87362311
    118.87362311
    117.56444444
    117.56444444
    117.59721590
    118.82149510
    118.67689290
    118.67689290
    118.67689290
    118.81304532
    118.78101059
    118.56189189
    119.03917908
    119.42752546
    118.15502927
    118.95207699
    118.35625760
    118.35625760
    119.11533594
    119.11533594
    118.88755664
    118.88755664
    118.88755664
    118.88755664
    118.88755664
    119.18385440
    119.18385440
    119.18385440
    119.18385440
    119.18385440
    119.18385440
    119.30279767
    119.48769802
    119.51871436
    119.54744687
    119.80195479
    118.75762217
    117.98363849
    117.98363849
    118.02196384
    118.02196384
    118.02196384
    118.80623993
    118.80623993
    118.80623993
    118.80623993
    119.60360787
    119.73337265
    119.57814029
    119.39282011
    117.76570743
    118.05003128
    119.34931705
    119.30192127
    119.39642082
    119.33490250
    119.68705401
    119.78144006
    119.36703534
    119.36703534
    119.33046488
    119.84961265
    119.71647206
    119.81192902
    119.82036546
    119.07094762
    119.78663378
    118.84802811
    119.70598152
    119.65356345
    119.84275777
    119.54596355
    119.54030035
    119.65602767
    119.65602767
    119.65602767
    119.42845621
    119.78022766
    119.81124399
    119.80829928
    119.69189446
    119.65617457
    119.65617457
    119.59306965
    119.41772801
    119.54305574
    119.63499285
    119.15331939
    119.22875928
    119.35492671
    119.32599847
    119.15221398
    118.67880386
    118.18170530
    118.48401324
    117.85915937
    117.66832395
    118.46437421
    118.20312050
    119.14181588
    119.13610348
    115.75137303
    117.82093875
    117.82093875
    118.60201326
    118.60201326
    117.56753368
    118.43989645
    119.32279050
    118.85918470
    119.24985258
    119.87052988
    119.53440195
    119.38274572
    118.67228994
    118.80644403
    118.80644403
    118.60328058
    118.60328058
    117.03197552
    117.12328548
    117.12328548
    117.70658771
    116.16437056
    116.16437056
    115.79670620
    117.48095932
    118.45845587
    118.65418724
    118.65418724
    119.37877621
    119.37877621
    119.72232211
    119.72232211
    119.72232211
    119.28699816
    119.24907955
    119.33033634
    118.73645487
    119.53091977
    119.59448368
    119.70897290
    119.71001282
    119.55770799
    119.27854491
    119.51099909
    118.75724206
    118.60897890
    119.72867435
    119.72868825
    119.72868825
    119.80649127
    119.80649127
    119.80649127
    119.67937571
    119.65537752
    119.68076545
    119.80037502
    118.89063652
    118.79131092
    119.53196577
    119.72364115
    119.63661132
    119.61387424
    118.75338513
    118.75338513
    118.75338513
    118.75338513
    119.42467377
    119.42467377
    118.98373919
    118.98373919
    119.60930779
    119.72283683
    119.72283683
    119.80813954
    119.80341294
    119.82481270
    119.83364208
    119.76449018
    119.70594673
    119.80327649
    119.74382848
    119.82044392
    119.82044392
    117.93527906
    117.93527906
    117.93527906
    117.93527906
    117.93527906
    117.80594400
    117.56260918
    117.56260918
    117.68429091
    117.68429091
    118.50633652
    118.50633652
    118.50633652
    118.28005775
    118.28005775
    119.77461417
    119.11378544
    118.97243506
    119.57133399
    118.64223245
    118.66760938
    118.72531963
    118.23099096
    118.23550428
    119.01332930
    118.89875740
    119.68421639
    119.52781001
    119.42473643
    119.42473643
    119.25441108
    119.31860456
    119.26820056
    119.11042236
    119.49801702
    119.49801702
    119.49801702
    119.39051030
    119.39051030
    119.23613363
    119.18233401
    119.38992990
    119.38992990
    119.38992990
    119.51978557
    119.41787739
    119.41787739
    119.18294891
    118.96577097
    119.74630239
    117.25994594
    116.78610278
    116.78610278
    116.78610278
    118.09826260
    118.08005942
    118.56829843
    118.60570566
    118.60570566
    118.29726836
    118.93113079
    116.61737311
    116.61737311
    116.61737311
    114.37772868
    116.67949849
    116.67949849
    116.67949849
    116.49866383
    116.49866383
    116.67760160
    117.76370672
    117.85171339
    116.96027195
    118.33304713
    118.91214833
    118.70558792
    118.79998573
    118.80573360
    119.43312171
    119.32501391
    119.32501391
    119.43243207
    119.41674658
    119.42596607
    118.99050616
    119.73294213
    119.83050035
    119.83050035
    119.84177770
    119.86618240
    119.86618240
    119.60256680
    119.27037014
    119.20043999
    119.10258775
    119.10258775
    119.10252151
    119.10252151
    119.10252151
    119.38195998
    118.26257626
    118.26257626
    118.30865210
    118.30865210
    119.43053784
    119.58623546
    119.71309735
    119.70097816
    119.86091359
    119.80709939
    119.61933340
    119.61909256
    119.61909256
    119.43054241
    119.21188999
    118.66628606
    118.66628606
    118.28668957
    116.73192417
    116.73192417
    116.55583322
    116.55583322
    116.55583322
    117.94442970
    118.46214198
    118.46214198
    118.10831245
    116.72124588
    117.62099214
    117.16250522
    116.41635325
    116.41635325
    116.41635325
    116.41635325
    117.56995935
    117.83821905
    118.18396550
    117.64022912
    116.49878819
    116.75705308
    116.75705308
    116.69435024
    116.28141907
    116.15536610
    115.90397341
    115.90397341
    115.90397341
    115.90397341
    115.90397341
    119.55451994
    118.52442806
    118.52442806
    119.05075666
    119.33012812
    118.84365981
    118.84365981
    119.02756152
    118.87583754
    118.79861945
    118.61993449
    119.44346841
    119.44346841
    119.44346841
    119.05446163
    119.05446163
    119.63249228
    119.40219552
    119.40219552
    118.96369576
    118.80133275
    118.43405308
    118.86555821
    118.33208033
    116.22223093
    119.43322209
    119.36199085
    119.36199085
    119.07234805
    119.48368603
    119.48368603
    119.40169279
    119.02548275
    119.66769719
    119.53145123
    119.53145123
    119.53145123
    119.62594916
    119.39598246
    119.39925708
    118.84546125
    118.93634388
    118.93634388
    118.73476197
    118.35355673
    118.99420438
    118.99420438
    116.23975064
    118.91245874
    118.91245874
    118.94788340
    118.82400644
    118.82400644
    119.16123068
    119.33467670
    118.39525730
    118.39525730
    118.86783400
    116.90483132
    116.90483132
    118.22871772
    118.22871772
    118.22871772
    118.36122058
    119.26848198
    119.42056506
    119.00693611
    117.44070512
    118.93074868
    118.85163909
    119.36923485
    119.03405173
    119.14757715
    119.34522199
    119.37235622
    119.37235622
    119.44965502
    119.44965502
    119.76243796
    119.35015046
    119.74234978
    119.74234978
    119.67431612
    119.33979972
    119.34226409
    119.53465285
    119.56885835
    119.70489710
    119.78844681
    119.68247241
    119.28504583
    119.26679144
    119.26091790
    119.32177149
    119.32177149
    119.32177149
    119.32227611
    119.32227611
    119.00673699
    118.99646621
    118.72724379
    118.59781650
    118.61247776
    119.11671391
    119.04217226
    118.87390490
    118.76746160
    118.76746160
    118.96015152
    119.01210226
    118.73922639
    118.73922639
    118.73922639
    117.35195519
    118.08067001
    118.02126136
    118.21733883
    118.21987832
    118.22935358
    118.21781314
    118.00270442
    118.00270442
    118.20108431
    118.20108431
    116.74732895
    117.33818942
    118.25826436
    117.94349792
    118.18704886
    118.18704886
    118.18704886
    118.20662387
    118.20662387
    117.64140221
    118.55907920
    119.15163952
    119.15881255
    119.15881255
    118.66675531
    118.66675531
    119.36188995
    119.38211253
    118.95040515
    117.68454627
    119.22979802
    119.14059982
    119.64525389
    118.62145478
    118.45044324
    118.45044324
    115.94278883
    117.23152825
    117.54841548
    116.47190287
    115.95972050
    117.66611052
    117.80730140
    117.80730140
    117.80730140
    117.80730140
    119.18472007
    118.58413309
    119.06861631
    118.25148565
    118.13863011
    116.93477523
    118.78463544
    118.78463544
    118.60578018
    118.95411337
    118.95411337
    118.95411337
    119.67463434
    119.69054577
    119.05495849
    119.05495849
    119.19520256
    119.19775025
    118.66937586
    118.98642472
    118.37904092
    119.32431678
    119.32707610
    119.32707610
    119.32707610
    119.08624722
    119.51267467
    119.52418576
    119.57485631
    119.66615108
    119.60072713
    119.40329071
    119.84773111
    119.19894706
    119.43671384
    119.79401565
    119.79401565
    119.65557940
    119.63846104
    119.63700136
    117.61428346
    117.61428346
    118.03984742
    118.03984742
    118.84972167
    118.84972167
    118.25336719
    119.22976902
    119.17061842
    119.22342782
    118.96327664
    119.23256376
    119.21748483
    119.42757313
    119.86411380
    119.86411380
    119.86411380
    119.86411380
    119.19604176
    119.47414010
    119.47414010
    119.47414010
    119.30287832
    119.31475733
    119.05442855
    117.52579799
    116.84584528
    116.84584528
    118.16472399
    119.83273337
    119.83273337
    119.83273337
    119.83273337
    119.81885038
    119.86038394
    119.86728035
    119.86728035
    119.86728035
    119.86728035
    119.82935943
    119.77227507
    119.34404276
    119.29250774
    118.74997918
    119.39935381
    118.19039296
    118.84986445
    117.81896369
    117.37261824
    117.56666800
    118.30497645
    118.30497645
    118.30497645
    118.96622562
    119.19529348
    119.71326966
    119.71326966
    119.71326966
    119.28369163
    119.74317857
    119.74317857
    119.74317857
    119.74317857
    119.74317857
    119.64459111
    119.77226022
    119.77226022
    119.55947683
    119.15244750
    119.40004098
    119.40004098
    119.75363615
    119.75325784
    119.45484333
    117.43302450
    117.15580923
    117.15580923
    117.15580923
    117.15580923
    117.15580923
    118.53578150
    118.67260738
    118.60079540
    119.62774087
    119.59902395
    119.27570990
    119.69698638
    119.56853851
    119.51870832
    119.53382298
    119.45459571
    119.45459571
    119.45312407
    119.45312407
    119.61231035
    119.59168154
    119.60347529
    119.18877001
    119.18877001
    118.87913548
    119.86532849
    119.80933883
    119.74871635
    119.69225927
    119.69225927
    119.71840625
    119.71840625
    119.79568778
    119.29858256
    119.29858256
    118.99786890
    118.99786890
    119.10925384
    117.29316697
    117.19506643
    119.26114412
    119.69617898
    119.69617898
    119.51960401
    119.22021350
    119.31787242
    119.28591678
    119.53192649
    119.35691432
    119.24914758
    119.33626707
    119.39301014
    119.22845959
    118.69899550
    118.35712997
    118.35712997
    117.63834679
    116.76756058
    116.76756058
    116.76756058
    116.76756058
    115.19695450
    115.19695450
    117.36403790
    117.33891073
    116.65680106
    116.65680106
    118.05660953
    118.05660953
    118.13497172
    118.57201876
    118.57201876
    118.62064850
    118.62064850
    118.53554429
    116.90443066
    116.90443066
    118.39234449
    119.34908816
    119.11823060
    118.62842735
    118.62842735
    119.65914838
    119.29176696
    119.29176696
    119.10806078
    119.38164777
    118.79530449
    119.44778980
    119.44778980
    119.50022028
    118.92120844
    118.92120844
    118.59893232
    118.59893232
    118.63099690
    118.74875760
    118.95250771
    119.30321097
    119.30321097
    119.32672567
    119.41048822
    119.41252520
    119.27459624
    119.52529161
    119.61256609
    119.44872587
    119.47151993
    119.64974427
    119.64856326
    119.13377342
    119.13377342
    119.13377342
    119.07479881
    119.08768955
    119.09740816
    119.09740816
    118.34340182
    119.10418695
    119.14128358
    119.01881815
    119.36516681
    119.36516681
    119.56197160
    119.56197160
    116.80958496
    117.87206191
    117.87206191
    117.87206191
    117.87206191
    117.87206191
    117.87206191
    117.85850166
    117.85850166
    119.61332128
    119.77623168
    119.80489914
    119.80979764
    119.78100243
    119.80393739
    119.79348395
    119.83722266
    119.77610000
    119.80591277
    119.80728037
    119.44072345
    119.53874792
    119.65293152
    119.62728617
    118.85141217
    118.79845425
    118.74529491
    118.74529491
    119.36860084
    119.22680580
    119.23056909
    117.46739449
    118.64531550
    118.64531550
    119.54699165
    119.54699165
    119.54578891
    119.53162098
    119.21145588
    119.21145588
    118.60693055
    118.46577196
    118.11063898
    118.11063898
    119.28421268
    118.07504510
    118.07504510
    118.73205305
    118.73205305
    119.06210039
    119.37637229
    119.46178525
    118.94447033
    118.94447033
    118.94447033
    118.83047615
    118.83047615
    119.19603951
    119.25454773
    119.25454773
    119.25348045
    119.66094453
    119.72495329
    119.65427565
    117.83527267
    118.93548073
    119.04566398
    119.39531352
    119.51274164
    119.66115817
    118.80372022
    118.80372022
    118.66801247
    117.81540351
    118.44943663
    117.88732992
    119.08142939
    119.08142939
    119.09906487
    119.09906487
    118.89790651
    118.58618282
    118.37536339
    118.54574686
    119.11785014
    118.96822029
    119.02227938
    119.02227938
    118.17492443
    118.18038660
    118.18038660
    118.83224756
    118.81761470
    118.12896220
    118.25285480
    118.25285480
    118.81505476
    118.68506720
    118.87193242
    118.87193242
    119.67011366
    119.60266274
    119.86882923
    119.85382912
    119.59353680
    119.04018246
    118.77190631
    119.23503592
    118.87310205
    118.87310205
    118.87310205
    119.70638519
    119.36534180
    119.36534180
    118.47168445
    118.47168445
    118.55532147
    118.77051020
    118.77051020
    118.77051020
    118.93060907
    118.83901972
    119.14305692
    119.14305692
    117.58695341
    119.86661343
    119.80924020
    119.41186075
    119.44104019
    119.13262853
    119.10525435
    117.91682337
    116.69322194
    115.90249969
    115.30461291
    117.36388628
    117.36388628
    117.36388628
    118.18491994
    117.50848462
    118.41492049
    118.41492049
    117.79634111
    118.80052804
    118.38970643
    118.38970643
    115.01418310
    115.01418310
    115.01418310
    115.01418310
    116.96248342
    117.53294076
    118.89401168
    118.93986287
    118.93986287
    118.93986287
    116.29499097
    116.07666438
    116.07666438
    119.34539100
    119.24715550
    118.58806728
    119.15036008
    119.15036008
    119.15036008
    119.15036008
    118.74470580
    118.61762833
    118.92605524
    118.92605524
    118.66771581
    118.86575628
    118.86575628
    118.86575628
    117.46454703
    117.46454703
    117.73823129
    117.62670642
    117.97624913
    118.10748990
    118.93184968
    118.63735017
    119.69291156
    119.55824643
    119.17466192
    119.17466192
    119.17466192
    119.61181535
    119.78563346
    119.78006647
    119.78006647
    119.65330867
    119.76838571
    119.76260101
    119.63208139
    119.63208139
    119.60623413
    119.73182858
    119.70054539
    119.51999343
    119.17685177
    118.09579911
    118.09520402
    118.02391767
    118.02391767
    116.89660765
    116.89660765
    115.69871219
    117.39426713
    117.39426713
    117.32461829
    117.49874369
    118.89562343
    118.48290946
    118.48290946
    118.48290946
    118.15687636
    118.84042342
    118.92577435
    119.04745457
    118.09092823
    118.09092823
    118.09092823
    118.86901001
    119.64719892
    119.81198648
    119.86043350
    119.86043350
    119.83802137
    119.83036906
    119.49090603
    119.72074127
    119.74141206
    119.41738872
    117.17688262
    115.93389331
    119.09163664
    118.71191888
    119.11117154
    119.11117154
    119.21061071
    117.86719224
    117.86719224
    117.86719224
    118.01598379
    118.01598379
    118.01598379
    119.07071159
    118.81079052
    117.25860898
    117.95019806
    117.95019806
    117.95019806
    117.95019806
    117.07822945
    117.07822945
    117.07822945
    116.35214992
    116.35214992
    118.93043980
    119.64461130
    119.43733892
    119.43733892
    119.85477956
    119.85867469
    119.83166416
    119.81488325
    119.81488325
    119.81637431
    118.84772692
    118.84772692
    118.84772692
    119.59139405
    119.40096416
    119.43046767
    119.43046767
    118.87868715
    119.64757556
    119.64757556
    119.69512339
    119.79931082
    119.79931082
    119.48647458
    119.57538601
    119.15827457
    119.59469708
    119.11681260
    119.21708453
    119.21708453
    119.21549660
    119.69903631
    118.57277606
    118.57277606
    118.69559315
    119.03328939
    118.91881495
    118.78942116
    118.88883193
    119.08305633
    119.49854174
    117.94089424
    117.98736551
    117.98736551
    117.06737022
    117.06737022
    117.58661695
    117.58661695
    118.44883341
    118.14689290
    116.59308808
    116.65083706
    118.10964718
    118.40999461
    116.54324216
    117.88558068
    117.66647297
    117.73076661
    119.01248181
    118.99132890
    118.99132890
    118.99132890
    118.61935700
    118.20095711
    118.40235640
    118.18017895
    118.18017895
    119.26937617
    119.67928086
    119.67073374
    119.70771503
    119.70846431
    119.74742724
    119.67188562
    119.56634374
    119.56605897
    119.30996320
    119.30996320
    119.47858258
    119.66543791
    119.68655545
    119.73260305
    119.86856440
    119.85983324
    119.07266796
    119.10867305
    119.71165335
    119.30567934
    118.23646163
    118.85157791
    118.66957190
    118.81299601
    118.81299601
    118.65940246
    118.44853930
    118.73335974
    117.49241332
    119.36719160
    119.36719160
    119.36719160
    119.54646979
    119.54646979
    119.54646979
    119.85989877
    119.48924158
    117.64198000
    117.64198000
    119.34180285
    119.71382422
    119.71382422
    119.71382422
    118.56311755
    118.56311755
    118.51137377
    118.63443810
    119.59535860
    119.59535860
    119.78936509
    119.78936509
    119.69441309
    119.69450981
    119.69200755
    119.68629599
    119.68629599
    114.14353816
    114.14353816
    114.14353816
    114.14353816
    114.14353816
    114.14353816
    114.14353816
    114.14353816
    114.14353816
    118.39303409
    118.80973460
    118.77212796
    119.30210996
    119.71642361
    119.55711481
    119.41281837
    118.95513608
    119.48831862
    119.48831862
    119.67276661
    118.70887763
    119.24272381
    119.35662166
    119.35662166
    119.73262424
    119.73262424
    119.74925063
    119.74823380
    118.67258526
    118.45929798
    118.45929798
    118.45929798
    118.58275895
    119.69020910
    119.69020910
    119.65757102
    119.65757102
    119.65757102
    119.65375929
    119.78136840
    119.65618596
    119.51030974
    119.46779913
    119.30407806
    119.01284310
    117.90416611
    118.43714216
    118.43256522
    118.43256522
    118.43256522
    118.81461453
    118.68791547
    119.36248057
    119.32390063
    119.46724827
    119.31181965
    119.31181965
    119.74239852
    119.68069838
    119.51814003
    119.80254273
    118.75330632
    119.28481359
    118.19739369
    118.19739369
    118.19739369
    118.19739369
    116.65207348
    116.65207348
    117.03548095
    116.33609992
    116.10217583
    116.21592082
    114.63409514
    113.28146485
    113.28146485
    115.47217230
    118.08431110
    118.36209347
    118.75744375
    119.75154605
    119.85286905
    119.80957095
    119.42414638
    119.18820746
    119.18594137
    119.28891087
    118.89121974
    119.52255859
    119.37575828
    119.67178686
    119.68113976
    119.34692081
    119.69232262
    119.69232262
    119.53946573
    119.61916665
    119.61916665
    119.29290692
    119.36923051
    119.42409787
    119.25143019
    119.35507508
    119.18726420
    119.17379410
    119.17379410
    119.00571847
    119.00571847
    119.29045000
    119.29045000
    118.93768679
    118.84011954
    118.84011954
    118.87027174
    118.87027174
    118.39790740
    118.65594618
    119.40179350
    119.54709107
    119.54709107
    119.48019310
    119.33767680
    118.55299624
    118.41236878
    118.41236878
    118.38166891
    118.38166891
    119.01353607
    118.87175800
    118.87175800
    118.87117526
    119.11109092
    119.25838684
    119.25838684
    119.26825613
    119.26825613
    119.24471775
    119.05911559
    119.67709303
    119.67709303
    119.67709303
    119.53909317
    119.49305344
    119.49305344
    119.70112957
    119.82119593
    119.56144340
    119.36634452
    119.22369604
    119.34954237
    119.41078983
    119.41078983
    118.92421905
    119.04159474
    119.04159474
    119.09882920
    119.11179239
    119.01202898
    118.90193677
    119.02483877
    119.02483877
    118.47200230
    118.03258526
    118.07592065
    117.99696040
    117.99696040
    117.78854375
    117.80691646
    117.80691646
    117.80691646
    117.68213206
    119.37865815
    119.38397170
    119.74576943
    119.75411172
    119.76877699
    119.76877699
    118.93007072
    118.16541799
    118.16541799
    118.67251254
    119.47138867
    119.47138867
    119.61047357
    119.75521462
    119.68368310
    119.49226761
    119.04718978
    118.95199846
    118.99382540
    119.37474398
    119.38883516
    118.69241339
    118.69241339
    119.16906249
    119.48402838
    119.60315057
    119.36298055
    119.36298055
    119.33699843
    119.13325600
    119.13325600
    119.13325600
    119.17144662
    119.17144662
    119.57063597
    119.85564610
    119.85590204
    119.84960667
    119.77672219
    119.77672219
    119.77672219
    119.63987147
    119.68259113
    119.84380922
    119.84380922
    119.84380922
    119.42320889
    119.23538563
    119.22969974
    119.22969974
    119.11519980
    119.11519980
    118.99051903
    119.45234927
    119.45234927
    119.45234927
    119.62303527
    119.62303527
    119.62303527
    119.06591945
    119.36076255
    119.30818729
    119.52067037
    119.52067037
    119.55589813
    119.58431031
    119.67161953
    119.44777113
    119.51701666
    119.56846235
    119.56846235
    119.59748091
    119.61573579
    119.61573579
    119.61573579
    119.61573579
    119.56086416
    119.65695313
    119.71164219
    119.80774629
    119.81610270
    119.81610270
    119.80440428
    119.80440428
    119.83369874
    119.83609508
    119.85029119
    119.85029119
    119.85029119
    119.87112923
    119.85550837
    119.86425574
    119.83325035
    119.83462750
    119.82857331
    119.86669966
    118.25862421
    119.11732875
    117.92242219
    118.27068855
    119.53743233
    119.05876671
    119.05876671
    119.04933774
    118.89515593
    118.89515593
    118.89515593
    118.31612596
    118.31612596
    118.54549878
    119.82157822
    119.79669370
    119.83731525
    119.83731525
    119.82691596
    119.84250421
    119.77758704
    119.77758704
    119.47424672
    119.47424672
    119.08075233
    118.99058119
    116.95643469
    117.51526010
    115.71473047
    115.71473047
    115.46242512
    115.46242512
    115.46242512
    115.46242512
    118.09644392
    118.43167670
    118.43167670
    118.85209748
    118.85209748
    118.85209748
    119.56346178
    119.40352067
    119.45978669
    119.45978669
    119.84153288
    119.84272424
    119.84303272
    119.72199407
    119.72199407
    119.73130374
