     82.24450665
     80.83011775
     79.00789569
     79.89387545
     80.31780207
     81.53520254
     82.36751339
     82.35038574
     82.35038574
     81.86352973
     81.61074449
     81.07082335
     79.86903910
     82.00548556
     82.00548556
     82.31909116
     82.31909116
     81.83664135
     82.06454391
     81.90537647
     81.90537647
     81.90537647
     80.74475489
     80.74475489
     80.74475489
     80.74475489
     80.74475489
     80.74475489
     81.09115451
     81.09115451
     81.15495398
     82.65542820
     82.65542820
     82.82866454
     82.82866454
     82.74253543
     82.74253543
     82.78328123
     82.85762112
     82.85762112
     82.81641744
     82.74622298
     82.74622298
     82.75200781
     82.81956741
     82.73586622
     82.60184639
     82.60184639
     82.60184639
     82.44800439
     82.82237211
     82.73207893
     82.87017039
     82.83236275
     82.82105352
     82.76361201
     82.69112728
     82.09084343
     81.81669882
     81.81669882
     82.29549406
     82.20660670
     82.48602524
     82.48602524
     82.48602524
     82.48304003
     81.73702898
     81.89517811
     81.92235069
     81.98055102
     81.89701128
     81.89701128
     81.92448886
     81.78666288
     81.78666288
     82.20055655
     81.03133164
     81.03133164
     81.03133164
     81.96174765
     82.33412613
     82.44735440
     82.53201475
     81.99059615
     81.86613599
     81.95262255
     82.21913395
     82.21913395
     82.30615785
     82.81457353
     82.89100360
     82.89844152
     82.89820094
     82.90130759
     82.90368343
     82.90368343
     82.90475017
     82.86753889
     82.87123718
     82.55505827
     82.80667156
     82.81352796
     82.82641473
     82.89925571
     82.85548474
     82.70339787
     82.46851962
     82.10717713
     82.10717713
     82.04132716
     82.84828337
     82.86711852
     82.54157059
     82.77264309
     82.20195178
     82.26999025
     82.26999025
     82.26999025
     82.15111926
     82.61569569
     82.61569569
     82.72982770
     82.76850489
     81.49103021
     82.57543874
     82.57543874
     82.89233327
     82.89233327
     82.83423970
     82.89937090
     82.87520762
     82.88293501
     82.89404947
     82.88472550
     82.72741131
     82.79710470
     82.79710470
     82.36874946
     82.75651055
     82.69741975
     82.83786764
     82.39635152
     82.39635152
     82.39635152
     82.76404591
     82.76404591
     82.76713946
     82.71858338
     82.77704109
     82.89366691
     82.85700188
     82.87067784
     82.87047027
     82.87047027
     82.87047027
     82.82884405
     82.54774297
     82.54774297
     82.53732102
     82.53732102
     82.53239948
     82.89019699
     82.86450523
     82.86450523
     82.86450523
     82.86450523
     82.86450523
     82.86450523
     82.87428627
     82.86610681
     82.86610681
     82.87122917
     82.87122917
     82.87122917
     82.87208429
     82.77529614
     82.66240590
     82.66240590
     82.73793699
     82.73793699
     82.51824794
     82.59698273
     80.53771310
     80.53771310
     80.53771310
     80.83029642
     79.16722642
     80.34595867
     80.34595867
     81.18254845
     81.18254845
     81.18254845
     81.18254845
     81.87046419
     81.87046419
     81.87046419
     81.79638621
     81.79638621
     81.79638621
     82.59988053
     82.71157637
     82.50743904
     82.50743904
     82.88509306
     82.68827697
     82.68827697
     82.68827697
     82.68827697
     82.68827697
     82.77174675
     82.83633634
     82.71527846
     82.79170242
     82.72304967
     82.19858604
     82.19858604
     82.85506909
     82.86569702
     82.79159804
     82.82733167
     82.84765772
     82.87623029
     82.86984787
     82.78734881
     82.68994586
     82.75782113
     82.69771753
     82.69771753
     82.79553936
     82.90004521
     82.90108472
     82.90705134
     82.58580130
     82.65321953
     82.65146958
     82.38186375
     82.40811094
     82.40811094
     82.40811094
     82.62571253
     82.49398577
     82.82450319
     82.86528112
     82.71675162
     82.86003994
     82.73775723
     82.69730013
     82.69730013
     82.79941177
     82.79941177
     82.78834264
     82.71562801
     82.71562801
     82.71025728
     82.70023140
     82.70023140
     82.74612873
     82.74612873
     82.21752820
     82.23196702
     80.93518561
     81.19666894
     80.17235983
     80.17235983
     80.80090109
     80.80090109
     80.80090109
     80.34826950
     80.34826950
     80.59413960
     80.54613042
     80.54613042
     81.80008482
     82.25104794
     80.79492052
     80.72366276
     79.92075986
     79.94016495
     78.81509263
     81.27590124
     81.22216065
     80.25917122
     81.81286005
     82.03885634
     81.36561407
     80.32901356
     80.44532897
     80.86969745
     82.19856719
     81.55724532
     81.65435612
     81.65435612
     81.60900163
     81.22947599
     81.00821542
     79.23583000
     79.23583000
     79.65384772
     80.64657979
     82.09443846
     82.56670791
     82.56928222
     82.61247295
     82.89048603
     82.66414059
     82.60874956
     81.82561055
     82.65172237
     82.65172237
     82.44217083
     82.53463340
     82.53463340
     82.29961026
     82.29961026
     80.91576443
     81.98903313
     82.77869725
     82.77869725
     82.83365751
     82.71718786
     82.71718786
     82.71718786
     82.12405498
     82.12405498
     82.12405498
     82.12405498
     82.07737065
     81.18507415
     81.85767210
     82.55436784
     82.49684015
     82.46814430
     82.34884698
     82.34884698
     82.62453969
     82.31763025
     82.31763025
     82.59652893
     82.69553883
     82.73709300
     82.63495017
     82.63495017
     82.63495017
     82.29911908
     82.72390738
     82.08918421
     82.08918421
     82.45025350
     82.45025350
     82.58948000
     80.90848537
     81.02189582
     81.02189582
     80.01058135
     80.01058135
     79.18175048
     79.18175048
     80.02049749
     82.16285575
     82.31388971
     82.31388971
     82.45507700
     82.43520804
     82.43520804
     82.51979734
     81.64060702
     81.64060702
     81.64060702
     81.64060702
     81.69839574
     81.89752917
     81.89752917
     82.39077378
     82.27673328
     82.42292215
     82.42292215
     82.53783644
     82.43561537
     82.43561537
     82.22754471
     81.56125679
     81.63148954
     81.63148954
     80.63897190
     80.05396791
     81.16296070
     81.04457408
     82.29572122
     82.29572122
     82.29572122
     82.81626066
     82.69432642
     82.69432642
     82.70705725
     82.67723984
     82.67723984
     82.59194927
     82.54149198
     82.54760803
     82.59140724
     79.08665679
     80.65863621
     81.78210815
     82.02964783
     82.02964783
     82.33278170
     82.55797868
     82.66938208
     82.71222120
     82.71222120
     82.77503588
     81.64688394
     81.64688394
     81.28678522
     81.03134515
     81.03134515
     81.03134515
     81.56511334
     82.16214719
     82.06129731
     82.54964548
     82.54964548
     82.73057712
     82.70540336
     82.30485942
     82.30050763
     82.30050763
     82.45071134
     82.45071134
     82.52412176
     82.47661060
     82.31671378
     82.22341869
     81.95398706
     81.16641624
     82.22021454
     82.76750580
     82.56408571
     82.12210533
     82.55982876
     82.10498542
     82.02569265
     82.69338795
     82.28957183
     82.28957183
     82.28957183
     82.45350705
     82.35678448
     82.21611469
     82.00748793
     81.51176467
     81.26403234
     81.36107240
     81.00566906
     80.93604013
     80.14955710
     80.14955710
     80.33314419
     79.90018953
     81.34539690
     81.34539690
     81.35231811
     82.20766694
     81.71615419
     81.71615419
     82.12043203
     82.12043203
     82.13916301
     81.94231721
     81.94231721
     82.48014311
     82.33084999
     82.69682082
     82.69269517
     82.69269517
     82.64158266
     82.64158266
     82.64158266
     82.55432105
     82.76229420
     82.65463295
     82.46115563
     82.52961129
     82.50893663
     81.66780756
     82.03467163
     80.78211987
     80.78211987
     80.78211987
     80.11821801
     81.04619592
     82.01674059
     82.01674059
     82.43741558
     82.34532918
     82.18393038
     82.18393038
     82.23385008
     82.18253605
     82.77634528
     82.72437594
     82.56911564
     82.61153585
     82.61153585
     82.68861347
     82.68861347
     82.64113042
     82.54278084
     82.67859101
     81.54505895
     81.17223145
     79.97559077
     79.97559077
     81.84718641
     82.74949925
     82.78564436
     82.78564436
     82.40043698
     82.49963962
     81.81579965
     81.81579965
     82.59104971
     82.59104971
     82.63623010
     82.45752149
     82.47030761
     82.50562077
     82.68958108
     82.79823032
     82.83001286
     82.72396239
     81.67569773
     81.60982226
     81.15783680
     81.15783680
     82.07385825
     82.24324043
     82.24324043
     82.24324043
     82.40783551
     82.41845618
     82.41845618
     82.24155090
     82.24155090
     82.73204567
     82.73204567
     82.72662309
     82.47200336
     82.58943495
     82.55743182
     80.35591700
     80.35591700
     80.35591700
     80.35591700
     82.12723925
     82.77824660
     82.74932041
     82.81990279
     82.88176401
     82.88521645
     82.88521645
     82.89274497
     82.89274497
     82.80379407
     82.80379407
     82.90305117
     82.89473673
     81.85392468
     82.20585689
     82.20585689
     82.20585689
     82.05763099
     82.05763099
     82.05763099
     82.31004269
     80.44745992
     80.44745992
     79.47759386
     82.19992473
     82.19992473
     82.19992473
     82.24428578
     82.02811317
     81.77803233
     81.64212690
     80.93333485
     82.54291643
     82.66964782
     82.80693574
     82.73190893
     82.45271646
     82.05188350
     82.05188350
     81.96771612
     82.61782076
     82.87417329
     82.90395282
     82.90597935
     82.90604048
     82.90604048
     82.65257221
     82.51750869
     82.51760608
     82.51760608
     82.19193951
     82.19193951
     82.19193951
     82.14883879
     80.93943684
     80.63161751
     82.50940839
     82.36216249
     82.36216249
     82.77572587
     82.82961214
     82.87255249
     82.87133937
     82.86948981
     82.86948981
     82.86612927
     82.86612927
     82.83390426
     82.52536480
     82.52536480
     82.52536480
     82.60947011
     82.38443873
     82.38443873
     82.38443873
     82.42669467
     82.42669467
     82.60036603
     82.21758428
     82.80116844
     82.55115630
     82.47284933
     82.47284933
     82.47284933
     82.47284933
     82.68357660
     82.80462597
     82.85807173
     82.55417079
     82.55417079
     82.74185361
     82.87085028
     82.85707096
     82.83716121
     82.85271302
     82.66372327
     81.15712948
     81.15712948
     81.15712948
     81.15712948
     81.15712948
     81.15712948
     82.47685802
     82.47685802
     82.45427127
     82.45427127
     82.45427127
     82.45427127
     82.45427127
     82.45427127
     82.45427127
     82.30331551
     82.30331551
     82.30331551
     82.82069888
     82.74848116
     82.75243492
     81.71365988
     80.73311635
     79.01671585
     79.01671585
     78.90800642
     78.90800642
     78.90800642
     81.54016937
     80.89886743
     80.45227418
     79.53678927
     79.53678927
     80.90528683
     80.90528683
     80.61118628
     80.78389946
     82.43453770
     82.65208249
     82.85811578
     82.74983447
     82.34508996
     82.34508996
     82.34508996
     82.74687997
     82.81831876
     82.85833068
     82.66969174
     82.66969174
     82.88157031
     82.51172221
     82.81561916
     82.81561916
     82.81561916
     82.49021135
     82.49021135
     82.85812338
     82.76824506
     82.83248248
     82.74496315
     82.63187750
     82.63187750
     81.99590865
     81.99590865
     81.99590865
     81.99590865
     81.99590865
     81.99274054
     81.99274054
     81.99274054
     81.72378604
     81.72378604
     81.72378604
     82.60996163
     82.60996163
     82.71688543
     82.61192093
     82.61192093
     82.40935722
     82.40935722
     82.21972244
     82.21972244
     82.21972244
     82.21972244
     82.07397908
     82.07397908
     82.07397908
     82.26497664
     82.26497664
     82.26497664
     82.55099838
     82.38715894
     82.38715894
     82.59008426
     82.59008426
     82.24152756
     82.41908695
     82.73367309
     82.73367309
     82.82970271
     82.31052495
     82.16976523
     82.01748536
     81.95945959
     82.05435890
     82.33189807
     82.34135815
     82.34135815
     82.24458687
     79.94031818
     79.32435811
     78.59508924
     78.59508924
     77.18668073
     77.18668073
     77.18668073
     77.18668073
     79.14850727
     80.16795191
     80.11723251
     81.10551912
     80.63101424
     80.63101424
     80.63101424
     80.63101424
     80.63101424
     80.63101424
     80.63101424
     80.55579826
     80.55579826
     80.55579826
     80.55579826
     80.55579826
     80.55579826
     80.88430410
     80.88430410
     80.88430410
     79.88186773
     80.90337954
     81.54792387
     81.14253040
     81.45489840
     81.45489840
     81.45489840
     81.54399303
     82.43367078
     82.82350372
     82.85741472
     82.75974427
     82.67597199
     81.35544424
     81.88103669
     81.88103669
     81.24298040
     81.19444256
     81.41132985
     80.10000407
     80.10000407
     81.42067912
     81.55033831
     81.55033831
     82.05700438
     82.75888696
     82.87842111
     82.87842111
     82.91170036
     82.71999156
     82.71999156
     82.58732727
     82.57190343
     82.74626824
     82.51502037
     82.64528406
     82.64528406
     82.64528406
     80.55450809
     80.55450809
     82.73428546
     82.67982529
     82.00040924
     82.00984348
     82.30381165
     82.89095694
     82.53658290
     82.53658290
     82.43046341
     82.43044647
     82.52844856
     82.55413694
     82.35699365
     82.61758096
     82.54161266
     82.63884398
     82.33212417
     82.81562626
     82.70867939
     82.84785153
     82.06957636
     82.06957636
     81.95557702
     80.85528733
     80.85528733
     81.51621499
     81.38308059
     81.38308059
     82.46619474
     82.46619474
     82.46619474
     81.75554024
     82.08400144
     82.08400144
     82.40127335
     82.34075905
     81.96557622
     82.88979787
     82.80901118
     82.81361126
     82.81361126
     82.59909758
     82.12542083
     81.97885135
     82.33221402
     81.70592197
     81.61113174
     81.61113174
     81.45982155
     82.34340205
     81.73663156
     81.98567915
     81.55824753
     81.55824753
     82.23322161
     82.55172962
     82.17670149
     82.78247740
     82.78247740
     82.80578495
     82.77318927
     82.37960765
     82.44676191
     82.64756279
     82.57495249
     82.25880383
     82.52708108
     82.52708108
     82.51573824
     82.64037121
     82.48741385
     82.51495856
     82.51495856
     80.36771431
     81.52449622
     82.45273906
     81.52473898
     81.40759069
     81.40759069
     81.27819575
     81.20103993
     81.20666966
     81.41115503
     81.37680992
     81.95447178
     80.10060360
     80.10060360
     80.10060360
     80.10060360
     81.53173468
     80.94689755
     82.41697060
     82.62003346
     82.69030821
     82.82783157
     82.81438188
     82.53552216
     81.99579788
     81.99579788
     81.82634516
     81.96439737
     81.96439737
     81.29971733
     81.29971733
     80.45183679
     80.45183679
     81.91464829
     81.91464829
     80.39435271
     80.04142422
     78.74091891
     78.74091891
     78.37737873
     78.37737873
     78.96480616
     79.29103432
     79.88314192
     81.46186427
     81.03332467
     80.99864119
     79.52382694
     79.52382694
     79.52382694
     81.58031481
     81.90099545
     81.63441694
     81.08295103
     81.23424161
     81.23424161
     81.23424161
     80.60098002
     80.60098002
     80.60098002
     80.90913839
     80.90913839
     80.90913839
     82.20881979
     81.77180238
     82.22020896
     81.80857289
     81.80857289
     82.35814352
     82.72986623
     82.72986623
     81.95347043
     82.16613335
     82.16613335
     82.08150806
     82.34176148
     82.01838593
     81.91724282
     81.90602733
     81.63581500
     81.63581500
     81.63581500
     81.63581500
     81.45270843
     82.20330442
     82.20330442
     80.83293423
     82.10709307
     82.10709307
     82.15053285
     82.15053285
     82.15053285
     81.83769806
     81.05780433
     81.10295529
     81.88913531
     81.88913531
     82.17964057
     81.96895326
     81.96895326
     81.56195931
     81.56195931
     81.82946206
     81.31277114
     81.26187609
     81.26187609
     81.26187609
     81.62195191
     81.62721562
     80.31327094
     80.31327094
     80.49839656
     80.49839656
     80.49839656
     82.38049590
     81.66695729
     81.35580266
     81.19465250
     80.45358390
     81.92482751
     81.89715585
     81.89715585
     82.75327310
     82.85836605
     81.92581185
     82.12517961
     81.98829094
     81.98829094
     81.98829094
     81.98829094
     82.00694630
     82.80089423
     82.57229336
     82.57229336
     82.10462086
     82.10462086
     78.14023203
     78.14023203
     78.14023203
     79.79341213
     79.79341213
     79.79341213
     79.33896889
     79.33896889
     79.33896889
     79.33896889
     79.33896889
     79.40664127
     79.40664127
     80.52333518
     81.80238518
     81.03485023
     81.03485023
     81.03485023
     81.03485023
     80.63005474
     81.71483993
     81.71483993
     81.71483993
     82.29497213
     82.33200949
     82.20022336
     82.20022336
     82.13212483
     82.84912502
     82.87929493
     82.90133649
     82.90133649
     82.88846509
     82.87765722
     82.84869898
     82.58130905
     82.55032067
     82.55032067
     82.55032067
     82.48946659
     82.48946659
     82.34010726
     82.34010726
     82.55089223
     82.83168424
     82.81998179
     82.77225783
     82.77472693
     82.85366836
     82.83399046
     82.29982200
     80.70353921
     80.70353921
     80.71442871
     80.71442871
     80.81205952
     80.81205952
     82.59650734
     82.59650734
     82.61602092
     82.61602092
     82.50903640
     82.08908315
     82.08908315
     81.70371540
     81.70371540
     81.70371540
     81.70371540
     82.13640391
     81.64800226
     81.34934139
     81.34934139
     81.69990776
     82.16076840
     82.17954062
     82.57509908
     82.70195579
     82.70195579
     82.70195579
     82.87325921
     82.63671975
     82.08412848
     81.35508797
     81.35508797
     81.35508797
     81.64799431
     82.08733948
     82.78537737
     82.77805297
     82.77805297
     82.17709716
     82.80982436
     82.80544314
     82.61262021
     82.60822254
     82.60822254
     82.90977404
     82.90806166
     82.88736801
     82.67842889
     82.67842889
     82.23406799
     82.23406799
     82.34832396
     82.05345867
     82.41958263
     82.41958263
     81.79630024
     81.79630024
     81.79630024
     81.79630024
     81.79630024
     81.79037705
     82.42806432
     81.27337340
     81.27337340
     82.29585887
     82.13925137
     82.82113508
     82.82113508
     82.89420204
     82.61407164
     82.80635270
     82.46096817
     82.58455926
     82.58455926
     82.62648084
     82.78706019
     82.62950281
     82.89432919
     82.73287772
     82.87025261
     82.73911377
     82.28962031
     82.28962031
     82.09846092
     82.02658355
     82.00628963
     81.91418318
     82.14615805
     82.12400360
     81.98141595
     81.98606618
     82.03960429
     82.02222839
     82.51075920
     82.47351396
     82.47351396
     82.34840639
     82.54414875
     82.38412306
     82.38412306
     82.38412306
     82.77039894
     82.67450004
     82.67450004
     82.34563789
     82.34563789
     82.80912694
     82.80912694
     82.51674898
     82.56905327
     82.57612402
     82.26762278
     82.32884007
     82.77824260
     82.72410409
     82.72410409
     82.45726130
     82.76597036
     82.90563062
     82.84176927
     82.86799504
     82.86799504
     82.82083347
     82.80393297
     82.65999251
     82.64228305
     82.82771536
     82.76876327
     82.87846418
     82.83015564
     82.84973414
     82.88491751
     82.88491751
     82.83829150
     82.62186078
     82.85722637
     81.37515476
     82.56356574
     82.77582595
     82.83844830
     82.84495411
     82.84495411
     82.79093000
     82.73017411
     82.51572835
     82.51572835
     82.64438181
     82.64438181
     82.37776062
     82.31777324
     82.11844675
     82.30092776
     82.78702269
     82.78702269
     82.05762404
     82.79155208
     82.66883554
     82.66883554
     81.60364581
     81.73715711
     81.73715711
     82.48899164
     82.38440309
     81.81883915
     82.15861544
     82.51351066
     82.54837381
     82.14939027
     81.95104724
     81.95104724
     81.99078072
     81.92461977
     82.24468980
     80.96937288
     81.95530914
     82.59951649
     82.42163324
     82.62834526
     82.62834526
     82.62834526
     82.77159473
     82.43892371
     82.43892371
     82.64940135
     82.81756161
     82.83964172
     82.88699288
     82.87756701
     82.89830884
     82.89830884
     82.48733207
     82.84687475
     82.89300850
     82.89300850
     82.62903261
     82.59172226
     82.71118850
     82.56015210
     82.56015210
     82.56015210
     82.56015210
     82.65234353
     82.65234353
     82.55711240
     82.55711240
     82.77081133
     82.04983058
     82.04983058
     82.48634917
     82.65980070
     82.20530150
     82.06287900
     81.39682851
     81.33887942
     81.33887942
     80.45845761
     79.99999015
     80.59709240
     80.59709240
     80.44859170
     82.55967614
     82.55151724
     82.51097867
     82.80313358
     82.80313358
     82.62860392
     82.59275100
     82.53923830
     82.27753211
     82.40098889
     82.86117907
     82.67422550
     82.66736384
     82.56550616
     82.55166598
     82.54685785
     82.71414557
     82.71414557
     82.37542533
     81.38991118
     81.78372794
     81.90514862
     81.74626278
     81.81946216
     82.59197406
     82.18725027
     82.23064418
     82.43708825
     82.42741291
     82.68468513
     82.78010980
     82.76590532
     82.86563210
     82.64124497
     82.83407769
     82.83407769
     82.83407769
     82.83407769
     82.90149847
     82.78937342
     82.78937342
     82.50253644
     82.34034204
     82.34034204
     82.29939783
     81.63699553
     81.63699553
     81.97040845
     82.74573423
     82.74573423
     82.85541798
     82.58892898
     82.58892898
     82.86075698
     82.87616009
     82.89284528
     82.30962241
     82.30962241
     81.73896938
     81.73896938
     81.63247395
     81.68589783
     81.68589783
     81.69394914
     81.77807605
     82.16706272
     81.19916385
     81.19916385
     81.19916385
     81.19916385
     81.19916385
     81.19916385
     81.19325707
     81.19325707
     82.41600951
     82.87677816
     82.57561867
     82.90852716
     82.77633668
     82.79403774
     82.76936520
     82.52714748
     82.52714748
     82.86684006
     82.47724514
     82.59710100
     82.30759673
     82.30759673
     82.30759673
     82.30759673
     82.74831561
     82.74831561
     82.01730653
     82.01730653
     82.06746174
     81.16897122
     80.00185705
     80.86124532
     80.86124532
     81.23197848
     80.47724777
     80.47724777
     80.48026022
     80.05968011
     82.10388827
     82.40445933
     82.61515598
     82.14836076
     82.14836076
     82.78854382
     82.78854382
     82.81712026
     82.81712026
     82.61773428
     82.76504663
     82.85917446
     82.71633671
     82.71633671
     82.71633671
     82.83378478
     82.86634809
     82.86952112
     82.64982172
     82.64982172
     82.64982172
     82.64982172
     82.90052520
     82.82905996
     82.82905996
     82.82684063
     82.82684063
     82.82684063
     82.82718509
     82.58123058
     81.95351498
     82.60908766
     82.61052058
     82.61881591
     82.65181903
     82.30335200
     82.30335200
     81.17193355
     82.53287095
     82.69588361
     82.04966058
     82.08459713
     82.23455609
     82.72048126
     82.65682054
     82.74749227
     82.74749227
     82.44273247
     82.58173478
     82.76278448
     82.41529925
     82.63625475
     82.63953932
     82.63953932
     82.60039051
     82.57225175
     82.15030690
     82.24534123
     81.76338531
     82.41967477
     81.92528136
     82.12695432
     82.14061457
     80.07838451
     80.07838451
     80.17576879
     79.64503236
     79.83761913
     80.08544470
     80.08544470
     80.11535800
     80.81845407
     81.44035731
     81.32379575
     81.30884496
     81.30286827
     81.30286827
     81.73700751
     81.63632591
     81.63632591
     82.55737523
     82.60570658
     82.28207948
     82.40361229
     82.64901903
     82.77623581
     82.77623581
     82.70621938
     82.76173212
     82.73156328
     82.52788429
     82.38996864
     82.38996864
     82.79401794
     82.56768131
     82.45703520
     82.45364309
     82.45364309
     82.62369456
     82.59383160
     80.59822334
     80.33263643
     80.33263643
     80.33263643
     80.33263643
     80.80898032
     80.53783974
     80.53783974
     80.65904040
     81.19484959
     80.57458956
     82.60423607
     82.42327462
     82.51451847
     82.62981542
     81.39134641
     81.51237460
     81.51237460
     81.51237460
     81.51237460
     82.04820937
     82.19665067
     82.21093301
     81.52817466
     81.52817466
     81.52817466
     81.66921590
     82.26395422
     82.26395422
     82.61325321
     82.55383517
     82.75733118
     82.09807555
     82.62970005
     82.62970005
     82.60897548
     82.60432719
     82.44574833
     80.64743740
     80.64743740
     82.07821178
     82.49757139
     82.24246755
     81.96298789
     80.56497006
     80.56497006
     80.56497006
     80.56497006
     82.43028446
     82.62812440
     82.62812440
     82.63461918
     82.78401752
     82.87778075
     82.81296081
     82.77780263
     82.80965988
     82.80965988
     82.80965988
     82.75770824
     82.41814253
     81.91645969
     81.96881897
     81.77962837
     81.03415832
     81.03415832
     81.36978209
     82.05160613
     82.32647379
     82.09591006
     82.45632887
     82.42921902
     82.44977295
     82.16344808
     82.16344808
     81.54111036
     80.42311472
     80.42311472
     80.42311472
     80.42311472
     82.18159908
     82.46252625
     82.01821763
     81.92868974
     81.92868974
     81.92868974
     82.03047153
     82.03047153
     82.54055163
     82.54055163
     82.72756786
     82.79937970
     82.74850501
     82.74850501
     82.73855193
     82.74283308
     82.78756281
     82.81606633
     82.84874342
     82.84874342
     82.84874342
     82.68698897
     82.31633540
     82.50748420
     82.50131190
     82.50131190
     82.50131190
     82.50131190
     82.89919690
     82.87438248
     82.87263718
     82.82435015
     82.78312439
     82.81189192
     82.75397406
     82.74285027
     82.65124948
     82.50781236
     82.50781236
     82.50781236
     82.45812298
     82.45812298
     82.85814086
     82.85814086
     82.73873705
     82.61513453
     82.16008746
     82.16008746
     82.10020779
     82.44647023
     82.09285364
     82.02220455
     82.20808527
     82.24015370
     82.29033489
     82.58409245
     82.00816134
     82.00816134
     81.52786587
     81.97418119
     81.97418119
     81.21133849
     81.95316686
     82.00891360
     82.22528927
     82.24380691
     82.14387029
     82.10738201
     82.10738201
     81.19276831
     81.45440645
     81.45440645
     82.11162885
     80.08295587
     80.08295587
     77.93387988
     81.48780815
     81.48780815
     80.23949919
     80.15150623
     80.82813966
     81.23928087
     81.88665194
     81.88665194
     82.04965823
     82.04965823
     82.04025801
     82.19290590
     82.41166357
     82.43783635
     82.43802432
     82.54580981
     82.54580981
     82.50842243
     82.31872197
     82.31872197
     82.28654238
     82.50010794
     82.47440135
     82.66443491
     82.89771485
     82.88659903
     82.89894276
     82.89894276
     82.89595983
     82.84523850
     82.84523850
     82.69415375
     82.67348054
     82.57948202
     82.85954238
     82.84968994
     82.60928798
     82.60928798
     82.64887110
     82.70051286
     82.70051286
     82.56129445
     82.78113170
     82.78113170
     82.44789102
     82.17702177
     82.22019371
     82.22019371
     82.22019371
     82.22019371
     82.51005742
     82.28301729
     82.27073394
     82.27073394
     82.30369531
     82.59704832
     82.59704832
     82.59704832
     82.59704832
     82.17540707
     82.42438655
     82.87171005
     82.26554461
     82.26554461
     81.23497243
     81.23497243
     81.23497243
     81.23497243
     81.23497243
     81.42305064
     81.20934525
     81.20934525
     81.80700786
     81.88148843
     81.88148843
     81.81796287
     81.91660476
     82.02186677
     82.04033171
     82.17966813
     82.18355514
     82.48070705
     82.08868616
     82.31677601
     82.32820288
     82.87919721
     82.77636658
     82.77636658
     82.25056761
     82.25056761
     82.81799195
     82.79455170
     82.74406762
     82.74180940
     82.74055443
     82.88091776
     82.89817498
     82.90508211
     82.77170973
     82.83873074
     82.84968586
     82.88487393
     82.88091526
     82.69012446
     82.69012446
     82.61620525
     81.64676356
     81.64676356
     82.24505321
     82.39156374
     82.26007140
     82.37561623
     80.84489938
     81.11921699
     81.11921699
     79.22575431
     81.38144159
     81.38144159
     82.11334755
     82.11334755
     81.85441326
     82.54304719
     82.34072901
     82.40272819
     82.40272819
     82.66373013
     82.48937988
     82.48937988
     81.59908889
     81.59908889
     81.80545682
     81.80545682
     82.78490139
     82.70651737
     82.78057875
     82.87134132
     82.85960404
     82.85960404
     82.76543125
     82.56274025
     82.56274025
     82.50421729
     82.41280938
     82.13376781
     82.53817191
     82.21870204
     82.61248648
     82.61248648
     82.61870427
     82.46990413
     82.34605180
     82.46083434
     81.98579259
     81.98579259
     81.98579259
     82.56243319
     82.56243319
     82.63778478
     82.63778478
     82.63778478
     82.78690267
     82.78690267
     82.86739889
     82.19446528
     82.19446528
     82.86381294
     82.86381294
     82.84689293
     82.84390599
     82.80277354
     82.73519342
     81.98576378
     81.98261098
     82.16843647
     82.42365316
     82.42365316
     82.57797443
     82.56676082
     81.04358009
     80.65261454
     81.91619316
     82.06152733
     82.29228605
     82.44300988
     81.87847401
     81.96910848
     82.11684746
     81.98112286
     82.26402447
     81.68897737
     80.60695735
     80.60695735
     80.60695735
     82.21599932
     81.47153853
     81.47153853
     82.68857294
     82.70596787
     82.70596787
     81.98331325
     82.12338782
     82.08805098
     82.07801107
     82.07801107
     82.07801107
     82.74936590
     82.74936590
     82.74936590
     82.12644739
     82.12644739
     82.25544565
     82.44891398
     82.58672908
     82.58672908
     82.83913618
     81.89254332
     81.89254332
     81.89254332
     82.83967849
     82.83967849
     82.86642542
     82.87594294
     82.87594294
     82.83454431
     82.83454431
     82.86924407
     82.82176927
     82.86277523
     82.80581238
     82.78931975
     82.78931975
     82.49334244
     82.54343459
     82.54343459
     82.27598376
     82.01047156
     82.01047156
     81.02938472
     81.02938472
     81.02938472
     81.02938472
     81.36675457
     81.36675457
     82.61952732
     81.98783093
     81.98783093
     81.93728564
     81.94432395
     81.83149216
     81.83149216
     81.65793872
     81.65793872
     81.65793872
     80.72684550
     81.47786224
     81.46140012
     81.63574683
     82.41849919
     82.41849919
     82.41849919
     82.50660104
     82.50660104
     80.74535379
     80.04408378
     80.27365544
     81.50701273
     81.80500112
     81.80500112
     82.23387149
     82.51633578
     82.51633578
     82.52260847
     82.51953312
     82.51953312
     82.17036014
     80.66074386
     80.66074386
     80.66074386
     80.51091650
     81.76600532
     79.41013303
     79.41013303
     82.61282445
     82.61282445
     82.61282445
     82.63557281
     82.48584229
     82.48584229
     82.48584229
     82.44010149
     82.10836564
     82.16368995
     82.22699652
     82.27612352
     82.27612352
     82.01177593
     82.12113083
     82.12113083
     81.85403525
     79.18418589
     79.18418589
     79.18418589
     79.18418589
     81.08710854
     82.12140897
     81.94843642
     80.98014386
     80.34927000
     80.34927000
     80.34927000
     81.98205159
     81.98205159
     82.36800765
     82.36099572
     82.36099572
     82.36099572
     82.35542749
     82.58605499
     82.58605499
     82.66183123
     82.87584727
     82.90421868
     82.75340521
     82.49052364
     82.47897675
     82.47897675
     81.47818152
     82.63297370
     79.38073608
     79.38073608
     80.97581172
     80.97581172
     79.98207169
     79.98207169
     79.64343375
     79.64343375
     79.64343375
     78.53958148
     79.85403981
     79.85403981
     80.80328623
     80.80328623
     80.80328623
     81.66772150
     81.24241351
     81.66058846
     82.00230053
     81.76502050
     81.68870958
     82.04640787
     81.86005702
     82.00308923
     82.05079214
     82.39469463
     82.03566923
     82.03566923
     81.38739892
     81.58137958
     81.88610184
     81.98739878
     81.98739878
     81.98739878
     82.00325897
     77.56414742
     77.70501654
     77.70501654
     77.70501654
     77.70501654
     77.70501654
     78.27524299
     81.01100831
     81.01100831
     81.02964096
     80.63173731
     80.63173731
     80.63173731
     80.63173731
     82.07090709
     82.25298650
     82.25298650
     82.25298650
     81.76242421
     82.90169953
     82.85941201
     82.85941201
     82.85941201
     82.85087718
     82.85087718
     82.78094764
     82.79397881
     82.79397881
     82.79397881
     82.23291885
     82.23291885
     82.23291885
     82.23291885
     82.78923785
     81.68232412
     81.97835454
     81.89795071
     81.66658038
     82.08131500
     82.08131500
     82.08131500
     82.05235513
     82.71200876
     82.78212431
     82.86896809
     82.72747389
     82.72747389
     82.51150923
     82.51150923
     82.47056996
     82.60889173
     82.60889173
     82.73968750
     82.90698011
     82.86887260
     82.87232091
     82.89623766
     82.85584475
     82.87567559
     82.88325775
     82.87872984
     82.86206577
     82.86857610
     82.51925784
     82.51925784
     82.51217838
     82.53630409
     82.87756670
     82.80466832
     82.89948710
     82.89166402
     82.54226424
     82.54226424
     82.54226424
     82.86127919
     82.87525107
     82.87525107
     82.87503704
     82.66722561
     82.72661217
     82.67217024
     82.69505007
     82.68311096
     82.48312450
     82.28559637
     81.52619696
     81.45608312
     80.26738441
     80.26738441
     80.17434147
     80.65836871
     80.79107183
     81.15164747
     81.15164747
     80.75660009
     81.82746979
     82.02891999
     82.02891999
     82.76566524
     82.73964574
     82.73964574
     82.73964574
     82.76372991
     82.84578467
     82.37833581
     82.25198908
     82.00302348
     80.31899676
     79.99038087
     81.56086893
     81.48346487
     81.49855748
     81.49855748
     81.35516147
     81.35516147
     81.35516147
     81.35516147
     81.35516147
     81.35516147
     82.87641925
     82.79954372
     82.81234539
     82.77050729
     82.22520802
     82.74922676
     82.74922676
     80.89319743
     81.04331910
     81.04331910
     81.04331910
     80.99391506
     80.99391506
     80.99391506
     81.52732303
     81.53715745
     80.80368884
     81.76325702
     80.93066850
     80.93066850
     82.09993665
     82.64653616
     82.64653616
     82.78023249
     82.75145949
     82.62882558
     82.86023453
     82.61005623
     82.67244205
     82.60738176
     81.22460118
     81.22460118
     81.22460118
     81.90491757
     80.51275109
     80.43989454
     80.43989454
     80.95799311
     81.67759229
     81.67759229
     81.67759229
     81.62857177
     81.59278773
     81.83612920
     81.77128374
     79.18140498
     80.47054767
     81.33822548
     79.92583958
     79.42773291
     81.39671679
     82.11304153
     82.11304153
     81.98906907
     82.32691338
     82.53355748
     82.76423827
     82.54116181
     82.88823768
     82.89372210
     82.87782931
     82.87782931
     81.21528935
     81.23574318
     79.93579443
     79.93579443
     79.93579443
     79.93579443
     80.70671892
     80.70671892
     80.70671892
     80.70671892
     80.70671892
     80.70671892
     81.22478478
     80.42939315
     80.89441033
     80.89441033
     81.54795834
     81.46419977
     81.82706536
     80.43292187
     82.34735961
     82.34735961
     82.13967093
     82.13967093
     82.69960277
     82.69960277
     82.33944166
     81.97789567
     82.90202863
     82.81362148
     82.51948534
     82.37094450
     81.95985482
     81.74481930
     81.74481930
     82.57913756
     82.57913756
     82.48939648
     81.89254732
     79.55302485
     79.55302485
     79.55302485
     79.55302485
     79.55302485
     79.91026238
     81.87675642
     81.87675642
     82.09078043
     82.38569568
     82.87190222
     82.87898227
     82.91138181
     82.90673166
     82.90831851
     82.86108523
     82.73239500
     82.73239500
     82.43067191
     81.80589364
     81.90703776
     82.11441852
     82.54658568
     82.46914819
     82.65295425
     82.74877706
     82.74877706
     82.74877706
     82.82427260
     82.53818562
     82.53818562
     82.55108811
     81.98410514
     81.98410514
     81.98410514
     82.20999373
     82.12574432
     81.61566724
     81.61566724
     81.61566724
     81.97048844
     82.10771780
     82.07810048
     82.07810048
     81.07977219
     81.98781547
     82.01249825
     82.01249825
     81.96192272
     82.82364715
     82.82364715
     82.88523848
     82.71525893
     81.52655088
     81.52655088
     81.47167927
     81.47167927
     81.47167927
     81.47167927
     81.42187305
     81.40356247
     81.40356247
     81.40356247
     81.37830358
     81.37830358
     81.53096608
     81.53096608
     82.35537805
     82.35537805
     82.85389960
     82.85389960
     82.81539098
     82.61388539
     82.61388539
     82.23917958
     82.15742541
     82.15742541
     82.14118825
     82.14118825
     82.85662724
     82.85662724
     82.64857756
     82.67261017
     82.90623645
     82.90623645
     82.90623645
     82.90156685
     82.84240807
     82.78140807
     82.84667837
     82.83950919
     82.84951440
     82.88427602
     82.90696157
     82.90304625
     82.88732295
     82.88732295
     82.82061039
     82.80039016
     81.24414841
     81.33036888
     82.68008544
     82.76467734
     82.86161314
     82.89456962
     82.80987238
     82.80987238
     82.80982528
     81.35205236
     82.24809928
     82.32831574
     81.75771688
     81.75771688
     82.19722283
     82.78469653
     82.43756532
     82.90339438
     82.90621042
     82.91175452
     82.91175452
     82.91190843
     82.90822994
     82.90344422
     82.66515369
     82.75084777
     82.78023106
     82.78023106
     82.40267571
     82.31538027
     82.44768573
     82.20810867
     82.09942828
     82.01412597
     82.21434226
     82.21434226
     82.21878940
     82.21878940
     82.21878940
     82.00779866
     82.12844127
     82.48885478
     82.60581408
     82.64553629
     82.15170276
     82.78211299
     82.60433984
     82.50088534
     81.73260281
     80.35157056
     82.27434488
     82.26439269
     82.51060692
     82.45361651
     82.44099862
     82.41448267
     82.37287718
     82.21498280
     82.38537809
     82.38537809
     82.77819929
     82.90264884
     82.90264884
     82.07851407
     82.09285211
     81.97238260
     81.87895031
     81.87895031
     82.03388260
     82.03388260
     82.66012993
     82.62995557
     82.88579164
     82.77627525
     82.60497970
     82.62225634
     81.27364968
     82.50622708
     81.99687753
     82.00593577
     82.70569907
     82.11238110
     82.62322411
     82.62322411
     82.62322411
     82.40448973
     82.40448973
     82.70386093
     82.60213922
     82.60213922
     82.50411316
     82.50411316
     81.09588739
     81.09588739
     81.09588739
     82.37991046
     82.27370715
     82.27370715
     82.47547955
     82.50145176
     82.39056650
     82.62006893
     82.71707880
     82.65527401
     82.09522366
     82.25587582
     82.29332243
     82.29332243
     82.37230377
     82.14875681
     81.30539371
     81.30539371
     81.40401170
     81.40401170
     81.40401170
     81.40401170
     82.15640457
     82.15640457
     82.21134853
     82.21134853
     82.21134853
     82.14510674
     82.36035028
     82.36035028
     82.36035028
     82.67513283
     82.89863743
     82.67431793
     82.75627805
     82.77681329
     82.84747660
     82.86033285
     82.85773572
     82.87100796
     82.88659868
     82.56501716
     82.54772937
     82.77157406
     82.83726800
     82.82647638
     81.87978691
     81.61256410
     81.61256410
     81.61256410
     81.61256410
     81.75686002
     81.93366960
     81.69912444
     82.68859321
     82.23592920
     79.74929384
     79.90305218
     81.87658713
     82.57558614
     82.50080733
     82.68910178
     82.75177503
     81.88794130
     81.88794130
     82.39289298
     82.35561100
     82.35561100
     82.35561100
     82.21698933
     82.21698933
     82.21698933
     82.26229089
     82.15333427
     82.27139414
     82.59446110
     82.59446110
     82.69247187
     82.69669455
     82.64796162
     82.68524215
     82.58894134
     81.96053648
     82.14724409
     82.14724409
     82.14724409
     80.70907477
     80.50872349
     81.34174203
     81.78401326
     81.78401326
     81.48134291
     81.48134291
     81.41727355
     81.41727355
     81.41727355
     81.41727355
     81.17608370
     81.17608370
     81.46815540
     81.17930511
     82.00810982
     81.96769463
     81.96769463
     80.39688120
     79.60339338
     81.52715568
     81.52715568
     81.39982656
     81.78316224
     81.85462542
     80.84616532
     80.84616532
     79.58468504
     79.58468504
     80.34227457
     80.34227457
     80.34227457
     80.34227457
     80.34227457
     81.48769980
     80.82128614
     80.82128614
     80.85277196
     78.82189730
     79.97935404
     79.97935404
     76.41542163
     78.30592027
     77.66087142
     76.57023388
     79.56869487
     78.51284473
     78.51284473
     77.39037143
     77.39037143
     79.50641208
     79.50641208
     81.72516005
     81.72516005
     81.75924064
     81.75924064
     81.74095090
     81.88466087
     82.07835419
     81.08691423
     81.27792291
     81.27792291
     81.44469501
     81.05181886
     82.30531446
     82.36275363
     82.36275363
     81.97277051
     81.48313189
     81.48313189
     82.85174012
     82.91017849
     82.83135513
     82.83135513
     82.89486308
     82.89334484
     82.89334484
     82.90106756
     82.80089675
     82.54992307
     82.54992307
     82.62668369
     82.61534229
     82.36436212
     82.36436212
     82.36436212
     82.36436212
     82.61264920
     82.61522566
     82.32406249
     82.85253991
     82.85253991
     82.44360889
     82.44360889
     81.80235013
     81.93351844
     82.15968289
     82.64408079
     82.64408079
     82.84576179
     82.84555369
     82.80666924
     82.75776611
     82.76158491
     82.79544931
     82.76213400
     82.81691279
     82.81691279
     82.63948722
     82.63948722
     82.72501016
     82.71420144
     82.71420144
     82.57835374
     81.91576532
     81.64882439
     81.64882439
     80.54132405
     80.54132405
     80.54132405
     82.82157984
     82.82157984
     82.53779351
     82.74319574
     82.74319574
     82.77850364
     82.89887653
     82.83491814
     82.83491814
     82.51459578
     82.51459578
     82.73107196
     82.61834697
     82.01885328
     81.69084281
     81.85336435
     81.75026300
     81.86674496
     82.34402743
     82.34335384
     82.35694659
     82.35694659
     82.68693109
     82.67794194
     82.67794194
     82.61063747
     82.83573327
     82.83573327
     82.86898408
     82.91076132
     82.90409720
     82.57826348
     82.57826348
     82.39818070
     82.52741749
     82.52741749
     82.82658195
     82.82658195
     82.78570012
     82.84534967
     82.21262679
     82.21262679
     81.11839089
     81.11839089
     81.11839089
     81.11839089
     80.12834945
     82.56668074
     82.56668074
     82.56668074
     81.31905371
     81.31905371
     81.84266652
     82.18850654
     82.05211734
     82.05211734
     82.05211734
     82.63466404
     82.63466404
     82.60250700
     82.21155419
     82.67124792
     81.98457005
     82.06188529
     82.06188529
     82.19550049
     82.43929708
     81.81674824
     81.60541676
     81.04214958
     81.04395676
     81.11019505
     82.26363486
     82.43689443
     82.26235964
     82.26235964
     82.50185350
     82.50185350
     82.52691335
     82.44997360
     82.41590193
     82.12888601
     82.81110544
     82.44170050
     82.75537068
     82.25607032
     81.29855145
     81.29855145
     80.53256316
     81.95296344
     81.95296344
     82.03787636
     82.03787636
     81.83422515
     81.83422515
     82.66289864
     82.66289864
     82.69670001
     82.63310244
     82.49993249
     80.39059920
     80.65932666
     80.65932666
     81.28608161
     79.15745533
     81.05267134
     81.83104711
     81.73825847
     82.26757623
     82.26262639
     81.60265612
     81.54065328
     81.54065328
     80.78661666
     81.53467990
     81.53467990
     81.53467990
     81.53467990
     82.20379617
     82.68425262
     82.68255195
     81.25232729
     80.70086122
     80.70086122
     80.70086122
     80.70086122
     81.91742147
     81.78677974
     81.78677974
     81.78677974
     81.78677974
     79.80076881
     79.80076881
     79.80076881
     80.60666894
     81.42323697
     81.95751195
     82.12453307
     82.56813733
     82.55985042
     82.58901562
     82.36818760
     82.72463506
     82.37663381
     82.62217922
     82.62217922
     81.54764683
     80.84194071
     81.95713809
     81.95713809
     81.26848548
     82.11638638
     82.42489713
     82.68724978
     81.84804893
     81.93912707
     81.74821564
     81.74821564
     82.09656818
     82.09656818
     82.45850937
     81.37951945
     80.83567529
     80.83567529
     80.80643098
     80.80643098
     81.37953565
     79.92703897
     79.92703897
     81.29081985
     81.29081985
     81.44009010
     81.44009010
     81.44009010
     81.27110568
     81.85768664
     81.91264126
     82.68022234
     82.63101324
     82.50773084
     82.39237118
     81.89237042
     82.47894129
     82.56020301
     82.50688743
     82.50688743
     82.50688743
     82.50684793
     82.50684793
     82.50684793
     82.90328962
     82.74516133
     82.87480426
     82.85611363
     82.85611363
     82.86145039
     82.80609348
     82.80123576
     82.51414393
     82.31438966
     82.83237014
     82.83237014
     82.90530840
     82.78991873
     82.80926005
     82.81254610
     81.90923800
     81.91011224
     82.22010350
     82.22010350
     81.28381817
     80.69952673
     80.69952673
     80.64737991
     80.07017438
     82.01952625
     82.32176857
     82.35113399
     82.35113399
     82.89613194
     82.88389697
     82.88389697
     82.77598925
     82.76336761
     82.91104322
     82.91104322
     82.91104322
     82.91104322
     82.91104322
     82.90935414
     82.85716845
     82.87691551
     82.83974433
     82.81183355
     82.54309541
     82.50721179
     82.42018945
     82.68161298
     82.68800373
     82.45688543
     82.16359404
     82.16359404
     82.42746283
     82.64767031
     82.30019354
     82.63882752
     82.59944167
     82.59944167
     82.53307786
     82.55336388
     81.26788161
     80.92639613
     81.27813985
     81.63205050
     80.98135560
     80.49038399
     80.37710861
     80.37710861
     80.75897956
     81.54946382
     82.52405431
     82.50748682
     81.98397029
     82.10230567
     81.35082053
     81.35082053
     81.35082053
     81.35082053
     81.07604410
     81.07604410
     82.12438872
     82.12438872
     82.12438872
     82.19431092
     82.09289094
     82.09289094
     82.45895400
     82.46366102
     82.46606916
     82.47569780
     82.68908490
     82.82784670
     82.81548017
     82.64508030
     81.94515669
     82.14587843
     82.14587843
     82.14587843
     82.41913766
     82.41913766
     82.43540445
     82.43540445
     82.78612093
     82.70909080
     82.68119544
     82.87033048
     82.87033048
     82.81879859
     82.78700978
     82.41019282
     81.94008960
     81.93419599
     81.79892465
     81.90058336
     81.84939175
     82.60105465
     82.67623082
     82.66670904
     82.57390231
     82.35534876
     82.35534876
     82.55031826
     82.35451606
     82.35451606
     82.40886033
     82.67403638
     82.67403638
     82.68129189
     81.76224251
     82.61812225
     80.99156594
     80.65274371
     80.65274371
     80.65274371
     80.65274371
     80.65274371
     80.70088649
     80.60435517
     80.60435517
     80.60435517
     80.60435517
     81.12858618
     81.94635784
     81.94635784
     81.94635784
     82.71643925
     82.70497541
     82.70650623
     82.58251684
     82.69443029
     82.69443029
     82.80237617
     82.86410053
     82.48847318
     82.47458886
     82.06949683
     82.38712563
     82.51456807
     82.71346701
     82.47747049
     80.32163976
     79.73884276
     81.48353653
     82.06268339
     82.22008212
     82.57160773
     82.56774062
     82.56774062
     82.56774062
     82.59448922
     82.65499813
     82.72933347
     81.21783193
     81.21783193
     81.45155423
     81.62519326
     81.62519326
     81.62519326
     81.75020444
     81.48180230
     81.48180230
     81.48180230
     81.10387877
     81.10387877
     82.49560595
     82.59936832
     82.21609858
     82.32370484
     82.75147906
     82.75147906
     82.41939040
     82.24156628
     82.24156628
     82.24156628
     82.60994878
     82.60994878
     82.72590255
     82.71855304
     82.79708856
     82.69452903
     82.73488564
     82.34674005
     82.23427096
     82.19670307
     82.09449144
     82.53602382
     82.53602382
     82.36859894
     82.36410580
     82.36410580
     82.68701086
     82.71171971
     82.71171971
     82.61031416
     82.61031416
     82.56797744
     82.13744816
     82.13744816
     81.58448446
     80.96992731
     82.12497510
     82.14173704
     82.24757188
     82.24757188
     79.88154846
     80.46806297
     80.46806297
     81.41518764
     82.36438411
     81.66222385
     81.65410649
     81.65410649
     82.09580494
     82.09580494
     81.71902021
     81.31238752
     81.62834472
     81.63412353
     81.63412353
     81.63412353
     82.15513222
     82.15513222
     82.15513222
     82.11570856
     82.11864409
     82.37024966
     81.81348433
     80.32860854
     80.08634068
     79.62479122
     80.94394974
     80.94394974
     81.56968801
     81.77860537
     81.77860537
     81.77860537
     81.53762184
     81.53762184
     81.53762184
     82.27805872
     82.49438020
     82.49438020
     82.35763631
     81.69931153
     82.23384054
     82.23384054
     82.43084858
     82.65787283
     82.70298185
     82.70298185
     82.64417141
     82.65588770
     82.71425489
     82.86330315
     82.86330315
     82.67164866
     82.67164866
     82.54636878
     82.15566018
     82.15566018
     82.73149381
     82.73149381
     82.67305483
     82.65474351
     80.51463648
     80.51463648
     80.51463648
     80.51463648
     81.41948917
     81.41948917
     81.41948917
     81.46717278
     81.46717278
     81.76884976
     81.76884976
     81.76884976
     82.09034438
     81.72959175
     82.40293604
     82.46701992
     82.67226750
     82.70484637
     82.86411072
     82.87191739
     82.76758947
     82.52919935
     82.19267978
     82.15716011
     81.84886924
     81.99064359
     82.22947564
     82.22947564
     82.87889877
     82.86566655
     82.90063713
     82.55535008
     82.68144475
     82.77629791
     82.77629791
     82.77629791
     82.67471160
     82.67471160
     82.67471160
     82.73915024
     82.76695253
     82.76695253
     82.76695253
     82.67919044
     82.69613111
     82.66019804
     82.46690238
     82.46690238
     82.46690238
     82.46690238
     82.46690238
     81.70792498
     81.70792498
     81.51004658
     81.51004658
     81.51004658
     81.70630981
     80.87078082
     80.87078082
     80.87078082
     81.04550194
     81.04550194
     82.29369025
     82.28906672
     82.26315345
     82.26315345
     82.78132957
     82.79691152
     82.73344255
     82.73101226
     82.03776791
     82.05160872
     82.05160872
     82.46434762
     82.09238016
     82.09238016
     81.38361317
     81.78111106
     81.51084743
     81.05928478
     81.05928478
     81.59144523
     82.12690201
     82.01885602
     81.57703580
     81.57703580
     81.89483357
     80.64813410
     81.12107341
     81.08159498
     82.15759183
     81.45384693
     81.93649668
     81.72905561
     81.72905561
     82.15273454
     82.17926021
     82.17926021
     81.60889605
     82.55827156
     82.66875626
     82.58185700
     82.70275748
     82.66538152
     82.66538152
     82.42109210
     82.47687707
     82.48072507
     82.62248448
     82.65401113
     82.66759350
     82.88890997
     82.44185216
     82.44185216
     82.41167476
     82.52148523
     82.52148523
     81.22910871
     81.22910871
     81.22910871
     81.22910871
     81.61899201
     81.61899201
     81.61899201
     81.35769264
     80.76126511
     79.28852510
     77.81870787
     77.81870787
     77.75497469
     75.57894256
     77.83403484
     78.68111226
     81.09869790
     81.96918039
     82.15158715
     81.55341010
     81.99126757
     81.99126757
     81.93320127
     81.35584480
     82.31001130
     82.31001130
     82.49099791
     82.54381655
     82.61574812
     82.66020144
     80.91321005
     82.01672197
     82.01672197
     81.47923196
     81.77120892
     81.78025636
     81.87256153
     81.87256153
     82.87638031
     82.89649882
     82.83163682
     82.83479014
     82.86180412
     82.78896730
     82.78896730
     82.76328898
     82.82559507
     82.59765300
     82.59765300
     82.80280831
     82.80280831
     82.80658183
     82.80658183
     82.66091364
     82.66091364
     82.55106009
     82.55106009
     82.60205564
     82.58496175
     82.63006925
     82.73548489
     82.55843094
     82.36823152
     82.36823152
     82.69551123
     82.69551123
     82.69551123
     82.49867472
     82.74592956
     82.74592956
     82.67149377
     82.67149377
     82.67149377
     82.69412590
     82.69412590
     82.44439524
     82.76166335
     82.76166335
     82.68609758
     82.68609758
     82.45676690
     82.54125305
     82.53563143
     82.53563143
     82.50302974
     82.50302974
     82.50302974
     82.78326651
     82.78326651
     82.49326730
     82.62865522
     82.66809719
     81.90258521
     81.90258521
     81.48956588
     82.34493063
     82.42678114
     82.39384233
     82.47546578
     82.19060397
     82.13366958
     82.67693326
     82.47447652
     81.83050515
     81.97250438
     81.92395823
     81.35795742
     81.36631352
     82.47627921
     82.25191538
     82.24569188
     82.53576112
     82.37732911
     82.22920713
     82.72441295
     82.38298625
     82.42784348
     82.42784348
     82.43203946
     82.43996145
     82.43996145
     81.99342182
     82.78229456
     82.86558782
     82.75116005
     82.75116005
     82.79150971
     82.79150971
     82.79150971
     82.69457461
     82.56984149
     80.50268055
     80.50268055
     80.50268055
     78.70954961
     78.70954961
     78.70954961
     78.70954961
     78.70954961
     78.70954961
     79.47744520
     79.47744520
     79.47744520
     79.47744520
     80.31172092
     79.22469880
     79.22469880
     78.70480859
     80.51534344
     80.05567528
     77.52793918
     77.52793918
     80.57327386
     80.99336084
     80.99336084
     80.88848876
     81.11697375
     81.11697375
     81.96299427
     81.74190465
     80.93135560
     80.93135560
     78.51677276
     78.51677276
     78.51677276
     78.51677276
     81.52968042
     81.52968042
     80.74447432
     80.07993610
     80.07993610
     80.07993610
     81.14226281
     81.14226281
     77.80978517
     77.80978517
     77.92464233
     77.82535599
     75.70467970
     80.06116484
     80.47560232
     80.63995430
     81.02956804
     82.23178817
     82.23664675
     82.58225179
     82.37425379
     82.37425379
     81.92266727
     81.99870088
     81.40263104
     80.40990874
     80.79426887
     80.79426887
     81.62501622
     82.48485358
     81.93553996
     81.89182723
     82.22613591
     82.34757390
     82.49263068
     82.72901991
     82.70622015
     82.80302448
     82.90889941
     82.44683843
     82.44683843
     82.57030077
     82.58330757
     81.69546013
     81.69546013
     81.72998307
     81.75719264
     82.54862357
     82.51613117
     81.95132424
     82.64151081
     82.67354184
     82.65830583
     82.65830583
     82.05275807
     82.29236157
     81.53253866
     81.64712324
     81.64712324
     81.64712324
     81.67003069
     81.67003069
     81.67003069
     81.67003069
     81.67003069
     81.44479387
     81.98332121
     81.95652414
     82.40492103
     82.38306047
     82.38306047
     82.41977316
     82.41977316
     82.72088496
     82.72088496
     82.57840935
     82.57840935
     82.45029115
     82.17641215
     82.65740250
     82.58123237
     82.58123237
     82.33086797
     82.87319842
     82.89879725
     82.89879725
     82.89879725
     82.89724959
     82.79779354
     82.79790238
     82.77365040
     82.78264632
     82.52889550
     82.61423093
     82.58585765
     82.67842631
     82.32205197
     82.16910122
     82.35569047
     82.32247571
     82.32247571
     82.30252745
     82.51367435
     82.34592030
     82.77671494
     82.78060048
     82.78060048
     82.65793842
     82.70815057
     82.82129519
     82.86035749
     81.52452547
     82.74693419
     82.84094247
     82.84094247
     82.79161585
     82.89520451
     82.85702546
     82.55280607
     82.44780761
     82.44780761
     82.48032144
     82.48032144
     82.48032144
     82.48032144
     82.48032144
     82.70008469
     82.81812140
     82.71116613
     82.71116613
     82.68616810
     82.26607611
     82.08278112
     80.68367184
     80.73193132
     80.73193132
     82.43115858
     82.43115858
     82.43115858
     82.38390601
     82.38527301
     82.38527301
     82.52947571
     82.52059268
     82.48291541
     81.98723866
     81.94859397
     82.26470369
     82.26470369
     82.42124056
     82.74720669
     82.74720669
     82.14162602
     82.23147254
     81.95413283
     81.89244315
     81.89244315
     81.77343329
     80.11617134
     80.72443991
     80.72443991
     81.95132611
     80.91225187
     81.89034594
     81.89034594
     82.12650653
     82.71044308
     82.67829780
     82.63551749
     82.63414573
     82.80706841
     82.57276830
     82.51992188
     81.62058296
     81.62058296
     82.36678162
     82.37797106
     82.05921568
     82.05921568
     82.05921568
     82.05921568
     82.05921568
     81.54085413
     82.01284270
     82.45086619
     82.51447348
     82.24908236
     82.30582799
     82.42965666
     82.42965666
     82.42463444
     82.19730695
     82.19730695
     82.32490285
     82.37936233
     82.73417215
     82.90726710
     82.33746027
     82.48263732
     82.70071917
     82.70071917
     82.70071917
     82.70071917
     82.77296341
     82.63823724
     82.63823724
     82.77599281
     82.69567085
     82.62970161
     82.50263773
     82.74145627
     82.87143623
     82.26803781
     81.19706609
     81.22899940
     81.54842210
     81.54842210
     81.54842210
     81.54842210
     80.43908671
     80.45450651
     80.45450651
     80.45450651
     80.72031940
     80.45608423
     80.45608423
     80.24324229
     80.24324229
     81.01823084
     81.01823084
     81.01823084
     81.01823084
     80.90665689
     80.90665689
     80.90665689
     79.97653590
     79.97653590
     81.67740251
     82.18687729
     82.66589235
     82.63410303
     82.33815651
     82.33815651
     82.79189726
     82.80394360
     82.80394360
     82.42178283
     82.39502447
     81.87828068
     81.89855215
     81.70584991
     81.34147492
     82.20627963
     82.62758120
     82.79772207
     82.51271648
     82.15211439
     82.15211439
     82.59485370
     82.41184607
     82.57956152
     82.18799574
     81.47582161
     81.94536327
     81.49993197
     81.37244206
     81.37244206
     82.44610065
     82.25019885
     82.25019885
     82.46014188
     82.58431436
     82.58431436
     82.58431436
     82.58431436
     82.58431436
     82.43594667
     81.85002122
     81.76715417
     81.76715417
     81.73664312
     82.00168241
     81.07856272
     80.97641692
     80.06631008
     80.96625374
     80.90016588
     81.03107413
     81.03107413
     81.03156056
     81.26132498
     81.26132498
     80.48759851
     82.16860174
     82.40841861
     82.40841861
     82.40841861
     82.73495554
     82.73495554
     82.55668654
     82.74826641
     82.74826641
     82.74826641
     82.64769187
     82.65508069
     82.73761881
     82.73761881
     82.54873984
     82.54873984
     82.54873984
     82.65293925
     82.65293925
     82.82792732
     82.82792732
     82.48670211
     82.69468119
     82.72950812
     81.96942969
     82.33853816
     82.31537593
     82.31537593
     82.31537593
     82.05454490
     81.61682304
     82.48583594
     82.48583594
     82.48909928
     82.44363603
     81.77248024
     81.83894074
     81.78772069
     80.91175013
     79.23261812
     80.57642088
     80.43894497
     80.02113222
     80.09788161
     80.09788161
     81.37163595
     81.37163595
     81.05710388
     81.67780778
     82.72955376
     79.43739783
     81.35263788
     81.35263788
     81.62132374
     82.00997196
     82.00997196
     82.00997196
     81.75017246
     81.76386104
     81.76327918
     81.64867279
     81.64867279
     81.64867279
     81.32207253
     81.32207253
     81.32207253
     80.60285066
     81.33841865
     80.01715019
     81.42997015
     81.40192165
     81.40192165
     81.40192165
     82.76119898
     82.70733578
     82.64916644
     82.51796119
     82.53886022
     81.86575837
     81.86575837
     82.31101251
     82.31101251
     82.31101251
     82.51766634
     82.59794818
     82.75146009
     82.86006634
     82.84519977
     82.83043023
     82.86602876
     82.46894110
     81.80861461
     81.76824409
     81.51267861
     81.04358290
     81.04358290
     81.04358290
     81.04358290
     79.62949195
     79.56633856
     82.85929122
     82.73003707
     82.66463926
     82.85761225
     82.89482751
     82.87828330
     82.87828330
     82.85228420
     82.47227091
     82.47227091
     82.73912351
     82.68242617
     82.68242617
     82.64800225
     82.74898398
     82.74898398
     82.78800996
     82.78800996
     82.31926491
     81.61831900
     81.61831900
     81.61831900
     82.45439495
     82.34667749
     82.82694470
     82.80477025
     82.84668400
     82.23189474
     82.47691026
     82.52512772
     82.41134732
     82.56007380
     82.58775231
     82.58775231
     82.68131437
     82.88525403
     82.91069371
     82.90000012
     82.91199116
     82.81581632
     82.90508558
     82.42255897
     82.42255897
     82.13192434
     80.98874176
     81.11979823
     80.82744001
     80.67778901
     80.67778901
     81.33092427
     80.33834492
     80.00567188
     80.00567188
     80.00567188
     80.00567188
     81.55602419
     81.55602419
     81.55602419
     82.87986830
     82.87986830
     82.70353913
     82.90954964
     82.39180068
     82.39180068
     82.39180068
     82.65995906
     82.62602912
     82.82886943
     82.82506253
     82.89656772
     82.78753249
     82.78387597
     82.67394898
     82.65747576
     82.58035788
     82.58035788
     82.78451441
     82.78251091
     82.78251091
     82.70045788
     81.60143431
     81.83963944
     82.33692232
     82.10524805
     82.27219513
     82.27219513
     82.27219513
     82.74530974
     82.74404525
     82.56196004
     82.81155992
     82.72043279
     82.54403546
     82.54403546
     82.54403546
     82.54403546
     82.54403546
     82.59509663
     82.59509663
     82.59509663
     82.77970206
     82.66103180
     82.66103180
     82.68243706
     82.54024196
     82.54024196
     82.08740834
     82.12609488
     82.12609488
     82.18282836
     82.64740650
     82.64740650
     82.75045231
     82.52041422
     82.37160576
     82.33354367
     82.72399282
     82.72399282
     82.70537776
     82.81853579
     82.81853579
     82.89577874
     82.07226773
     82.07226773
     82.29334354
     82.47383154
     82.79392138
     82.79681415
     82.89099392
     82.45175266
     80.61974319
     80.61974319
     81.78426129
     81.24013595
     81.24013595
     77.29734054
     77.29734054
     80.43040299
     80.43040299
     81.18901283
     81.18901283
     81.18901283
     81.18901283
     81.18901283
     82.08778008
     82.60689997
     82.11320634
     82.11320634
     82.11320634
     82.16472900
     82.53000834
     82.53000834
     82.53000834
     82.53000834
     82.53000834
     82.53000834
     82.59180710
     82.51981750
     82.51981750
     82.17379328
     82.17379328
     82.65292239
     82.85835714
     82.85835714
     81.64117119
     81.64211392
     81.66351610
     81.68523473
     81.68523473
     81.68523473
     81.68523473
     81.68523473
     81.68523473
     81.68523473
     81.68523473
     81.75969553
     81.96412002
     82.46422555
     82.39393170
     82.39235551
     82.33689659
     81.91752230
     82.60651179
     82.60651179
     82.57914759
     82.02967232
     82.72433829
     82.50273860
     82.50273860
     82.50273860
     82.50273860
     81.73188448
     81.73188448
     81.83678534
     81.42429244
     80.89616024
     80.89616024
     80.89616024
     80.89616024
     81.90320400
     81.95386629
     81.95386629
     82.65884376
     82.58242781
     82.67084244
     82.46219206
     82.08875508
     82.13906609
     81.51312164
     81.51312164
     81.38306519
     80.96066477
     79.72778889
     79.72778889
     79.72778889
     79.72778889
     79.72778889
     78.43147503
     81.62264063
     82.08918484
     81.85035708
     80.35575653
     80.35575653
     80.35575653
     80.42993444
     80.32199555
     79.83671034
     81.39619569
     81.39606510
     81.16262241
     82.33766965
     82.35653283
     82.35212813
     82.42933789
     81.65884429
     81.65884429
     81.65884429
     81.79132578
     80.94769223
     80.94769223
     82.09037112
     82.26165770
     82.18149420
     82.18229612
     81.46078217
     81.46078217
     81.77443315
     81.41626861
     81.41626861
     81.26996223
     82.28601572
     80.56450694
     80.56450694
     79.05847099
     79.05847099
     81.16111433
     81.16111433
     82.45111273
     82.59344730
     81.93436074
     81.93436074
     81.93436074
     82.76276222
     82.73965412
     82.80420862
     82.75885183
     82.75885183
     82.83523730
     82.83523730
     82.88927296
     82.83592388
     82.83592388
     82.82730803
     82.91107568
     82.61202553
     82.61340264
     82.60634040
     82.60634040
     82.35098825
     81.55429277
     81.55962564
     81.07955861
     82.26346871
     82.45748327
     82.05567665
     82.77252150
     82.86960319
     82.86995877
     82.88109246
     81.80613005
     82.17141036
     81.60222797
     81.60222797
     81.98039953
     82.11064646
     82.11064646
     82.28547116
     82.15445092
     82.15445092
     82.09018451
     79.97913292
     80.92248796
     80.92248796
     82.32978740
     82.50611888
     82.38431241
     82.47720935
     82.49039202
     82.50282330
     82.50282330
     82.46958451
     82.57519623
     82.58735724
     82.22003082
     81.56805696
     81.66665194
     81.66665194
     82.41899414
     82.42117361
     82.89974039
     82.90757685
     82.90663325
     82.64105706
     81.82670736
     81.23854361
     81.01889069
     80.51241305
     81.65828475
     81.65828475
     81.71247537
     81.71247537
     81.74572707
     82.13859603
     82.03775208
     82.00154642
     82.00154642
     80.90843782
     81.55169434
     82.46709528
     82.87274949
     82.85553355
     82.85553355
     82.85553355
     82.89615978
     82.45800802
     82.12720986
     82.14091210
     82.60159890
     82.36604003
     82.71375873
     82.90127559
     82.90127559
     82.90127559
     82.90127559
     82.90127559
     82.90127559
     82.89013398
     82.29798814
     81.39452654
     80.90068036
     80.49937948
     80.21262230
     80.20885331
     80.40406467
     80.40406467
     81.61870749
     82.16060788
     82.56406765
     82.77621971
     82.84392373
     82.81988561
     82.84387768
     82.76668045
     81.95367710
     82.12997041
     82.44189545
     81.77985491
     82.44046684
     82.40482343
     82.40482343
     82.24524867
     82.24850472
     82.17570969
     82.17570969
     81.99259199
     81.84262860
     81.65500484
     81.56196212
     81.39555809
     81.39555809
     82.52197342
     82.69858657
     82.59633106
     82.39684219
     82.31718020
     82.76989576
     82.34737499
     82.58275246
     82.58275246
     82.58275246
     81.52462302
     82.47430524
     82.36929252
     82.26563107
     82.03498783
     82.03498783
     82.02240251
     82.23904019
     82.56803970
     82.58022115
     82.73707921
     82.76364546
     82.41433259
     82.39695192
     82.42479190
     82.42479190
     82.04332202
     82.83429795
     82.73513320
     82.73513320
     82.42927760
     82.41880375
     82.30149529
     82.30149529
     82.08991208
     81.72622719
     79.75910590
     81.10625374
     81.10625374
     81.70931192
     81.70931192
     81.24718114
     81.14466598
     82.49565858
     82.70715706
     82.71591904
     82.71591904
     82.71591904
     81.32092290
     81.29372969
     80.91527453
     80.91527453
     80.91527453
     80.34835203
     80.34835203
     80.34835203
     80.36375993
     81.01282023
     81.94471548
     81.63394882
     81.24879183
     82.59912489
     82.85818314
     82.85818314
     82.85818314
     82.89434405
     82.83570220
     82.82795866
     82.80936299
     82.78173358
     81.94872937
     82.62543631
     82.62543631
     82.62409414
     82.62409414
     82.62409414
     82.82856164
     82.78103780
     82.78886224
     82.78886224
     82.50893751
     82.50466299
     82.50466299
     82.50466299
     82.49948882
     82.80276895
     82.63270144
     82.89835342
     82.85450879
     82.74099620
     82.70715338
     82.34218432
     82.12087637
     82.12087637
     82.12087637
     82.54950205
     82.19838797
     82.29024029
     82.29024029
     82.63372581
     82.88484719
     82.06368898
     81.53845765
     80.43188323
     80.93206993
     80.84276458
     81.12753785
     81.12753785
     82.54552691
     82.39417188
     82.67701388
     82.71080013
     82.25437573
     82.86666281
     82.87135504
     82.69864605
     82.74259024
     82.83360911
     82.83360911
     82.83360911
     82.83360911
     82.83548577
     82.85128325
     82.85128325
     82.85128325
     82.81653235
     82.88511397
     82.76456114
     82.76456114
     82.76456114
     82.61550926
     81.79674961
     81.79674961
     81.98858012
     81.98858012
     81.98858012
     82.82599741
     82.47864565
     82.52053388
     82.52053388
     82.79717643
     82.72129582
     82.55707366
     82.68216600
     82.68216600
     82.76903732
     82.64002083
     82.64671397
     82.55980618
     82.74724519
     82.69594289
     82.32901875
     82.34337909
     81.68838806
     81.68838806
     81.76832248
     81.76832248
     82.38836836
     82.38836836
     82.38836836
     81.86801817
     82.05539475
     82.69101347
     82.84124900
     82.67186303
     82.76717655
     82.80050510
     82.72344485
     82.77343861
     82.43889261
     82.06917326
     81.92776871
     82.23340383
     82.23408291
     82.23408291
     82.67614727
     82.76377747
     82.84247948
     82.89466681
     82.75079508
     82.75079508
     82.59664335
     82.76004563
     82.74913308
     82.76267411
     82.80579532
     82.82463884
     82.41374792
     82.41374792
     82.62928684
     82.66837994
     82.79801035
     82.81701710
     82.81701710
     82.66435678
     82.66435678
     82.66435678
     82.85769461
     82.85769461
     82.79461487
     82.79461487
     82.86198669
     82.77449323
     82.77449323
     82.67323112
     82.74428021
     82.78321016
     82.09862533
     82.48333969
     82.34586072
     81.53895746
     79.99968466
     80.92663495
     79.74929337
     81.20515969
     78.68854647
     78.01840207
     78.01840207
     78.79087868
     80.04549524
     80.04549524
     80.58066730
     81.44744180
     81.44744180
     81.55539680
     81.55539680
     81.73141466
     80.28414283
     81.17956819
     81.17956819
     81.62405608
     81.62405608
     81.67436007
     81.67436007
     81.67436007
     81.97833437
     82.04015577
     82.04015577
     80.49125435
     81.39271538
     81.39271538
     81.39271538
     81.39271538
     81.58909666
     81.58909666
     81.58909666
     81.84877173
     81.89111112
     82.28935566
     82.28935566
     82.28935566
     82.69496151
     82.69496151
     82.46403024
     82.53489239
     82.77643624
     82.77643624
     82.77377668
     82.79314648
     82.56827420
     81.91742997
     82.84612901
     82.43104179
     82.42743134
     82.42743134
     82.40197917
     82.54017391
     82.54017391
     82.34434463
     82.39761965
     81.79020272
     82.36045171
     82.81543398
     82.81543398
     82.81543398
     82.24647788
     82.14433763
     82.47380936
     82.47380936
     82.25177209
     82.32577032
     82.65370223
     82.82171778
     82.82171778
     82.66104637
     82.76618826
     82.78498811
     82.76565976
     82.82993100
     82.81770984
     82.89504571
     82.89504571
     82.91032263
     82.81434721
     81.93297758
     82.39322595
     82.53096925
     81.75934018
     81.58578195
     81.58578195
     81.04297004
     80.48253019
     82.20960818
     81.67722876
     81.67722876
     80.84009054
     81.59415287
     81.59415287
     81.96845112
     81.96845112
     82.55629479
     82.64322852
     82.40208797
     82.51112568
     82.51112568
     82.51112568
     82.56768145
     82.49936754
     82.41261631
     82.33512364
     82.49061112
     82.49061112
     81.85392226
     81.40903417
     81.40903417
     81.40903417
     82.06719835
     82.06719835
     82.06719835
     82.74671564
     82.85207458
     82.71225427
     82.71225427
     82.73548610
     82.72894189
     82.72690138
     82.84378031
     82.76845634
     82.86315445
     82.86300380
     82.85875808
     82.75157360
     82.81517632
     82.77495395
     82.70984443
     82.70901231
     82.70768291
     82.18299074
     81.72605861
     81.72605861
     82.64762684
     82.51018062
     82.47934858
     81.76579971
     82.40898096
     82.39475961
     82.39475961
     82.76122919
     82.75279465
     82.75279465
     82.25930590
     82.25930590
     82.25930590
     82.02627764
     82.44179272
     82.44179272
     81.99308749
     81.85330306
     81.85330306
     81.85330306
     81.88203199
     81.88203199
     82.47332013
     82.64084003
     82.66539033
     82.44522952
     82.79317736
     82.83253341
     82.77771094
     82.77771094
     82.70571003
     82.34762601
     82.19658290
     81.98904945
     81.60301372
     82.70865479
     82.70361954
     82.70361954
     82.70361954
     82.58753140
     82.58753140
     82.80928910
     82.73660327
     82.46210952
     82.69623974
     82.76771396
     82.76771396
     81.32311781
     81.32311781
     81.32311781
     81.32311781
     81.13274219
     81.83951217
     81.44219395
     81.44219395
     81.23088796
     81.63291539
     81.79588125
     81.27572384
     81.26055210
     80.42879741
     80.42879741
     80.64292797
     80.64292797
     80.64292797
     80.64292797
     82.17567830
     81.80808484
     81.39225846
     81.18533002
     81.60547543
     80.15023186
     80.15023186
     80.07932983
     80.07932983
     80.51974363
     80.96447810
     81.52399009
     81.52399009
     82.42067497
     82.26725403
     82.30805737
     82.31049040
     82.40450969
     82.24401855
     82.28337380
     82.51323214
     82.48524023
     82.44484747
     81.91073774
     81.93596135
     81.94619286
     81.94619286
     81.94619286
     82.12983933
     81.21757866
     81.22296217
     80.43078186
     80.43078186
     81.59912796
     82.27063812
     82.27165904
     82.54078483
     82.42837788
     82.48764858
     82.48764858
     82.47580311
     82.29262844
     82.22283181
     82.22283181
     82.70534274
     82.73647979
     82.81336268
     82.81336268
     82.29725278
     82.29725278
     82.39878520
     82.10795724
     82.32425710
     82.32425710
     82.66561121
     82.66474718
     82.74412299
     82.74412299
     82.72000141
     82.89538872
     82.71382732
     82.68014814
     82.69928447
     82.43554120
     82.33447158
     82.33447158
     82.34696166
     82.34696166
     82.34696166
     82.34696166
     82.34696166
     82.34696166
     82.34696166
     82.34696166
     82.34696166
     82.34696166
     82.34696166
     82.34696166
     82.34696166
     82.34696166
     82.34696166
     82.34696166
     82.34696166
     82.78474155
     82.85408938
     82.79810310
     82.25414334
     82.25414334
     82.74062291
     82.68095521
     82.73142553
     82.80720864
     82.47583133
     82.47583133
     81.64320838
     81.02869642
     81.02869642
     81.02869642
     81.44015623
     80.82445763
     81.34269651
     81.34269651
     81.82646311
     81.48383559
     81.52287905
     81.52287905
     81.29356653
     79.54269892
     79.44147619
     77.83682015
     76.99614881
     76.99614881
     75.90373784
     75.90373784
     76.71725246
     77.26928316
     78.23792988
     78.23792988
     78.23792988
     77.70131436
     77.70131436
     77.70131436
     77.70131436
     77.70131436
     77.70131436
     75.67114392
     75.67114392
     75.67114392
     78.48184073
     78.47787382
     78.13992243
     81.37855199
     81.59550831
     81.65358163
     81.70293157
     80.80025392
     79.36121611
     79.36121611
     80.52405853
     81.43010166
     81.43010166
     80.87328585
     80.00872546
     81.85348123
     80.96433375
     82.38181754
     82.51231920
     82.31323428
     82.72790535
     82.81064992
     82.65858997
     82.65858997
     82.65858997
     82.47678321
     82.47678321
     82.47678321
     81.79075630
     82.12128937
     82.90803912
     82.90570060
     82.64462721
     82.65609564
     82.45242956
     82.38141991
     82.41148166
     82.13145839
     82.13145839
     82.60420073
     81.67064695
     81.78509750
     82.15582610
     82.23332086
     81.39353191
     81.59783239
     81.61597331
     82.89410229
     82.89410229
     82.82978622
     82.82538605
     82.78507097
     82.78507097
     82.78507097
     82.68768848
     82.68768848
     82.68768848
     82.68768848
     82.49347113
     82.49347113
     81.84635722
     82.76909600
     82.63577273
     82.49098011
     82.49352248
     82.75954861
     82.62458956
     82.74072860
     82.70316423
     82.86083928
     82.77802781
     82.39195147
     82.39698158
     82.16825425
     82.08160325
     81.76115687
     81.59880470
     81.70236342
     81.70236342
     81.70236342
     81.70236342
     81.37238806
     82.47092385
     82.09573148
     82.09573148
     82.27679682
     82.27679682
     82.66938586
     82.66938586
     82.66938586
     82.66938586
     82.66938586
     82.66938586
     82.54815988
     82.28463842
     82.25569861
     82.74008737
     82.62097759
     82.59358728
     82.63290300
     82.42823964
     82.42823964
     82.40298448
     82.40298448
     81.91420600
     81.72655281
     82.74954610
     82.50999601
     82.61613611
     82.62693199
     82.59616072
     82.47535226
     82.47535226
     82.70670163
     82.70950398
     82.70950398
     82.63670626
     82.63670626
     82.40750795
     82.45174563
     82.46116843
     82.07242900
     80.87936527
     82.81862270
     82.82859481
     82.81021259
     82.83947997
     82.83981978
     82.81971064
     82.81971064
     82.81971064
     82.81971064
     82.81971064
     82.51004577
     82.71031332
     82.33297804
     82.26725894
     82.34048931
     82.14737126
     82.21562529
     82.03092480
     81.73414380
     80.98185971
     80.75192578
     80.75192578
     80.86113922
     81.47890283
     81.73306331
     81.46611641
     80.74312575
     80.04665583
     79.67284983
     81.21276107
     78.34032017
     78.34032017
     79.89082587
     80.23313045
     80.99595666
     81.71432057
     81.71432057
     81.60260420
     81.41706928
     82.39916123
     82.29512231
     82.29512231
     82.08331511
     82.71565927
     82.83649908
     81.82687539
     81.87484957
     82.10415396
     81.51493478
     82.31033203
     81.68370604
     81.31887231
     81.31887231
     80.15262762
     80.35186397
     80.12439484
     80.12439484
     80.12439484
     80.12439484
     82.20868413
     82.20868413
     82.50072476
     82.50072476
     82.29399743
     81.86797168
     81.86797168
     81.86797168
     82.89445773
     82.90443521
     82.78309803
     82.03853302
     82.27823278
     81.42039831
     82.04732784
     82.81852731
     81.87717676
     82.02935579
     81.35987657
     81.35987657
     81.92239812
     82.06628225
     82.86639678
     82.86611154
     82.75812088
     82.70032189
     82.64082980
     81.00990310
     81.18540528
     81.39216808
     81.39216808
     81.34162827
     81.50129282
     82.59171985
     82.28150542
     82.18103245
     82.18103245
     82.87759636
     82.82113685
     82.68044571
     82.82732429
     82.75426091
     82.80575053
     82.85223724
     82.87263470
     82.83717249
     82.45174955
     82.45174955
     82.45174955
     82.48005936
     82.71275543
     82.70837702
     82.70837702
     82.82702368
     82.82655736
     82.83730429
     82.83015207
     82.83003697
     82.68185503
     82.66811175
     82.77745160
     82.77590675
     82.77590675
     82.76388157
     81.80101280
     81.77854901
     81.77854901
     81.97233309
     82.15404276
     81.80925012
     82.39872291
     82.12536053
     82.12834773
     81.23273998
     81.23273998
     81.23304473
     82.57590386
     80.72656877
     80.81822625
     80.81822625
     80.81822625
     81.83149841
     82.64629086
     82.20340257
