     92.03480677
     91.64812022
     91.64812022
     92.46638273
     92.36404001
     92.46173190
     92.46173190
     92.62894752
     92.63993135
     92.65055831
     92.62892321
     92.62652574
     92.81308926
     92.83799765
     92.83799765
     92.83568742
     92.55073719
     92.43056499
     92.39350835
     92.54885532
     92.53280933
     92.33243616
     92.56337696
     92.37329328
     92.82193949
     92.75078235
     92.73276307
     92.74504081
     92.77184432
     92.77184432
     92.65899781
     92.76219409
     92.73663010
     92.75079820
     92.56422019
     92.69089505
     92.18800613
     92.21335580
     90.51154374
     90.78122006
     90.78122006
     90.84995571
     90.84995571
     90.51527839
     90.51527839
     90.64343745
     90.64343745
     90.64343745
     91.38966173
     91.53081533
     91.87433946
     91.87433946
     92.59436228
     92.62362333
     92.46895046
     91.58777056
     91.68599435
     91.57811068
     91.57811068
     91.57811068
     91.57811068
     90.92482272
     91.74190502
     91.74190502
     91.74190502
     91.74190502
     91.53089492
     91.53089492
     90.63177252
     90.63177252
     91.56871695
     91.56871695
     91.77913784
     91.70682132
     90.75215763
     90.75215763
     90.75215763
     91.27408261
     92.42532475
     92.42532475
     92.68251329
     92.68251329
     92.51669870
     92.51669870
     92.55218835
     92.48012964
     92.58779703
     92.35468284
     91.49673574
     92.06848124
     92.06848124
     92.06848124
     91.91791370
     91.91791370
     92.44791261
     92.22027863
     91.06107930
     91.38046652
     91.41733941
     91.41733941
     91.80656460
     91.75009289
     91.61804908
     91.61804908
     91.63703727
     91.63703727
     91.69693236
     91.69693236
     91.86988569
     91.86988569
     91.81806607
     92.42569023
     92.50608408
     92.68366730
     92.66733123
     92.62602552
     92.81069893
     92.81069893
     92.81069893
     92.81069893
     92.81069893
     92.79161014
     92.06222919
     91.77057360
     91.77057360
     91.77057360
     91.77057360
     92.38930172
     92.50038912
     92.50038912
     92.78417830
     92.80530562
     92.78691539
     92.29761264
     92.29761264
     92.29761264
     92.50987228
     92.71797193
     92.71797193
     92.71392717
     92.71392717
     92.78389755
     92.78389755
     92.76741489
     92.76741489
     92.28086082
     92.32756241
     92.32756241
     92.68280461
     92.23174943
     89.64665028
     89.89646670
     87.97416394
     90.74740342
     91.38368136
     91.18594068
     91.54847979
     91.62742980
     91.86253758
     91.86542366
     91.86542366
     92.10122291
     91.96517506
     91.67081375
     91.67081375
     91.51423934
     91.56690349
     91.88982070
     90.94461554
     90.15435186
     90.15435186
     90.15435186
     90.02314609
     90.02314609
     90.02314609
     92.04855850
     92.04855850
     92.04855850
     92.16972817
     92.02218428
     92.64755423
     92.63247592
     92.63247592
     92.47593157
     92.43785907
     92.43900949
     92.57084625
     92.57084625
     92.40006641
     92.35274272
     92.42138005
     92.42220875
     92.20647624
     91.71118443
     91.58656044
     91.16255739
     91.76384081
     91.76384081
     91.76384081
     91.70632244
     92.48929440
     92.54405536
     92.35274061
     92.37795338
     92.69152183
     92.66711872
     92.78855488
     92.13900561
     92.01131602
     92.01131602
     92.01131602
     92.27817030
     92.19324229
     92.46490662
     92.05932164
     92.77511644
     92.77511644
     92.70664886
     92.56702514
     92.46144329
     92.70772613
     92.70772613
     92.72493470
     92.41369615
     92.51113136
     92.40077649
     92.40077649
     92.40077649
     92.59919618
     92.55686678
     92.55686678
     92.09798309
     91.80411570
     91.40395555
     92.49814478
     91.75107882
     91.78383827
     91.78383827
     91.96206125
     92.66247065
     92.66247065
     92.70187897
     92.71504153
     92.31752961
     92.31752961
     92.68976819
     92.81620207
     92.82359644
     91.84056106
     91.84056106
     92.81214316
     92.74333046
     92.74333046
     92.74393058
     92.64794888
     92.13947296
     92.28220982
     91.38439845
     91.38439845
     91.38439845
     91.60300792
     91.82142623
     92.20993357
     92.20993357
     92.20993357
     92.32476007
     92.50116528
     92.56798845
     92.64873662
     92.64873662
     92.43094738
     92.43094738
     92.46859602
     92.28705417
     92.28705417
     92.49581238
     92.49581238
     92.05477617
     91.98805758
     92.17634990
     92.39605397
     92.39605397
     92.39605397
     92.17235745
     91.47422955
     91.51100936
     91.51100936
     91.51100936
     92.23209703
     91.91582600
     91.91582600
     91.91582600
     91.96687740
     91.84170250
     91.84170250
     91.84170250
     92.57382769
     92.76310807
     92.71170015
     92.71719559
     92.21715639
     92.52823371
     91.58539107
     91.58539107
     92.48265619
     92.48265619
     92.48265619
     92.17855185
     92.17855185
     92.17855185
     92.76806662
     92.78013789
     92.74818762
     91.52019183
     92.13656512
     92.46531197
     92.31747705
     92.41525253
     92.39710336
     91.90052299
     91.76278026
     92.43623308
     92.43623308
     92.43623308
     92.43623308
     92.43623308
     92.48650056
     90.86840355
     90.86840355
     90.57369914
     90.57369914
     90.57369914
     90.57369914
     90.40359245
     90.40359245
     91.07591067
     91.07591067
     90.31797543
     92.44038705
     92.49202139
     92.28888490
     91.80865966
     92.47417379
     92.50464208
     92.46453610
     92.46453610
     92.32497375
     92.44979350
     92.44979350
     92.69717896
     92.12820336
     92.11905964
     92.06297777
     92.06297777
     92.39007014
     92.42322583
     92.40373089
     92.40373089
     92.46330547
     92.80549294
     92.81286568
     92.12368177
     91.08852286
     91.08852286
     90.74939739
     91.14461172
     92.11353351
     92.11353351
     91.90743916
     91.90743916
     91.32486619
     91.26488846
     91.26488846
     91.47135401
     91.97998526
     91.97998526
     90.64677797
     90.64677797
     90.64677797
     90.64677797
     91.18446504
     91.32649477
     91.90796666
     91.90796666
     91.89903268
     91.99332064
     91.91550617
     92.43392648
     92.29226708
     92.09709074
     92.52127209
     92.69324212
     92.34215973
     92.34215973
     92.11891610
     92.56243779
     92.25220982
     92.25220982
     88.42178856
     90.92644813
     88.12361802
     88.12361802
     89.30448937
     86.29227951
     86.91741998
     86.91741998
     86.91741998
     87.47990315
     87.47990315
     89.83657900
     90.08155882
     90.08155882
     90.08155882
     90.08155882
     88.32703663
     88.32703663
     88.32703663
     89.51523378
     88.50456530
     88.64637465
     88.64637465
     88.64637465
     88.64637465
     89.35943513
     89.34718877
     90.66213798
     90.30408233
     90.30408233
     90.30408233
     90.81528416
     91.16282431
     91.16282431
     91.47141217
     91.82335930
     92.25549367
     92.25549367
     92.25549367
     92.55419772
     92.15834082
     92.05782878
     92.05782878
     92.32600165
     92.32600165
     92.04159217
     92.04159217
     92.04159217
     92.07515033
     92.07515033
     92.07515033
     92.17790305
     90.37645065
     90.37645065
     90.37645065
     90.37645065
     90.37645065
     91.64168487
     89.84900281
     89.93226725
     89.93226725
     90.42545522
     90.42545522
     90.42545522
     90.42545522
     91.37221065
     91.37221065
     91.15409482
     92.71864581
     92.71864581
     92.71618624
     91.90839219
     91.88207285
     92.24097062
     92.24082919
     91.78969359
     91.71708261
     92.13677958
     92.65599864
     92.10026148
     92.67606856
     92.68872939
     92.74100867
     92.74100867
     92.76684001
     92.63447792
     92.64611589
     92.75285857
     92.45075878
     92.32715992
     92.32715992
     92.02882338
     92.10769195
     92.05017058
     92.19189296
     92.22613791
     91.70601376
     91.60102390
     91.60102390
     91.60102390
     92.52797083
     92.52797083
     92.36279461
     92.36279461
     91.64414305
     91.64414305
     91.64414305
     92.32856785
     91.83327069
     91.70774291
     92.36450283
     92.38858239
     92.06747794
     92.35548458
     92.36963055
     91.76806917
     89.96835676
     87.68026948
     87.68026948
     87.68026948
     87.68026948
     90.69563210
     90.69563210
     90.69563210
     90.75287454
     91.87434736
     91.87986686
     91.65495304
     92.26830276
     92.26830276
     92.24775793
     92.24775793
     91.48299753
     92.56557393
     92.00463008
     91.91862726
     91.91862726
     91.91862726
     91.91862726
     92.28826670
     91.63724795
     90.33349624
     90.33349624
     90.84530231
     91.06041352
     91.81203805
     92.70206480
     91.82149500
     91.82149500
     91.48216511
     91.57017242
     90.74696011
     92.51922175
     92.51922175
     92.23947273
     92.29960990
     92.29696783
     92.29696783
     92.42092337
     92.59581777
     91.93736740
     91.93736740
     92.82405777
     92.80296230
     92.83460403
     92.83460403
     92.76114671
     92.78028111
     92.78028111
     92.78028111
     92.70873652
     92.70873652
     92.70873652
     92.64213890
     92.64213890
     92.64213890
     92.64646509
     92.40533592
     92.70813784
     92.70813784
     92.65389720
     92.82891059
     92.82891059
     92.09117668
     92.72301960
     92.67839143
     92.78100228
     92.78100228
     92.61988963
     92.51410446
     92.58140870
     92.58293557
     92.74937892
     91.71227501
     91.38658363
     91.69724195
     92.25684635
     92.35848658
     91.95699200
     91.95699200
     91.95699200
     92.66947083
     92.16789076
     92.53006945
     92.18181627
     91.66595788
     91.66595788
     91.66595788
     91.66595788
     91.66595788
     91.66595788
     91.66595788
     91.95309430
     92.28314097
     92.42471716
     92.44000728
     92.44000728
     91.42355951
     91.42355951
     91.42355951
     91.42355951
     91.42355951
     92.01260710
     91.14986749
     91.14986749
     91.74094095
     91.38318592
     92.39143205
     92.37929810
     92.37929810
     92.07848980
     92.09987302
     91.91674940
     92.53009791
     92.55254240
     92.50761008
     92.45494173
     92.49411634
     92.49411634
     92.60843177
     92.60843177
     92.60843177
     92.71724317
     92.74551007
     92.26500521
     91.35406938
     92.08478778
     91.58584147
     91.58584147
     91.76817410
     91.76817410
     90.76739507
     92.49029314
     92.49029314
     92.49029314
     92.48581453
     92.57774986
     92.66794600
     92.74912808
     92.57687730
     92.43091236
     92.21765009
     92.21765009
     91.79952377
     91.79952377
     91.79952377
     91.93635380
     91.93635380
     91.93635380
     91.88288887
     92.31034448
     92.18176300
     92.18176300
     92.16900460
     92.17639160
     92.17639160
     92.33680624
     92.18157898
     91.29642565
     90.44133927
     90.44133927
     92.23973596
     92.32634604
     92.32634604
     92.32634604
     92.32634604
     92.50424324
     92.50424324
     92.45144196
     92.45144196
     92.65126341
     92.20840786
     92.20840786
     92.38457794
     91.89274297
     91.89274297
     92.30081753
     91.97471931
     92.01734134
     92.01734134
     91.26162473
     89.76812152
     92.20297063
     92.20297063
     92.20297063
     92.20748001
     92.20748001
     91.58316878
     91.00391856
     92.37553775
     92.38891180
     92.48789410
     92.49131001
     92.40849943
     91.85605258
     91.85605258
     91.85605258
     91.81028116
     92.35902900
     92.36831925
     92.32181152
     92.40151837
     92.50028172
     89.70751785
     89.70751785
     89.70751785
     89.70751785
     89.70751785
     89.70751785
     89.70751785
     89.00637291
     89.00637291
     87.23483796
     87.23483796
     87.23483796
     87.23483796
     88.96318036
     88.96318036
     91.29579534
     90.44432440
     90.44432440
     90.48522640
     90.48139292
     90.48139292
     89.06206167
     89.01074154
     91.54542451
     92.51090598
     92.51090598
     92.65739454
     92.16402667
     91.76890183
     89.77671190
     89.77671190
     90.73130184
     91.76656673
     92.71668039
     92.68826464
     92.68826464
     92.71925524
     92.69961482
     92.75980202
     92.75980202
     92.54823398
     92.74429972
     92.83167090
     92.83167090
     91.86351117
     92.67985561
     92.78785851
     92.78785851
     92.78870082
     92.15701828
     92.47253860
     92.46731845
     92.09621127
     91.93873056
     92.00066802
     90.95074805
     92.23212157
     92.41747560
     92.41747560
     92.55813864
     92.62368490
     92.62368490
     92.39548691
     92.29526990
     92.49202403
     92.80864944
     92.27878075
     92.28439843
     92.41507780
     92.48658250
     92.48658250
     92.48658250
     92.41246307
     92.49448227
     91.64033927
     91.64033927
     91.67097579
     92.16127580
     92.16127580
     92.57376087
     92.59767705
     92.60014727
     92.78775672
     92.58706929
     92.55638489
     92.29936452
     92.36685904
     92.29253416
     92.29253416
     91.68298221
     92.25726186
     91.45593127
     91.67783934
     92.22643884
     91.99227401
     92.06136869
     91.94251103
     91.94251103
     91.94251103
     92.63266855
     92.64299419
     92.63268076
     92.68291961
     92.54616210
     92.65768365
     92.60123130
     92.60123130
     92.46704984
     92.67911252
     91.73070515
     92.00979823
     91.96307343
     91.91125928
     91.63739635
     91.69850159
     92.16226823
     92.30394550
     92.56709883
     92.52988558
     92.59260864
     92.59260864
     92.71340755
     92.71340755
     92.35519830
     92.29977685
     92.29168189
     91.24305518
     91.24305518
     91.24305518
     90.04552584
     90.90149858
     90.61614619
     91.11266385
     91.11266385
     92.76217689
     92.43282699
     91.77852715
     91.77852715
     91.94703663
     91.94703663
     91.94703663
     91.94703663
     91.94703663
     92.51326138
     92.51326138
     92.51326138
     92.61072728
     92.61072728
     92.61072728
     92.61072728
     92.24110321
     92.24110321
     90.86763977
     87.49250285
     87.49250285
     90.19330583
     90.99594518
     91.86079061
     90.76363885
     91.01498059
     91.01498059
     91.01498059
     91.01498059
     92.42534716
     92.47478725
     92.73809681
     92.43120161
     92.28728910
     92.63072961
     92.61492327
     92.61492327
     92.48742902
     92.34026595
     92.19137096
     91.98291822
     91.98291822
     92.57268661
     92.57268661
     92.30669990
     92.09364132
     92.17266253
     92.17266253
     92.26352985
     92.26352985
     92.26352985
     92.33662860
     92.36699496
     92.37021690
     92.37021690
     92.37021690
     92.73578785
     92.44384873
     92.25924869
     92.25924869
     90.63281166
     91.06437889
     91.06437889
     90.84308102
     90.84308102
     90.84308102
     90.92261857
     91.68673093
     91.47938631
     92.64650893
     92.65211400
     92.68047607
     92.19374167
     92.31470031
     91.90433778
     91.90433778
     92.03964815
     92.03486248
     92.52909818
     92.57796425
     92.57796425
     92.57796425
     92.61999487
     92.69206123
     92.77965340
     92.40517404
     92.65961664
     92.58709753
     92.60122545
     92.06009395
     91.52386035
     91.90659308
     91.91659329
     91.91659329
     91.91659329
     92.63569157
     92.63569157
     92.63569157
     92.67577455
     92.24361625
     92.01670082
     92.26405619
     92.32395898
     92.32395898
     92.32395898
     92.19207457
     91.85953912
     92.41977744
     92.24394015
     92.50201515
     92.50201515
     92.50201515
     92.50201515
     92.48494287
     92.25311889
     92.63030850
     92.73786892
     92.66279730
     92.66279730
     92.70323034
     92.73751557
     92.43769871
     92.45631578
     92.45631578
     92.64579725
     92.64503350
     92.82685700
     92.80355448
     92.80355448
     92.78992587
     92.75682894
     92.74684479
     92.84106835
     92.76014927
     92.77169731
     92.53748784
     92.38146444
     92.37006095
     91.55065416
     91.54744118
     91.54744118
     90.06806067
     90.06806067
     90.06806067
     90.06806067
     90.73263065
     91.01241295
     91.01241295
     90.28734859
     90.28734859
     92.19685127
     92.49984497
     92.49984497
     92.48887551
     92.48887551
     92.32542836
     92.32542836
     91.81887459
     92.31445808
     91.53664571
     91.46892236
     91.38403246
     91.38403246
     91.07331457
     90.40028515
     90.40028515
     90.40028515
     90.40028515
     90.40028515
     91.15520753
     90.03748237
     90.03748237
     90.03748237
     90.03748237
     90.03748237
     91.49274332
     92.51806649
     92.51806649
     92.51806649
     92.26759917
     92.70210557
     92.70210557
     92.80340174
     92.67821971
     92.78878176
     92.78091966
     92.78977613
     92.52816426
     92.83111495
     92.83111495
     92.83111495
     92.34113285
     92.34113285
     92.34113285
     92.81138227
     92.61666146
     91.37295779
     92.08507666
     92.28128703
     92.17967733
     92.17967733
     91.42587861
     91.42587861
     91.84334204
     91.84334204
     91.84334204
     92.24968863
     92.13926230
     91.17813433
     91.17813433
     92.43237292
     92.10712220
     92.10712220
     92.10712220
     92.10712220
     92.09997229
     91.99796453
     91.99796453
     92.10633987
     92.51971978
     92.72981629
     92.77121661
     92.77121661
     92.77121661
     92.47887715
     92.05360694
     92.48777136
     92.25519903
     92.15767927
     91.74151759
     91.74151759
     91.90785550
     90.73942458
     90.77234663
     90.42886613
     90.72165687
     92.27748101
     92.40074222
     92.39907506
     92.44924702
     92.45422840
     92.47843899
     92.40308141
     92.48382893
     92.72791363
     92.15297271
     91.85825410
     91.85825410
     91.85825410
     92.10010458
     92.47390540
     92.47390540
     92.53489221
     92.65776527
     92.65776527
     92.63826519
     92.16211679
     92.43615568
     92.06032976
     92.57124930
     92.42343765
     92.32652443
     92.32652443
     92.31590909
     92.46007231
     92.71812451
     92.64168089
     92.60672365
     92.17478164
     92.20089160
     92.20089160
     92.46640350
     92.68004012
     92.70912121
     92.50802146
     92.47785759
     92.24079600
     89.95545255
     89.95545255
     89.95545255
     91.35175416
     91.35175416
     91.35175416
     91.59223775
     92.48184938
     92.45412185
     92.12456848
     91.19743609
     91.19743609
     91.33875449
     91.33875449
     92.10678984
     92.10678984
     92.10678984
     92.10678984
     92.60169831
     92.60169831
     92.09554982
     92.13609984
     91.99386799
     92.15308929
     92.32537478
     92.29820394
     91.68821617
     92.09124570
     91.83785495
     91.83785495
     91.82948128
     92.32284077
     92.49385810
     92.49385810
     92.73855835
     92.73167433
     92.46608060
     92.37806303
     92.20916758
     92.41907491
     92.50937945
     91.94998794
     91.65754556
     91.86721141
     91.86721141
     92.23852427
     92.23852427
     92.33174178
     92.25814511
     91.80072828
     92.06513972
     92.06513972
     92.06513972
     92.66849513
     92.52141789
     92.45166842
     92.77568346
     92.77568346
     92.68904051
     91.50084011
     91.59970202
     91.59970202
     91.59970202
     91.59970202
     92.73903098
     92.76040081
     92.76040081
     92.57704467
     92.71741116
     92.78362979
     92.78362979
     92.78926166
     92.57114862
     92.26240531
     92.56727517
     92.24883934
     92.24883934
     91.25244377
     90.52715744
     90.52715744
     90.52715744
     90.52715744
     90.52715744
     92.31331799
     91.94250692
     91.94250692
     92.74214170
     92.22790926
     91.21312528
     91.14793645
     91.14793645
     91.14793645
     91.14793645
     91.68783879
     92.25002282
     92.25002282
     92.45469315
     92.45469315
     92.77851755
     92.76334974
     92.52134346
     92.52134346
     92.56422344
     92.56422344
     92.56422344
     92.56422344
     92.61397165
     92.65552864
     92.78697186
     92.35299400
     92.35299400
     91.10668951
     90.77723563
     91.61333025
     91.45575744
     90.83041306
     90.13636872
     90.65926136
     91.15377137
     91.40777701
     92.01370240
     91.33514686
     91.62603297
     91.62603297
     91.62603297
     91.55668811
     91.55668811
     91.84949879
     91.84949879
     91.53529755
     90.22064890
     92.82503020
     92.82503020
     92.65220590
     92.83803056
     91.64087919
     91.59463262
     91.59463262
     91.59463262
     91.59463262
     91.51213942
     92.66942043
     91.38457398
     91.00493297
     91.00493297
     91.30502681
     91.30502681
     92.81646963
     91.51701561
     92.11119476
     91.97512002
     91.97512002
     92.50296828
     92.47897128
     92.60980609
     92.60980609
     92.49463013
     92.52010690
     92.26300161
     92.26300161
     92.57989329
     92.66951007
     92.25301028
     92.41186557
     92.43553746
     92.54889877
     92.73482517
     92.73482517
     90.25299042
     91.40477854
     91.40477854
     91.92112914
     91.92112914
     91.21333755
     91.21333755
     91.60077421
     90.73859344
     90.73859344
     90.73859344
     92.58554857
     92.60237399
     92.74637761
     92.77019606
     92.59420656
     91.44894571
     91.44894571
     92.74931382
     92.75368895
     92.75691659
     92.72490142
     92.45935819
     92.73902502
     92.81395666
     92.81395666
     92.26549183
     92.17184136
     92.17184136
     91.44645695
     91.44645695
     91.44645695
     91.64365391
     92.30806134
     92.37933161
     92.30713573
     92.52607303
     92.29408421
     92.29408421
     92.73287711
     92.56025735
     92.63564740
     92.58545491
     91.37203135
     92.31898628
     92.25841638
     92.25841638
     91.96926607
     91.77149998
     92.38417218
     88.93883313
     91.52971784
     92.27015453
     92.27015453
     92.27015453
     92.27015453
     92.62779597
     92.62779597
     92.14406666
     91.52258025
     92.11459041
     92.11459041
     92.01758143
     91.93837281
     92.14783525
     92.34755904
     92.49046226
     92.60741139
     92.59865395
     92.62574907
     92.48779583
     92.48779583
     91.46743144
     91.27395515
     91.28763518
     91.28763518
     91.28763518
     91.91974412
     91.91974412
     91.91974412
     91.91974412
     92.19196601
     91.27156037
     91.27156037
     91.27156037
     91.27156037
     91.52208032
     91.52208032
     91.52208032
     91.52208032
     92.09333543
     91.41867225
     91.41867225
     91.41867225
     91.41867225
     91.43419383
     91.43419383
     91.43419383
     92.57526073
     92.65033033
     89.53798210
     89.53798210
     89.53798210
     89.53798210
     89.53798210
     89.19646868
     90.04738047
     90.04738047
     90.04738047
     89.85820687
     89.85820687
     90.58058712
     90.58058712
     90.58058712
     91.89908535
     91.89067364
     91.56686679
     91.56686679
     91.56686679
     92.22578035
     92.22578035
     92.22578035
     92.44322724
     92.45506004
     92.48722881
     92.56939138
     92.55886237
     92.38637485
     92.55653240
     92.59141100
     92.59141100
     92.79385647
     92.74858168
     92.74858168
     92.74155842
     92.83287088
     92.83287088
     92.77132372
     92.44211874
     92.46711866
     92.39526413
     92.47303592
     92.38586212
     92.71592160
     92.71592160
     92.28532353
     92.66016417
     92.66016417
     92.44664932
     92.44664932
     92.66855706
     92.66855706
     92.76673868
     92.76673868
     92.76673868
     92.75274086
     92.78050753
     92.79040895
     92.79040895
     92.60855291
     92.62178262
     92.56905301
     92.72528783
     92.72725222
     92.43512395
     92.17680101
     92.17680101
     92.17680101
     92.39325861
     92.78647752
     92.78823013
     92.78945849
     92.80613464
     92.80613464
     92.80613464
     92.69821355
     92.50292018
     92.49508260
     92.54238164
     92.54238164
     92.40524089
     90.96524474
     90.96524474
     89.97271020
     88.50745247
     91.61988357
     91.55100384
     91.55100384
     92.11549437
     92.70072206
     92.81589146
     92.52492151
     92.30228144
     92.30228144
     92.09774599
     92.09774599
     91.74260174
     92.24692786
     92.24692786
     90.53011628
     92.59132542
     92.37070162
     92.49935248
     92.13914426
     92.13914426
     92.07825677
     92.35375773
     91.85320942
     90.80589734
     91.92315291
     92.13368037
     92.13368037
     92.30841178
     92.69357170
     92.69363154
     92.69743272
     92.34770708
     92.68900509
     92.68900509
     92.70959551
     92.30843136
     92.30843136
     92.30843136
     92.30843136
     92.51900806
     92.51900806
     92.51900806
     92.51917320
     92.40480632
     92.45626316
     92.25894795
     92.08024913
     92.08024913
     91.16824514
     91.16824514
     89.68130234
     90.98318766
     91.66150342
     90.04347610
     90.04347610
     88.75233506
     91.55817998
     91.55817998
     91.55817998
     91.38608848
     91.38608848
     91.38608848
     91.19362803
     92.55040654
     91.83373786
     92.16316077
     91.53064491
     92.02284849
     92.02211835
     92.02211835
     92.02211835
     91.42145377
     91.84389062
     92.40753130
     92.68822141
     92.70823994
     92.75151651
     92.74710688
     92.54986795
     92.63525712
     92.15093070
     92.53283324
     92.42427556
     91.95329015
     91.95329015
     92.05830461
     92.43494465
     92.70180603
     92.26965016
     92.77817992
     92.76601150
     92.79576106
     92.41222342
     92.50112330
     92.76055097
     92.27835513
     92.09519454
     91.75266305
     91.53027114
     90.62349997
     90.69129725
     92.10093254
     92.27396570
     92.15662955
     91.90048280
     91.93379690
     91.95740350
     92.41227688
     92.35959818
     92.52594131
     92.52594131
     92.42621870
     92.62240713
     92.62240713
     92.62240713
     91.22929649
     92.58220295
     92.74676087
     92.70328741
     92.67303991
     92.82336043
     92.79941191
     92.79941191
     92.08995139
     92.22620339
     92.22620339
     92.24882268
     91.93283929
     92.25914557
     92.00215939
     92.15010838
     92.22994858
     92.81795756
     92.79761723
     92.81637516
     92.48900360
     91.69807469
     91.69807469
     92.00187174
     91.30923168
     91.84289176
     91.84289176
     92.36449422
     92.03665623
     91.36775155
     91.36775155
     91.20172003
     91.20172003
     91.20172003
     92.06398771
     92.02288285
     91.36898694
     90.92089613
     90.92089613
     90.92089613
     90.92089613
     91.25722506
     91.55250974
     92.51639049
     91.36698802
     92.00135172
     92.00135172
     92.63846963
     91.95217374
     92.37426549
     92.55422296
     92.55422296
     92.64830084
     92.64830084
     92.17786251
     92.17786251
     92.03939053
     91.15504118
     91.37182228
     91.66249481
     91.66249481
     91.66249481
     91.66249481
     90.98557167
     90.98557167
     90.98557167
     90.98557167
     91.03247434
     90.90548911
     90.90548911
     90.47216201
     88.01063463
     85.65104014
     85.05021162
     88.41770123
     88.41770123
     88.41770123
     86.33941558
     86.33941558
     86.33941558
     89.04123319
     89.91076354
     90.93369103
     92.21637079
     92.21637079
     92.21637079
     92.52721347
     92.48169345
     92.50294274
     92.25787677
     92.25787677
     91.84288783
     92.01353433
     92.01353433
     92.01353433
     91.19881260
     92.51993801
     92.51993801
     92.51993801
     92.23098842
     92.30619677
     91.73514056
     91.73514056
     91.73514056
     91.73514056
     91.73514056
     92.60893758
     92.63669610
     92.55221078
     92.57030956
     92.45918423
     92.45918423
     92.45918423
     92.45918423
     92.48049968
     92.59599049
     92.59699497
     92.59699497
     92.71901517
     91.91457545
     89.80519079
     89.80519079
     89.80519079
     90.39624730
     90.39624730
     91.08067379
     91.08067379
     89.94920801
     89.95192540
     87.65901149
     87.65901149
     87.77999998
     89.13410530
     89.13410530
     89.13410530
     89.13410530
     91.38104243
     91.40474944
     90.94131716
     90.94131716
     90.07446551
     90.07446551
     90.07446551
     91.50523366
     91.50523366
     91.27005253
     92.14358771
     91.74454769
     91.66465770
     91.66465770
     92.10672365
     91.53744909
     91.53744909
     91.53744909
     91.10284776
     92.42701215
     92.42701215
     91.99717413
     91.66852586
     91.66852586
     91.66852586
     91.66852586
     91.72241112
     91.44994256
     91.50073839
     92.14010621
     91.74152190
     91.54522630
     91.54522630
     91.54522630
     91.54522630
     91.26871050
     91.26871050
     92.57914329
     92.57914329
     92.48389186
     92.38029692
     92.52692144
     92.79309321
     92.58762946
     92.57681987
     92.73217158
     92.73587882
     92.77844223
     92.79050261
     92.79050261
     92.72130673
     92.75027140
     92.75027140
     92.75051268
     92.70138382
     92.70138382
     92.45784908
     92.78052986
     92.78052986
     92.74790784
     92.65341190
     92.64444076
     92.83730209
     92.83217555
     90.64976845
     92.82165813
     92.82165813
     92.82165813
     92.11577428
     90.25869395
     90.50536919
     90.50536919
     91.18744850
     92.22166309
     92.22166309
     92.40147792
     92.57701020
     92.57701020
     91.84851561
     92.81622090
     92.81581627
     92.55556055
     92.55556055
     92.34781364
     91.78680190
     92.63481525
     92.69384532
     92.76902907
     91.47508550
     90.95837943
     90.95837943
     91.82267234
     91.74776295
     91.75150190
     90.96537961
     91.74872715
     92.37082169
     92.05663678
     92.05663678
     92.05663678
     92.18933870
     91.97942507
     91.02096379
     91.02096379
     91.02096379
     91.02096379
     91.67749870
     91.66952672
     92.49021768
     92.69859046
     92.66794775
     92.72983160
     92.72983160
     92.76302054
     89.55114982
     90.92863895
     91.95163695
     92.05811117
     91.18926192
     91.81913108
     91.91024767
     91.91024767
     91.97317017
     91.97317017
     91.97317017
     92.30669930
     92.48655645
     92.48655645
     92.46952981
     92.27104872
     92.15598089
     92.14065655
     90.28153620
     87.91884709
     87.91884709
     89.42800457
     89.42800457
     90.19809410
     90.19809410
     90.19809410
     90.19809410
     90.72544905
     91.90365823
     91.88986272
     91.53760731
     92.24934409
     92.52492580
     92.47812652
     92.47812652
     91.91178240
     92.45724340
     92.58140108
     91.90964310
     90.82440387
     90.82440387
     92.17991287
     92.17991287
     92.17991287
     92.34444760
     92.79100525
     92.79100525
     92.77502183
     92.77422349
     92.70348029
     92.68725640
     92.35575300
     92.35575300
     92.35575300
     92.20652772
     92.20652772
     92.58600180
     92.58600180
     92.58600180
     92.58600180
     92.74606685
     92.81894672
     92.60556072
     92.60556072
     92.48439833
     92.49810787
     92.79713007
     92.47877671
     92.28165174
     92.04378753
     90.23929329
     90.23929329
     90.23929329
     89.55942737
     91.08546158
     91.45265023
     91.50822905
     91.93782384
     92.30742079
     92.24477997
     91.17853149
     91.44974494
     91.44974494
     91.44974494
     92.56219359
     92.56219359
     92.56219359
     92.50423704
     92.50423704
     92.50423704
     92.18770600
     90.86763102
     90.86763102
     91.43211294
     91.44123801
     91.44123801
     92.47436529
     92.47436529
     92.45332462
     92.47321371
     91.70776292
     91.91274955
     91.45742928
     92.14036655
     92.14036655
     92.14036655
     92.13645756
     91.70021198
     90.56328860
     90.79065804
     91.79192444
     91.79192444
     91.79192444
     91.79192444
     91.79192444
     91.51995248
     91.34116730
     91.45683167
     91.93663194
     92.10971350
     92.21207343
     92.79137646
     92.75576381
     91.50221663
     92.06387598
     92.06387598
     91.10827459
     91.10827459
     91.10827459
     91.10827459
     92.53517156
     92.53353342
     92.50039363
     91.74603708
     91.57656432
     92.04602744
     91.95428673
     90.93058804
     90.93058804
     90.13991133
     90.13996486
     90.13996486
     90.29561647
     90.22408872
     90.22408872
     90.22408872
     91.26799187
     91.26799187
     90.22941855
     91.82012425
     91.91956353
     91.32295129
     91.32295129
     92.74142820
     92.26963198
     92.43106788
     92.16202815
     92.16202815
     92.29367508
     92.36746598
     92.42880631
     92.42880631
     92.44070170
     92.44070170
     92.44070170
     92.45397338
     92.45397338
     91.49075939
     91.51271330
     91.17861261
     91.09638831
     90.46913518
     90.46913518
     90.46913518
     89.81332821
     91.80303520
     91.81906447
     91.81906447
     91.81906447
     91.81906447
     91.18648967
     91.83608585
     91.94334625
     92.24662556
     92.32963894
     92.32255999
     92.32255999
     92.36983063
     91.52901540
     91.52901540
     91.54101671
     91.56266354
     90.49573894
     92.43159400
     91.60703041
     91.60703041
     91.43773401
     91.54464096
     91.40794576
     91.40794576
     89.56697724
     89.56697724
     91.29232996
     91.18625058
     91.69117103
     90.87474878
     91.70852624
     91.76551135
     91.76551135
     91.64298347
     92.50781954
     92.08698651
     92.08698651
     92.25042959
     92.59703055
     92.59703055
     91.10575215
     88.78212339
     88.78212339
     88.78212339
     89.15450933
     89.15450933
     89.15450933
     91.31570707
     92.32037235
     92.32037235
     92.22927694
     90.67987926
     90.67987926
     91.33721542
     91.05940677
     91.79545949
     89.95298113
     91.57360395
     91.57360395
     91.04520809
     91.77484705
     91.77484705
     91.68444743
     92.01726959
     92.01726959
     92.51709464
     92.08703246
     91.22683132
     91.44904064
     91.44904064
     91.97074805
     91.97074805
     91.97074805
     91.97322301
     91.94255887
     91.94255887
     92.56906310
     92.16775071
     92.45174452
     92.66203909
     92.67355387
     92.67957873
     92.67957873
     92.73844546
     92.65148707
     92.63733790
     92.63733790
     92.63733790
     92.49415705
     92.67903730
     92.29050532
     92.71881603
     92.71881603
     92.71881603
     92.49015062
     92.18315319
     92.78238086
     92.44657104
     92.40615551
     92.44886046
     92.17455203
     92.48797614
     91.32302060
     91.41584387
     91.41584387
     91.41584387
     91.60779459
     91.61598435
     91.67796367
     91.43549024
     91.43549024
     89.81313945
     90.62335657
     90.62335657
     90.34289791
     90.34289791
     89.36880528
     91.31759745
     91.21028771
     90.67152006
     90.67152006
     91.06356738
     92.26153177
     91.97439966
     92.74455351
     92.38081125
     91.64713129
     91.64713129
     91.64713129
     91.64713129
     92.59369320
     92.72882231
     92.59918698
     92.71613955
     92.25893269
     91.54278031
     90.71745090
     90.78777483
     90.62157911
     90.62157911
     92.08223153
     92.09507801
     91.95673390
     91.97842238
     91.78336557
     91.78336557
     91.90176494
     91.94602934
     91.88120909
     91.88120909
     91.51184664
     91.40103876
     92.25735765
     92.45508495
     92.47296223
     92.18921511
     92.18921511
     91.68133339
     91.68133339
     91.68133339
     91.68133339
     91.68133339
     91.99658154
     92.38582960
     92.35468319
     92.74569231
     92.83101012
     91.81620620
     91.82046252
     91.82046252
     91.82046252
     92.60499741
     91.87516959
     91.87516959
     92.20710363
     92.20710363
     92.53403521
     91.99179890
     92.50189628
     92.74991585
     92.75160585
     92.16074937
     92.71272639
     92.60108410
     92.16009328
     92.15748420
     92.74447747
     92.78650817
     92.16504939
     92.69588814
     92.69588814
     92.77742736
     92.74022442
     92.74022442
     92.74022442
     92.74022442
     92.15552503
     91.88690883
     91.82772631
     92.49341575
     92.49008325
     91.74439299
     91.74439299
     91.74439299
     92.56207316
     92.74217776
     92.73251413
     92.72464186
     92.74039260
     92.67896027
     92.72035400
     92.08670783
     92.20457472
     92.25935265
     92.25935265
     92.46865059
     92.69260677
     92.69260677
     92.69260677
     92.69260677
     92.71004931
     92.71004931
     92.75578610
     92.75578610
     91.59073945
     91.73834704
     92.01739745
     92.01939357
     92.64521388
     92.53303226
     92.52688975
     92.78453905
     92.75476302
     92.79916783
     92.78402034
     92.30843716
     92.24913621
     92.24913621
     92.48685002
     92.48685002
     91.23366260
     91.23366260
     92.60378412
     92.60378412
     90.54835860
     92.54589581
     92.51043496
     92.37357937
     91.12408974
     89.96587308
     92.54256505
     92.83431576
     92.61096830
     92.61587367
     92.62749872
     92.13029810
     92.26061940
     92.26061940
     91.01849147
     91.01849147
     92.38245241
     92.76957391
     92.78772278
     92.82504599
     92.82504599
     92.82504599
     92.81687865
     92.50972940
     92.36878901
     92.56801513
     92.67898642
     92.41706367
     92.45967760
     92.49457235
     88.73624568
     86.62810133
     87.12290191
     87.12290191
     86.19358566
     88.01841375
     88.01841375
     86.95740553
     88.47076958
     90.63898818
     90.63898818
     90.63898818
     90.21299499
     90.89023638
     91.65557081
     91.50448752
     91.62388427
     91.60432310
     91.87959053
     91.75896092
     91.75896092
     91.75896092
     91.75896092
     91.75896092
     91.75896092
     91.96462240
     92.82541078
     92.83506505
     92.83311302
     92.83325152
     92.78634200
     92.78634200
     92.78634200
     92.55950392
     92.31787478
     92.72410411
     92.55657524
     92.32335120
     91.41127404
     92.66468653
     92.66468653
     92.66468653
     92.66468653
     92.12801564
     92.71946242
     92.40408844
     92.32316086
     92.32316086
     92.32316086
     92.32316086
     90.13129874
     90.95090458
     90.95053041
     90.95053041
     90.95053041
     90.37316726
     90.37316726
     91.46210752
     91.46210752
     91.73713681
     91.26077293
     91.16638010
     91.62143389
     91.62143389
     91.59050769
     90.62836806
     88.59736217
     88.59736217
     90.09828258
     88.84538809
     86.39676833
     88.25852782
     88.25852782
     90.81469865
     90.81469865
     90.81469865
     91.12430043
     91.31506441
     91.31506441
     88.85813253
     88.85813253
     91.87847487
     92.07895004
     92.07895004
     92.07895004
     92.17975579
     92.44223184
     92.44223184
     92.46566007
     92.19701384
     92.19701384
     92.19232413
     92.19232413
     92.53855940
     92.54167466
     91.90720382
     91.48494649
     91.06376613
     88.47889689
     88.47889689
     87.74008593
     88.48617762
     88.48617762
     89.24398931
     89.92030610
     89.92030610
     87.30969763
     87.30969763
     87.30969763
     87.30969763
     87.30969763
     87.30969763
     87.30969763
     87.98658400
     88.82418953
     90.41314503
     89.00686918
     89.00686918
     88.88953439
     90.63511532
     90.50827823
     90.50827823
     90.50827823
     90.50827823
     89.83530731
     90.98036432
     90.82761833
     92.04501194
     91.21170120
     91.21170120
     89.53584883
     89.53584883
     89.53584883
     90.78553832
     91.72137558
     91.84620777
     90.37231773
     91.27269581
     91.28533026
     91.87458296
     92.49545159
     91.99612275
     92.44252588
     91.63161186
     91.63161186
     88.71609141
     87.66677057
     87.66677057
     89.38817257
     89.38817257
     85.98690854
     86.49463968
     87.95649838
     87.95649838
     87.95649838
     87.93730626
     87.93730626
     87.58901155
     87.58901155
     87.58901155
     86.55412600
     88.96105858
     89.34532497
     89.51677141
     89.90190614
     90.40887231
     91.00845923
     91.65261551
     91.28009212
     91.17612744
     89.09498802
     91.07545327
     90.75027660
     90.78003773
     90.56335920
     91.57193613
     91.48302869
     92.10428032
     91.40284709
     91.40284709
     92.33332650
     92.10248723
     92.07669938
     91.57743602
     91.76394626
     91.63914778
     91.43332343
     91.17801375
     91.17801375
     91.17801375
     91.74527873
     92.18936555
     92.18936555
     92.19172737
     92.19172737
     92.13468838
     92.13468838
     91.73349691
     91.94304344
     92.39349235
     92.77452374
     92.77452374
     92.77660010
     92.36333440
     92.32801633
     92.76813325
     92.74754467
     92.46189869
     92.47300532
     92.47300532
     92.83496970
     92.80781388
     92.80781388
     92.59456678
     92.57599290
     92.57599290
     92.57599290
     92.57599290
     92.70649005
     92.78220785
     92.78220785
     91.03686364
     91.03686364
     91.89651606
     92.13732011
     92.28426395
     92.28413441
     92.17277302
     92.00340730
     92.44237611
     92.44237611
     92.44237611
     92.52964398
     92.26493840
     92.58207523
     92.54845015
     92.51779601
     92.39616555
     92.18729904
     92.15231328
     91.69542242
     91.12822301
     91.64089292
     92.62834168
     92.73048363
     92.76670061
     92.81086840
     92.80777120
     92.64329630
     92.24726301
     92.53879087
     92.53879087
     92.53879087
     91.63922321
     92.47319133
     92.66429581
     92.46102793
     92.56908275
     92.77914749
     92.19758054
     92.23055392
     91.49112379
     91.49112379
     90.29964168
     90.29964168
     90.08411988
     89.66651305
     90.67656446
     91.46402788
     92.18630771
     92.27170543
     92.62446641
     92.62446641
     92.56971193
     92.39389221
     92.39389221
     92.79982829
     92.79510240
     91.61578737
     91.43722727
     91.43722727
     91.43722727
     92.02297322
     92.02297322
     92.49313244
     92.69831077
     92.70521891
     92.70521891
     92.49198484
     92.49198484
     91.11218775
     91.11218775
     91.11218775
     91.35444338
     91.35444338
     92.10986311
     92.56412372
     92.56412372
     92.56315491
     92.53217433
     92.62214319
     92.72719102
     92.16068754
     91.95118140
     91.99279127
     92.29592180
     92.29592180
     92.03355137
     92.80844214
     92.76140128
     92.55201423
     92.62935244
     91.57840402
     91.57840402
     91.57840402
     91.55566432
     91.55566432
     91.67371338
     92.28049281
     92.08475554
     91.93777602
     92.48456856
     92.48456856
     92.49770101
     92.77953364
     92.73581636
     92.73581636
     92.82357586
     92.82357586
     92.82357586
     92.82093525
     92.82093525
     92.82093525
     92.75805141
     92.78281150
     92.56891033
     92.56891033
     92.61445363
     92.75593919
     92.50455777
     92.49514580
     91.79047556
     91.85482466
     91.85482466
     91.85482466
     91.85482466
     91.98158496
     91.98158496
     90.48974412
     90.48974412
     91.19450090
     91.42400812
     91.42400812
     91.42400812
     90.05863754
     90.08367599
     90.57045014
     92.33460695
     92.33460695
     92.34546893
     92.34546893
     92.43006485
     92.30747199
     92.30747199
     92.30747199
     91.61517248
     92.67588247
     92.67588247
     92.68258115
     92.75047166
     92.66206756
     92.71735855
     92.49590490
     92.53156896
     92.61424718
     92.61424718
     92.64473776
     92.64473776
     92.39704019
     92.42976884
     91.86150184
     91.69920843
     91.81958805
     91.05488453
     90.43368387
     91.39275127
     91.39275127
     91.31032878
     90.89119959
     92.02341141
     91.25216283
     90.80355754
     89.94666398
     89.94666398
     88.18950531
     88.18950531
     90.60353918
     90.60353918
     91.70701624
     91.70701624
     92.18812419
     91.95114072
     92.63410056
     92.62798512
     92.51585810
     91.61808785
     89.76261715
     89.76261715
     89.76261715
     89.76261715
     91.18591919
     91.18591919
     91.93080586
     91.50373852
     91.21419975
     90.64447187
     90.64447187
     90.83348579
     90.82652069
     90.83293757
     92.18821113
     91.93541515
     92.24649704
     92.24649704
     92.24649704
     92.70096206
     92.49904701
     92.71942821
     92.71219066
     92.67172033
     92.67172033
     92.42602740
     92.52954611
     91.33987130
     91.33987130
     90.15000567
     90.15000567
     90.75978255
     90.32591143
     90.32591143
     92.53491947
     91.86520640
     91.94367416
     91.94367416
     92.26076222
     92.18553063
     92.19477882
     92.25092035
     92.61444889
     92.60623479
     92.78006926
     92.43364767
     92.03666533
     92.14432890
     92.14432890
     92.12823663
     92.75366858
     92.63885530
     92.01681877
     92.22952090
     92.22952090
     92.22952090
     92.38275277
     92.38275277
     92.38275277
     91.56582920
     91.56582920
     91.56582920
     91.64337742
     91.84694016
     91.84694016
     91.79789665
     91.58983572
     91.64980292
     91.64980292
     91.64980292
     91.44975665
     91.54239807
     91.31914986
     91.31914986
     91.31914986
     92.30538433
     92.33183710
     92.29710046
     91.76880594
     91.57879018
     91.54922882
     91.91513604
     92.24633281
     92.67501422
     92.36156543
     92.37802771
     92.42221552
     91.18893368
     89.94086802
     90.72180876
     90.08973313
     90.08973313
     90.08973313
     90.55636494
     92.55554470
     92.57254592
     92.57254592
     92.57254592
     92.31260133
     92.18739607
     92.38707292
     92.22232639
     92.34496262
     92.34496262
     92.34496262
     92.59694326
     92.73380454
     92.75454638
     92.75454638
     92.12053700
     92.12053700
     91.36502888
     91.35550243
     91.94996872
     92.76729301
     92.76729301
     92.75522774
     92.55034899
     92.69262805
     92.76011816
     92.33689782
     92.31433129
     91.83764719
     91.83764719
     91.97466737
     92.70431247
     92.26608351
     92.44617385
     92.44617385
     92.44617385
     92.44617385
     92.65039120
     92.66583316
     92.61938994
     91.95058560
     92.17722763
     92.13799653
     92.25851039
     92.25851039
     92.09965750
     92.09965750
     92.71067065
     92.33465995
     92.33465995
     92.36102680
     91.85996609
     92.62573395
     92.48980149
     92.22195304
     92.18530768
     91.86396415
     91.49232207
     91.49232207
     91.49232207
     91.73132285
     91.48646685
     89.89282598
     87.90670103
     88.60653303
     88.60653303
     90.29118047
     90.84878214
     91.55174980
     92.26740770
     92.26740770
     91.75649035
     91.75649035
     91.89057442
     92.04606399
     91.20206701
     91.37123920
     91.58628716
     91.97466041
     92.34708396
     92.41305385
     91.92989634
     91.89256301
     90.75972866
     90.75972866
     90.62383030
     90.62383030
     90.88222582
     91.97740247
     92.24679422
     91.49765641
     91.88996427
     92.33066218
     92.33066218
     92.68610279
     92.75375966
     92.63281444
     92.83646718
     92.71757000
     92.72835467
     92.19991971
     92.19991971
     92.19991971
     92.36719263
     92.08191798
     91.38416037
     91.38416037
     91.01757121
     91.01471697
     90.73603224
     91.47030119
     91.47030119
     90.80497390
     90.80497390
     92.17125979
     92.01467030
     92.26023181
     92.56682897
     92.77359373
     92.67584369
     92.53880453
     92.11462309
     92.11462309
     92.11706614
     92.11115736
     92.06289673
     92.64270687
     92.61108717
     92.61108717
     92.61108717
     92.37412803
     91.96137849
     91.92192377
     92.48807116
     92.48807116
     92.67456385
     92.62995741
     92.22300974
     92.22300974
     92.22300974
     92.22300974
     92.22300974
     91.77758192
     91.75046797
     92.58602788
     92.61767553
     92.71867538
     92.71686360
     92.50619902
     92.50619902
     92.74850130
     92.74850130
     92.57308269
     92.82577350
     92.82577350
     92.52829183
     92.52829183
     92.11732411
     92.08751912
     91.92746574
     92.64846163
     92.81551911
     92.83425416
     92.83425416
     92.83425416
     92.83430390
     92.81482499
     92.81173866
     92.81272878
     92.84149876
     92.83484606
     92.83484606
     92.83380423
     92.79730406
     92.79887384
     92.79882799
     92.77458165
     92.77396972
     92.75398202
     92.83608423
     92.83608423
     92.70167852
     92.71747076
     92.57888240
     92.57888240
     92.76112921
     92.76112921
     92.76112921
     92.28136927
     92.28136927
     91.75015878
     91.75015878
     91.75015878
     91.86453199
     91.86453199
     92.73888141
     92.37250231
     92.37250231
     92.37250231
     92.37250231
     91.98437793
     91.98437793
     89.19228427
     91.25719450
     90.35596106
     90.35596106
     89.46721784
     91.12991737
     91.12991737
     91.12991737
     91.75849395
     91.75849395
     91.75849395
     91.75849395
     91.69764822
     91.57789830
     91.29323910
     91.29323910
     91.29323910
     91.29323910
     91.67159870
     91.67159870
     91.57055282
     91.20629005
     91.20629005
     92.45575404
     92.62644271
     92.07224762
     92.19128612
     91.87116620
     91.87116620
     91.32668298
     90.22948277
     90.22948277
     91.07304071
     91.07304071
     91.07304071
     91.07304071
     91.07304071
     91.07304071
     91.81933335
     91.81933335
     92.71258806
     92.69025673
     92.39800616
     92.70555256
     91.36930056
     91.36930056
     92.74000342
     92.10251250
     92.36784096
     92.33453292
     92.16380966
     92.51756747
     92.51756747
     92.51756747
     92.64944517
     92.44975222
     92.76458221
     92.79287877
     92.70348139
     92.76772410
     92.23689563
     92.38774401
     92.38774401
     92.53898244
     92.49374525
     92.44131040
     92.43132744
     92.43132744
     92.77754558
     92.81661016
     92.79472316
     92.80732642
     92.80732642
     92.82858178
     92.61920696
     92.61920696
     92.41047029
     92.43818287
     92.59522354
     92.60202641
     91.98903543
     92.44507854
     92.43579334
     92.43579334
     92.69998715
     92.16028364
     92.16028364
     92.16028364
     92.37359302
     92.46150568
     92.46150568
     92.15612345
     92.34751879
     92.19968510
     92.19968510
     91.60987172
     91.60987172
     91.93749492
     91.57267310
     91.57267310
     91.57267310
     92.70231834
     92.66152030
     92.67055952
     92.65459299
     92.66744051
     92.80103273
     92.60568646
     92.13783944
     92.45711768
     92.24886244
     92.24886244
     92.10940374
     91.67408468
     90.76011874
     90.76011874
     92.50627885
     92.66875003
     92.76618093
     92.76026911
     92.26265296
     92.36396033
     92.67565267
     92.67565267
     92.65704526
     92.41324930
     92.41324930
     92.57829302
     92.20237391
     92.20237391
     92.20237391
     92.20237391
     92.82778839
     92.80143564
     92.82366739
     92.61775630
     92.31873026
     88.91853783
     87.51185303
     87.51185303
     87.51185303
     85.04182792
     90.17026224
     90.17026224
     90.17026224
     90.17026224
     91.11088070
     92.72278992
     92.32285812
     92.82516394
     92.58749847
     92.58749847
     92.55023895
     92.59554461
     92.50106916
     90.77412522
     90.77412522
     90.77412522
     92.64718694
     92.61832597
     92.69074690
     92.72603931
     92.72603931
     91.56721175
     91.96377048
     91.96377048
     91.96377048
     92.66251483
     92.66521867
     92.74146367
     92.70467496
     92.65080891
     92.69226150
     92.62747444
     92.62747444
     92.49981302
     92.73700258
     92.63697564
     91.36806577
     91.36806577
     90.37950447
     91.75569155
     91.53612440
     91.15375302
     91.19061952
     91.06814924
     91.15380079
     90.71523469
     90.71523469
     90.71523469
     89.64230982
     90.83044824
     90.83044824
     89.44889330
     89.44889330
     89.48896822
     88.27311325
     88.47849990
     92.28922400
     92.46340897
     92.47171128
     92.52865985
     91.12492956
     91.12492956
     91.48466462
     90.64672343
     90.68567858
     90.68567858
     91.93331079
     91.31287701
     91.38625605
     91.40144220
     91.50509421
     92.07119860
     92.19328011
     92.42105887
     92.17837881
     92.17837881
     92.66101428
     92.54758063
     92.54758063
     92.54758063
     92.68321259
     92.68321259
     92.04797887
     92.05651993
     92.83002678
     92.83342684
     92.83428739
     92.83428739
     92.83440934
     92.83440934
     91.93568437
     91.93568437
     92.68815804
     92.61329512
     92.22525711
     91.76721471
     92.78878875
     92.82460181
     92.84035539
     92.38230924
     92.38230924
     92.38230924
     92.67592424
     92.69444572
     92.69444572
     92.65310626
     92.00778310
     92.00778310
     92.18133619
     92.16781371
     92.16781371
     92.10417148
     92.76721326
     92.76643822
     91.79494796
     92.52586977
     92.52586977
     92.46932367
     92.26244759
     92.23419959
     92.37394010
     92.37394010
     92.37394010
     92.37394010
     91.28031013
     91.95869679
     91.44808148
     92.77623685
     92.77623685
     92.77623685
     92.71934658
     92.71934658
     92.77963218
     92.76335820
     92.81806584
     92.47470044
     92.55749501
     92.02964366
     91.84627312
     92.52817496
     92.27605964
     92.27605964
     92.20400100
     92.20400100
     92.20400100
     91.07884920
     90.84144913
     90.72197781
     90.72197781
     91.84032035
     91.75846270
     91.76358407
     92.30263658
     92.54230876
     92.66737665
     92.67160352
     91.44305727
     91.45482507
     91.45482507
     91.45482507
     92.35168134
     92.31295120
     92.62315752
     92.62315752
     92.62315752
     91.80665137
     91.63066884
     92.02012524
     92.02012524
     92.38853300
     92.20894775
     92.01595164
     91.79738363
     91.62665236
     90.21809028
     90.21809028
     90.21809028
     90.21809028
     90.26073259
     91.01786497
     91.01786497
     90.53904646
     90.53904646
     90.59179931
     90.59179931
     90.59179931
     90.59179931
     89.15647031
     91.37003770
     91.37003770
     92.42066612
     92.06217775
     92.22803850
     92.57101527
     92.57101527
     92.17663747
     91.53793486
     92.26106913
     91.89510894
     91.89510894
     91.89510894
     91.99232866
     91.79168532
     92.39300532
     92.39300532
     92.12367855
     91.31700802
     91.47425783
     91.47425783
     91.23150521
     90.54247306
     92.35810107
     92.19129946
     91.74329719
     91.74329719
     91.00981365
     91.00981365
     91.00981365
     91.12522714
     91.12522714
     91.12522714
     89.20061654
     89.20061654
     89.87713684
     89.87713684
     90.18887315
     90.81874993
     90.78625055
     90.98909753
     91.44554226
     90.92886659
     90.87847736
     90.69571152
     90.69571152
     91.39903534
     91.39903534
     91.21689497
     91.46699985
     91.46699985
     91.99815459
     92.79653503
     92.81106193
     92.81106193
     92.81106193
     92.74868739
     92.78732725
     92.78732725
     92.78732725
     91.85732414
     91.85732414
     91.84816674
     92.42700877
     92.42700877
     92.42700877
     91.77095656
     92.62296543
     92.48859999
     92.48859999
     92.39624885
     91.49303918
     91.49303918
     91.53249454
     92.81558603
     92.34860982
     92.49306154
     92.62785684
     92.71497889
     92.71497889
     92.58867306
     92.75975403
     92.75032220
     92.80315720
     92.46144090
     92.46144090
     92.13350415
     92.62883652
     91.05351113
     91.05351113
     87.85094095
     86.98608955
     86.98608955
     87.37996985
     88.55316491
     92.15955020
     92.72647542
     92.72647542
     92.72647542
     92.72647542
     92.68628870
     92.53427033
     92.53108298
     92.53108298
     92.53108298
     92.53108298
     92.15106524
     92.21312434
     92.38508884
     92.73327049
     92.59174694
     92.65056640
     92.35769098
     91.32373984
     91.32373984
     92.17369566
     92.04948429
     91.56389896
     92.70243783
     92.70243783
     92.70243783
     92.69013625
     92.70676255
     92.55081575
     92.66258948
     92.55452343
     92.63486077
     89.11971771
     89.03940935
     92.04380166
     92.75044089
     92.74065532
     92.74065532
     92.75286206
     92.77198096
     92.77198096
     92.77198096
     92.62803892
     89.84787843
     90.73832526
     90.90713965
     92.20585540
     91.57813917
     91.45670539
     91.22087738
     90.18327029
     90.18327029
     90.18327029
     90.18327029
     90.18327029
     90.18327029
     89.55943772
     89.55943772
     89.81553655
     89.81553655
     89.81553655
     89.13666516
     89.13666516
     89.13666516
     88.12605294
     88.86002265
     91.49299526
     91.48437128
     92.80937075
     92.82228816
     92.82553227
     92.74198914
     92.81433150
     92.38528620
     92.38528620
     92.40263803
     92.48640089
     92.64569144
     92.65776633
     91.61672540
     91.89751408
     92.42447616
     92.20803096
     91.67041529
     87.70464637
     87.70464637
     91.56847409
     91.96972339
     91.98006257
     92.30571514
     92.82622339
     92.78083351
     92.75134865
     92.76914693
     92.74286012
     92.71514950
     92.70559579
     92.70763772
     92.70763772
     92.70763772
     92.59880480
     92.59880480
     92.29883062
     92.83475520
     92.36565210
     92.34617608
     92.34617608
     92.45641099
     92.41989973
     92.41921799
     92.41921799
     92.41881290
     92.47222613
     91.52892533
     91.65883995
     91.65883995
     91.65883995
     91.65883995
     91.65883995
     92.32235366
     92.69909564
     92.69909564
     92.70925269
     90.70214198
     90.70214198
     90.70214198
     90.70214198
     91.39738172
     91.30034316
     90.18397432
     90.21423772
     90.21423772
     90.56604803
     90.33821368
     91.32158473
     91.32158473
     91.32158473
     92.73111053
     92.73111053
     92.65065597
     92.58822386
     92.58822386
     92.59052315
     92.59052315
     92.59052315
     92.20616728
     92.71867887
     92.39028609
     92.31490150
     92.31490150
     91.87134115
     92.24260997
     92.26647023
     92.26647023
     91.98854578
     91.98796516
     92.49251143
     92.50984474
     92.12691751
     92.10847598
     92.10847598
     92.73325569
     92.59363620
     92.59363620
     92.55109795
     92.15027195
     92.06823964
     91.65247469
     92.14367659
     92.77236836
     92.77236836
     91.74305301
     91.74305301
     87.99360186
     87.99360186
     88.43846086
     88.46331105
     89.66478460
     89.36147964
     90.18662144
     90.81728268
     90.81728268
     90.97895163
     90.21742068
     92.07588666
     91.40010105
     90.93830429
     91.87020033
     92.17817079
     91.76139237
     91.92800185
     92.33877756
     91.42562654
     91.56753568
     91.42229440
     90.87573865
     90.87573865
     90.56651190
     91.29298343
     92.35447345
     92.54313413
     92.41140713
     92.41140713
     92.49347333
     92.51434409
     92.51434409
     92.50289293
     92.39465879
     92.39465879
     92.39465879
     92.25915398
     90.96080031
     88.30872888
     88.30872888
     91.11310529
     91.06224723
     90.24004667
     90.82979802
     92.54061868
     92.24133863
     92.24133863
     92.28278516
     92.28278516
     92.56697584
     92.08024980
     92.57146493
     92.23140345
     92.54993565
     92.54163792
     92.53111954
     92.44249492
     92.44249492
     92.44249492
     92.44249492
     92.52008997
     92.55752166
     92.06398347
     92.79649116
     92.72715835
     92.72715835
     92.24139153
     92.24139153
     92.24139153
     92.65405836
     92.65405836
     92.26159256
     92.26159256
     92.26159256
     92.30683399
     91.77649581
     92.28783699
     91.75437902
     91.75437902
     92.41465112
     92.36342203
     92.39627288
     92.42662787
     92.22806417
     92.22806417
     92.70902532
     92.77693607
     92.48476329
     92.47027522
     91.92670153
     92.80177579
     92.81929975
     92.69118530
     92.66988733
     92.74064157
     92.68505548
     92.42742297
     92.42742297
     92.18276961
     92.26004990
     92.26004990
     92.83382578
     92.82694677
     92.82976390
     92.82166939
     92.82166939
     92.82166939
     92.81694011
     92.83209868
     92.83209868
     92.77888196
     91.85753848
     91.25051328
     91.19322018
     91.19322018
     90.81512027
     91.25819973
     91.25819973
     92.31668679
     92.31668679
     91.82460009
     91.37332733
     91.24383564
     91.34022552
     90.11079240
     90.11079240
     89.81240271
     91.14560124
     91.98828903
     92.70304797
     91.87897278
     92.27858234
     92.36724792
     91.66156689
     92.12607342
     90.25666137
     90.29849068
     90.29849068
     90.89490112
     91.09353003
     91.09353003
     90.79307798
     90.71238194
     91.31184732
     91.73000737
     92.16078306
     92.04498845
     92.14048371
     92.52857819
     92.43787859
     92.43787859
     92.29918758
     92.29730245
     92.14618295
     92.80224123
     92.80713373
     92.80884934
     92.68703500
     92.70087601
     92.70005269
     92.70359799
     92.70359799
     92.32802682
     92.33398705
     92.33398705
     92.01427445
     92.60723734
     92.78933282
     92.70857500
     92.76978917
     92.61053972
     92.61053972
     92.47253150
     92.44834967
     92.10086427
     91.98554914
     92.02373258
     92.48672531
     91.49087613
     91.42140322
     91.42140322
     91.87257315
     91.90474310
     92.60811583
     92.70432797
     92.71877156
     92.78006911
     92.78006911
     92.61763351
     92.17225471
     91.99597624
     92.45879270
     92.45879270
     92.15183224
     92.31140792
     92.16485265
     92.39126804
     92.31195517
     91.52658054
     91.04971222
     91.04971222
     91.85381478
     91.57330930
     91.67334515
     92.02489714
     92.02489714
     92.69984767
     92.75059240
     92.75462188
     92.75462188
     92.53052352
     92.52751473
     92.05878007
     92.33372158
     92.48021698
     92.13856963
     92.22984761
     91.97009438
     91.74215022
     91.74215022
     91.74215022
     91.74215022
     91.74215022
     91.65740166
     91.65740166
     91.10047714
     91.83599145
     91.72178318
     91.72085737
     91.75957439
     91.86910547
     89.66830077
     90.14299807
     90.08504096
     89.92756694
     89.92756694
     90.47691709
     91.15588993
     91.91070864
     91.91070864
     92.00035535
     91.48061370
     91.48061370
     91.13172237
     91.13172237
     90.76091567
     90.76091567
     90.61406772
     90.61406772
     89.95775840
     91.98850634
     91.98850634
     90.72414232
     91.85962223
     91.85962223
     91.85962223
     91.85962223
     92.04530449
     91.96705256
     91.96705256
     92.10433603
     91.96818178
     91.55880834
     91.82636413
     91.82636413
     92.49995102
     90.68125922
     90.68125922
     92.76760347
     92.58998414
     92.58763494
     92.71056020
     92.66025699
     92.66025699
     92.81198377
     92.41325582
     92.59399501
     92.73114153
     92.80740425
     92.80740425
     92.81193395
     92.81193395
     92.81193395
     92.81193395
     92.81193395
     92.81193395
     92.76958625
     92.71599294
     92.67772859
     92.55195274
     92.56572758
     92.56572758
     92.82366484
     92.69624634
     92.76879172
     92.77096685
     92.78224714
     92.78485426
     92.78501045
     90.69199483
     90.69199483
     87.90135819
     87.90135819
     87.90135819
     87.90135819
     87.90135819
     88.69402799
     88.69402799
     89.10654556
     88.94047792
     88.94047792
     89.73705118
     89.73705118
     88.94650310
     87.84031263
     89.62659512
     89.38626271
     89.38626271
     90.52954468
     90.52954468
     90.21385643
     90.71512504
     90.71512504
     90.71512504
     91.63027958
     91.83555140
     91.83555140
     91.99016622
     91.87793295
     92.36454444
     92.36454444
     92.51642110
     92.49579684
     92.55114441
     92.55114441
     92.83654838
     92.70301903
     92.45879525
     92.45879525
     92.59725181
     92.59725181
     92.59725181
     92.17958325
     92.60027898
     92.61183073
     92.61328426
     92.79524993
     92.83870610
     92.83976331
     88.77067210
     88.77067210
     89.14070678
     89.14070678
     90.05976352
     90.87910100
     90.87910100
     90.87910100
     90.87910100
     90.87910100
     89.86446733
     89.86446733
     89.86446733
     89.93295562
     89.96708502
     89.96708502
     89.91386297
     91.60472619
     92.56414968
     92.81767866
     92.79348701
     92.79348701
     92.80813784
     92.80788991
     92.81370843
     92.80905292
     92.80905292
     92.81803873
     92.54526471
     92.55020524
     91.90709316
     91.90709316
     92.07378409
     92.19533587
     92.19533587
     92.31132088
     92.30206979
     92.58322099
     92.05073464
     92.44983343
     92.13830161
     92.27723559
     92.24434429
     92.33832042
     92.33832042
     92.38236705
     92.45989523
     91.85879947
     91.45577577
     91.53377843
     92.83376326
     92.77331994
     92.76687096
     92.76687096
     92.73123477
     92.71421728
     92.71421728
     92.71421728
     92.82101040
     92.00306612
     92.02806537
     92.14916197
     92.14916197
     92.14916197
     91.63743742
     91.63743742
     92.62090490
     92.75728129
     92.78316290
     92.78316290
     92.78316290
     92.64966760
     92.64943623
     92.64943623
     92.64943623
     92.63755391
     92.63737791
     92.55617517
     92.55617517
     92.55617517
     92.55617517
     92.55617517
     92.66001622
     92.66001622
     92.67253313
     92.67253313
     92.68137556
     92.80609942
     92.10387140
     92.57075351
     92.63840355
     91.60189621
     91.53987478
     92.13958345
     91.75286696
     92.23301926
     92.55838607
     92.57232002
     92.48312681
     92.10920546
     91.48880991
     91.79095429
     91.96953710
     91.93992589
     91.70203684
     91.71983979
     92.21852462
     90.83445185
     90.54626908
     90.97983909
     91.71946438
     91.39350912
     91.43247712
     91.43247712
     91.43247712
     87.68190303
     87.50700454
     87.50700454
     85.75524981
     85.75524981
     85.75524981
     85.75524981
     89.64970078
     91.19355499
     91.11324383
     90.57272095
     90.92208745
     91.73533959
     91.73533959
     91.85034603
     91.82726224
     91.82726224
     91.82726224
     92.17829041
     92.03344730
     92.02072719
     92.33121335
     92.33121335
     92.73187425
     92.80164030
     92.75843482
     92.80680431
     92.15753523
     92.15753523
     92.58175848
     92.58175848
     92.57741128
     92.57741128
     92.57741128
     92.57741128
     90.38444259
     90.38444259
     90.38444259
     90.38444259
     90.81581877
     90.81581877
     90.81581877
     87.60633481
     87.60633481
     87.94333980
     91.79637636
     91.79637636
     92.25626572
     91.47331789
     92.02798813
     92.16627915
     92.16627915
     92.16627915
     92.15760341
     92.25559755
     92.02485299
     91.98995664
     91.56205223
     91.14252163
     91.67818553
     91.67818553
     92.19614385
     92.64059113
     92.73401171
     92.68045923
     92.32794978
     92.58951648
     92.58951648
     92.49837636
     92.13557496
     92.13169197
     92.22759522
     92.00069052
     91.99900672
     91.99900672
     92.49106782
     92.53509794
     92.61883485
     92.59303494
     92.58937022
     92.74783398
     92.74601284
     92.74601284
     92.52550623
     92.50084500
     92.09029460
     92.10148021
     92.69450780
     92.53834192
     92.53834192
     92.82111748
     92.75555577
     92.80336525
     92.26252667
     92.26252667
     92.26252667
     92.26252667
     92.26252667
     92.26252667
     92.18380642
     92.71498464
     92.73018684
     92.73018684
     92.69450817
     92.81200415
     92.83162920
     92.82800937
     91.84742614
     91.84742614
     91.84742614
     91.84742614
     92.69319305
     92.66911009
     92.66911009
     92.66911009
     92.81935634
     92.59185477
     92.75743199
     92.75743199
     92.67370039
     92.67370039
     92.67370039
     92.29418193
     92.71784051
     92.77212707
     92.77495946
     92.80753634
     92.78898378
     92.61054233
     92.62272222
     92.61124612
     92.24420512
     92.30571136
     92.77154732
     92.45735171
     92.38361964
     91.40544925
     91.40544925
     91.40544925
     91.16203219
     91.16203219
     91.81844854
     91.81844854
     92.52963601
     92.34880232
     91.52685268
     92.68857780
     92.33133626
     92.49439448
     92.49439448
     92.49439448
     92.06539685
     92.26968155
     92.65842049
     91.92455547
     91.86819996
     91.80783805
     91.80783805
     91.80783805
     91.83495658
     92.58332807
     92.55575020
     92.68942689
     92.76153289
     92.74071533
     92.63880922
     92.35645585
     92.37095425
     92.37095425
     92.37095425
     92.37662000
     92.48554948
     91.27884480
     92.01009072
     92.01009072
     91.70675911
     91.39984336
     91.74689267
     91.24496536
     91.12428022
     92.39012433
     92.19764808
     92.19764808
     92.19764808
     92.19764808
     92.19770357
     92.05152313
     91.38661000
     91.76184881
     91.48379070
     91.48379070
     91.63353190
     92.16044349
     92.36786572
     92.31387893
     92.34977734
     92.33787872
     92.27676002
     91.60192320
     91.60192320
     92.47013099
     92.47013099
     92.47013099
     92.51147174
     92.44110617
     92.43768628
     92.75960184
     92.72093307
     92.53528387
     92.26823979
     92.26823979
     92.26823979
     92.26763754
     92.26763754
     91.76417538
     91.76417538
     91.76417538
     91.76417538
     91.76417538
     92.14515265
     92.14515265
     91.56484322
     92.77354337
     92.78787713
     92.76331912
     92.52866398
     92.54706980
     92.74351463
     92.78972073
     92.80185152
     92.46999321
     92.47492591
     92.62945211
     92.67237868
     92.45137140
     91.17819207
     91.49732187
     91.46777064
     89.92760728
     89.92760728
     92.20466892
     91.98902326
     91.40661624
     91.71502499
     91.71502499
     91.71502499
     91.23945201
     91.23945201
     91.21543903
     91.21543903
     91.21543903
     92.11488224
     92.27005499
     92.52550566
     92.30864867
     92.14636143
     91.99678809
     91.99678809
     92.70437612
     92.71035039
     92.66478435
     92.73771066
     92.67449851
     92.68929945
     92.68929945
     92.61110792
     92.69407279
     92.60309300
     91.88968001
     91.88968001
     92.06828798
     92.78859522
     92.82382881
     92.78664661
     92.00697217
     92.00697217
     92.38775974
     92.21045453
     92.21045453
     91.79395573
     92.09442010
     92.20033041
     91.94351651
     92.28661935
     92.38671324
     90.93291092
     92.42729940
     92.42729940
     92.42729940
     92.38688674
     92.38688674
     92.38688674
     92.38043555
     92.06823740
     92.05864177
     92.05864177
     91.22571730
     91.45674910
     91.62883059
     91.71179106
     92.07382298
     92.07382298
     92.07382298
     92.08677495
     91.92211417
     89.09421969
     90.89663171
     90.58150421
     89.67306445
     90.88358630
     90.88358630
     92.26446681
     91.99889596
     91.99889596
     91.99889596
     92.04634012
     92.04734596
     91.67432112
     90.32155913
     92.34559633
     92.34559633
     91.88758448
     91.91408914
     92.59513494
     92.60671688
     90.77160187
     91.90245540
     92.35098673
     92.35098673
     92.35098673
     92.77331345
     92.77331345
     92.77331345
     92.45759039
     92.45771466
     91.78855774
     91.78855774
     92.31957959
     92.09872259
     91.93793772
     91.93793772
     91.93793772
     91.93793772
     92.45501526
     91.21516125
     91.21516125
     91.78137488
     91.78137488
     91.36141593
     91.36141593
     92.15598781
     92.15598781
     92.37858956
     92.34131329
     92.34131329
     92.41445271
     92.41445271
     91.91195349
     92.39369014
     92.39369014
     91.71620887
     91.97189506
     91.39021306
     89.36123564
     90.35734779
     90.35734779
     91.15740571
     91.15740571
     91.69167130
     91.53870315
     91.53870315
     91.91033997
     91.39931300
     90.27580568
     89.82321676
     88.31176965
     87.32670142
     88.59768573
     90.02541141
     90.02541141
     92.21258247
     91.61260678
     90.84137288
     92.50858123
     92.53404759
     91.57285110
     91.58111970
     91.57129327
     91.22704823
     91.22704823
     91.65903408
     91.76408943
     92.08962817
     92.12921459
     92.81337311
     92.72703429
     92.72619955
     92.72619955
     92.68941000
     92.60110767
     91.85689398
     92.72035104
     92.50757712
     92.50757712
     91.86277709
     90.46162425
     90.46162425
     90.46162425
     91.21785009
     92.56333814
     92.56333814
     92.19979140
     92.03668301
     92.03668301
     92.26711165
     92.77522714
     92.82156306
     92.78222399
     92.50258532
     92.50863366
     92.52649045
     92.34160526
     92.14863407
     92.14863407
     91.15406829
     91.00027034
     91.00027034
     91.00027034
     91.00027034
     91.97309195
     91.31977648
     91.31977648
     91.30189374
     91.30189374
     91.30189374
     92.21925609
     92.05875972
     92.05875972
     91.15899290
     92.04797385
     92.04797385
     91.56208530
     91.56208530
     91.56208530
     91.56208530
     92.59317786
     92.59317786
     92.53859033
     92.47931393
     92.45639139
     92.45639139
     92.60008679
     92.60008679
     92.80734167
     92.62732744
     92.58735077
     92.71532145
     92.71843826
     92.71843826
     92.68187935
     92.19262536
     92.42935441
     92.47131158
     92.47131158
     92.27107348
     92.48517258
     92.66049958
     91.86395633
     92.64547908
     92.01716530
     91.87000220
     91.92933496
     91.92933496
     91.92829352
     91.57392699
     91.50071063
     92.06725024
     92.07800400
     92.03733660
     92.31713006
     92.08413645
     92.08413645
     91.14324167
     91.14471947
     89.12215426
     92.06341698
     92.09214253
     91.30207044
     91.30207044
     91.30207044
     92.20296714
     92.20296714
     92.22454551
     92.03308591
     91.89772971
     91.89772971
     91.88839364
     90.88044726
     91.72933833
     91.68075656
     91.92887642
     91.92887642
     92.04459101
     92.04459101
     92.25061657
     92.34353017
     92.34787266
     91.93114640
     91.93114640
     92.34038196
     92.34038196
     91.96637251
     92.77281030
     92.74079949
     92.71855572
     92.82906626
     92.23225188
     92.31603041
     92.36302065
     92.36302065
     92.48942631
     92.65050108
     92.48614183
     92.71570157
     92.71570157
     92.71577411
     92.64305993
     92.64305993
     92.72840942
     92.73793042
     92.74392049
     92.74392049
     92.74392049
     92.24370244
     92.24370244
     92.01599723
     90.66548167
     90.58825664
     91.12783222
     91.89074004
     91.72478760
     91.72478760
     91.26499079
     91.26499079
     91.17030315
     90.39444943
     90.39444943
     90.71748327
     90.71748327
     89.55081930
     88.40477711
     87.55142676
     87.55142676
     87.12415721
     88.69184218
     88.69184218
     88.69184218
     91.21008616
     91.67090308
     91.67090308
     91.36821481
     91.17888655
     90.66707440
     92.45907556
     92.51852897
     91.96456785
     92.08223996
     92.08223996
     92.08223996
     92.08223996
     92.05758371
     91.49061758
     91.49061758
     91.49061758
     91.12227847
     91.27237339
     91.27237339
     92.30232421
     91.70343289
     91.70343289
     91.70343289
     91.70343289
     91.70343289
     91.48431621
     91.23142585
     91.10783360
     91.24897929
     91.27415514
     91.27415514
     91.27415514
     91.39368993
     91.39368993
     90.37182753
     89.69609860
     89.69609860
     89.69609860
     89.69609860
     89.69609860
     89.69609860
     88.34974691
     89.22778767
     89.09041217
     89.62836115
     87.62122732
     87.62122732
     87.62122732
     87.34044054
     87.34044054
     88.62985825
     88.62985825
     88.62985825
     91.12552203
     91.14532623
     91.13710570
     91.13710570
     91.13710570
     91.13710570
     91.15721465
     91.90442852
     91.87890154
     91.87890154
     91.87890154
     91.91490705
     91.91490705
     90.88379610
     92.00455326
     91.62074787
     91.84676059
     89.18039217
     89.18039217
     90.61092013
     90.73109612
     90.73109612
     91.24948038
     91.87124437
     91.85623389
     92.32099729
     92.32099729
     92.78139606
     92.63981572
     92.50567185
     92.74195478
     92.74195478
     92.62933836
     92.60953283
     92.55146544
     92.55833796
     92.55833796
     92.47928873
     91.99168335
     91.99168335
     91.99168335
     91.99168335
     92.07055608
     92.07055608
     92.07055608
     92.21290644
     91.42130845
     91.86885022
     91.77993492
     91.77993492
     89.39852828
     89.39852828
     89.39852828
     91.24410542
     90.87064296
     90.87064296
     91.21846892
     91.21846892
     89.85857752
     90.64450454
     89.83592565
     89.83592565
     89.83592565
     89.83592565
     89.83592565
     89.38173778
     89.64369923
     88.54367344
     88.54367344
     89.88097782
     91.16857162
     91.42058806
     91.42058806
     91.88615327
     92.61325087
     92.68597255
     92.68597255
     92.79092394
     92.21126130
     92.35073169
     92.37432746
     91.39220319
     91.39220319
     91.39220319
     91.39220319
     92.30806388
     92.30806388
     92.30806388
     92.30806388
     92.13070716
     91.76540909
     92.62594143
     92.39090159
     92.39090159
     92.54198393
     91.15650412
     90.93358379
     90.93358379
     92.08870816
     92.04080357
     90.43849327
     92.64940913
     92.64940913
     92.63664855
     92.65185065
     92.37944411
     92.61410820
     92.61410820
     92.60790688
     92.60790688
     92.60790688
     92.69319552
     92.58333900
     92.62783019
     92.62783019
     92.77772276
     92.43160428
     92.79333452
     92.82199050
     92.65601075
     92.20159695
     92.40734511
     92.57673174
     92.51997231
     91.83436001
     91.83436001
     92.51195465
     92.66910742
     92.76260600
     92.74839793
     92.80890836
     92.83650099
     92.82528533
     92.73520451
     92.80558647
     92.41714373
     91.13477678
     90.13173215
     90.13173215
     90.68273998
     91.03085416
     91.61309062
     92.48476592
     92.44752751
     92.22221991
     92.36674605
     92.64966472
     92.64966472
     92.62875467
     92.54902235
     92.47466814
     91.66336614
     91.66336614
     92.52760061
     92.56555278
     92.60406406
     92.60406406
     92.54360130
     92.16931279
     92.66856581
     92.52818469
     92.55249376
     92.58010372
     92.56693999
     92.62005756
     91.22165343
     91.22165343
     91.27017651
     91.27017651
     91.27017651
     91.27017651
     91.27017651
     91.27017651
     91.25584917
     91.71140653
     91.71140653
     92.05994930
     92.50470205
     92.58905764
     92.29346798
     92.45080185
     92.45080185
     92.45080185
     91.83946583
     91.05495288
     90.52328113
     90.52328113
     90.52328113
     90.52328113
     88.73043261
     88.73043261
     89.20312561
     89.09899334
     90.32585620
     90.30384814
     90.30384814
     90.30384814
     90.38794754
     89.65288539
     89.65288539
     89.65288539
     89.93649214
     91.12055905
     89.66630853
     90.86657603
     90.86657603
     90.86657603
     90.86657603
     90.81537185
     90.81537185
     90.81537185
     90.81537185
     91.26225533
     91.47886256
     91.47886256
     91.71498993
     91.71498993
     92.35931519
     92.70056676
     92.47311602
     92.47311602
     92.81841046
     92.81841046
     92.82587593
     90.65337862
     91.43792946
     91.33450462
     91.35489663
     91.35489663
     90.82551720
     91.21985982
     91.21985982
     91.21985982
     92.05263932
     91.70716292
     91.85566025
     90.94416571
     90.94416571
     89.55860318
     89.55860318
     89.55860318
     89.55860318
     90.81159053
     90.81159053
     90.47890486
     89.23007261
     89.23007261
     89.23007261
     89.23007261
     92.08572414
     92.02437416
     92.14956950
     92.36780554
     91.90664921
     91.86806816
     92.06339955
     92.66669693
     92.32440211
     92.79754958
     92.79754730
     92.77673589
     92.69951852
     92.33899437
     92.37727021
     92.37727021
     92.38048129
     92.38048129
     92.51922364
     92.52689113
     91.79347520
     91.79347520
     92.50090660
     92.61503036
     92.62589225
     92.77718305
     92.47993008
     92.47993008
     92.31416842
     92.03161837
     92.47387858
     92.47387858
     92.47387858
     92.47387858
     92.34913491
     92.62118676
     92.54284042
     92.51161841
     92.51161841
     92.51161841
     92.31977709
     92.31977709
     92.32238203
     91.74365814
     91.74365814
     92.83161529
     92.82197638
     92.83300844
     92.81879746
     92.77576323
     92.52642338
     92.79242728
     92.51372936
     92.27205027
     92.23158682
     92.24465133
     91.87274687
     91.87274687
     91.51038568
     92.10672805
     92.82389328
     92.66878761
     92.66878761
     92.47914599
     91.79937387
     92.05343617
     91.61602126
     91.61602126
     91.66404083
     91.66404083
     91.66404083
     91.95700526
     91.95700526
     91.86792941
     90.71080058
