    231.36969253
    231.36969253
    230.96120121
    230.96120121
    230.96120121
    230.70090861
    230.29520709
    230.87273162
    231.15581039
    231.60364423
    231.45104005
    231.42523213
    231.72353717
    230.30013665
    230.30013665
    229.23364810
    229.23364810
    229.23364810
    229.23364810
    229.23364810
    229.23364810
    230.88188761
    230.88188761
    231.31928710
    231.33202929
    231.47991401
    232.08161171
    232.08161171
    231.93472009
    231.10672256
    231.69431471
    231.00011986
    231.00011986
    231.84735437
    232.03418448
    231.52799289
    231.74532132
    231.49603607
    231.49603607
    231.16224224
    231.86885435
    231.86885435
    231.93408212
    231.93408212
    231.96438349
    231.94787762
    231.43085721
    230.61893250
    232.09429165
    231.87944576
    231.49253172
    231.49253172
    231.85844587
    231.89422155
    230.30639809
    231.91350854
    231.91350854
    231.91650737
    231.98047510
    231.19657478
    230.42813610
    230.76769604
    230.76769604
    230.76769604
    230.76769604
    230.76769604
    230.76769604
    231.95328413
    231.64935514
    231.82792122
    231.78296741
    231.78296741
    231.45222818
    231.62191169
    231.27974514
    231.27974514
    231.60150785
    229.62760770
    229.62760770
    231.51174903
    231.51174903
    231.87405142
    231.87405142
    231.87405142
    231.81380404
    231.53950603
    231.79938820
    231.80615499
    231.69317150
    231.96583255
    231.93167839
    231.93167839
    231.94248239
    231.94248239
    232.01553791
    232.07158884
    232.08435480
    232.08435480
    232.08435480
    230.78166693
    229.76617830
    229.21275445
    228.70861016
    228.70861016
    228.70861016
    227.37723903
    227.37723903
    228.92099453
    229.41203965
    227.44635979
    227.44635979
    227.44635979
    227.98894314
    225.60956971
    227.16538515
    227.16538515
    227.16538515
    228.45327998
    228.64610719
    226.97480137
    228.93374045
    228.93374045
    230.17104951
    230.17104951
    231.77753172
    230.18705228
    231.01925983
    231.01925983
    231.77845457
    231.77299125
    231.77299125
    231.69264206
    231.29042308
    231.29042308
    231.73297293
    231.90639906
    232.00890084
    231.74848410
    231.82466298
    231.49821673
    231.62876848
    231.77516645
    231.60534864
    230.48765978
    230.45035608
    230.87734816
    230.87734816
    230.87734816
    230.87734816
    232.03170415
    228.56690496
    228.78791528
    228.78791528
    228.66271714
    228.72762038
    228.72762038
    229.15575026
    229.15575026
    229.84918419
    230.97747917
    231.58275353
    231.62032582
    231.53179336
    231.52433373
    231.52433373
    230.56442318
    230.56442318
    230.61593612
    230.72850384
    230.33537126
    230.72311093
    231.04855453
    230.36793953
    230.45316650
    230.45316650
    230.45316650
    230.45316650
    231.65660667
    231.59800098
    231.19748666
    231.19748666
    230.18088941
    229.56985810
    228.77626967
    229.80514986
    229.80514986
    230.81009579
    230.69872782
    230.69872782
    231.80562692
    231.82348521
    231.65842167
    230.88750707
    230.88750707
    230.88750707
    229.83654933
    230.37598205
    230.93708363
    230.93708363
    231.28909720
    230.24240151
    230.24240151
    230.24240151
    229.46716740
    229.46716740
    230.34316516
    230.73655543
    231.44051544
    231.44051544
    231.81088137
    231.06601254
    231.06601254
    231.54698989
    231.92880948
    231.94830515
    231.93702147
    231.79638947
    232.10017158
    232.10017158
    232.11035363
    232.11035363
    232.10588421
    231.96731737
    231.98442887
    231.98442887
    231.40419689
    231.90242945
    230.22620647
    230.22620647
    230.22620647
    230.79065666
    229.76374156
    230.11061379
    230.23175606
    230.23175606
    230.25993139
    231.60134531
    231.03355113
    231.78061706
    231.78061706
    231.45464095
    230.69130067
    229.85054318
    230.76115707
    231.73952778
    230.02504929
    230.18595093
    230.18595093
    230.18595093
    230.97837650
    230.75665652
    230.75665652
    230.75129385
    230.83719733
    231.15034765
    231.15034765
    231.15034765
    231.05155982
    230.71904454
    230.78872969
    230.78872969
    231.26022981
    231.03188216
    231.03188216
    231.03188216
    231.13561541
    231.13561541
    231.13561541
    231.18485172
    231.31992217
    231.40462889
    231.38059775
    231.99808458
    231.99808458
    231.58921353
    231.58921353
    232.07116769
    232.09423972
    231.84314074
    231.73056320
    231.92090869
    231.15387584
    231.15387584
    231.15387584
    231.39193222
    231.44463539
    231.59889333
    231.59889333
    232.03814267
    232.03814267
    232.03814267
    232.03814267
    232.04401416
    232.01900643
    231.81909663
    231.42991257
    231.15413490
    231.11086650
    231.15045669
    230.09185204
    231.69793774
    231.69793774
    231.69732825
    231.66338087
    231.61326804
    231.73037521
    231.58811718
    232.03872906
    232.09651291
    231.58774001
    231.65431337
    231.62189884
    230.60240246
    230.60240246
    230.60240246
    230.80004259
    231.15799338
    231.65094910
    230.84201398
    230.84201398
    231.06243097
    230.52199657
    230.52199657
    229.04613586
    229.04613586
    231.17828110
    231.47870236
    231.33844789
    231.18759574
    231.51121906
    231.60258849
    231.79209889
    231.86088800
    231.86088800
    231.67004117
    230.71502378
    230.66698891
    230.66698891
    230.66698891
    231.47073700
    231.10917554
    231.10917554
    231.10917554
    231.79555491
    230.71864949
    231.70770600
    231.76141140
    231.76141140
    231.76099473
    231.76099473
    232.08113612
    230.24378444
    231.44509843
    231.44509843
    230.75702383
    231.94939797
    230.44203663
    229.59307415
    227.50273175
    228.93492490
    231.32146494
    231.32146494
    231.32146494
    231.29556959
    231.29556959
    231.29556959
    231.63413265
    232.03841685
    232.03841685
    232.05833886
    231.67919502
    231.56496700
    231.56496700
    231.97122209
    231.97122209
    231.95518445
    231.84567263
    231.96843535
    232.02538829
    232.02538829
    231.70239352
    231.70239352
    230.88820569
    231.81278307
    231.70759985
    231.04723518
    231.49455707
    231.49455707
    231.53253096
    231.59839020
    231.59839020
    230.84925534
    231.04867026
    229.17224353
    229.24438496
    229.24438496
    228.78532260
    228.79554367
    229.23543295
    227.53059462
    230.91434455
    231.09960477
    231.09960477
    231.09960477
    231.66905876
    231.80567642
    231.80567642
    231.99355784
    232.09315756
    232.05461181
    231.79463820
    231.46673096
    232.05572914
    232.05572914
    232.06479973
    231.78474834
    231.76712457
    231.21994267
    231.17815408
    231.17815408
    231.67494675
    231.95833569
    231.95833569
    232.09700308
    231.93827859
    231.90646114
    231.90843555
    231.34495503
    231.34495503
    231.58024419
    231.58024419
    231.65990436
    231.65990436
    231.69594645
    232.05872209
    232.08118951
    231.85987655
    231.85987655
    231.77050614
    231.58362350
    231.44658549
    231.44658549
    231.27158139
    231.54264920
    231.77361485
    231.77361485
    232.10817234
    232.10817234
    231.70581798
    231.71896103
    230.15153536
    229.00756545
    229.37473828
    229.37473828
    229.17740765
    230.54644419
    230.54644419
    230.22332483
    229.68131727
    229.68131727
    229.68131727
    231.06961730
    231.27545464
    231.27545464
    231.27545464
    231.49236764
    231.49236764
    231.56388201
    231.32872467
    231.56118600
    231.54243691
    231.28170863
    230.23738866
    228.88943940
    229.73692319
    229.73692319
    229.21362537
    229.21362537
    228.77791566
    228.77791566
    228.77791566
    227.38918870
    227.38918870
    227.38918870
    227.38918870
    229.68336813
    230.22558302
    230.22558302
    230.30350635
    230.21904175
    230.21904175
    230.21904175
    230.21904175
    229.61602059
    228.47344863
    229.24484468
    230.72717808
    230.72717808
    230.48646301
    230.89406400
    229.35930258
    229.83484637
    230.27425726
    231.69242000
    231.72550679
    231.82878304
    232.01934112
    232.01934112
    232.02411039
    232.02411039
    231.66928569
    231.95116670
    231.67488520
    231.32279042
    231.57566125
    231.57566125
    231.05850242
    231.21541177
    231.21541177
    231.55584391
    231.46624785
    231.67780425
    231.61151183
    231.60192009
    231.85835618
    232.05532104
    231.84679385
    231.84679385
    231.84420175
    231.66960791
    231.79783175
    231.99143905
    231.99143905
    231.61003235
    231.88811305
    231.82359662
    231.82359662
    231.51304685
    231.73007445
    231.90463976
    231.87457627
    231.51708386
    231.80907841
    231.84518518
    231.99392428
    232.05604219
    232.06758586
    232.06758586
    231.78380619
    231.77084561
    231.45517066
    231.69522875
    231.74436458
    231.74436458
    231.62218812
    231.31358397
    231.31358397
    231.46408530
    231.52828310
    231.55874258
    231.55874258
    231.48588931
    231.21793645
    231.15103302
    231.17363421
    231.17363421
    231.10878506
    231.04487751
    229.69963061
    230.24728203
    230.24728203
    230.24728203
    230.44674718
    230.21527093
    230.74382408
    230.80663634
    230.91217547
    231.38248352
    231.35431271
    231.94182853
    232.10456118
    231.78495866
    231.79451205
    232.04896277
    232.07009016
    231.47907234
    231.36979419
    231.47618929
    231.47618929
    231.47618929
    231.94952366
    232.02310045
    230.76366275
    231.46021603
    231.46021603
    231.38755857
    231.38755857
    231.39284475
    231.39284475
    231.62993118
    230.11752244
    229.63806156
    229.01316328
    231.39143447
    231.39143447
    231.31439173
    231.92241064
    231.69224016
    232.06505993
    232.06505993
    232.03714584
    231.52012494
    228.39737038
    228.39737038
    228.39737038
    230.12263688
    230.12263688
    230.12263688
    231.10144030
    231.43680144
    231.88606834
    231.88606834
    231.85148767
    231.85148767
    231.85148767
    231.29733665
    231.30231493
    231.30231493
    230.85883224
    229.80327643
    230.78656388
    231.08139314
    231.23667964
    231.14419938
    231.90083784
    231.88295771
    231.88295771
    231.90284848
    231.90284848
    231.79817588
    231.79817588
    231.87940874
    231.85768489
    231.55995235
    231.04529260
    230.98706485
    231.28455959
    230.74943597
    230.49617290
    230.37310212
    230.06919250
    230.06919250
    230.57092486
    230.59454513
    229.47659236
    230.52380867
    230.52380867
    229.69332239
    230.54691745
    230.69120256
    230.22699815
    230.22699815
    230.22699815
    230.63068346
    230.63068346
    231.24633281
    231.32511643
    231.32511643
    231.81717095
    231.81717095
    231.96411375
    231.96411375
    231.69421736
    231.69421736
    231.69421736
    230.57460708
    230.57460708
    230.57460708
    230.70837263
    230.70837263
    230.70837263
    230.70837263
    230.70837263
    230.70837263
    230.70837263
    231.89097456
    231.18782762
    231.85889503
    231.60433629
    231.78506935
    231.81875905
    231.81875905
    232.04151537
    232.04151537
    232.04151537
    232.04151537
    231.58248152
    231.58248152
    231.04962344
    231.17627031
    230.72703894
    230.28124220
    230.57283753
    229.80807107
    229.80807107
    229.81494859
    231.40324676
    231.81825699
    231.80741597
    231.80741597
    231.62520764
    231.77347338
    231.25143557
    231.25143557
    230.99873024
    231.26531088
    231.16656468
    231.16014450
    230.05001702
    228.37122510
    228.37122510
    228.37122510
    228.47436089
    228.47436089
    228.19028047
    231.30244458
    231.30244458
    231.30244458
    231.65938718
    231.65855519
    231.65855519
    231.68487724
    231.55675084
    232.07655986
    231.82666803
    231.83801833
    231.83801833
    231.46574637
    230.64047918
    230.81999180
    230.87336932
    230.35038521
    230.35038521
    230.03573789
    230.03573789
    230.03573789
    230.03573789
    229.86895209
    229.67643024
    230.67891705
    231.39575412
    231.52112745
    231.71734570
    231.78738635
    229.45500782
    230.14057676
    231.32591573
    231.91599499
    231.91599499
    231.91599499
    231.63373924
    231.29950975
    229.66471109
    228.74793918
    228.74793918
    228.74793918
    229.43866922
    231.34710964
    231.34710964
    230.26733931
    231.25444640
    231.44843224
    231.55883578
    231.43441276
    231.43441276
    230.64251344
    231.35006515
    231.48718088
    231.48718088
    231.49788646
    231.59772559
    231.36871828
    231.19571790
    231.95133877
    231.91538001
    231.77355364
    231.77837214
    231.81405442
    231.50614157
    231.50614157
    231.50614157
    231.57542184
    231.00536623
    231.81571880
    231.86241384
    231.86017353
    232.00168388
    231.91601641
    231.98309513
    231.60873394
    229.18458094
    227.63976634
    227.47183676
    227.47183676
    227.47183676
    228.17543237
    228.17543237
    228.17543237
    228.08349415
    228.33447014
    227.94434527
    227.94434527
    229.45397036
    229.50569250
    229.71632903
    229.71632903
    229.71632903
    229.56726163
    228.98063732
    228.00869899
    228.00869899
    228.00869899
    228.00869899
    229.72557363
    229.61259789
    228.61838567
    228.61838567
    228.61838567
    228.61838567
    228.61838567
    228.61838567
    229.88090827
    229.58563941
    229.58563941
    230.40213888
    230.64821062
    231.39331464
    230.96196002
    230.96196002
    230.96196002
    231.07995216
    231.07995216
    230.64138884
    230.61272574
    231.17326795
    231.19678346
    231.28412872
    231.09713088
    231.31520827
    231.31520827
    231.22336598
    231.27081696
    231.53423421
    232.03019338
    232.02988590
    232.07298769
    232.06572239
    232.07997946
    231.94961624
    231.93745503
    231.87822897
    231.89879340
    231.87954051
    231.87954051
    232.04887616
    231.93199713
    230.88712248
    230.88712248
    231.86715250
    232.06792119
    232.06792119
    231.62858123
    231.12567905
    230.96131159
    230.96131159
    230.96131159
    231.44478356
    230.74040623
    230.31091161
    231.57365102
    231.74546879
    231.74546879
    231.74546879
    231.74546879
    231.02917509
    231.02917509
    231.02917509
    231.14591332
    227.04007430
    227.04007430
    230.46400974
    230.46400974
    230.46400974
    230.46400974
    229.99337857
    230.03486610
    230.03486610
    231.57805160
    230.95967298
    230.53442682
    231.43014554
    231.47407405
    231.84680168
    231.84680168
    232.09584896
    231.69420192
    231.69420192
    230.05955037
    230.05955037
    230.05955037
    230.41202069
    230.39281040
    231.02250360
    231.35077293
    231.35077293
    230.76054514
    231.15579929
    231.15579929
    231.18714856
    231.18714856
    231.41134195
    231.41134195
    231.30493698
    230.80733192
    230.80733192
    231.04183055
    230.66091487
    230.66091487
    230.12067362
    229.60631869
    229.60631869
    229.60631869
    228.17158191
    230.60130130
    230.61791125
    230.73678551
    230.53845768
    231.08009805
    231.23026732
    231.26796666
    231.22314319
    231.45424374
    230.98539615
    230.98539615
    231.26531240
    231.26531240
    231.44454008
    231.44454008
    231.44454008
    231.39983748
    230.73914106
    231.24151324
    230.16424490
    230.16424490
    230.16424490
    231.46107385
    231.94678311
    231.96772321
    231.47054995
    231.64558773
    231.74274152
    231.47055012
    230.72679856
    230.72679856
    230.72679856
    230.89336451
    230.54387934
    231.99658789
    231.99658789
    231.32334231
    231.32334231
    231.94377445
    231.94377445
    232.08499330
    232.07765724
    232.05985655
    232.11248281
    232.11248281
    231.94935430
    231.58617586
    232.06292555
    232.06495135
    231.94473181
    232.06569399
    232.08368812
    232.08425530
    232.08913453
    232.04696458
    232.08313555
    232.08313555
    231.84492066
    231.84492066
    231.48249004
    231.48249004
    231.48249004
    231.37434681
    231.37434681
    230.98101193
    231.69674787
    231.78358778
    231.68189840
    230.86123493
    231.08170282
    231.17592758
    231.18848922
    231.18848922
    231.18848922
    230.94493191
    230.98882429
    230.98882429
    231.52479275
    231.48692640
    231.67826471
    231.87462862
    231.83246448
    231.83246448
    231.68642910
    231.67410451
    229.83935871
    229.83935871
    231.32220771
    229.88115630
    229.88115630
    230.07085154
    230.95657217
    230.48181319
    231.39202076
    231.80499375
    231.95705492
    231.91990449
    231.93316192
    231.93316192
    228.54699078
    229.03244933
    229.55817744
    229.55817744
    229.55817744
    229.55817744
    229.21866966
    227.79103954
    228.63856980
    228.63856980
    230.99557335
    230.99557335
    230.99557335
    230.99557335
    230.96067712
    230.79279586
    231.31279095
    232.01696282
    231.60092767
    231.60916743
    231.87281878
    228.30528837
    228.30528837
    227.36303776
    227.92455588
    229.94525232
    229.94525232
    229.94525232
    230.78367978
    230.57084262
    230.57084262
    231.60592736
    231.57732490
    231.57732490
    231.46718293
    231.31338636
    231.31338636
    231.56207547
    231.76734947
    231.13306305
    229.32196046
    231.15852898
    231.12236737
    230.67176300
    227.91804199
    229.36955399
    229.36955399
    229.36955399
    229.36955399
    229.36955399
    229.36955399
    230.97459381
    231.03342164
    231.45634235
    231.45634235
    231.45061214
    231.63166480
    231.66180167
    231.18326769
    231.74084977
    232.06535430
    231.40190711
    231.91910261
    231.96965861
    231.96965861
    231.77100696
    231.77100696
    231.77100696
    228.87750343
    228.87750343
    228.87750343
    229.25819603
    231.42762090
    231.42762090
    231.50801561
    231.19713538
    231.19713538
    231.30955133
    231.30955133
    231.30955133
    230.92314308
    230.92314308
    230.92314308
    231.42894962
    231.13822967
    231.13822967
    231.75695085
    231.88928200
    231.43833128
    231.61887962
    231.61887962
    231.61887962
    231.61887962
    231.61887962
    231.68758121
    231.68758121
    231.74808095
    231.74808095
    232.08169509
    232.08169509
    232.06857107
    232.06857107
    232.04767446
    231.59763606
    231.59763606
    231.59763606
    231.59763606
    231.59763606
    231.96660114
    231.93300299
    231.93300299
    231.91554470
    231.61789704
    231.87189321
    231.74743350
    231.99379605
    232.06721963
    231.32253191
    231.48877795
    232.01592991
    231.84611230
    231.84611230
    231.88908251
    231.91544878
    231.86213350
    231.86213350
    231.86213350
    232.00981894
    231.69298433
    231.69298433
    231.69298433
    231.40958586
    231.40958586
    231.53176733
    231.53770024
    231.35748233
    231.28367813
    230.17476466
    230.97998647
    230.97998647
    230.97998647
    231.01929617
    231.20161964
    230.21968942
    229.93584893
    230.92506120
    231.52971497
    230.88282784
    230.88282784
    231.70886066
    231.44080150
    231.44080150
    231.82345705
    232.05051679
    232.01816658
    232.01816658
    231.86317790
    231.86065413
    232.05230573
    231.90571566
    231.97528584
    231.97284557
    231.97284557
    231.93426774
    231.03229868
    231.03229868
    231.03229868
    231.03229868
    231.39677956
    231.51398073
    231.51398073
    231.51398073
    231.78368910
    231.78368910
    231.88859564
    231.95848435
    231.80021238
    231.80021238
    231.82744277
    231.84131728
    231.42792310
    231.48503827
    231.45190412
    231.45190412
    231.55737364
    231.55737364
    231.47302301
    231.40524050
    231.67612373
    230.64140529
    231.39921786
    231.62055530
    231.65942381
    231.70603687
    231.70603687
    232.00358594
    230.73203213
    228.86005248
    228.86005248
    228.86005248
    230.55447282
    226.94381489
    230.41165195
    231.34468704
    231.34468704
    231.38047736
    231.30210207
    232.02324852
    232.02324852
    232.02324852
    231.90989319
    231.81555191
    231.70556592
    231.70556592
    231.70556592
    231.63717412
    231.63717412
    231.34437586
    231.32769280
    231.29339182
    231.29339182
    231.72616572
    231.69524884
    231.85671747
    231.82025853
    231.67243275
    231.85364770
    231.88122881
    231.89781611
    231.94628232
    231.94628232
    231.94628232
    231.87997583
    231.87997583
    231.70500475
    232.04830673
    232.06146560
    232.06146560
    232.07775978
    232.07775978
    231.20654624
    231.96529570
    231.96529570
    231.96529570
    231.96529570
    231.95376377
    232.07875349
    232.03312741
    231.96950633
    231.24754478
    231.37769652
    230.73250302
    230.73250302
    230.36361320
    230.21258421
    230.21258421
    229.90488188
    229.90488188
    230.60533529
    230.60533529
    230.51155593
    228.83800050
    228.83800050
    225.66177317
    225.66177317
    228.36417319
    228.36417319
    228.97991930
    231.31122731
    231.31122731
    231.18858001
    231.18858001
    231.59236241
    231.59236241
    231.64244307
    232.01001090
    231.80845560
    231.67436525
    231.81227635
    231.81175563
    231.39011596
    231.39256291
    230.96601717
    231.61725307
    231.95434723
    231.95434723
    231.89738831
    231.77178974
    230.84452146
    230.92784952
    230.92784952
    229.81572538
    229.81572538
    229.81572538
    229.81572538
    229.22140670
    229.22140670
    229.90331178
    230.88961936
    231.53052487
    231.66049093
    231.66049093
    231.42447857
    230.96990829
    230.39423763
    230.51428194
    230.37055289
    230.91725392
    230.91957918
    230.24922976
    230.44097120
    230.44097120
    230.24148738
    231.16948998
    231.18680774
    231.18680774
    231.76280247
    231.72706512
    230.33140761
    229.81859421
    229.81859421
    228.23524380
    228.23524380
    229.66895759
    229.32819450
    229.32819450
    229.37991862
    229.37991862
    230.65659201
    230.41198657
    230.69626344
    230.69626344
    231.43741159
    231.15941935
    230.54066759
    230.54066759
    230.99072536
    231.87301061
    231.84589598
    231.81223244
    231.86397317
    231.65964536
    230.99799923
    230.99799923
    230.36095155
    230.36095155
    230.08556186
    230.08556186
    230.08556186
    230.07489167
    230.07489167
    229.02587702
    229.64408745
    229.51316304
    229.51316304
    229.41137023
    229.41137023
    229.41137023
    229.54175659
    230.85479544
    230.85479544
    231.50710620
    231.44741319
    231.92044019
    231.99050344
    232.04971024
    232.09991492
    232.09747302
    231.56660958
    231.56660958
    231.14747663
    230.84966905
    230.84966905
    230.84966905
    230.84966905
    230.84966905
    230.84966905
    230.91270214
    230.91077368
    230.99152829
    230.95829145
    230.95829145
    230.95829145
    230.80402650
    231.13049883
    231.26483671
    231.34342812
    231.67261593
    231.64933414
    231.64933414
    230.25599123
    229.89016016
    229.89016016
    229.89016016
    229.97147463
    230.28846303
    228.38711891
    228.38711891
    228.38711891
    228.38711891
    229.75595437
    229.89620871
    229.89620871
    229.89620871
    229.89620871
    229.68010590
    229.68010590
    229.68010590
    230.72454923
    230.72454923
    230.72454923
    230.50368423
    230.86169087
    231.16048893
    231.16048893
    231.61926504
    229.44634066
    229.44634066
    229.07795119
    229.57717695
    230.34583611
    230.32546769
    230.45583995
    230.21749541
    230.21749541
    230.21749541
    230.90644097
    230.27152107
    230.75153976
    230.75153976
    230.75153976
    230.75153976
    230.75153976
    231.92550919
    231.92550919
    232.04888110
    232.04888110
    231.47714063
    231.24402666
    231.24402666
    231.32713804
    231.62922325
    231.72576095
    231.98838826
    231.72716756
    231.77179114
    231.26308187
    231.52039819
    231.55470910
    231.51795166
    231.51795166
    230.77192163
    230.55240901
    230.55240901
    230.92666524
    231.07180041
    231.66831851
    230.90038044
    229.97658737
    230.43188990
    230.90571895
    230.29168477
    231.48785506
    231.07754559
    230.86936066
    230.86936066
    230.23074871
    230.05158516
    232.03592228
    230.66529713
    230.66529713
    230.66529713
    230.66529713
    231.50691388
    230.82556630
    229.61235561
    229.61235561
    229.61235561
    230.07158230
    230.07158230
    231.80247540
    231.80247540
    231.73084040
    231.14118572
    230.97403441
    230.97403441
    231.96643070
    231.96643070
    231.96643070
    231.76568119
    231.41170990
    231.41170990
    231.31341887
    232.06354304
    231.98164875
    231.98164875
    232.08363364
    232.00669770
    231.61577745
    231.61577745
    231.61577745
    231.72292200
    231.72292200
    231.72292200
    231.47226169
    232.10745547
    232.09646726
    232.09646726
    232.09674812
    232.04332936
    231.53943216
    231.57238905
    231.87290124
    231.90151855
    231.77345653
    231.96589628
    231.91000283
    231.91000283
    231.53946966
    231.76908581
    231.76908581
    231.76908581
    231.63957014
    231.63957014
    232.01850839
    232.01850839
    231.81191303
    231.81191303
    231.89183133
    231.83448659
    231.92253229
    231.85507216
    231.85507216
    231.87063814
    231.75248489
    231.20595149
    230.33233151
    230.45550178
    230.50812355
    230.36406137
    230.36406137
    230.37100403
    230.32962764
    230.32001402
    231.29012292
    231.41300868
    231.58193182
    231.58193182
    231.58193182
    231.74023466
    231.74023466
    231.62160728
    231.56621329
    231.56621329
    231.56621329
    231.56621329
    231.14183047
    231.14183047
    231.39881935
    230.05617910
    231.87772529
    230.85238280
    230.85238280
    231.36620259
    231.74672036
    231.47033940
    231.47033940
    232.05517888
    231.51536394
    231.51536394
    231.53083589
    231.53083589
    231.66626127
    231.66626127
    232.06862348
    232.06862348
    231.73314608
    231.73314608
    231.69824304
    232.09237243
    232.11152133
    231.53465081
    231.91972973
    231.58408535
    231.58408535
    231.99079911
    231.99079911
    232.06644467
    232.08221955
    231.98297578
    231.94218513
    231.81802668
    230.88083195
    230.88083195
    230.88083195
    230.94407987
    231.57696376
    231.58478041
    231.76660664
    231.27589775
    231.27589775
    231.12353531
    231.03722127
    229.99611846
    230.59326886
    230.59326886
    230.59326886
    230.59326886
    231.87590223
    231.85193606
    231.77847986
    231.76136330
    231.48962283
    231.86615662
    231.86615662
    231.98268685
    232.08675278
    231.84023106
    231.09500779
    231.09500779
    231.39676412
    231.61492473
    231.43085988
    231.79153949
    231.79961796
    231.22080818
    230.65742580
    230.88353466
    230.17302394
    230.36884301
    231.09857623
    231.20527540
    231.11761963
    231.94531780
    231.91534385
    231.89241520
    231.99445073
    231.60033172
    231.60779846
    231.89436881
    231.95016218
    231.95016218
    231.70110032
    231.70110032
    231.82561680
    231.82561680
    232.06728560
    232.10637213
    232.10637213
    231.62738920
    229.84751176
    229.47189471
    231.33450027
    231.33450027
    231.97539065
    231.70232674
    231.69261288
    231.69261288
    230.52148864
    230.52148864
    230.56292940
    230.88268079
    230.32356716
    230.32356716
    230.10177930
    230.10177930
    229.69294868
    229.69294868
    230.61562157
    231.74232510
    231.76822420
    231.43547253
    230.49742891
    230.49489403
    230.49489403
    230.57917903
    230.57917903
    230.30273007
    230.01434560
    229.94334638
    229.94334638
    230.72113689
    230.72113689
    230.22697768
    230.96934158
    230.96934158
    231.06314248
    230.85646038
    231.71747607
    231.83049303
    231.85188690
    231.85188690
    232.00513220
    231.88850561
    232.00313548
    231.99347869
    231.60846542
    231.17628164
    229.30964009
    229.41043409
    229.50180273
    230.46676294
    229.44361295
    229.44361295
    229.60417105
    230.01612634
    230.03434142
    229.27162664
    229.27162664
    227.64427650
    227.64427650
    224.24413934
    228.20423795
    228.36242767
    228.36242767
    228.36242767
    229.09781492
    230.68650566
    231.79559774
    231.72574390
    231.36277373
    231.19657726
    231.04862291
    230.89512940
    230.89512940
    231.52442088
    231.52442088
    231.50358921
    231.50811363
    227.29558674
    228.05395319
    228.05395319
    230.68606287
    230.68606287
    230.68606287
    230.60531252
    230.60531252
    229.63703726
    231.33133555
    231.33133555
    231.33133555
    230.23447840
    230.79339640
    230.72738289
    231.61788003
    231.61788003
    231.61788003
    231.57535028
    231.57535028
    229.51704483
    231.73583207
    231.95972598
    231.79677368
    231.60376367
    231.60376367
    232.08176602
    232.10259030
    231.94468882
    231.94339553
    231.74352588
    231.88400440
    232.08319100
    231.96744644
    232.01206073
    231.96186871
    230.33633380
    226.52621119
    226.52621119
    231.65721381
    231.77493389
    231.29208407
    231.23455761
    231.23455761
    230.83078198
    230.83078198
    230.83078198
    230.83078198
    230.62776003
    231.48275135
    231.73463346
    231.53988292
    231.53988292
    231.53988292
    231.97226309
    231.80172901
    231.74681809
    231.70656389
    231.57688822
    231.57688822
    231.76583743
    231.76583743
    231.82049190
    231.82049190
    231.90078446
    231.93438191
    231.87522305
    231.87522305
    232.02852871
    231.41194156
    231.15885218
    231.65759064
    231.65759064
    231.31693830
    231.31693830
    231.31693830
    230.59610760
    231.10706188
    229.95716830
    229.36937883
    229.36937883
    229.36937883
    230.19154680
    230.63405620
    230.77952993
    229.45639374
    229.55031213
    227.27543856
    227.27543856
    230.70497672
    230.55881874
    230.22575510
    230.22575510
    230.22575510
    229.49736188
    229.33409932
    229.33409932
    229.33409932
    229.86694283
    230.55817062
    231.66144714
    231.69153894
    231.69153894
    231.75007760
    231.72217801
    231.72217801
    231.54936500
    231.54936500
    231.32839897
    231.17459281
    231.17459281
    231.14395436
    231.21156360
    231.16859595
    231.26358333
    231.26358333
    231.05177767
    231.05177767
    231.06682299
    231.90082782
    231.79884700
    231.58478942
    231.58478942
    231.57656337
    231.01182953
    230.59468142
    230.59468142
    231.22463546
    231.44328185
    231.35489761
    231.00157221
    231.58885174
    231.00813831
    230.57633853
    230.57669423
    230.57669423
    231.71696799
    231.71605954
    231.56120090
    230.02940526
    230.83997276
    231.76618596
    231.37692833
    231.38278686
    231.38278686
    231.38278686
    231.52375913
    231.34552332
    231.57992647
    231.64175511
    231.64175511
    231.65166318
    232.11207848
    232.11207848
    232.11207848
    232.11143040
    232.11143040
    232.11143040
    232.07959951
    232.07959951
    231.71840799
    231.62375342
    231.94357438
    231.54146375
    231.87009631
    230.42591502
    231.88506364
    231.92602050
    232.08314936
    232.04264731
    231.46972531
    231.46972531
    231.46972531
    231.99244006
    231.86200185
    231.86200185
    232.08726985
    232.08712862
    232.08324685
    232.09225245
    232.05481909
    232.04879330
    232.03754260
    231.82062088
    231.35477764
    232.08361816
    231.49661572
    231.49661572
    231.48265394
    231.86421307
    231.74926483
    231.72095752
    231.72095752
    231.63779114
    231.76596254
    231.72748996
    230.45316588
    230.16357770
    230.16357770
    230.28202465
    230.61622830
    229.83759468
    231.04386363
    231.16190145
    231.66410493
    231.74236600
    231.05971302
    231.05971302
    230.74636154
    231.42599298
    231.42599298
    231.49846899
    231.49846899
    230.38778421
    230.70296187
    231.19817504
    231.19817504
    231.47863785
    230.99381763
    231.39217106
    231.39217106
    230.65455383
    230.65455383
    230.65455383
    231.96571666
    231.85864078
    231.85864078
    232.01980157
    232.02112710
    232.11398116
    232.08501114
    232.08501114
    232.08501114
    232.06655396
    231.77539430
    231.86367126
    231.90380827
    232.02693323
    231.88193036
    230.99318984
    230.95746356
    230.84466306
    231.29594328
    231.29594328
    230.53860477
    230.79319036
    230.26758061
    230.26758061
    230.26758061
    230.46780721
    230.58636393
    231.31350262
    231.86318619
    230.65829109
    230.37632988
    229.61293462
    230.07521547
    228.59067621
    229.11712253
    229.11712253
    229.98964734
    229.98964734
    229.98964734
    229.92371948
    229.92371948
    230.00377987
    230.93685603
    231.23770828
    230.26111794
    230.46627544
    230.29811465
    230.29811465
    230.29811465
    230.37756009
    230.37756009
    231.80045478
    231.46211720
    231.46211720
    231.88053055
    232.04800086
    232.04976867
    231.99128834
    231.92047984
    231.92047984
    230.73623283
    230.73623283
    231.66368595
    231.67645340
    230.59073168
    231.17718991
    231.60209885
    231.60209885
    230.88070808
    230.99592079
    231.09441528
    230.60876522
    230.60876522
    230.60876522
    230.60876522
    230.58943910
    231.98783754
    231.74367483
    231.27721090
    231.27721090
    231.89462147
    231.94788374
    231.85993862
    231.87790671
    231.78948821
    231.78948821
    231.34715480
    230.33261965
    229.49693030
    228.49732915
    229.45646273
    230.80724265
    230.78371523
    230.22308817
    230.13920103
    230.53114903
    230.81679874
    230.81679874
    230.81679874
    230.81679874
    230.85126683
    230.85126683
    231.96241070
    231.93835756
    232.03598916
    232.03598916
    231.84787450
    231.85746728
    231.64846872
    231.51219304
    231.77626975
    231.69759951
    231.22895770
    231.22895770
    231.22895770
    231.39497385
    231.39497385
    231.39497385
    230.97076948
    232.09636509
    232.09295883
    232.09346472
    231.12782725
    228.33422318
    228.33422318
    228.33422318
    228.33422318
    228.33422318
    231.36164840
    231.36164840
    231.36164840
    229.73511190
    229.73511190
    229.73511190
    229.72730165
    229.72730165
    229.72730165
    232.08238446
    231.90565293
    232.11154766
    232.11528308
    231.73625201
    231.86170493
    231.90371433
    231.90371433
    231.54704657
    230.12304879
    231.01229363
    231.89587917
    231.89587917
    231.74145054
    231.73468188
    231.89140583
    231.89140583
    231.82433516
    232.05907575
    231.62764661
    230.10512985
    230.10512985
    230.42544322
    231.04583176
    231.97174160
    232.00163659
    231.40273552
    231.40131365
    231.06281791
    230.82744442
    230.82744442
    230.82744442
    230.82744442
    230.82744442
    231.57029911
    231.67858326
    232.04592961
    232.06911406
    232.09222059
    232.09222059
    231.58408553
    229.60751300
    229.60751300
    229.60751300
    229.60751300
    230.53180188
    230.53180188
    230.53180188
    231.09290145
    231.68983788
    231.75657410
    231.75657410
    231.62580093
    231.62580093
    231.68786528
    231.68786528
    232.09446848
    232.03316319
    231.78417762
    230.90941412
    231.62398807
    231.62398807
    231.02016983
    231.08848899
    232.01204025
    231.84794515
    231.60793158
    231.60793158
    231.60793158
    231.46041704
    231.09593543
    231.09593543
    231.09593543
    231.09593543
    230.67297382
    231.43220699
    231.65689236
    231.91956722
    231.71963126
    231.51962790
    231.49018429
    231.76746821
    231.05816492
    231.05816492
    230.76154517
    230.09579098
    230.09579098
    230.09579098
    230.55120219
    230.55120219
    230.55120219
    230.10380073
    230.00426514
    228.70495394
    229.87461408
    230.98617435
    230.98617435
    231.92219709
    231.76245179
    232.04877340
    231.56167166
    231.74051087
    231.45370752
    231.24661155
    231.81891092
    231.63103969
    231.67758856
    231.85742494
    231.85204582
    231.85944090
    231.63708511
    231.93022840
    231.93022840
    232.00697481
    231.15597229
    231.48989906
    230.41688050
    230.34154837
    228.89527961
    228.89527961
    228.89527961
    228.85464719
    230.51737926
    230.75541955
    230.75541955
    231.24682162
    229.96950363
    229.96950363
    231.03062833
    231.81705136
    231.13943145
    231.22372185
    230.83183550
    230.84970650
    230.84970650
    231.75646972
    231.75646972
    231.60775013
    231.74066433
    231.74066433
    231.79212674
    231.79212674
    231.79028240
    231.73199730
    231.65675491
    231.65675491
    231.65715205
    231.28189287
    231.28189287
    231.58847066
    231.72813882
    231.65558096
    231.65558096
    231.81117761
    231.71736153
    231.71736153
    231.73567791
    231.96741516
    231.85939404
    232.00222854
    232.00222854
    232.00222854
    231.71767793
    231.72250628
    231.93857604
    231.93857604
    231.98318236
    231.73732012
    231.79379265
    231.18283840
    231.18283840
    231.44591802
    231.67233478
    230.96530260
    230.76358647
    230.76358647
    229.76175891
    229.76175891
    228.84717939
    228.84717939
    228.59724669
    228.73514977
    230.05165204
    230.42381314
    229.59822172
    229.28712744
    229.42506662
    229.42506662
    229.42506662
    229.42506662
    229.42506662
    229.33800865
    229.33800865
    229.33800865
    230.29641247
    230.04468813
    231.25081926
    231.66162408
    231.66162408
    231.59086814
    231.60900472
    231.60900472
    231.90611294
    231.90611294
    231.88743549
    231.43038583
    231.62449244
    231.58006014
    231.74711787
    230.90925063
    230.90925063
    231.39494008
    230.30020317
    229.51473819
    229.51473819
    226.57432330
    226.57432330
    226.57432330
    226.57432330
    226.57432330
    228.35781242
    230.26585874
    230.26585874
    231.39900466
    232.10214262
    232.10233272
    231.98816113
    231.94890387
    230.30509178
    230.30509178
    230.59409454
    229.57876222
    229.71950568
    229.71950568
    231.23632939
    231.48926379
    231.15247555
    230.98274139
    231.41701975
    231.29508862
    231.29508862
    230.71386293
    230.87156844
    231.12133427
    231.12133427
    231.12133427
    231.12133427
    231.35298901
    231.62456299
    231.62456299
    231.62456299
    231.64851505
    231.64851505
    231.51185664
    231.51185664
    231.54572008
    231.91769348
    231.34434239
    231.44817496
    231.24659727
    231.23879750
    231.56620949
    231.52940511
    231.68628642
    232.11173997
    232.11173997
    232.05228182
    232.06109646
    232.05134932
    232.05134932
    231.98462667
    231.58126528
    231.58126528
    231.55676574
    231.88141315
    231.70944921
    231.57417867
    231.42741930
    231.54027716
    231.54027716
    231.54027716
    231.77963605
    231.77963605
    231.81281069
    231.87927784
    232.08152404
    231.58627466
    230.39346590
    230.39346590
    231.98217843
    231.93802121
    230.54598398
    231.53530295
    231.83310384
    231.84362493
    231.92427283
    231.88659684
    231.88659684
    231.89417851
    231.82136512
    231.97726613
    232.04788626
    232.04788626
    232.05408532
    232.10953124
    231.48409670
    231.55630369
    231.45516540
    231.45516540
    231.45516540
    231.45516540
    231.80780418
    232.03851220
    231.75928500
    231.75928500
    232.06856173
    232.06856173
    232.06856173
    232.06185813
    231.95664925
    232.03872910
    232.03872910
    232.03872910
    232.06905714
    232.06905714
    232.08734116
    231.93876136
    231.93237061
    232.05800778
    231.67807025
    231.65099364
    231.81460571
    231.85121298
    231.92768918
    231.81578390
    231.81578390
    231.79222142
    231.87395066
    229.99892389
    230.44069575
    230.51543423
    230.49595769
    230.57068977
    230.99000953
    230.92472108
    231.38629460
    231.01929512
    231.01929512
    229.59953273
    231.37520136
    231.34591992
    231.16683713
    229.91595334
    228.22825455
    228.22825455
    228.22825455
    228.22825455
    228.22825455
    228.22825455
    228.60086570
    229.78140338
    231.16512263
    231.86136607
    231.44187655
    231.41249593
    231.33514937
    232.08472848
    231.29986130
    231.84856024
    231.82622535
    231.82622535
    231.83268859
    231.83268859
    231.70502373
    231.69731823
    231.75136010
    231.71074159
    231.71074159
    231.12151837
    231.82525626
    231.82525626
    231.83349951
    231.72396687
    230.26647916
    231.85108222
    231.33586576
    231.61478917
    231.02609137
    231.02609137
    231.02444333
    231.02444333
    231.01901982
    231.01901982
    231.01901982
    231.27850676
    231.81937768
    231.81937768
    231.89872326
    231.89872326
    232.05543738
    231.99510619
    231.91484418
    231.70307032
    231.70307032
    231.16868560
    231.24908910
    229.76985021
    227.78259476
    227.78259476
    227.78259476
    227.78259476
    228.34852793
    228.34852793
    228.65701955
    230.04313521
    229.55460855
    229.53495277
    230.94666377
    228.33531096
    228.33531096
    228.33531096
    225.29647374
    225.29647374
    225.29647374
    225.29647374
    227.57902889
    230.11656155
    231.04871426
    231.84617822
    231.84617822
    231.84617822
    231.90478788
    231.86428664
    231.91276128
    231.91994076
    231.91864093
    231.91864093
    231.92086259
    231.88872470
    231.88872470
    231.22677922
    231.38144880
    231.38144880
    231.62002423
    231.62002423
    231.62002423
    231.62002423
    231.39382705
    232.06624970
    232.05222747
    231.95461493
    230.83577515
    230.83577515
    230.84196233
    230.84196233
    231.91807920
    231.71992140
    230.49034272
    230.14103722
    229.82687187
    231.70448450
    231.50756693
    231.28934315
    231.61529021
    231.60293642
    229.91869549
    229.91869549
    229.91869549
    230.78923138
    231.75638401
    231.90127355
    231.90127355
    232.08874192
    232.02478282
    232.02478282
    231.93598823
    231.97128326
    231.85665766
    231.81607642
    232.00249499
    231.97673919
    231.94691932
    231.47110263
    231.46230769
    231.46967798
    231.46967798
    231.84538802
    231.66092170
    231.52209712
    231.52209712
    231.52209712
    231.52209712
    231.52209712
    231.52209712
    231.87759289
    231.47826139
    231.47826139
    230.74114911
    230.59943336
    230.65127517
    230.65127517
    229.65286605
    229.65286605
    231.27042395
    231.56017973
    231.79650757
    231.99535651
    231.47380606
    231.94257417
    232.00018232
    231.79638379
    231.39006230
    231.48323258
    231.18961360
    231.14407259
    229.07827651
    230.68806387
    230.49241486
    230.64193214
    231.73208089
    231.73208089
    231.73208089
    232.04864871
    232.08463478
    232.08467615
    232.08467615
    231.99484969
    231.45917758
    230.38530816
    229.79812317
    228.54887691
    228.54019874
    228.54019874
    227.89197310
    227.89197310
    227.89197310
    227.89197310
    227.79393624
    227.79393624
    230.62134212
    230.68670193
    231.86603936
    231.86603936
    231.86603936
    231.55378301
    231.62039308
    231.65315169
    231.98557843
    231.69341989
    231.28452184
    231.28452184
    231.28452184
    230.78227977
    231.77767092
    231.77767092
    231.72294479
    231.86468922
    232.10919396
    232.08750327
    231.72503727
    231.95693381
    230.86533942
    231.36418909
    231.36418909
    231.36418909
    230.76495536
    230.76495536
    230.76495536
    230.76495536
    231.56933757
    231.56933757
    231.70478127
    231.59405865
    232.08070189
    232.08070189
    231.90766795
    231.67773942
    231.95278214
    231.14502036
    231.10287623
    231.07773905
    231.24415496
    231.93608542
    231.93608542
    230.66769441
    230.66769441
    231.58423585
    231.57501790
    231.57501790
    231.60249612
    231.42186659
    231.69194758
    229.85313499
    229.17385172
    229.17385172
    229.17385172
    229.40989740
    230.13344736
    230.52897828
    230.52897828
    229.91914278
    230.18132018
    230.18132018
    230.18132018
    230.18132018
    229.91139161
    229.91139161
    229.93244745
    228.60565622
    230.16409875
    231.60582201
    231.61966415
    231.62623597
    231.41244750
    231.41244750
    230.37017342
    230.94311923
    230.94311923
    231.32248628
    231.32248628
    230.89802741
    230.91293231
    231.44569605
    231.44569605
    231.44569605
    231.44569605
    231.44569605
    231.44569605
    232.04447263
    231.92805978
    231.62856355
    231.47703488
    231.47703488
    230.44322711
    230.35953186
    229.87591597
    231.65192674
    231.63284379
    231.63284379
    231.71381269
    232.07420254
    231.95098993
    232.00584627
    232.00584627
    232.00584627
    231.77996942
    231.77996942
    231.61701064
    231.61701064
    231.97597182
    231.97597182
    231.98754410
    231.96878329
    231.95758409
    231.95758409
    231.85327468
    231.85368818
    231.85368818
    231.85368723
    231.85368723
    231.80563146
    231.80563146
    231.85327312
    231.87406079
    230.63289202
    231.63996184
    231.84294840
    231.53694300
    231.85179130
    231.64874250
    231.41140932
    232.10644333
    231.62336484
    231.26451024
    231.60926848
    231.14913923
    231.14913923
    231.14913923
    230.18274865
    231.95912581
    231.94775961
    231.97842345
    231.79818559
    231.79818559
    231.62598954
    231.62598954
    232.07764244
    232.07764244
    231.37429954
    231.64001576
    231.53175715
    230.92498040
    231.46715137
    231.46715137
    231.33985450
    231.33985450
    230.61479687
    231.11718868
    231.11718868
    231.11718868
    231.10640004
    231.10640004
    231.60242415
    231.27085038
    231.00807562
    231.21470071
    231.71368117
    231.88286746
    231.84792140
    231.86237968
    231.81365444
    231.81365444
    231.77798725
    231.77798725
    231.52021987
    231.83503042
    231.83275375
    231.71840860
    231.71840860
    231.65780991
    231.77300301
    231.77117241
    231.77117241
    231.94943930
    231.94943930
    231.94943930
    231.93530623
    231.94870018
    230.29911771
    230.80336459
    231.57204724
    230.67171568
    231.05065592
    231.55383464
    231.27467422
    231.46677743
    231.46677743
    231.45671412
    231.45671412
    230.74867279
    230.57863836
    231.14552232
    231.71289106
    231.71289106
    231.71289106
    231.65634054
    230.86344173
    231.42571738
    230.88485979
    230.91225171
    231.85611221
    232.02996091
    232.00277818
    231.85358217
    231.95798098
    231.76608742
    231.76608742
    231.86318869
    231.91095323
    231.85299733
    231.03326051
    231.03326051
    231.04925672
    231.04925672
    231.07620161
    231.16607002
    231.28690213
    231.28690213
    231.28690213
    231.60594034
    231.63263460
    231.74804963
    231.63393933
    231.63393933
    231.63393933
    231.72673871
    231.90530624
    231.93687728
    231.74479630
    231.74479630
    231.18898273
    231.14544731
    231.56516024
    229.29552548
    229.29552548
    229.14625975
    229.14625975
    229.15489040
    229.15489040
    229.65700692
    230.25960637
    230.25960637
    229.31369865
    229.31369865
    229.31369865
    229.76004421
    228.10239660
    228.10239660
    228.10239660
    228.31243549
    228.31243549
    228.33795167
    229.41603709
    227.75954055
    227.75954055
    227.75954055
    227.75954055
    227.75954055
    227.75954055
    228.76690941
    229.65538004
    231.11236384
    231.42266738
    231.42266738
    231.27151646
    231.27151646
    231.24350878
    231.48809715
    231.48809715
    231.96896239
    231.92729192
    231.92729192
    231.90967225
    231.35009246
    232.06698098
    232.06698098
    232.11234121
    232.11279910
    229.09825518
    230.08390210
    230.08390210
    231.22279600
    231.22279600
    231.06744436
    231.06744436
    231.15115564
    228.90768520
    227.45213116
    231.22934895
    231.80085436
    231.80085436
    231.95876740
    231.95876740
    232.04593940
    231.49919129
    230.90798260
    230.85825500
    230.37035691
    230.42087641
    230.08046966
    229.93219785
    231.11982764
    231.49646469
    231.34775998
    228.93664959
    230.92922217
    231.28291657
    231.78614062
    231.69399990
    231.66775231
    232.01792356
    231.83395267
    231.67507362
    231.67507362
    231.83492008
    231.53139113
    231.38540159
    230.90449425
    230.90449425
    230.87114052
    230.87114052
    231.72510200
    231.73048863
    231.77223564
    231.95235275
    231.88148108
    231.88148108
    231.35305876
    231.01105070
    230.51348621
    230.51348621
    231.49080780
    231.39623164
    231.39623164
    231.82734729
    231.82734729
    228.36212995
    230.59334878
    230.11650497
    231.18603187
    231.26288055
    231.26288055
    230.86547094
    231.61676532
    232.04855260
    232.01035748
    231.57542100
    231.97941135
    231.97941135
    231.75871153
    231.49295107
    231.49295107
    231.49644012
    231.49644012
    230.80266155
    230.80266155
    230.60560409
    230.50688776
    228.66876052
    228.81529546
    231.11422215
    230.66981832
    230.61585650
    231.18475979
    229.32971105
    226.95905992
    228.11464976
    228.11464976
    228.11464976
    228.11464976
    228.11464976
    228.11464976
    228.11464976
    229.63171365
    229.59828393
    230.32638590
    230.32638590
    230.15283771
    231.89414126
    231.89414126
    231.46415268
    231.99001465
    231.38365511
    231.38365511
    231.47363894
    231.86709280
    231.84552669
    231.84552669
    231.77074855
    231.81688762
    231.93546838
    231.98259328
    231.90570754
    231.90570754
    231.90570754
    231.84274420
    231.84274420
    231.75500808
    231.78546168
    231.78546168
    231.97377489
    231.94639767
    231.94639767
    232.00883468
    232.00883468
    232.00883468
    231.81192428
    231.74191656
    231.74191656
    231.74191656
    231.74191656
    231.87891234
    231.80782618
    231.70271881
    231.70271881
    232.09515875
    232.10966716
    232.01218677
    232.05988093
    232.01920866
    229.43846442
    230.91055557
    230.91055557
    231.52972542
    231.69643890
    231.68573456
    232.07032948
    232.06025965
    230.40698529
    230.44956611
    230.81201201
    231.27919157
    230.84840079
    229.82216870
    228.19133805
    228.36355313
    231.37057078
    231.08563872
    230.99110873
    231.29302804
    231.60400690
    231.60400690
    231.45884477
    231.11871407
    230.86746495
    231.12766943
    230.35473713
    230.12224342
    230.02173220
    230.02173220
    230.78718618
    231.32490590
    230.64999566
    230.71361257
    230.22321880
    230.22321880
    230.03125952
    230.84191307
    230.84191307
    230.84191307
    230.89555533
    230.66528511
    230.87505830
    231.23034113
    231.56848600
    231.56848600
    231.96073935
    232.07315593
    232.02867888
    232.04694336
    232.03836245
    232.02201934
    232.02201934
    231.91658426
    231.91658426
    231.86375132
    231.86388374
    231.81397488
    231.52460549
    231.27705704
    231.55609700
    231.67526284
    231.40890346
    230.77136130
    230.82542936
    230.61224009
    230.61224009
    230.61224009
    231.02395220
    231.89272289
    231.70718719
    231.96218028
    231.94517316
    231.94517316
    231.82789049
    231.82069841
    231.81665780
    231.88343084
    231.89162953
    232.09164532
    232.05701929
    231.49922399
    232.06789070
    231.41112186
    231.68843313
    231.68843313
    231.64592264
    231.41897069
    232.07823075
    232.08315914
    232.03583829
    232.09950524
    232.03208880
    232.09209160
    232.08854812
    232.00763283
    232.00763283
    231.99886333
    231.99104895
    231.99104895
    231.99104895
    231.79848670
    231.79848670
    231.79848670
    231.92649789
    231.92649789
    231.77934575
    231.74026777
    231.26603032
    230.84035924
    230.68366002
    231.11721297
    230.76480877
    230.76480877
    230.76943159
    230.76943159
    230.76943159
    230.76943159
    231.51470091
    230.90820955
    230.84832459
    230.78107089
    230.76906047
    231.04958945
    230.80793738
    230.80793738
    229.89790744
    229.89790744
    230.44658159
    230.62294688
    230.02977336
    230.49962554
    230.81847288
    230.76785943
    230.76785943
    230.53377751
    229.64689497
    229.11391314
    229.09855683
    230.48826415
    230.60645189
    231.67634201
    231.67634201
    231.66511167
    231.65978214
    231.54499930
    231.56734878
    232.04312881
    232.04589733
    231.64004913
    231.64004913
    231.23567859
    231.20333538
    231.20333538
    230.07895492
    230.07895492
    230.07895492
    230.16334964
    231.39019671
    231.60404883
    231.64732958
    231.83204126
    231.83204126
    231.83204126
    231.83204126
    231.90552503
    231.78990490
    231.78990490
    231.84783757
    231.80827110
    231.80827110
    231.81570696
    231.81356700
    231.81356700
    231.81356700
    231.93629918
    231.89189565
    231.98287486
    231.93584581
    231.93584581
    231.93352281
    231.74251964
    231.70424081
    231.82918957
    231.82918957
    231.86068432
    231.86068432
    230.66120584
    230.66120584
    230.66120584
    230.32195596
    230.32195596
    230.32195596
    231.05459579
    230.55776399
    231.69937685
    231.77620853
    231.92750287
    231.65775277
    231.65775277
    232.03566839
    232.01710474
    232.01710474
    232.02058666
    231.81970746
    231.72270931
    231.30284116
    231.53381804
    232.10035816
    232.10035816
    230.68093330
    231.70052339
    231.70052339
    231.70052339
    231.70052339
    231.72880454
    231.62786548
    231.58392272
    227.03369224
    227.03369224
    228.94330057
    228.94330057
    228.94330057
    228.94330057
    228.94330057
    230.46594425
    230.46594425
    230.43538867
    230.43538867
    230.43538867
    230.41073772
    230.82442678
    230.50410645
    230.71074084
    230.60580258
    231.14793052
    231.43227714
    231.69759682
    231.14186047
    230.69827905
    230.69827905
    229.79254410
    229.88155121
    229.88155121
    230.96791906
    230.85643755
    230.55232485
    230.56325978
    230.81438893
    230.81438893
    230.96188379
    230.94446328
    230.94446328
    230.94446328
    231.36079752
    231.54238410
    231.53563887
    231.59603277
    230.48176407
    230.06366840
    231.01847884
    230.96136511
    231.05251917
    231.05251917
    231.04614601
    230.18505197
    228.70991564
    228.70991564
    228.80357295
    229.98875395
    228.38505387
    228.41731002
    230.25064664
    229.14262253
    229.14262253
    230.85965980
    231.22800749
    231.26759894
    231.64961312
    231.95480354
    230.79898381
    230.79898381
    231.55902073
    230.34500565
    231.21434530
    231.21434530
    231.95562930
    231.87099444
    231.87099444
    232.05715248
    232.00726584
    232.06399675
    232.03251882
    232.06136733
    232.04365013
    232.10809851
    232.11011994
    231.88855738
    232.01669382
    232.00959754
    232.00959754
    232.00959754
    231.14506168
    231.35780629
    227.45172296
    227.45172296
    227.45172296
    227.45172296
    231.91807776
    232.00836688
    230.90858570
    231.64427631
    231.64427631
    230.71821631
    230.71821631
    230.71821631
    231.16641706
    231.74120199
    231.92528497
    231.92528497
    231.94430044
    231.84229699
    231.84229699
    231.84229699
    231.84229699
    231.84201789
    231.92808517
    231.54361784
    231.73262157
    231.73262157
    231.73262157
    230.69514187
    231.69463121
    231.69463121
    231.55952965
    231.55952965
    231.84270326
    231.82871629
    231.33634546
    231.84104562
    231.80730295
    231.92619767
    231.92619767
    231.55171788
    231.52090474
    231.43696555
    231.43696555
    230.87800388
    230.87800388
    230.87800388
    231.73508998
    231.73508998
    231.78192874
    231.85236329
    232.08285211
    232.04851862
    232.04851862
    232.04851862
    231.87258911
    231.86215109
    231.86215109
    231.86215109
    231.86215109
    231.59039660
    231.55117065
    231.42924274
    231.73917449
    231.72159116
    231.71333987
    230.90550570
    230.59710526
    230.31789314
    229.26620012
    229.26620012
    229.26620012
    228.70867010
    226.27368658
    229.49629301
    229.49629301
    230.04083253
    230.04083253
    230.04083253
    230.04083253
    230.07552719
    230.07552719
    230.07552719
    229.87237830
    230.26770632
    228.61937945
    228.61937945
    227.91416278
    228.80420965
    228.80420965
    229.79135369
    229.79135369
    229.79135369
    231.76285290
    231.76285290
    229.87208255
    229.17821473
    229.17821473
    230.80698395
    230.06082975
    230.06082975
    230.06082975
    230.06082975
    230.60313511
    230.53336986
    230.39334563
    230.64401907
    231.09248983
    229.06336435
    230.83801945
    231.03353886
    231.35890955
    231.36810694
    231.33704788
    231.46936088
    231.08766857
    231.46497726
    231.48707451
    231.46885239
    231.27864647
    231.99970514
    231.99970514
    231.83902180
    231.86529558
    231.89095696
    231.98372071
    231.98372071
    231.58181873
    231.61427217
    231.52996652
    232.05714052
    232.05714052
    232.08227070
    231.86160937
    231.62532557
    230.73644284
    230.73644284
    231.94488316
    231.90253188
    232.05446119
    231.38254364
    231.39251401
    230.90508564
    230.90508564
    231.47664037
    231.52653053
    231.58244982
    230.97182687
    231.75186956
    231.82919417
    231.83714306
    231.83714306
    230.89451423
    231.02915282
    231.17234228
    231.99279561
    231.93993244
    231.89696652
    232.02545700
    232.00950661
    230.82005591
    230.82005591
    230.82005591
    230.82005591
    231.71884595
    231.81585360
    231.81585360
    231.81585360
    231.74967834
    231.62141135
    231.23609682
    231.51727961
    231.51727961
    230.73342164
    230.73342164
    230.53702448
    230.72280188
    230.72280188
    231.20843659
    231.31870906
    231.31870906
    231.84488124
    232.01807825
    232.01807825
    230.78034790
    229.15791738
    229.15791738
    229.00148480
    229.61592631
    229.61592631
    231.00155654
    231.78712130
    229.93129500
    227.18214359
    229.03952922
    230.30194460
    230.23000484
    231.25904481
    231.94881254
    231.41284548
    231.81763735
    231.81763735
    231.85802424
    231.87492040
    231.91211905
    230.91503550
    231.87802142
    231.85371063
    231.85371063
    231.94080592
    231.93721508
    231.52102791
    231.37885271
    231.37885271
    229.34991451
    229.45938394
    230.71002227
    231.49741845
    231.49741845
    231.49741845
    232.04132748
    232.04132748
    231.81378099
    231.82953614
    232.06636738
    231.71901857
    231.94786925
    231.12668625
    230.75960011
    229.97176879
    229.97176879
    230.02085498
    230.02085498
    230.61869050
    230.61869050
    230.61869050
    230.61869050
    230.61869050
    230.74040399
    230.74040399
    231.99681348
    231.98581370
    231.94793650
    231.94793650
    232.01089572
    231.93288400
    231.63799226
    231.87087135
    231.87087135
    231.87087135
    231.87087135
    231.17856384
    231.11972720
    231.46767145
    231.57271224
    230.95502683
    230.95502683
    230.95502683
    230.95502683
    231.39777028
    231.54005411
    231.54005411
    231.67620764
    231.29107633
    231.70875049
    231.67394405
    231.64107614
    231.72757752
    231.72779101
    231.53229542
    231.52601976
    231.59978954
    231.59978954
    231.13523242
    231.19398382
    230.97903543
    230.98903266
    230.98903266
    230.98903266
    227.95787657
    230.65003261
    230.65003261
    230.77816226
    230.80172136
    230.80172136
    230.69233006
    230.69233006
    228.99805834
    228.98556799
    228.98556799
    229.24683523
    229.24683523
    229.27223787
    229.27223787
    229.27223787
    229.27223787
    229.27223787
    229.35815642
    229.35815642
    230.69568936
    231.63073655
    231.55341902
    231.76805952
    231.77903679
    231.77903679
    230.72322118
    231.65911767
    231.65911767
    231.65911767
    231.75979882
    231.36899294
    231.30499927
    231.30499927
    229.82320954
    232.03129118
    231.98608751
    231.98182709
    231.97185723
    231.97185723
    231.93210748
    232.09849141
    232.03859040
    232.03859040
    232.06653045
    232.06653045
    231.46932766
    231.10880234
    231.92364112
    231.92364112
    231.92364112
    231.92364112
    231.65245884
    231.65245884
    231.66239093
    231.72321966
    231.70097668
    231.89113491
    231.89113491
    231.85934127
    231.97853895
    231.79668135
    231.81116500
    231.82578148
    231.82578148
    231.87257819
    231.59556856
    230.38605549
    231.29137775
    229.91918389
    230.03813875
    230.03813875
    231.22006960
    231.22006960
    231.20661001
    231.25893927
    231.24939051
    231.52018392
    231.99148302
    232.07950401
    231.43210008
    231.33271797
    231.57408788
    231.57408788
    231.67350303
    231.29879878
    231.94195444
    231.97882828
    231.72018432
    231.74128412
    231.74128412
    231.78037757
    231.78382305
    231.78382305
    231.78382305
    231.57368445
    231.61642854
    231.68347402
    231.99202289
    231.84579660
    231.85431859
    231.94698771
    231.44804631
    231.37336411
    231.02200702
    231.17116052
    231.21096722
    231.34586090
    232.06312407
    232.04852535
    231.90854942
    231.99141736
    231.58903857
    231.77899073
    231.77899073
    231.85286701
    231.45173316
    231.11858173
    231.82653189
    230.64259236
    231.74400186
    231.82888543
    231.71830029
    231.68779651
    231.68779651
    231.09328461
    229.83163321
    230.62301449
    230.62301449
    231.88406835
    231.88406835
    231.90718849
    231.90718849
    231.85420009
    231.84413450
    231.44298034
    231.47071789
    231.03127891
    231.40793183
    231.40793183
    231.29843519
    231.00422788
    231.00422788
    231.00422788
    231.86173816
    232.02618107
    232.02618107
    232.02618107
    231.98956513
    232.10249082
    232.11176186
    231.76099064
    231.67988020
    230.69071389
    231.83930592
    231.16234830
    231.10156299
    228.72018259
    228.92099389
    230.57258080
    228.33682374
    228.66902287
    231.39665638
    231.75736121
    231.96727830
    231.89884084
    231.81056164
    231.53625239
    230.77314856
    230.77314856
    230.77314856
    231.59817145
    231.57456411
    232.04234414
    231.84522000
    231.46742709
    230.95986582
    231.40935348
    230.84265911
    230.29481723
    231.03276725
    231.03995293
    230.75905907
    230.23969786
    230.88533455
    230.85881769
    230.85881769
    231.00210457
    231.03408509
    231.46518606
    231.46518606
    231.78264100
    231.88082588
    231.69867294
    231.84210128
    231.84582414
    231.84582414
    231.84524581
    231.95951453
    231.96142038
    231.67428157
    231.67955669
    232.09434236
    231.07588013
    230.68175962
    230.68175962
    230.71060713
    230.71060713
    230.71060713
    230.36139082
    230.36139082
    230.36139082
    230.24901918
    230.24901918
    230.24901918
    230.24901918
    229.04483557
    227.68906429
    227.68906429
    227.68906429
    229.10917062
    229.18461393
    228.37684361
    231.88263530
    231.71009991
    232.02514047
    231.36801489
    231.36801489
    231.36801489
    229.86156508
    228.94764301
    228.94764301
    230.20078387
    231.37195819
    231.45181711
    231.76222019
    231.95074124
    231.47607675
    231.59462410
    231.59462410
    230.95216776
    231.85263418
    231.84555861
    231.84555861
    231.84555861
    231.44796768
    231.54717991
    230.91988813
    230.91988813
    231.27146056
    230.24852426
    231.60869452
    231.59258697
    231.59258697
    231.76491792
    231.05777842
    231.13482021
    231.13482021
    230.00631601
    229.88427252
    229.88427252
    228.78736794
    230.87588921
    230.26680192
    230.93872604
    231.40509766
    231.88947326
    232.05838027
    232.05838027
    232.05838027
    232.10045854
    232.10045854
    232.00340443
    231.61567915
    231.62127100
    231.16159308
    231.15280510
    231.15280510
    231.12143298
    231.13761321
    231.10404886
    231.14375698
    231.03941198
    231.08772407
    230.07176396
    230.06039262
    230.06039262
    230.21419200
    230.21419200
    229.75813377
    228.80295298
    228.80295298
    229.06836105
    228.58474992
    228.58474992
    228.58474992
    228.56644991
    229.11231196
    229.11231196
    228.97567979
    231.28305074
    231.26137675
    231.26137675
    231.24499993
    231.24420769
    231.84264856
    231.84264856
    231.97149828
    232.11241409
    232.11241409
    232.09509449
    232.09509449
    232.10741701
    232.05463550
    232.04870091
    231.70182750
    231.64932266
    231.46762676
    231.24969292
    231.24969292
    228.64010798
    227.23979727
    227.23979727
    230.33408238
    230.48494238
    229.00677878
    231.33293772
    231.70390850
    231.45273921
    231.45273921
    231.44147459
    231.44147459
    231.64080580
    231.23575930
    230.85345471
    230.35644983
    230.02478030
    230.02478030
    230.02478030
    230.02478030
    230.02478030
    230.02478030
    231.56128846
    231.56128846
    230.03559939
    230.03559939
    230.87025862
    230.87025862
    230.81766700
    230.27843445
    229.93300369
    229.79009693
    230.58496791
    229.73034308
    230.97063393
    229.96521156
    229.13467122
    228.71890107
    230.37576438
    230.84457121
    230.84457121
    230.84457121
    231.52691614
    231.58169196
    231.74850351
    231.84616815
    231.75152997
    231.75152997
    231.75152997
    232.07740015
    231.96243753
    232.00416674
    231.40250179
    231.60723409
    231.12351888
    230.74391966
    230.75728315
    229.76093056
    230.60661390
    230.60661390
    230.70202148
    230.40859785
    230.37953665
    230.63874788
    229.86940263
    230.88555481
    231.04211726
    231.27773534
    231.27773534
    231.49425346
    231.72452598
    231.53602786
    231.53633363
    231.58234616
    231.73618889
    231.73618889
    231.81502615
    231.88556042
    231.88462643
    231.38095704
    231.38095704
    229.94501434
    229.94501434
    230.16602452
    230.16602452
    231.23268136
    230.30523965
    230.30523965
    230.36522922
    230.39562372
    231.39866134
    231.14023142
    231.08229351
    231.26786289
    231.48197768
    228.62751355
    229.04972348
    229.51634993
    229.51634993
    229.51634993
    229.51634993
    229.51634993
    229.51634993
    229.79750039
    229.79750039
    228.10716717
    231.31819144
    231.89587189
    231.84587668
    231.78633247
    231.78633247
    231.78761551
    230.84234306
    231.89515943
    231.89515943
    231.93934269
    230.77130400
    230.86703098
    230.86703098
    230.86703098
    231.03529732
    231.34135352
    231.35563136
    231.61096238
    231.67042620
    231.44403153
    231.30808313
    231.10602529
    231.10602529
    230.12946163
    230.30152992
    228.49724374
    229.80693819
    229.80693819
    230.01549707
    230.49952458
    230.62549908
    230.62549908
    230.79067710
    230.76536700
    231.15676697
    231.15676697
    231.15676697
    230.72146417
    230.61579318
    230.59586429
    230.81185680
    230.81185680
    230.93911095
    230.83257617
    230.49445447
    229.63403986
    230.17907330
    229.71633958
    229.73384427
    229.25134356
    230.93105299
    230.93105299
    230.93105299
    230.93105299
    230.73538542
    230.11738417
    230.11738417
    230.11738417
    230.11738417
    232.06831566
    232.06831566
    231.30064761
    231.04185507
    231.72251473
    230.66112479
    230.66112479
    230.00190163
    230.43608196
    230.43608196
    231.32058690
    230.68169280
    229.90966075
    229.56960598
    230.96751688
    231.18505604
    230.52472050
    230.76676800
    230.76676800
    231.24425342
    229.81985388
    230.89674287
    230.89674287
    231.49156535
    231.34760758
    231.34760758
    231.78253706
    231.78253706
    232.01760974
    232.08756923
    232.07566159
    231.88427793
    231.88427793
    231.88427793
    231.88427793
    231.60608854
    231.60608854
    231.60028506
    231.40344015
    231.30587873
    232.03610469
    227.37351629
    227.37351629
    228.84414208
    228.84414208
    228.86811815
    228.59297521
    229.04051379
    229.00286125
    229.00286125
    229.00286125
    229.04113776
    229.08329214
    229.25025737
    230.44050711
    229.92887430
    228.59237820
    229.55011186
    229.78760687
    229.61867373
    229.61867373
    229.67813166
    229.67813166
    230.22846524
    230.22846524
    231.04331698
    230.98552849
    230.98552849
    231.03937326
    231.00434986
    230.62799175
    230.62799175
    231.31941279
    232.05623946
    232.05623946
    231.66003778
    231.37375892
    232.02246582
    231.17405453
    231.17405453
    231.07568233
    231.05773719
    231.05773719
    231.11824086
    230.62405713
    230.09714058
    231.02001294
    231.12507480
    230.96308109
    231.46179158
    231.46179158
    231.80669247
    231.85745567
    231.85745567
    231.85745567
    231.82421985
    231.97536376
    231.98561326
    232.04813982
    232.06497335
    231.64131687
    230.74720348
    231.51649454
    231.59846464
    231.59846464
    231.35936563
    231.19032151
    230.46859692
    230.46859692
    230.46859692
    230.83237718
    230.83237718
    231.06032260
    230.91808179
    230.91808179
    231.22388809
    230.80667661
    230.80667661
    230.44781824
    230.44781824
    230.66304313
    231.40389340
    231.37742406
    229.51031344
    229.51031344
    229.51031344
    229.51031344
    229.26862375
    228.21941218
    228.21941218
    229.85479036
    229.85479036
    229.85479036
    230.44087372
    230.44087372
    230.05682713
    231.02961543
    231.89479952
    231.80553738
    231.80553738
    231.80553738
    231.81264435
    231.81264435
    231.81264435
    231.93929538
    231.92422784
    231.92422784
    232.01519655
    232.01519655
    232.05205529
    231.95737493
    231.86783091
    231.86783091
    231.46238471
    230.81244439
    231.14746921
    231.11834567
    231.29373784
    231.04886939
    231.04886939
    231.00051637
    229.43938345
    230.43436534
    230.46647314
    229.48751994
    229.48751994
    229.48751994
    229.48751994
    229.72140949
    230.91732772
    229.41399622
    227.93940176
    226.93029741
    226.88413433
    226.88413433
    226.88413433
    229.11068593
    230.18785023
    230.05871815
    228.37386853
    228.37386853
    228.37386853
    228.04370110
    228.04370110
    229.21910728
    229.91178855
    229.91178855
    230.71305696
    230.41481842
    229.97196765
    229.97196765
    228.61072558
    227.47026445
    227.52936236
    229.74267899
    229.74267899
    227.53541470
    227.53541470
    227.53541470
    228.88377810
    228.24788944
    228.13971670
    228.13971670
    230.06550694
    231.16969528
    231.16969528
    231.25155367
    231.24991067
    231.87977283
    231.89875784
    231.81756461
    231.94580054
    231.94580054
    231.99130277
    231.68112932
    231.66660362
    231.66660362
    232.05367191
    232.05367191
    231.88447889
    231.88447889
    232.01359457
    231.53425044
    231.53425044
    231.79927861
    232.04135649
    232.07760824
    231.73627139
    231.80662582
    231.64076988
    231.63019843
    231.93205074
    231.93205074
    231.98408136
    230.73821380
    230.73821380
    230.45883416
    230.45883416
    230.45883416
    230.20846281
    230.42508644
    231.90811318
    231.90811318
    231.37931803
    231.37931803
    231.21033203
    231.21033203
    231.57323255
    231.57296090
    231.68527707
    231.79722108
    231.75550671
    231.77632116
    231.93580264
    231.89044997
    232.05773453
    232.05773453
    232.05672327
    231.96681047
    231.94367436
    231.79333584
    231.79333584
    231.79333584
    231.79037871
    231.79037871
    231.99770886
    230.82405803
    230.82405803
    231.20392621
    231.08663487
    231.75721145
    231.71887033
    230.91168466
    230.91168466
    230.91168466
    230.86511238
    230.86511238
    231.61010239
    232.06648555
    232.07464651
    231.84077990
    231.29968883
    231.29968883
    231.32720251
    231.32720251
    231.32720251
    230.60092590
    230.60092590
    230.60092590
    231.12976165
    231.27596134
    227.88450445
    227.48344521
    227.48344521
    228.90885229
    229.47968303
    229.47968303
    229.47968303
    229.47968303
    230.23562121
    229.75999945
    229.75999945
    229.73086853
    229.43844393
    229.68739805
    229.68739805
    229.19999463
    229.19999463
    230.91163078
    230.90730022
    230.98406823
    230.32441710
    230.17200491
    229.97477680
    229.97477680
    229.97477680
    230.76182006
    230.76182006
    230.76182006
    230.98894104
    230.98894104
    230.98894104
    231.26144790
    231.81566620
    231.57213505
    230.96303849
    230.95228239
    231.86494951
    231.49559654
    231.71546740
    231.71546740
    231.86060227
    231.89141931
    231.97551038
    232.05964190
    232.07236653
    231.94163566
    231.92694466
    231.63044860
    231.28900609
    230.62886620
    231.27277991
    230.90352586
    230.54817049
    230.71488673
    230.81155825
    230.83343821
    230.44313811
    230.65491554
    229.87324202
    228.28334762
    229.09299312
    229.13912911
    229.13912911
    229.13912911
    229.13912911
    229.13912911
    229.13912911
    229.13912911
    229.50610784
    230.72365210
    230.26116147
    230.84994440
    231.13137693
    230.58690643
    231.71626361
    231.74469120
    231.73958077
    231.73958077
    232.03933808
    232.05079542
    232.05079542
    231.84986100
    231.84986100
    232.00310395
    232.04045107
    231.12426925
    231.12426925
    231.12426925
    232.05011766
    232.10337982
    232.02222241
    232.07052240
    231.92790881
    231.79036195
    231.54351361
    231.51458011
    231.27400100
    230.96165918
    231.31072124
    231.31020528
    231.71970671
    232.07176053
    231.79360853
    231.64919145
    231.39741580
    231.67333524
    231.67333524
    231.50555639
    231.51218139
    231.59707408
    231.64087567
    231.28695017
    231.28695017
    231.40037918
    231.09133959
    230.36076905
    230.36076905
    230.36076905
    229.57576710
    230.44437661
    230.14156882
    229.27235656
    228.51443103
    228.51443103
    229.82523057
    229.82523057
    230.39273424
    230.83344055
    230.57038902
    231.14326883
    230.80977734
    229.53096972
    229.62311968
    229.62311968
    228.96164991
    228.98163406
    228.98163406
    228.98163406
    229.96532499
    229.96532499
    230.06911106
    230.06911106
    231.47848972
    231.47848972
    231.90452727
    231.90452727
    231.78377347
    231.80993111
    231.89999985
    232.09735162
    231.52050171
    231.52050171
    232.01063879
    232.07779456
    232.05631918
    231.99792172
    231.92321147
    231.98630047
    231.83386834
    231.83386834
    232.02756874
    231.90520944
    231.90407939
    231.21388398
    232.03804279
    232.03804279
    232.03804279
    231.99079549
    232.07182121
    232.01652074
    231.76306492
    231.85720387
    231.86333006
    231.80496327
    231.85030070
    232.08898229
    232.08995244
    231.76406362
    231.76406362
    231.76406362
    231.76406362
    232.08071096
    232.08071096
    232.08071096
    231.89655385
    231.89655385
    231.77626119
    231.77626119
    231.77626119
    231.93211852
    231.93187604
    231.91235655
    231.92308757
    231.86410625
    231.19135935
    231.19135935
    231.34570371
    231.34570371
    231.18913539
    230.69037489
    230.93997811
    231.48019938
    230.97207936
    229.96895860
    229.79381370
    229.79381370
    230.53780213
    231.21500580
    231.21500580
    231.21500580
    229.43036050
    230.57457098
    230.57457098
    230.57457098
    230.15226829
    230.15226829
    231.00097703
    231.13272264
    231.13272264
    230.86848564
    230.87360273
    230.87967094
    231.42609976
    231.68612369
    231.58019204
    231.58019204
    231.80491240
    231.71704529
    231.71704529
    231.75645788
    231.75644061
    231.20398768
    231.06212012
    231.06212012
    231.18900413
    231.23290751
    231.54676943
    231.28305487
    231.13706496
    230.48139252
    230.48139252
    230.37995894
    231.38242884
    231.76845139
    231.76845139
    231.76845139
    231.99292502
    231.99292502
    232.07853555
    231.97563639
    232.11244728
    231.70776850
    230.93184372
    230.93184372
    230.57108722
    231.06872513
    229.52638429
    230.55598153
    230.55598153
    230.55598153
    229.15136297
    229.15136297
    229.15136297
    229.15136297
    229.42576396
    229.42576396
    232.01806310
    231.98662452
    232.04090506
    232.04392460
    232.04392460
    232.09633522
    232.10171088
    231.90238066
    231.91183275
    231.74936332
    231.74936332
    231.47128726
    231.80831761
    232.02674767
    231.50945276
    229.78903184
    229.78903184
    229.78903184
    229.91526162
    230.32498921
    228.83712532
    227.73330436
    227.73330436
    227.73330436
    230.12715293
    230.12715293
    230.72720904
    230.72720904
    230.72720904
    230.20062017
    230.09107708
    229.74627244
    230.74738161
    229.70404033
    231.18806429
    231.54696681
    231.57001352
    231.57001352
    231.01193071
    231.44831950
    231.49066411
    231.12915022
    230.74022509
    228.84621424
    228.84621424
    230.08478502
    231.55303801
    231.68345269
    231.97126922
    232.08766319
    232.11228278
    231.53579392
    231.11405727
    230.85378583
    231.33702814
    231.33702814
    229.03629363
    229.03629363
    228.41739444
    230.93391498
    230.98886298
    230.98886298
    230.97478836
    230.97478836
    230.86480103
    228.17115650
    228.17115650
    228.17115650
    228.17115650
    230.07687967
    231.31556182
    231.25760390
    231.22497267
    231.61782932
    231.46847930
    231.59306419
    231.72004449
    231.74965889
    231.24514012
    231.56742270
    231.35315326
    231.09709986
    231.13873876
    231.28316064
    228.46620110
    228.46620110
    228.49862285
    230.12390842
    230.24960147
    230.48447581
    230.48447581
    231.18060861
    231.18060861
    231.18060861
    230.58750725
    229.84424987
    229.84424987
    229.84424987
    229.84424987
    229.84424987
    231.03799445
    231.04182532
    231.17150030
    231.17150030
    229.88548135
    229.87045846
    229.87045846
    229.46239362
    229.53681348
    228.87083867
    228.02665806
    228.02665806
    228.02665806
    230.08844817
    229.46252614
    229.50156577
    230.41386668
    230.99707048
    231.46436446
    231.82711734
    231.83869358
    231.84656974
    231.38316326
    231.44598234
    230.19753722
    230.19465940
    230.19465940
    230.05497006
    229.84502740
    230.38680517
    230.38680517
    230.73449211
    230.78894047
    230.72852149
    231.15020029
    231.52057985
    231.52057985
    231.88365360
    231.01001116
    230.78126225
    230.78126225
    230.78126225
    230.78126225
    230.78126225
    230.38983100
    231.24122636
    231.99717684
    231.73025546
    231.76560611
    231.78967835
    231.48511805
    231.48511805
    231.45717899
    231.49406147
    231.49225637
    229.87838618
    230.13047057
    230.13047057
    229.47947062
    230.03049514
    230.33581055
    229.88110901
    229.64053023
    229.85113937
    229.85113937
    229.38847445
    229.38847445
    227.22797497
    227.22797497
    227.22797497
    227.22797497
    229.94126480
    228.66368131
    228.66368131
    228.66368131
    229.36564411
    229.36564411
    229.36564411
    229.36564411
    229.19099287
    229.19099287
    229.19099287
    229.91261933
    230.23568806
    230.64961486
    230.64961486
    230.58268916
    230.20989485
    230.20989485
    228.78924618
    228.78924618
    228.46042791
    228.46042791
    228.16536347
    229.97164231
    229.86484403
    230.29697831
    230.29697831
    230.43553161
    230.77246936
    229.52946059
    229.77349917
    229.77349917
    230.51092275
    230.51092275
    230.73954745
    227.98119715
    227.98119715
    227.98119715
    226.84808289
    226.84808289
    226.84808289
    226.84808289
    230.19857080
    231.48305817
    232.08812136
    232.08812136
    232.10246396
    232.00484234
    231.92465903
    232.06881185
    232.09083692
    231.63963260
    231.56476539
    232.03106858
    231.76202135
    231.99135300
    231.71379964
    231.92388918
    231.92388918
    232.09705857
    232.09667078
    231.96462354
    232.05859593
    231.99573867
    231.99690283
    231.64236251
    231.18207504
    231.18207504
    230.60412199
    230.60412199
    231.09666131
    231.09666131
    231.43979298
    231.43979298
    231.75670858
    231.51768804
    231.53002321
    231.53002321
    231.27745441
    231.25064679
    231.11804898
    231.57319976
    231.75365560
    231.63045691
    231.59053363
    231.59053363
    231.47161569
    231.47161569
    232.00901137
    232.00901137
    232.00901137
    232.02307655
    232.05930588
    231.00756246
    231.99002161
    231.97419064
    231.97385508
    231.94059628
    231.94059628
    231.75082824
    231.66050186
    231.56750698
    230.59422497
    228.08430904
    228.08430904
    228.08430904
    228.08430904
    228.08430904
    228.08430904
    229.27505929
    229.27505929
    229.27505929
    230.58337342
