     81.13516654
     81.13516654
     81.13516654
     80.96839478
     81.06536707
     82.09417785
     82.86924649
     82.76172862
     82.76172862
     82.55353131
     82.75864973
     82.78456265
     82.27354372
     82.27354372
     82.04572595
     82.22596754
     81.61811933
     81.61811933
     81.61811933
     81.61811933
     82.58310282
     82.51651397
     82.38977589
     82.38977589
     82.38105849
     82.38105849
     82.73917926
     82.94413541
     82.94413541
     82.93770954
     82.93770954
     82.93770954
     82.69527534
     82.69527534
     82.70276191
     82.70028458
     82.81288341
     82.75049993
     82.75049993
     81.36814908
     82.54960566
     82.65418130
     82.79154780
     82.81095256
     82.82107770
     82.67582814
     82.72422878
     82.65230229
     82.63157821
     82.66334836
     79.20741128
     74.27738966
     74.27738966
     74.62141736
     74.62141736
     74.62141736
     81.72529364
     81.34172886
     81.67679789
     81.67679789
     82.49830895
     82.35122016
     82.79673611
     82.85487041
     82.80748079
     82.85095290
     82.91694519
     82.91694519
     82.91694519
     82.93395760
     82.93395760
     82.93395760
     82.93395760
     82.94262714
     81.98135851
     81.98135851
     82.26832144
     81.87084634
     81.87084634
     81.87084634
     81.71569723
     81.32238917
     81.32238917
     81.32238917
     81.32238917
     82.26236863
     82.53664861
     82.95902696
     82.86239441
     82.86859098
     82.77521006
     82.49322918
     82.49322918
     82.49322918
     82.49322918
     82.49322918
     82.59863013
     82.59863013
     82.09775351
     82.09775351
     82.46505530
     82.74104074
     82.72987632
     82.80238955
     82.82022892
     82.84238623
     82.84238623
     82.84238623
     82.82426109
     82.87317169
     82.88403501
     82.85920813
     82.57253905
     82.57253905
     82.54444969
     82.00860783
     82.00860783
     82.05378616
     81.57506506
     82.08928390
     82.08928390
     82.08928390
     82.08928390
     81.82804785
     82.01897597
     82.01897597
     82.01897597
     82.01897597
     82.17420053
     82.25541717
     80.32370573
     80.32370573
     80.72396487
     79.72947895
     79.72947895
     79.91083773
     81.57976561
     81.57976561
     81.57976561
     81.72712592
     81.72712592
     81.72712592
     81.23769949
     81.23769949
     81.73151938
     81.73151938
     81.73151938
     81.43044798
     81.48642832
     81.48642832
     82.49742021
     82.21479102
     82.35174632
     82.21554172
     82.20322866
     82.20322866
     82.34677155
     82.34677155
     82.40373187
     82.39865000
     82.37889396
     82.27995801
     82.28021353
     82.19494750
     81.65531113
     81.65531113
     81.65531113
     81.65531113
     82.48847145
     82.64052727
     82.95957042
     82.85201482
     82.84552351
     82.82754198
     82.50209737
     82.50209737
     82.50209737
     82.50209737
     82.50209737
     82.50209737
     82.23394565
     82.23394565
     82.71234964
     82.71234964
     82.78643376
     82.85720760
     82.85720760
     82.85720760
     82.95892578
     82.95360939
     82.95360939
     82.94716968
     82.94716968
     82.95083015
     82.95083015
     82.94372834
     82.93113069
     82.60056937
     82.60056937
     82.60056937
     81.51663122
     81.50047136
     81.09302499
     81.60718331
     81.99085399
     81.73826490
     81.78510735
     81.75221117
     81.75221117
     82.16475657
     82.35087205
     82.52426741
     82.52539251
     82.91309528
     82.64147876
     82.70118753
     82.76888765
     82.93097669
     82.78923874
     82.40869358
     82.33468757
     82.33468757
     82.35914600
     82.35914600
     82.35914600
     82.36165879
     82.42062362
     82.79584921
     82.67752671
     82.67752671
     82.67752671
     82.84867809
     82.84867809
     82.91067644
     82.87400485
     82.67715497
     82.67715497
     82.59475750
     82.46754718
     82.85126361
     82.81578775
     82.54210224
     82.54210224
     82.81181189
     82.81181189
     82.81181189
     82.81181189
     82.76297292
     82.33561783
     82.33561783
     79.99798728
     81.50995055
     81.50995055
     81.56998989
     81.56998989
     81.09296028
     81.25111424
     81.04592154
     81.04592154
     82.16787112
     82.44408480
     82.29211194
     82.29211194
     82.12689042
     82.06699717
     82.28070689
     82.05529513
     81.70922391
     82.34885900
     82.27151850
     81.45261601
     82.33418759
     82.33731609
     82.36652470
     82.36652470
     82.36652470
     82.36652470
     82.36652470
     82.63604378
     82.41760776
     82.42001181
     82.42001181
     82.36299992
     82.38417258
     81.35905359
     81.32228083
     80.95028421
     81.25962121
     81.98109525
     82.60307004
     82.64177198
     82.45538793
     82.43854253
     82.43854253
     82.18270907
     82.15803690
     82.16775944
     82.61891244
     82.78530403
     81.75611030
     82.76225282
     82.76225282
     82.72370856
     82.35094656
     82.35094656
     82.35094656
     82.13175276
     82.12871358
     81.41802463
     80.64458404
     82.24784770
     82.13233672
     80.60326372
     80.60326372
     80.60326372
     80.57237201
     82.18370782
     82.18370782
     81.23975011
     81.94469190
     81.94469190
     81.94469190
     82.05685332
     82.21494822
     82.24485670
     82.24485670
     82.24485670
     81.96727249
     81.96727249
     81.96727249
     82.87255830
     82.90184767
     82.91140067
     82.79590352
     82.89923430
     82.91664337
     82.92671948
     82.59963398
     82.80275802
     82.81863590
     82.82500364
     82.82500364
     82.88835465
     82.54883293
     82.12954762
     80.22158324
     80.22088016
     80.22088016
     80.22088016
     80.22088016
     79.57602734
     79.57602734
     79.57602734
     80.56208599
     80.56208599
     80.56208599
     80.56208599
     80.56208599
     80.15716783
     80.15716783
     79.40356529
     80.28549548
     78.39254962
     80.28819380
     81.28458181
     80.50093238
     82.56607088
     82.56607088
     81.64168026
     81.64168026
     81.76244528
     81.54842943
     81.16054672
     81.22354883
     82.37855147
     82.39704054
     82.39704054
     81.79257188
     81.48787703
     81.48787703
     81.10299625
     81.10299625
     81.22137024
     81.22137024
     82.28638738
     82.28638738
     82.37446752
     82.46028970
     82.13039786
     80.98362985
     80.98362985
     81.11454330
     80.72961721
     80.72988400
     82.21604044
     81.88629972
     81.88629972
     82.51815693
     82.55399784
     82.48114940
     81.02947142
     81.19871413
     81.19871413
     81.19871413
     81.19871413
     80.08621168
     80.66441695
     80.15474496
     79.65875530
     79.65875530
     80.66950766
     80.90861643
     80.90861643
     81.29633330
     81.30217889
     80.27401097
     80.59868198
     81.59867337
     81.59867337
     82.47329249
     82.89486355
     82.91103503
     82.86388735
     82.82076478
     82.82076478
     82.64977849
     82.64977849
     82.66549481
     82.63832472
     82.75400273
     82.87049684
     82.92357473
     82.83418895
     82.36818980
     82.36818980
     82.48192478
     81.91469684
     81.19464422
     81.11443399
     80.11929518
     80.11929518
     80.41406253
     80.41406253
     81.09886360
     81.09886360
     80.96016524
     81.07065705
     81.19096131
     81.40641970
     80.51532930
     81.35199495
     81.35199495
     81.19119106
     80.07060064
     81.06998027
     82.85728250
     82.85728250
     82.87643242
     81.83744439
     81.37799383
     81.37799383
     81.30416634
     82.02758304
     81.95290681
     82.47966368
     82.72408137
     82.84921277
     82.81166609
     82.68964304
     82.68964304
     82.48318623
     82.48318623
     82.50171546
     82.50171546
     82.50171546
     82.82166768
     82.83907926
     82.81575395
     82.85720539
     82.75470007
     82.75470007
     82.73267208
     82.73267208
     82.73267208
     82.70198473
     82.70198473
     82.70198473
     82.39949407
     82.39949407
     82.60043417
     82.51879925
     82.51879925
     82.78357377
     82.45929575
     82.48803904
     82.43097458
     82.43097458
     81.81985240
     81.92971629
     81.91947123
     82.95866814
     82.95866814
     82.59874336
     82.59874336
     82.62102351
     82.82282637
     82.95392023
     82.95392023
     82.95392023
     82.93334462
     82.93197916
     82.91736537
     82.94008245
     82.94008245
     82.94399276
     82.46345494
     82.58361844
     82.44888368
     82.45643389
     82.47433894
     82.47433894
     82.33623838
     82.68494708
     82.68494708
     82.68494708
     82.68494708
     82.67909611
     81.64723820
     82.02378420
     82.37589846
     82.42051479
     81.66183389
     81.66183389
     81.47862661
     81.47862661
     82.53315010
     82.18302098
     82.35434015
     82.02192580
     82.04907624
     82.38970144
     82.38970144
     82.38970144
     82.36515509
     82.62020061
     82.62020061
     82.62020061
     82.62020061
     82.62020061
     82.62020061
     82.56601659
     82.72215016
     82.43393310
     82.73379915
     82.79434945
     82.79790095
     82.79790095
     82.70096085
     82.70096085
     82.66101836
     82.66101836
     82.69507813
     82.42387899
     82.42387899
     82.42387899
     82.40781169
     82.40781169
     82.40781169
     82.40781169
     82.62687455
     82.64831270
     82.78472985
     82.78472985
     82.81873317
     82.81873317
     81.59674138
     81.59674138
     81.59674138
     82.11534967
     82.70453136
     82.56662843
     82.17642197
     80.31812487
     81.22984224
     81.06284067
     78.71864708
     78.71864708
     80.55402269
     80.55402269
     80.39604396
     80.39604396
     80.39604396
     80.92848551
     80.92848551
     80.92848551
     80.97371308
     81.37505233
     81.79771155
     81.79771155
     82.40572823
     81.63723294
     81.53692172
     82.23514506
     82.15200378
     81.64640692
     81.64640692
     81.64640692
     82.77657404
     82.77657404
     82.77657404
     81.30316778
     82.33362468
     82.44515826
     82.79164524
     82.84645876
     82.95427585
     82.93107429
     82.91043120
     82.91043120
     82.91043120
     82.90806343
     82.89252926
     82.90633362
     82.96302525
     82.90715372
     82.80311183
     82.68354963
     82.65834919
     82.18402914
     82.62527717
     81.85472591
     81.85472591
     82.48806270
     82.11279737
     82.45180439
     82.45180439
     82.45756373
     82.15697446
     82.15697446
     82.15697446
     81.31325912
     81.33884369
     81.33884369
     81.33884369
     81.33884369
     81.11787447
     81.11787447
     81.11787447
     82.02819302
     82.15096216
     82.46081431
     82.62495956
     82.72067115
     82.80957696
     82.80957696
     82.80957696
     82.71646967
     82.91367199
     82.92140331
     82.85391049
     82.93623876
     82.93623876
     82.93623876
     82.93246338
     82.93192534
     82.93192534
     82.84918168
     82.76057931
     82.82983943
     82.82426520
     82.71896179
     82.30950857
     82.30950857
     82.30950857
     82.11599844
     81.78835961
     82.01720469
     81.72272125
     81.72272125
     79.83860946
     78.68867803
     79.18710247
     78.21181872
     80.90582341
     80.90582341
     80.57283946
     79.87688036
     78.98160044
     78.98160044
     79.60008618
     80.89536899
     80.89536899
     80.89536899
     80.89803069
     81.85409583
     81.72382895
     81.37544905
     82.44820437
     82.11431566
     82.10794576
     81.24732223
     81.24732223
     81.24732223
     81.24732223
     81.24732223
     82.38005209
     82.43824696
     82.43824696
     82.80180930
     82.77156033
     82.65064939
     82.65064939
     82.56127965
     82.67404494
     82.86901844
     82.86901844
     82.87293394
     82.59752714
     82.77563949
     82.89823348
     82.89658082
     82.88001741
     82.85288707
     82.77254240
     82.77254240
     82.77254240
     82.77254240
     82.70853067
     82.90750148
     82.90750148
     82.90914863
     82.93743954
     82.93743954
     82.87112893
     82.80752523
     82.76548115
     82.92226095
     82.92226095
     82.93800602
     82.93800602
     82.93800602
     82.93055290
     82.90732923
     82.88513776
     82.85284230
     82.85284230
     82.81313830
     82.81313830
     82.81313830
     82.81313830
     81.95666365
     81.64304605
     81.64304605
     81.77181187
     81.67763338
     81.58134662
     81.51122472
     82.07118145
     81.96130881
     80.99027100
     80.99027100
     78.35207104
     78.78241662
     80.55062307
     80.31851208
     80.31851208
     80.31851208
     81.57919727
     80.58267328
     80.58267328
     80.58267328
     80.31706257
     80.31706257
     81.93516255
     81.16767489
     82.07872393
     82.38836369
     82.68504383
     82.59751443
     82.59751443
     82.59751443
     82.54746341
     82.84685753
     82.74837224
     82.79818386
     82.92819327
     82.56811591
     82.71040654
     82.66469503
     82.58206782
     82.58206782
     82.58462888
     82.62433344
     82.68405464
     82.54216229
     82.96161539
     82.94401573
     82.95691173
     82.89624431
     82.89624431
     82.43307816
     82.43307816
     82.43307816
     82.43307816
     82.94625295
     82.95661390
     82.95953730
     82.87414936
     82.87414936
     82.86762583
     82.86762583
     82.93835293
     82.93835293
     82.94391728
     82.90244414
     82.83221844
     82.82431999
     82.75892978
     82.75892978
     82.75892978
     81.82529232
     82.60395652
     82.68314500
     82.74726492
     82.66177599
     82.63640147
     82.63640147
     81.84944977
     81.85136282
     82.06375866
     82.17081085
     81.60489850
     81.53576550
     80.76401910
     78.61927594
     78.10327194
     77.81559147
     77.81559147
     79.94554837
     81.73360693
     81.70560736
     81.70560736
     81.70560736
     81.80835435
     81.80835435
     81.98640645
     81.98640645
     82.58114075
     82.58114075
     82.34845342
     80.75908919
     80.34138851
     80.34138851
     81.71850372
     82.30343670
     82.49023931
     82.49023931
     82.49023931
     82.40449208
     82.71461626
     82.08684508
     82.08684508
     81.23951969
     81.92329953
     82.61169238
     82.58459495
     82.50414684
     82.22970385
     82.41887700
     82.22488252
     82.39323581
     82.41109504
     82.24007275
     82.10667429
     81.56422147
     81.56422147
     81.41071859
     81.41071859
     81.77351229
     81.77351229
     81.77351229
     81.77351229
     81.80219466
     81.80219466
     82.72180246
     82.76251033
     82.96166561
     82.90119991
     82.76571737
     82.69921042
     82.45909179
     82.37094418
     82.94711911
     82.85828303
     82.85024251
     81.01887584
     81.01887584
     81.01887584
     81.01887584
     81.01887584
     81.94628973
     82.42237130
     82.44199056
     82.37385751
     82.37250559
     80.27301898
     80.21733543
     80.21733543
     80.21733543
     81.51596360
     81.51596360
     82.20027210
     81.57920509
     81.32535200
     81.81055101
     81.27796620
     81.27796620
     81.37231638
     82.34696502
     82.88777984
     82.88777984
     82.88777984
     82.88777984
     82.88777984
     82.88777984
     82.88777984
     82.88777984
     82.93808577
     82.93808577
     82.91561794
     82.91561794
     82.93753622
     82.89370298
     82.89370298
     82.89370298
     82.89370298
     82.51947101
     82.51947101
     82.51947101
     82.51947101
     82.11722827
     81.15767202
     81.70678868
     80.94747067
     80.94747067
     80.51781560
     80.51781560
     81.83149626
     81.74783351
     80.96638167
     82.79493497
     82.79493497
     82.79493497
     82.82979771
     82.62599667
     82.58998675
     82.58998675
     82.88676238
     82.89596603
     82.89596603
     82.88705871
     82.88959606
     82.91291247
     82.88228921
     82.88228921
     82.88331707
     82.84352903
     82.76939106
     82.70813962
     82.70813962
     82.94712199
     82.94712199
     82.94712199
     82.94712199
     82.94515879
     82.94515879
     82.87012311
     82.72215446
     82.72215446
     82.53530422
     82.43708246
     81.47765623
     81.33494597
     80.08688876
     81.34926586
     81.34926586
     80.75707039
     80.75707039
     82.56941114
     82.74104764
     82.74104764
     82.02583952
     82.42830666
     82.42830666
     82.51122128
     82.51122128
     82.64208093
     82.64208093
     82.66841748
     82.56052487
     79.54286373
     79.54286373
     79.54286373
     80.93676798
     81.73675036
     81.69497708
     81.70484885
     81.64695042
     81.76485630
     81.76485630
     81.76485630
     81.76485630
     82.08095787
     82.08095787
     81.81554466
     81.81554466
     81.94510164
     81.91884492
     82.23398521
     82.28392380
     81.52943587
     82.27592533
     82.28860159
     81.84899425
     81.09508475
     81.09508475
     81.41798427
     81.41798427
     80.68646432
     82.40016671
     82.40016671
     82.40016671
     82.46707652
     82.37321154
     82.37321154
     81.92025521
     82.44165408
     82.21878704
     82.03969567
     82.03969567
     81.79849834
     81.79849834
     81.20414695
     80.94642761
     80.98671743
     81.21561821
     81.74447162
     81.64301783
     80.30044179
     81.38245070
     80.09079418
     80.43302646
     81.10405257
     81.10405257
     80.52298952
     82.48569198
     82.66831610
     82.66831610
     82.67901136
     82.66508785
     82.84960386
     82.94142939
     82.78177420
     82.78177420
     82.78177420
     82.84987121
     82.86845228
     82.40737702
     82.09739740
     82.09739740
     80.98606390
     81.46763892
     80.53189055
     82.11899076
     81.88343414
     82.19937424
     81.94096440
     81.94608769
     82.39098440
     82.05629809
     82.03648382
     82.03648382
     82.03648382
     82.74802780
     82.80160976
     82.84892332
     82.84892332
     82.27593071
     82.37638697
     82.37638697
     82.62195375
     82.61448235
     82.86450437
     82.82183089
     82.81920466
     82.83404622
     82.44200852
     82.44200852
     82.56344409
     81.30313946
     76.99276501
     79.20919373
     79.20919373
     80.68889061
     81.83507338
     81.81117881
     81.81117881
     81.81117881
     81.50569519
     82.43577481
     82.81539767
     82.85484780
     82.86317357
     82.86317357
     82.86317357
     82.86317357
     82.62290176
     82.41642828
     82.16560029
     81.56805948
     82.10072138
     82.10072138
     82.18033405
     81.94299769
     82.23008940
     82.70903127
     82.28942554
     82.22757584
     81.27713293
     81.27713293
     81.27713293
     81.79451336
     82.73440244
     82.63797603
     82.91539220
     82.62733372
     82.62733372
     82.62733372
     82.64361455
     82.67457943
     82.68209368
     82.68209368
     82.77168049
     82.77168049
     82.58079568
     82.81529544
     82.81529544
     82.76015988
     82.76015988
     82.76015988
     81.00538652
     81.86344608
     81.87986583
     81.91556161
     81.91556161
     81.91556161
     81.90316849
     81.87207818
     81.76468720
     81.96150075
     80.98993551
     79.74015949
     80.46665959
     80.46665959
     80.46665959
     80.45656904
     81.84040697
     81.50961760
     81.52783025
     82.11020053
     81.73747946
     80.43644695
     80.43644695
     80.29100289
     81.49286784
     82.34209006
     82.42642685
     82.42557883
     82.46757599
     82.40459582
     81.94419320
     81.94419320
     81.94419320
     82.10081716
     82.10081716
     82.10081716
     82.38703047
     82.36857323
     81.69992283
     81.76358809
     82.25611830
     82.21666068
     82.58225100
     82.77894309
     82.72311741
     82.93750379
     82.94560134
     82.94756572
     82.95026285
     82.95026285
     82.76050313
     81.57266373
     81.55051118
     80.18442767
     80.70034491
     80.70034491
     80.62837261
     80.62837261
     80.62837261
     80.62837261
     81.25654944
     81.25654944
     81.25654944
     81.25654944
     81.25654944
     81.25654944
     81.85156780
     80.35260373
     80.35260373
     80.35260373
     80.35260373
     82.61533162
     82.61533162
     82.88921850
     82.94329801
     82.94329801
     82.94329801
     82.94329801
     82.93393403
     82.93393403
     82.75410204
     82.75743036
     82.65510495
     82.55098927
     82.61338762
     82.61338762
     82.61338762
     82.45301448
     82.45301448
     82.45301448
     82.45301448
     82.45301448
     82.45301448
     82.45301448
     82.94940610
     82.45499441
     82.45499441
     82.29433974
     82.29433974
     82.37373515
     82.52590650
     82.02010044
     82.02010044
     82.60532991
     82.60532991
     82.60532991
     82.60532991
     82.42089410
     82.42089410
     82.42089410
     82.36355349
     82.36355349
     82.71875272
     82.71875272
     82.71875272
     82.71875272
     82.72569704
     82.72569704
     82.80707944
     82.80707944
     82.73230070
     82.73230070
     82.73230070
     82.73230070
     82.73230070
     82.73230070
     82.70866412
     82.70487201
     82.70487201
     82.70487201
     82.70487201
     82.70487201
     82.85385280
     82.82520315
     82.82520315
     82.69565975
     82.94668235
     82.94668235
     82.94668235
     82.89620152
     82.89620152
     82.89620152
     82.89620152
     82.89620152
     82.92730385
     82.94309283
     82.94309283
     82.94309283
     82.93750238
     82.93750238
     81.16074245
     80.32233286
     80.32233286
     80.32233286
     79.36879303
     79.36879303
     79.36879303
     79.36879303
     79.36879303
     79.36879303
     79.52919797
     79.52919797
     79.52919797
     81.07137231
     81.07137231
     81.07137231
     82.58923409
     82.58923409
     82.78089859
     82.91451676
     82.38177925
     82.38177925
     82.13073696
     82.19647337
     81.54563656
     82.65912053
     82.65912053
     82.65912053
     80.59330706
     80.59330706
     80.59330706
     80.70911250
     80.73174648
     80.73174648
     80.95271795
     77.56326233
     77.56326233
     77.56326233
     79.04129389
     79.04129389
     79.04129389
     80.11279057
     82.12623017
     81.70840029
     81.70840029
     82.34145253
     82.34145253
     82.32991223
     82.66269811
     82.71769644
     81.95415309
     81.95415309
     82.25789791
     82.25789791
     82.20405672
     82.09025302
     81.82110022
     82.02245191
     82.02245191
     82.20052078
     82.39304690
     82.40213003
     81.92932197
     82.19799343
     82.20116115
     82.15375531
     82.61578385
     82.59330809
     82.57608985
     82.56855177
     82.56855177
     82.05703886
     82.23402215
     82.23402215
     82.23003773
     82.63225891
     82.52756454
     82.37535076
     82.37535076
     82.41128733
     82.14943388
     82.14842421
     82.04258746
     82.36110079
     82.89870514
     82.89870514
     82.89870514
     82.83787024
     82.94086840
     82.87541370
     82.95818553
     82.96299092
     82.96299092
     82.91432164
     82.91432164
     82.91432164
     82.91432164
     82.91432164
     82.94934467
     82.95575361
     79.48259959
     79.96735479
     79.88683893
     80.63706617
     80.99919632
     80.65562889
     80.88256254
     81.18961068
     80.48823817
     80.98729525
     80.98729525
     80.31349281
     78.74300059
     79.12023415
     79.12023415
     80.01988070
     80.01988070
     79.86338013
     79.86338013
     79.86338013
     79.86338013
     79.86338013
     81.39380306
     80.95779746
     81.67650195
     81.71671239
     81.63182641
     81.51824565
     80.83286408
     81.06888920
     80.14125796
     80.60240198
     81.19574937
     81.24920888
     81.03225954
     80.81842422
     81.56086934
     81.56086934
     81.04269828
     80.91687047
     80.81849455
     80.81849455
     79.82998293
     80.23285217
     80.74895959
     81.90353407
     82.31106344
     81.95493211
     82.21388383
     82.21388383
     82.05115319
     82.18033656
     81.90227959
     81.90227959
     81.96440400
     81.96440400
     81.79714553
     81.52522179
     81.52522179
     81.52522179
     81.52522179
     81.52522179
     82.14524420
     82.70509755
     82.70320234
     82.70320234
     82.70320234
     82.70320234
     82.94099482
     82.93397960
     81.38216834
     81.38216834
     81.24255595
     82.36446506
     82.36446506
     82.36446506
     82.40497527
     82.40497527
     82.54601236
     82.54739358
     82.54739358
     82.54739358
     82.63372801
     82.63372801
     81.95562469
     82.48984542
     82.44545669
     81.67297125
     81.46095336
     81.37038723
     81.37038723
     81.37038723
     81.37038723
     81.41547867
     81.35640027
     81.35640027
     81.59968346
     82.30901977
     82.11826103
     82.17182981
     82.95349404
     82.95349404
     82.94459047
     82.94459047
     82.94459047
     82.94459047
     82.94459047
     82.90598944
     82.91650130
     82.91650130
     82.91269636
     82.38890113
     82.57844147
     82.79316491
     82.81458108
     82.87323530
     82.87323530
     82.86392832
     82.81473503
     82.94302490
     82.66772607
     82.75430737
     82.73756627
     82.89584283
     81.57786380
     81.32322280
     81.65228047
     81.65228047
     81.65228047
     81.65228047
     82.60564819
     82.62087124
     82.62087124
     82.62087124
     82.08974428
     82.63661366
     82.63661366
     82.63661366
     82.73047835
     82.17186205
     82.55650149
     82.55650149
     82.86499666
     82.86499666
     82.59184849
     82.20011526
     82.20011526
     82.02938065
     82.02938065
     81.42379783
     82.69485114
     82.69485114
     82.89292246
     82.71779879
     82.77013433
     82.79687362
     82.75956934
     82.75956934
     82.75956934
     82.72778000
     82.72396373
     82.72396373
     82.77060988
     82.77060988
     82.83143870
     82.79729849
     82.80218381
     82.80218381
     82.83534207
     82.83534207
     82.62982550
     82.62982550
     82.60494630
     82.65628477
     82.35455190
     82.81766449
     82.81766449
     82.83059127
     82.83167760
     82.83167760
     82.73217459
     82.30796331
     82.89611144
     82.89594721
     82.81920991
     82.84781217
     82.83436296
     82.91239381
     82.87823336
     82.86092316
     82.86092316
     82.69076480
     82.26833669
     82.86356038
     82.89194933
     82.91649211
     82.91649211
     82.89295699
     82.89295699
     82.89295699
     82.08145959
     82.08145959
     82.08028722
     82.04090587
     82.37367227
     82.20203343
     81.44834501
     81.76582680
     81.76582680
     82.22146283
     82.30036146
     82.69246197
     82.69246197
     82.71695550
     82.24552192
     82.63012263
     82.78633273
     82.78633273
     82.78633273
     82.68538564
     82.64346970
     82.89118641
     82.89412519
     82.89301750
     82.89301750
     82.84257141
     82.94272774
     82.91738201
     82.46671714
     82.46671714
     82.58853967
     82.64189919
     82.64189919
     82.64189919
     82.67728870
     82.76078359
     82.70690355
     82.70690355
     81.66488249
     81.66488249
     82.21265077
     82.32177292
     82.47243668
     82.47243668
     82.50195944
     82.49887249
     82.22262553
     81.56036719
     81.56036719
     81.92808705
     79.92568088
     79.92568088
     80.00383456
     81.85984970
     82.06955465
     81.99342017
     82.03463961
     82.23173506
     82.04907601
     82.04913121
     82.04913121
     82.14096720
     82.13212687
     82.13212687
     82.55452358
     82.72357286
     82.68364254
     82.76853106
     82.76627342
     82.82597748
     82.65301369
     82.74036690
     82.74036690
     82.59945651
     82.59945651
     82.46043677
     82.46043677
     82.46043677
     82.46043677
     82.46043677
     82.46043677
     82.46043677
     82.85050632
     82.85050632
     82.86768083
     82.72431468
     82.71280511
     82.48683957
     82.48683957
     82.48683957
     82.76957568
     82.76957568
     82.76957568
     82.76957568
     82.76957568
     82.81199537
     82.93161829
     82.80603055
     82.36868613
     82.10594532
     81.39700284
     81.55556992
     81.40483600
     81.42701623
     81.65193590
     81.89009442
     81.89009442
     81.72418570
     81.72190652
     82.03328733
     82.11292079
     82.56975191
     82.71778999
     82.71778999
     82.72069908
     82.25023168
     82.06406216
     82.06406216
     81.67481259
     81.61834340
     81.11681754
     80.61900726
     80.61900726
     80.08759095
     80.08759095
     79.80931074
     78.89105492
     78.89105492
     78.89105492
     78.89105492
     78.89105492
     78.89105492
     78.89105492
     78.89105492
     78.89105492
     78.89105492
     78.89105492
     78.89105492
     79.39937960
     80.26339911
     80.26339911
     80.26339911
     80.26339911
     81.41061057
     81.76522752
     81.58292929
     81.58292929
     81.72681296
     81.90747127
     82.19939757
     81.25054325
     81.25054325
     80.98772240
     81.98815525
     81.83091129
     81.71647562
     81.71647562
     81.71647562
     81.71647562
     81.71647562
     81.36770993
     81.51877053
     81.81972446
     81.81972446
     81.88259409
     81.45177558
     81.45177558
     80.17656007
     80.17656007
     79.70039377
     79.77315039
     81.70286648
     81.70286648
     81.41858103
     81.39513297
     81.39513297
     81.53561371
     81.87733899
     81.63373503
     81.89019795
     81.43028644
     81.41562707
     81.41562707
     81.73329874
     81.81494561
     81.63266439
     80.70941467
     80.20746126
     81.74949035
     81.74161400
     82.20307669
     82.24862609
     82.75270984
     82.60734354
     82.60225876
     82.60225876
     82.71792625
     82.71792625
     82.31696848
     82.39202173
     79.80405608
     79.80405608
     81.39836722
     81.19524469
     81.19524469
     81.19524469
     81.98807039
     82.22400682
     82.42638315
     82.62517633
     82.66268115
     82.34458165
     82.62974333
     82.62974333
     82.64409801
     82.64409801
     82.72080244
     82.72080244
     82.79914655
     82.80473913
     82.80473913
     82.80473913
     82.92647421
     82.51495085
     81.57870702
     81.32265507
     80.65394756
     82.24508919
     81.71378926
     81.71378926
     81.71378926
     81.56543595
     81.56543595
     81.64356635
     81.64356635
     81.78425722
     81.78425722
     81.73197706
     80.31945598
     81.03470877
     80.21734324
     80.56350944
     81.38104526
     80.60513357
     80.88396608
     80.65251426
     80.65251426
     81.17324557
     81.11971627
     79.77298502
     82.69504932
     82.69504932
     82.69504932
     82.64849756
     82.64849756
     81.05265955
     82.48835976
     82.48835976
     82.88434522
     82.88434522
     82.88434522
     82.88434522
     82.83467686
     82.82318984
     82.66388039
     82.66388039
     82.66388039
     82.66388039
     82.71807840
     82.71807840
     82.71807840
     82.63586255
     82.45842343
     81.94012359
     81.94012359
     81.94012359
     82.69363637
     82.69363637
     82.77632330
     82.77471917
     82.77161572
     82.63856870
     82.11487182
     82.03427527
     82.31140975
     82.62528209
     82.61576292
     82.61576292
     82.69457804
     82.45481809
     82.45481809
     82.56232944
     82.56352664
     82.71435100
     82.79325375
     82.83935984
     82.83935984
     82.83520522
     82.80166686
     82.80166686
     82.42533206
     81.41242011
     81.41242011
     81.47001785
     81.47001785
     79.46967226
     81.51644235
     81.97790339
     80.70705812
     80.70705812
     80.70705812
     80.70705812
     80.70705812
     80.70705812
     81.21456825
     81.51403742
     81.49815949
     82.49502926
     82.78026079
     82.15374233
     82.15374233
     82.15374233
     82.80165453
     82.91049371
     82.50386506
     82.43901797
     82.88201112
     82.88201112
     82.87327679
     82.90460609
     82.81439387
     82.73556684
     82.93084196
     82.93084196
     82.93084196
     82.93522590
     82.92358323
     82.92358323
     82.92358323
     82.92286943
     82.86447629
     82.86447629
     82.93473985
     82.93473985
     82.91645529
     82.91645529
     82.91645529
     82.91645529
     82.93513130
     82.85460480
     82.59064754
     82.59140140
     82.59140140
     82.32640295
     82.60901444
     82.48714039
     82.00508314
     81.73882071
     81.67780709
     81.72617249
     80.97724186
     81.59505660
     82.01069271
     82.01069271
     81.90414031
     82.39219354
     82.60752928
     82.15125450
     81.95888258
     81.95888258
     81.84258850
     82.81138647
     82.16795979
     82.16795979
     82.16795979
     82.16795979
     80.10892011
     81.33043545
     81.40392267
     80.87629679
     81.72891811
     81.72891811
     82.00013929
     82.48217543
     82.47252994
     80.06239835
     80.85778895
     80.85778895
     82.42880810
     81.22169778
     81.22169778
     82.28361125
     82.12071768
     82.21973552
     82.71735181
     82.28315713
     82.28315713
     82.24316538
     82.73535945
     82.73535945
     80.52896085
     80.29593963
     80.00883850
     80.00883850
     80.54070179
     80.10618422
     79.39609642
     78.30181741
     78.53874656
     78.53874656
     76.34754064
     76.34754064
     76.34754064
     76.34754064
     76.34754064
     79.16898988
     77.43892436
     79.53667990
     79.53667990
     79.53667990
     81.13559227
     80.53722270
     81.85698974
     81.81115104
     81.81115104
     81.92683959
     81.80005284
     81.80005284
     81.82428954
     81.82428954
     81.85254501
     81.94792196
     81.02715803
     81.60074637
     81.60074637
     80.01723532
     80.01723532
     80.01723532
     80.01723532
     80.01723532
     80.01723532
     81.04235143
     80.60474302
     80.36501831
     80.36501831
     82.44075099
     82.44238006
     82.43648048
     81.77617689
     81.77617689
     82.46085588
     82.36682192
     82.36682192
     82.36682192
     82.54368743
     81.95321232
     81.53748122
     81.58802043
     81.11365780
     81.09357317
     81.84515403
     81.55673740
     81.92430778
     81.16026560
     81.16026560
     80.63067515
     80.63067515
     81.60150838
     81.60150838
     81.60150838
     81.60150838
     81.25513137
     81.25513137
     81.25029137
     81.80743338
     81.42382638
     81.62807400
     81.74076006
     81.49159541
     81.49159541
     81.74341022
     81.90133769
     82.40468036
     82.19012541
     82.54298313
     82.54298313
     82.04775009
     82.04775009
     82.09452313
     81.77598029
     81.03982290
     81.03982290
     80.70450957
     79.92619474
     79.63652371
     79.63652371
     78.16644130
     79.10647587
     80.26924901
     80.26924901
     77.41317432
     78.35104282
     78.35104282
     78.35104282
     78.75554417
     80.38222717
     80.08573845
     80.08573845
     79.89141510
     79.89141510
     79.69579998
     79.69579998
     81.81531306
     82.68763562
     82.69344251
     82.70665105
     82.70665105
     82.21345503
     82.21345503
     82.01116790
     82.09052988
     82.09052988
     82.05693925
     81.08615748
     81.08615748
     81.07075160
     81.07075160
     82.53806118
     82.90343680
     82.90343680
     82.87841814
     82.56315031
     82.62521592
     82.42271807
     80.63964946
     80.64327052
     80.27530746
     80.35407959
     80.52678725
     79.81061354
     78.29995321
     81.41138434
     81.41138434
     81.41138434
     81.41138434
     81.41138434
     81.41138434
     82.48061295
     82.48061295
     82.62383192
     82.39264788
     82.72409144
     82.71934713
     82.71934713
     82.70406834
     82.70406834
     82.91879622
     82.96354190
     82.96354190
     82.82661089
     82.82661089
     82.82608774
     82.15327612
     82.57280181
     82.59430494
     82.60982570
     82.60982570
     82.69324921
     82.73989274
     82.63440153
     82.68505106
     82.78052760
     81.93302017
     79.82698432
     78.94142377
     78.94142377
     78.94142377
     78.94142377
     78.94142377
     80.39259801
     80.39259801
     80.39259801
     80.39259801
     81.40801373
     81.07504030
     81.07504030
     79.80541390
     79.80541390
     79.80541390
     79.80541390
     79.80541390
     79.80541390
     79.80541390
     79.80541390
     82.02527996
     81.43629142
     82.60743430
     82.45383121
     81.88768648
     81.88768648
     80.56066467
     80.56066467
     78.76736301
     78.76736301
     78.11039776
     79.10763090
     79.10763090
     79.10763090
     77.27397863
     77.27397863
     80.85322625
     79.60240698
     81.02180902
     81.98447476
     82.00600900
     81.07096525
     81.07096525
     81.37209848
     81.38390064
     81.04034213
     82.46971000
     82.55257756
     82.60634061
     82.79310441
     82.79310441
     82.83960753
     82.79501278
     82.00802486
     82.06931538
     82.62016418
     82.44631425
     82.42600507
     82.35948206
     82.35490355
     82.43874174
     82.29012977
     82.03172028
     82.06769385
     82.32708174
     82.32708174
     81.73767599
     81.79238285
     81.15371509
     81.65368712
     80.10042181
     80.10042181
     80.10042181
     79.87491719
     79.25558362
     79.51743943
     82.03609037
     82.04902216
     82.08499726
     82.08499726
     82.08499726
     81.99497317
     81.97081610
     81.97081610
     81.97081610
     82.17822927
     82.17822927
     81.89808726
     81.91340033
     82.63822945
     82.76300299
     82.86978394
     82.82338671
     82.74173827
     82.69731895
     82.71508802
     82.22613633
     82.28476375
     82.28476375
     82.68007059
     82.68007059
     82.68007059
     82.68007059
     82.49025158
     82.20903047
     82.17668631
     82.17208328
     81.48104031
     82.17532922
     82.17489289
     81.52567718
     81.87111400
     82.50630302
     82.50630302
     82.13417763
     82.47657510
     82.83795028
     82.83795028
     82.83795028
     82.83795028
     82.76642749
     82.62986145
     82.71707707
     82.59081631
     82.66433612
     82.48229862
     77.85804925
     80.68289757
     80.68724825
     81.09087788
     81.10642569
     80.28608315
     80.35044019
     81.16722831
     81.89345560
     81.89345560
     81.89345560
     82.40121464
     81.74592715
     81.74592715
     81.17996594
     81.93610165
     81.98724745
     82.15343651
     81.74297129
     82.47876442
     82.37209026
     82.56177920
     82.55319979
     82.55319979
     82.76005950
     82.73785761
     82.73785761
     82.75678285
     82.75178054
     82.89388932
     82.84429949
     82.83994607
     82.65469800
     82.65344462
     82.65344462
     82.92642389
     82.95281971
     82.95826476
     82.95791976
     82.95491599
     82.89985670
     82.87115872
     82.87115872
     82.87115872
     82.85874079
     82.95913730
     82.95972006
     82.96029299
     82.83712617
     82.83712617
     82.92156588
     82.92156588
     82.92156588
     82.96187310
     82.96187310
     82.96187310
     82.96187310
     82.84665809
     82.81560933
     82.59659359
     82.59259289
     82.69754062
     82.69754062
     82.74134664
     82.92822656
     82.92822656
     82.82890378
     82.81228911
     82.84971311
     82.77771234
     82.77916874
     82.77916874
     82.77916874
     82.68378475
     82.68378475
     82.67698452
     81.92851417
     81.92851417
     81.99349590
     81.99349590
     81.95019839
     81.89773099
     82.27017562
     82.34806219
     82.34806219
     82.32379347
     81.38653842
     81.67925826
     78.61988291
     78.61988291
     78.61988291
     78.61988291
     81.13963608
     81.13963608
     81.67266276
     81.67266276
     81.67266276
     81.67266276
     81.58166641
     81.50694541
     81.41027964
     81.26480298
     82.32843496
     81.99257643
     82.20685003
     82.02778662
     82.02778662
     82.10591379
     82.12372104
     82.12372104
     82.00991187
     82.87209560
     82.96251103
     82.96251103
     82.96251103
     82.91258522
     82.91258522
     82.91258522
     82.91258522
     82.94151484
     82.94548460
     82.85322922
     82.85322922
     82.89021427
     82.89021427
     82.89021427
     82.89021427
     82.60664762
     82.95303831
     82.64698395
     82.66328872
     82.66328872
     82.67580921
     82.67580921
     82.40927137
     82.68535706
     82.78307272
     82.33494543
     82.64727791
     82.64727791
     82.49202052
     82.49202052
     82.89693643
     82.89693643
     82.89839994
     82.82879443
     82.82879443
     82.82879443
     82.86845289
     82.86845289
     81.93019017
     82.50494495
     82.50946826
     82.41443077
     82.16759529
     82.21085771
     82.17961800
     82.09952923
     81.96863293
     81.96863293
     82.23586441
     82.56460031
     82.19422095
     81.80851433
     82.09481237
     82.35268893
     82.41055812
     82.18844676
     82.07877125
     82.32172843
     82.32172843
     81.12208293
     80.88412064
     81.80491909
     81.83825310
     81.83825310
     81.83825310
     82.19566078
     81.73721653
     81.70264243
     82.75002214
     82.74351627
     82.69376678
     82.69376678
     82.69376678
     82.79846090
     82.79846090
     82.75410956
     82.75410956
     82.54189336
     82.17993642
     82.86074843
     82.86597112
     82.92965959
     81.57484967
     81.50136861
     81.65398745
     81.42418837
     82.12066473
     82.12066473
     82.22663943
     82.07866689
     82.23865358
     82.23865358
     82.23865358
     82.23865358
     81.95691605
     81.98938074
     82.32941104
     82.24465339
     82.81857706
     82.81857706
     82.77852362
     82.60596701
     82.35002363
     82.43213091
     82.20470339
     82.14824571
     82.12462389
     81.51258064
     81.54877319
     81.43791316
     81.43791316
     81.71108936
     81.71108936
     81.76823120
     81.76823120
     81.11451530
     80.71279162
     80.71279162
     80.71279162
     80.71373235
     80.71373235
     79.47055527
     79.47055527
     81.17970589
     81.17970589
     81.53963505
     81.86552143
     82.00574704
     80.15606308
     80.15606308
     81.19325869
     80.90067783
     80.91975710
     80.91975710
     82.41656898
     81.50449299
     81.84815590
     81.29224056
     82.11985142
     82.11985142
     82.11985142
     82.67134102
     82.67134102
     82.67134102
     82.67134102
     82.73347898
     82.46667923
     82.46667923
     82.46667923
     82.30796803
     82.30796803
     82.24934833
     82.24849045
     82.28824885
     82.60882580
     82.67605051
     82.68623366
     82.66883211
     82.68486887
     82.23204933
     82.22196011
     78.62360901
     78.62360901
     78.62360901
     78.62360901
     81.05516514
     79.30140968
     79.30140968
     81.31087514
     82.24620443
     81.80313122
     81.80313122
     81.69798202
     82.21170804
     81.69786962
     81.69786962
     81.69786962
     81.69786962
     82.05331554
     82.35058346
     82.34914138
     82.51261332
     82.45518757
     82.71114350
     82.70837451
     82.22581312
     82.22581312
     82.28117255
     82.24710440
     82.24710440
     82.35406690
     82.35406690
     82.14485279
     82.22521647
     82.22521647
     82.22521647
     81.90956382
     81.83535753
     82.33737260
     82.23769594
     82.23769594
     81.61551194
     80.72693709
     80.72693709
     80.72693709
     82.18957628
     82.18957628
     82.17629414
     82.17629414
     82.17629414
     81.26451912
     81.30063582
     82.22671410
     82.28500751
     82.28500751
     82.28500751
     82.41120610
     82.46406311
     82.38940082
     82.85304057
     82.22529280
     82.60975817
     82.87000693
     82.87000693
     82.84262331
     82.71973654
     82.71973654
     82.71973654
     82.65033209
     82.65033209
     81.71540191
     81.95810530
     81.94096888
     81.98449037
     81.98449037
     81.89440053
     81.89936564
     81.89936564
     82.29850904
     82.29850904
     82.29850904
     81.87294604
     81.87294604
     81.87294604
     81.98565268
     81.98565268
     82.24278592
     82.17878773
     82.45750291
     82.47100316
     81.78763776
     82.18421784
     82.57415168
     82.57415168
     82.57415168
     82.73935314
     82.73935314
     82.73935314
     82.07134784
     81.52182769
     81.68965709
     81.68965709
     81.68965709
     81.84313575
     81.86443293
     81.13560380
     80.93322610
     81.78861725
     81.78861725
     82.33759801
     82.33759801
     82.64569136
     82.55379685
     82.45642551
     82.17338753
     82.17338753
     81.82370255
     81.80672122
     81.75109863
     81.88179233
     82.62765393
     82.76921313
     82.92658907
     82.91194447
     82.91194447
     82.91991023
     82.91991023
     82.41994641
     82.52790163
     82.50122150
     82.56965744
     82.57552424
     82.33369350
     82.86378091
     82.86378091
     82.86378091
     82.86378091
     82.78613603
     82.87027597
     82.87382789
     82.94037008
     82.95054098
     82.95054098
     82.95080505
     82.95080505
     82.78522400
     82.78522400
     82.63461448
     82.47918084
     82.61713891
     82.28649613
     82.65752650
     82.33280329
     82.33691555
     82.33691555
     82.15736024
     81.75679987
     81.75679987
     82.49257897
     82.54332584
     82.46546280
     82.46546280
     81.02621381
     81.29667341
     82.15982079
     82.15982079
     82.02221499
     82.43307041
     82.07265225
     82.07265225
     81.67035585
     82.26926694
     82.33587150
     82.33587150
     82.69627954
     82.90344858
     82.91979384
     82.91979384
     77.77971912
     76.34326607
     76.34326607
     78.83415256
     78.36488345
     75.96254113
     75.96254113
     75.96254113
     79.52678035
     82.06559759
     82.00450189
     82.46356398
     82.46356398
     82.46356398
     82.76922739
     82.76922739
     82.81741219
     82.81741219
     82.91063578
     82.92004101
     82.92004101
     82.25082149
     82.25082149
     81.99281844
     81.89432143
     81.89432143
     81.89432143
     81.95702961
     81.85236392
     82.50299044
     82.50299044
     82.32868794
     82.54777311
     82.35655621
     82.26803364
     82.61098092
     82.61098092
     82.94882522
     82.77750016
     82.96310928
     82.89414800
     82.92450381
     82.91848009
     82.91848009
     82.86103302
     82.86138593
     82.95293919
     82.95293919
     82.95845196
     82.95845196
     82.34120914
     82.29583208
     81.91802396
     81.43311052
     81.42820094
     81.47248945
     81.81591528
     81.81591528
     81.70591183
     81.70591183
     80.73840188
     80.55630496
     79.98392228
     80.86669323
     79.65806224
     79.65806224
     80.14832555
     80.78838111
     80.99476945
     80.96793113
     80.25721106
     80.25721106
     80.25721106
     80.25721106
     80.05105585
     80.54810835
     80.54810835
     80.53025837
     82.02117356
     81.38211973
     81.68574054
     82.12962789
     81.81953033
     82.79477477
     82.79477477
     82.80810486
     82.83475936
     82.89098508
     82.85198765
     82.76395630
     82.87189674
     82.92310960
     82.87407205
     82.87407205
     82.87562667
     82.66079617
     82.70072265
     82.81750879
     82.81750879
     82.80606586
     82.48686006
     81.89475788
     82.07768656
     82.22550811
     82.12685752
     81.95099954
     81.51572752
     81.51572752
     81.54848463
     82.48108860
     82.32737578
     82.32737578
     82.28296124
     82.82491455
     82.83868466
     82.83868466
     82.88463680
     82.88463680
     82.90703662
     82.91653888
     82.90612150
     82.77007807
     82.74735540
     82.74735540
     82.73197865
     82.83438252
     82.65536429
     82.64397916
     82.42486249
     82.42486249
     82.42307537
     82.42307537
     82.42307537
     82.54328401
     82.80299440
     82.79995197
     82.94213855
     82.96361748
     82.95157189
     82.95157189
     82.35370676
     82.35370676
     82.50829165
     82.73905638
     82.73905638
     82.60230366
     82.30117207
     82.11755860
     82.11755860
     82.11755860
     78.78436411
     78.78436411
     80.15088488
     80.15088488
     80.88251503
     79.57829129
     80.33026143
     80.11181715
     80.11181715
     80.11181715
     80.11181715
     81.15792159
     81.38514320
     79.71724739
     81.75711609
     81.97679768
     82.01471700
     82.16699354
     82.16699354
     81.99889497
     81.99889497
     81.98191628
     81.74928093
     82.03775018
     82.58619235
     82.58619235
     82.58619235
     82.76660280
     82.54426950
     82.52866077
     82.52866077
     81.99061862
     81.99061862
     82.63204929
     82.63204929
     82.76359830
     82.72322577
     82.52809410
     82.23349210
     82.57081890
     82.35016407
     82.69742030
     82.69742030
     82.84846811
     82.87349561
     82.80826972
     82.58243322
     82.65149500
     82.65149500
     82.65149500
     81.98461909
     81.98461909
     81.98461909
     82.51396336
     82.51396336
     82.38106142
     82.56979747
     82.24520888
     82.35412919
     82.30021114
     81.77600095
     81.77600095
     81.77600095
     81.77600095
     81.94731370
     82.57644019
     82.63703352
     82.63492016
     82.61507820
     82.44285674
     82.06352609
     82.02615686
     80.48628744
     80.40674479
     78.70709257
     78.70709257
     78.70709257
     78.70709257
     80.80915063
     80.80915063
     81.58602719
     81.58602719
     82.03820559
     82.09516687
     82.65630199
     82.72336182
     82.73197629
     82.73197629
     82.84529104
     82.86867271
     82.85674375
     82.85674375
     82.87695201
     82.91504075
     82.91504075
     82.91504075
     82.75135884
     82.75135884
     82.71167092
     82.69903238
     80.67444127
     80.17921542
     80.17921542
     80.17921542
     80.75778583
     80.63310949
     80.63310949
     80.43199278
     81.21586421
     81.25175212
     81.25175212
     81.28262401
     79.80367846
     82.01952058
     81.60594714
     81.60594714
     81.74384780
     81.27244590
     82.39942701
     82.39942701
     81.73449719
     80.86571633
     80.86571633
     82.48089236
     82.48089236
     82.48089236
     82.55607720
     81.70117109
     81.70117109
     81.94852384
     81.31225160
     81.31225160
     81.70960235
     81.70960235
     78.32620472
     78.32620472
     78.32620472
     78.32620472
     79.44728688
     79.50653863
     79.50653863
     76.79723400
     79.57597080
     79.57597080
     79.66119434
     79.66119434
     82.36187036
     82.46460124
     82.46460124
     82.58271661
     82.65014327
     82.11616467
     82.14727372
     82.18028087
     80.44924671
     79.56633309
     77.46387630
     79.43381961
     79.43381961
     80.82341474
     82.14116886
     81.95760150
     81.95760150
     81.40871620
     82.26066818
     82.06666957
     82.32572523
     81.90233975
     81.40743825
     81.26873990
     81.26873990
     80.30542496
     80.62370432
     80.62370432
     81.31019184
     80.78459634
     80.78459634
     80.05390443
     81.07457399
     81.07457399
     80.42967935
     80.42967935
     80.46181525
     80.46181525
     80.64684626
     81.40875825
     81.93774858
     81.84683156
     81.84683156
     81.84683156
     82.01160383
     81.67031002
     81.67031002
     81.74756812
     81.72240435
     82.42422577
     82.22510161
     82.22510161
     82.37000145
     82.62756164
     81.01863145
     81.01863145
     80.13385625
     80.19109728
     80.19109728
     81.37253137
     82.01778483
     82.73338545
     82.73338545
     82.72461694
     82.72461694
     82.69354846
     82.69354846
     82.69354846
     82.47772552
     82.65970034
     82.65230297
     82.58410068
     82.58410068
     82.30426423
     82.30426423
     82.30426423
     82.30426423
     81.88108296
     82.42830198
     82.40116401
     82.53094918
     82.58354943
     82.49646971
     82.49646971
     82.48097311
     82.52803203
     82.52803203
     82.21962988
     82.63211341
     82.63211341
     82.34937245
     82.34937245
     82.34937245
     81.69945871
     82.15536214
     82.15536214
     82.53587561
     82.01483911
     82.47208842
     82.63507101
     82.82811209
     82.92307460
     82.94104787
     82.94104787
     82.82942233
     82.95310119
     82.86863977
     82.94928078
     82.94928078
     82.89646673
     82.81390576
     82.81390576
     82.78103365
     82.07665219
     82.33953773
     81.67518993
     80.64078617
     80.64078617
     80.64078617
     80.29569764
     80.29569764
     80.29569764
     80.39910209
     80.39910209
     81.46141584
     82.42181559
     82.24325653
     82.24325653
     81.92454900
     82.01175728
     79.62689962
     82.62297637
     82.80156172
     82.80762662
     82.80762662
     82.93691903
     82.92833828
     82.76625981
     82.76625981
     82.16422009
     82.24356583
     81.44574067
     80.52673942
     80.52994813
     80.52994813
     80.52994813
     80.52994813
     79.97819892
     79.97819892
     80.71398697
     80.65860125
     80.65860125
     80.65860125
     80.97145697
     79.77246177
     79.77246177
     79.83250588
     81.26595557
     82.05646368
     81.33439706
     81.48562092
     80.72590798
     80.72590798
     80.72590798
     80.68902024
     81.10627551
     80.63648019
     80.63648019
     80.81696910
     80.81696910
     80.81696910
     80.81696910
     80.81696910
     80.81696910
     80.34334093
     80.34334093
     80.46654528
     79.19929385
     79.19929385
     80.98881298
     80.98881298
     80.98881298
     80.85400891
     80.85400891
     81.72737627
     81.72737627
     81.72737627
     82.24779507
     82.55451560
     82.75775024
     82.54628985
     82.84456006
     82.84456006
     82.79215969
     82.92677510
     82.86628015
     82.84789538
     82.80754983
     82.76092930
     82.51977610
     82.51977610
     82.55529699
     81.37520465
     81.07214671
     82.83843018
     82.84091935
     82.84091935
     82.85937356
     82.33949345
     82.33949345
     81.76355050
     81.58783149
     82.49118338
     82.49118338
     82.05498006
     82.22730993
     82.22730993
     81.66388586
     81.30344808
     78.68553832
     80.59915228
     80.59915228
     80.85987237
     79.28718468
     81.31346731
     81.92557117
     81.62973475
     81.62973475
     81.62973475
     81.98137384
     82.12951702
     82.12951702
     82.11602519
     79.17957003
     79.17957003
     79.17957003
     81.30565307
     81.25234498
     81.25234498
     81.27674035
     81.27674035
     81.27674035
     81.07345608
     81.41010261
     81.40999073
     81.40999073
     81.40999073
     81.84369050
     81.92765513
     81.92765513
     82.75616835
     82.61215837
     82.50279884
     82.58894006
     81.84226371
     81.40590873
     81.54676603
     82.08857777
     82.08857777
     82.25595407
     82.25595407
     81.92751149
     81.80835480
     81.80835480
     81.21718791
     82.51324155
     82.59025348
     82.69802985
     82.07600629
     82.09948582
     82.09948582
     82.59534411
     82.57033748
     82.54979869
     82.54979869
     81.79434099
     81.79434099
     81.51670228
     81.51670228
     80.00778835
     79.76826304
     77.70102484
     77.70102484
     77.70102484
     80.41388257
     80.92855548
     80.94958374
     81.68443641
     81.23869774
     81.23869774
     82.20264819
     80.54781790
     78.64667162
     78.51362047
     78.51362047
     79.64477899
     80.36152133
     80.36152133
     80.31852579
     80.11874998
     80.56886153
     80.91971361
     79.17531574
     80.03774563
     80.53980911
     81.31533616
     81.80379126
     81.75240014
     81.75240014
     80.98581616
     81.33499543
     81.33499543
     81.33499543
     81.33499543
     81.12142079
     80.89557594
     81.69833031
     82.16691120
     81.77346699
     81.48995207
     82.30197068
     82.40585577
     82.50323029
     82.55496116
     82.69249870
     82.54355732
     82.75551740
     82.80948165
     82.29456537
     82.29456537
     82.08343872
     82.08343872
     82.08343872
     82.09139618
     81.96214425
     81.96214425
     81.90569440
     82.17932439
     82.33474710
     81.99063273
     82.73359562
     82.65642032
     82.65642032
     82.65642032
     82.65642032
     82.65642032
     82.80117021
     82.43519909
     81.28918417
     81.28918417
     81.28918417
     82.40590203
     81.52689772
     81.52689772
     82.22174901
     82.27003780
     82.32785062
     81.82367000
     81.49012248
     81.49012248
     81.49012248
     82.15517220
     82.15517220
     82.17552944
     82.68470840
     82.65924636
     82.49865718
     82.59296109
     82.59296109
     82.59296109
     81.82112174
     81.83174428
     81.83174428
     81.83174428
     82.24632920
     82.24632920
     82.06444310
     81.90517639
     81.11205998
     81.11205998
     81.11205998
     81.11205998
     80.37441631
     80.37441631
     80.48308689
     80.52406213
     81.00856063
     82.20914491
     81.96504786
     81.79602405
     81.98892318
     81.46390245
     81.46390245
     81.46390245
     82.24963619
     82.29506806
     82.40117984
     82.40117984
     82.40117984
     82.15842382
     82.17548317
     82.17548317
     82.28963484
     82.14564396
     80.13730785
     80.03451452
     80.43408739
     76.21147803
     76.21147803
     78.51988573
     78.51988573
     79.14663998
     79.14663998
     79.14663998
     79.45476961
     79.45476961
     79.81988705
     79.42980559
     79.42980559
     79.37594891
     80.18949512
     80.18949512
     80.93624010
     80.62868705
     81.55248509
     81.37625699
     81.76359768
     82.41027186
     82.41027186
     82.39692011
     82.23156406
     81.27039802
     81.30684708
     81.30684708
     81.30684708
     81.49863885
     81.07225509
     81.68770660
     81.68064895
     82.13602966
     82.50863708
     82.58657257
     82.38264752
     82.48735497
     82.86077394
     82.86077394
     82.90095359
     82.90095359
     82.94294291
     82.94294291
     82.94294291
     82.92017674
     82.92017674
     82.92017674
     82.78716735
     82.78716735
     82.78716735
     82.78716735
     82.46991015
     82.44944850
     82.44944850
     82.44944850
     82.44944850
     82.46128135
     82.46128135
     82.43153927
     82.42955919
     82.83542851
     82.84972474
     82.89868662
     82.82086545
     82.73556789
     82.71650326
     82.71650326
     82.68828833
     82.66648681
     82.33671848
     81.25808974
     81.25808974
     81.25808974
     81.86627728
     82.31154955
     81.10526423
     81.45040090
     81.88272402
     81.94577556
     81.07088645
     81.49995538
     81.49995538
     81.49995538
     81.49995538
     81.49995538
     81.49995538
     81.49995538
     82.62640919
     82.62640919
     82.31923099
     82.31923099
     82.61620713
     82.45271938
     82.29933282
     82.77412598
     82.95120580
     82.95120580
     81.63343963
     82.07585918
     82.07585918
     82.01286258
     81.65774905
     81.05101772
     81.18017251
     81.24281493
     81.24757405
     80.55668797
     80.55668797
     80.55668797
     80.55668797
     80.55668797
     80.55668797
     81.26589407
     80.86242090
     81.12523610
     81.09342122
     81.63903281
     81.63903281
     81.63903281
     81.92469985
     81.74317729
     81.91998559
     82.09979153
     81.74787048
     81.74787048
     81.74787048
     82.09193818
     82.23703905
     82.10979173
     82.67335317
     82.66643132
     82.66954829
     82.60922972
     82.29312138
     81.86537824
     82.05568232
     81.54831932
     81.71059407
     81.71059407
     81.87548025
     81.96194347
     81.96194347
     81.96194347
     80.84828416
     80.84828416
     80.76428459
     80.80946648
     81.37280871
     81.50035857
     81.44302961
     81.76815796
     81.76815796
     82.47084757
     82.47084757
     81.98003549
     81.80202092
     81.51277551
     81.06095489
     79.96215544
     79.60903164
     79.60903164
     79.60903164
     79.60903164
     81.44987487
     81.77430190
     82.08463200
     82.21028508
     82.50402366
     82.83062006
     82.66155747
     82.63897891
     82.53836809
     82.53836809
     82.16037999
     82.25012831
     82.48582797
     82.48582797
     82.37067055
     82.74660064
     82.74660064
     82.74487449
     81.89529278
     81.42624682
     81.91046093
     81.83093773
     81.83093773
     81.78398960
     82.51441744
     82.51441744
     82.51441744
     82.51441744
     82.51441744
     82.51441744
     82.51441744
     82.51441744
     81.95282493
     82.51601173
     81.96300165
     81.96300165
     81.96300165
     81.96300165
     81.96300165
     80.91771931
     82.06898641
     82.06992833
     81.42979436
     81.42979436
     81.71144930
     81.31754636
     81.93253886
     80.49639549
     79.82626017
     79.83638781
     80.80807594
     79.72720466
     78.51654497
     76.37263741
     74.38043827
     74.38043827
     78.59020900
     78.59020900
     79.33794179
     79.33794179
     79.33794179
     79.33794179
     79.33794179
     79.33794179
     79.92661790
     78.34201866
     81.16292016
     81.16292016
     81.32525712
     81.19034944
     81.15429065
     78.66232779
     78.66232779
     78.66232779
     80.61374037
     81.62067771
     81.62067771
     78.39320465
     78.39320465
     80.32819846
     80.70533405
     80.70533405
     80.93326931
     80.93326931
     79.66378062
     79.37363554
     79.37363554
     79.54507651
     79.54507651
     79.54507651
     80.70613404
     79.93107147
     81.01846173
     80.88752130
     80.88752130
     80.27136627
     80.33478949
     80.33478949
     80.25578065
     80.25578065
     80.25578065
     80.25578065
     80.42264104
     80.83202871
     78.33254434
     78.33254434
     80.80599655
     80.84852838
     80.44682319
     81.83880778
     81.83880778
     81.76821583
     82.56453034
     82.39230991
     81.72945912
     81.72945912
     81.72945912
     82.53851276
     82.46161840
     78.88444851
     78.88444851
     78.88444851
     78.88444851
     78.88444851
     78.88444851
     81.80527318
     82.29813228
     82.29813228
     81.65021065
     81.65021065
     81.65021065
     81.65021065
     82.67462761
     82.67820641
     82.06140212
     82.06140212
     80.72290255
     81.08928871
     81.08928871
     80.42747485
     80.42747485
     79.92868313
     79.92868313
     79.92868313
     79.71235072
     81.29265466
     82.13144372
     82.57200499
     82.43402013
     82.43402013
     82.59774671
     82.54975489
     82.60762943
     82.66115444
     82.89000340
     82.65144444
     82.65144444
     82.65144444
     82.82964936
     82.49660558
     82.56473590
     82.72758603
     82.82858599
     82.92543469
     82.91605855
     82.94011198
     82.94011198
     82.94011198
     82.94011198
     82.92317207
     82.69187473
     82.62921987
     82.62921987
     81.42127169
     81.09147237
     81.15895451
     80.85078408
     80.85078408
     80.61726987
     82.22217188
     82.22217188
     82.22217188
     82.11561016
     82.01606973
     81.16201097
     82.05851078
     81.85041047
     81.85041047
     81.85331934
     81.86312737
     81.86312737
     81.83326502
     81.83326502
     80.96972025
     80.96972025
     81.27997134
     82.15191661
     82.16785991
     80.14715279
     80.66494056
     79.03782198
     79.03782198
     79.03782198
     79.55522290
     79.55522290
     79.73851366
     78.89662726
     80.09131942
     81.13327215
     81.39437274
     81.60774831
     80.04939465
     80.04939465
     79.83222672
     81.03402674
     82.27978325
     82.24934187
     82.24934187
     81.87038400
     82.33666122
     82.36293395
     82.24927223
     82.16554903
     81.80532898
     81.10806032
     81.10806032
     81.10806032
     81.18742817
     80.83247465
     80.66256571
     79.71427127
     80.04995326
     80.38487741
     80.44344099
     79.82615071
     79.46344233
     79.15667575
     80.06737181
     80.57478965
     80.57478965
     78.81389275
     78.81389275
     78.81389275
     81.15133640
     81.15133640
     81.18868452
     81.32778573
     81.32778573
     81.85669946
     81.85444013
     82.28478519
     82.94047664
     82.94549467
     82.93927424
     82.90711356
     82.96134955
     82.96072260
     82.95967579
     82.73934806
     82.73934806
     82.76116907
     82.76116907
     82.68272231
     82.68272231
     82.12141586
     82.16071165
     82.16071165
     82.16071165
     82.16071165
     82.40837517
     82.65776055
     82.65244348
     82.38936600
     82.38893064
     82.38893064
     82.69750442
     82.58822665
     82.87590207
     82.87590207
     82.87590207
     82.87590207
     82.96145156
     82.95865448
     82.94891092
     82.95767106
     82.87765218
     82.87765218
     82.87765218
     82.87765218
     82.76279085
     82.75830479
     82.75830479
     82.75830479
     82.75830479
     82.54924695
     82.57132133
     82.66291470
     82.79656146
     82.69725284
     82.65167139
     82.86168138
     82.86168138
     82.79096533
     82.31331565
     82.42402593
     82.45868033
     82.41538632
     82.41538632
     82.31737293
     82.43360392
     82.19856456
     82.26831464
     82.26137543
     82.26137543
     82.26137543
     82.10494257
     82.20615284
     81.98698764
     81.62493913
     81.87578723
     81.79808073
     81.96178920
     82.27165215
     81.93477337
     81.93477337
     81.94838260
     81.99173156
     81.94224211
     82.68235032
     82.70827273
     82.69911637
     82.78162807
     82.78162807
     82.61959281
     82.00414907
     82.00414907
     82.00414907
     81.25264078
     81.66248863
     81.24440743
     81.24440743
     81.49989607
     81.82287106
     82.58762809
     82.58762809
     82.58762809
     82.58762809
     82.73958631
     82.73958631
     82.60217359
     82.21356248
     82.19761784
     82.52525543
     82.17660842
     82.16816333
     82.22689201
     82.22689201
     82.37560070
     82.45968098
     82.39550289
     82.50979683
     82.49359939
     82.49359939
     81.67190661
     81.32688888
     80.59728427
     81.06796654
     80.53482664
     82.71184622
     82.22422185
     82.55318255
     82.23664611
     81.38037140
     81.44820105
     80.82008435
     80.38662737
     80.80367754
     81.35165669
     81.91649008
     82.61015797
     82.61015797
     82.57862265
     82.59324468
     82.17607762
     81.62765383
     79.82571014
     80.10962103
     80.10962103
     80.68198066
     80.24802848
     79.40121658
     80.18058977
     80.18058977
     80.92861845
     80.92861845
     79.52923311
     79.52923311
     79.52923311
     79.42672784
     79.20403449
     81.00261336
     80.84366366
     80.84366366
     80.84366366
     82.29036407
     81.99803583
     81.81961357
     82.72097709
     82.48769974
     82.48893420
     82.42736770
     82.42736770
     82.92251393
     82.92545814
     82.92135334
     82.88610097
     82.88610097
     82.91036895
     82.90317532
     82.89204743
     82.86713141
     82.89910454
     82.88000732
     82.88000732
     82.78574205
     81.24845421
     81.24845421
     80.66918704
     80.35642213
     80.35642213
     82.19798968
     81.85535632
     81.87289428
     81.87289428
     82.58782949
     82.58782949
     82.39428893
     82.38825371
     82.06302947
     82.06302947
     82.06302947
     82.06881161
     82.11814833
     81.95889807
     82.61969738
     82.61969738
     82.17456034
     80.92959785
     80.92959785
     80.92959785
     81.23882349
     81.90424006
     80.98227778
     82.12963012
     81.99780612
     81.99780612
     81.99780612
     81.99780612
     81.20357094
     81.86912841
     81.86912841
     81.86912841
     81.86912841
     81.04597914
     81.26683501
     81.26683501
     81.71349908
     82.27606720
     82.27606720
     79.71972738
     79.71972738
     79.58241839
     81.21856526
     81.81053721
     82.37454490
     82.37454490
     82.75490442
     82.69187960
     82.68050578
     82.47547304
     82.50306367
     82.23589345
     82.23589345
     82.23589345
     82.39759780
     82.61493271
     82.69746480
     82.44036490
     82.48983557
     82.69338647
     82.69338647
     81.95041754
     81.95041754
     81.95041754
     81.95041754
     81.95041754
     82.50507535
     82.79174678
     82.63209613
     82.62350688
     82.34821982
     82.53167378
     81.22985934
     81.82948409
     82.28755256
     82.00269535
     82.58203449
     82.50268145
     82.50268145
     82.25115387
     82.34477417
     82.46550695
     82.35320510
     82.35320510
     82.34931344
     82.05265709
     82.05265709
     82.05265709
     82.05265709
     82.05265709
     82.08481744
     82.08481744
     82.08481744
     82.08481744
     81.29852306
     81.29852306
     81.29852306
     81.38260757
     82.02056164
     82.77148053
     82.26936770
     82.62398579
     82.59664078
     82.59664078
     80.95181792
     80.96555680
     79.37835127
     81.93889309
     82.04641790
     82.71577980
     82.81470729
     82.93807510
     82.87147319
     82.87147319
     82.91729816
     82.91729816
     82.96293770
     82.96293770
     82.78089156
     82.80835453
     82.80835453
     82.80835453
     82.67127444
     82.71627714
     82.73774038
     82.44957349
     82.44957349
     82.33775101
     82.33775101
     82.67848977
     82.79550186
     82.79550186
     82.79550186
     82.71092729
     82.62349865
     82.59868882
     82.69574910
     82.71332973
     82.85162436
     82.85162436
     82.84116282
     82.88767967
     82.66078656
     82.67737337
     82.67737337
     82.67737337
     82.17977219
     82.89648092
     82.89648092
     82.87089059
     82.87089059
     82.91680297
     82.95846067
     82.95620729
     79.87607863
     80.52187650
     81.36033159
     81.55453681
     81.50056312
     81.64447426
     81.64447426
     82.41662592
     82.71675368
     82.71575150
     82.76333320
     82.76333320
     82.84042770
     82.81236337
     82.83823084
     82.53439118
     82.50638840
     82.72275396
     82.71747284
     82.71747284
     82.71747284
     82.71747284
     82.71786041
     82.41207802
     82.47090696
     82.47090696
     82.69717085
     82.69717085
     82.93081308
     82.34338557
     82.22004702
     82.67091155
     82.65615814
     82.51906791
     82.85756703
     82.85203149
     82.83906791
     82.83906791
     82.90552634
     82.92364682
     82.95351008
     82.95351008
     82.83007880
     82.79962322
     82.85475428
     82.85475428
     82.86485956
     82.86485956
     82.86485956
     82.95568428
     82.36573405
     82.36573405
     82.39255327
     82.36465841
     82.14123287
     82.35800495
     82.35800495
     82.78742191
     82.78742191
     82.78742191
     82.85946183
     82.85946183
     82.85474701
     82.88054240
     82.88071681
     82.78094529
     81.78530067
     81.78530067
     82.66044445
     82.79498871
     82.79498871
     82.76768839
     82.77278540
     82.77278540
     82.77278540
     82.77278540
     82.77318851
     82.81393249
     82.02957588
     82.02957588
     82.06588775
     82.06588775
     82.37387392
     82.76372045
     82.56262620
     82.37306473
     82.43613509
     82.16469784
     81.67933750
     81.67933750
     82.62522269
     82.78840448
     82.74500310
     82.66241801
     81.56060958
     81.56060958
     81.56060958
     81.56060958
     81.99204912
     82.10615104
     82.81918534
     82.48875383
     82.48875383
     82.10654560
     81.97179113
     82.55789503
     82.37883718
     82.25624628
     82.23999983
     82.25299806
     82.25299806
     82.20052019
     80.18744480
     81.36787513
     81.36787513
     81.39327635
     81.97057216
     81.71587740
     82.01366658
     82.01366658
     82.01366658
     82.36732458
     79.07256691
     80.89080551
     81.61120632
     81.53212034
     80.48604861
     80.48604861
     80.98870940
     80.94273540
     82.27532222
     82.34892604
     82.49909937
     82.78797290
     82.78797290
     82.59938336
     82.59938336
     82.70651487
     82.59733906
     81.01438729
     79.02597336
     80.25335972
     81.50392373
     81.50392373
     81.60650589
     81.60650589
     82.12817755
     81.86274199
     81.86274199
     82.76562361
     80.87265304
     80.87265304
     80.87265304
     80.87265304
     80.87265304
     81.12004529
     81.29765460
     82.08558231
     82.17619808
     82.17619808
     82.09647376
     82.09647376
     82.06896071
     81.92450017
     81.36065275
     80.74759731
     80.74759731
     80.63028130
     82.10889208
     81.80510006
     82.17937701
     82.17375633
     82.01073104
     82.29372305
     82.69081568
     82.71493858
     82.61145943
     82.63880620
     82.63880620
     82.75899064
     82.79476406
     82.72359724
     82.75270518
     82.36590947
     82.20606725
     82.35496075
     82.78948424
     82.76410714
     82.75067981
     81.93245163
     80.90076193
     80.90076193
     80.90076193
     80.90076193
     82.05422596
     81.89222326
     81.45487364
     80.59612942
     80.59612942
     81.51599918
     81.65502544
     81.69028438
     81.89899708
     81.89899708
     81.59654290
     82.25122512
     82.75901007
     82.80678065
     82.53209902
     82.53209902
     82.92942360
     82.81187603
     82.88829367
     82.90925369
     82.90345642
     82.88765018
     82.84221733
     82.63463365
     82.74117102
     82.75932913
     82.56947995
     82.56947995
     82.63883744
     82.63883744
     82.36510020
     82.36510020
     82.51600039
     82.51600039
     82.51600039
     82.51600039
     82.44039081
     82.54259438
     82.54259438
     82.54259438
     82.54259438
     82.54259438
     81.97497565
     81.97497565
     82.52356263
     82.52356263
     82.52356263
     82.79088300
     82.95780597
     82.78652607
     82.78652607
     81.82385666
     81.83952080
     81.83952080
     82.33803005
     81.50076006
     77.85101710
     77.85101710
     80.98938572
     81.94608435
     81.95396605
     81.95396605
     81.95396605
     81.91705287
     82.19713270
     81.21333610
     81.21333610
     81.21333610
     81.21333610
     81.17821039
     82.09638643
     80.45036014
     80.45036014
     80.86753488
     81.33431408
     81.69880991
     81.52452998
     81.90664920
     81.90664920
     82.28695502
     82.57519762
     82.26208978
     82.26208978
     82.24600489
     82.24600489
     82.24600489
     82.29564778
     82.29564778
     81.51605959
     81.90731595
     80.88951343
     80.87675193
     81.64499512
     81.64499512
     82.74841282
     82.30207082
     82.10755978
     82.10755978
     82.55251253
     82.55251253
     82.52625382
     82.94795152
     82.94795152
     82.94175792
     82.90698878
     82.90698878
     82.79371069
     82.79203502
     82.76834965
     82.76834965
     82.76834965
     82.73900998
     82.59598318
     82.22294841
     82.27053831
     82.26185437
     81.19599835
     81.19599835
     81.36178571
     81.83568038
     82.40399870
     81.28468874
     81.65909065
     81.60688953
     80.29999715
     80.29999715
     80.29999715
     78.63418132
     78.63418132
     78.63418132
     78.63418132
     78.63418132
     78.52220613
     81.45918905
     82.03529869
     82.24568546
     82.24568546
     82.24568546
     82.20597877
     82.57192782
     82.59052088
     81.98282730
     81.98282730
     82.48552897
     82.48552897
     82.48552897
     82.39584942
     82.57271272
     82.38251055
     82.85642415
     82.91140760
     82.92002044
     82.83117785
     82.27672688
     82.25101115
     81.89341950
     81.70050692
     80.08824136
     80.88570453
     80.88570453
     81.21117350
     82.56596341
     82.56596341
     82.72175692
     82.73848045
     82.78091808
     82.76321766
     82.76321766
     82.76321766
     82.76482676
     82.76482676
     82.88045146
     82.96206953
     81.99613498
     82.26252775
     82.26252775
     82.26252775
     82.26252775
     82.54823719
     82.96364831
     82.96364831
     82.94460325
     82.89020545
     82.89020545
     82.89020545
     82.73721180
     82.73721180
     82.43279850
     82.43279850
     82.31746206
     82.31746206
     82.02258441
     82.02258441
     81.04873352
     82.18723857
     82.10659172
     81.95892542
     81.98764932
     81.98764932
     81.98764932
     81.98764932
     82.08947607
     82.30306761
     82.30306761
     82.30306761
     81.86240258
     80.97070702
     80.27303638
     80.27303638
     78.90959398
     78.90959398
     79.41670792
     79.41670792
     80.46696008
     80.46696008
     80.46696008
     80.46696008
     81.42114883
     81.42114883
     81.42114883
     81.42114883
     81.42114883
     81.42114883
     81.42114883
     80.72679398
     80.72679398
     80.72679398
     80.32707989
     80.32707989
     80.76712312
     80.76712312
     81.34800530
     80.51357490
     81.39949770
     81.59687548
     81.89300852
     82.41561891
     82.41561891
     82.43926172
     82.43926172
     82.50070361
     82.54196822
     82.67099935
     82.91238321
     82.92859689
     82.92464237
     82.92464237
     82.94593928
     82.88954035
     82.73360213
     82.73360213
     82.75940466
     82.61922338
     82.49354460
     82.47844526
     82.54962435
     81.90675012
     82.08469730
     82.08469730
     82.10763179
     82.10763179
     82.47063500
     82.47063500
     82.47063500
     82.34366793
     82.06340401
     82.02909174
     80.78322037
     78.70180389
     80.91670723
     80.38966986
     81.42541275
     81.34221245
     81.34221245
     81.34221245
     80.84656479
     81.99010188
     82.21935854
     81.51626275
     80.83121451
     81.21680004
     80.22072861
     80.22072861
     79.36954135
     81.68586073
     81.68586073
     81.30714115
     81.39645525
     81.47414605
     81.72676847
     82.65514451
     82.52809188
     82.51211155
     82.68026394
     82.47065644
     82.05151856
     82.05151856
     82.18631094
     81.73041221
     81.80314944
     81.80314944
     81.80314944
     81.90659819
     81.67972538
     81.16758016
     80.88956903
     80.95538163
     80.94192612
     80.94192612
     80.94192612
     81.27694987
     81.27694987
     81.46471028
     81.42817142
     81.42105512
     81.02160428
     82.05288747
     82.05288747
     81.22511391
     81.63913655
     80.39374496
     80.12836488
     79.83649229
     81.54192220
     81.69243376
     81.69243376
     81.38687728
     82.03072286
     82.11155005
     82.10920827
     82.31747252
     82.31747252
     81.99509652
     82.65182833
     82.65182833
     82.95772397
     82.88891420
     82.88891420
     82.92750704
     82.92730831
     82.92129552
     82.92141914
     82.88344255
     82.93082725
     82.92007814
     82.84611079
     82.81400930
     82.81400930
     82.69943368
     82.88664547
     82.87840185
     82.28628030
     81.69001262
     80.33634416
     80.33634416
     80.08700016
     77.17849694
     77.17849694
     77.17849694
     77.17849694
     77.17849694
     77.17849694
     76.46246516
     79.02157351
     79.02157351
     79.02157351
     79.02157351
     78.93871979
     78.93871979
     78.93871979
     78.93871979
     78.93871979
     80.26431776
     80.63364707
     80.45904783
     82.13189567
     82.13189567
     82.13189567
     82.07624615
     82.62195960
     82.76568935
     82.42285346
     82.68797222
     82.43406156
     81.29188161
     81.65938236
     81.68043782
     79.87443279
     79.87443279
     81.75544149
     81.75544149
     82.04350105
     82.04350105
     82.04350105
     82.04350105
     82.03407463
     82.03407463
     80.45434636
     81.57882421
     81.95914275
     81.95914275
     81.95914275
     80.79039151
     82.39579824
     82.68336542
     82.70998115
     81.83125889
     81.83125889
     82.04881825
     82.04881825
     82.04881825
     82.04881825
     81.94998157
     82.66752551
     82.45492945
     82.58800638
     82.39255520
     82.39255520
     82.78413548
     82.78413548
     82.76239394
     82.76239394
     82.31364163
     82.31364163
     82.25999647
     82.25999647
     82.25999647
     81.33194453
     81.01532750
     81.01532750
     80.15711923
     81.02081226
     81.02081226
     81.02081226
     81.02081226
     81.50927820
     81.64378081
     81.64378081
     81.22246917
     81.22246917
     81.36887615
     82.00468221
     82.00321917
     82.25084455
     81.89780970
     82.07925255
     82.07925255
     82.49491936
     82.56064583
     82.56357664
     82.51245471
     82.88730159
     82.88730159
     82.88730159
     82.77336595
     82.77427888
     81.42668728
     81.42668728
     81.72356707
     81.01966133
     81.01966133
     81.01966133
     81.01966133
     82.08801864
     81.63445492
     80.15521183
     81.36033811
     81.36033811
     81.36033811
     81.99488133
     81.99488133
     81.99488133
     82.04244311
     82.04244311
     82.04244311
     81.47080277
     81.47080277
     81.32051324
     81.32051324
     81.32051324
     81.32051324
     81.32051324
     81.32051324
     80.94088389
     80.94088389
     80.80553867
     81.37329846
     82.17183579
     82.17183579
     82.25501316
     82.36261789
     82.35849339
     81.34980864
     81.34980864
     81.34980864
     81.34980864
     82.34455947
     82.21202105
     79.61628674
     79.61628674
     80.53333496
     81.61844901
     82.07097833
     82.02601498
     82.02601498
     80.20040164
     81.82418365
     81.82418365
     81.82902765
     81.81672687
     81.81672687
     81.21606237
     81.48098376
     82.23179406
     82.23179406
     82.23179406
     81.32736946
     80.36564520
     79.13029913
     79.13029913
     79.13029913
     80.76914084
     80.02567917
     80.96859967
     80.96859967
     80.96859967
     81.04217382
     81.02797191
     81.18258758
     81.53428615
     80.84958095
     81.46335399
     80.91292707
     81.50272397
     80.25512782
     80.25512782
     79.82851802
     79.82851802
     79.82851802
     77.78867863
     76.56461298
     78.06193930
     78.06193930
     79.81201634
     79.00708121
     77.08936315
     77.08936315
     76.96166540
     78.29806971
     78.29806971
     78.29806971
     78.29806971
     78.29806971
     78.29806971
     78.29806971
     80.29400723
     80.33621674
     80.33621674
     80.59207428
     80.15491529
     82.07331830
     81.06198620
     81.08341018
     80.98913933
     81.90718048
     81.91101767
     81.86455691
     82.36839282
     82.36383808
     81.93655515
     81.45352117
     81.45352117
     81.44786878
     81.44786878
     81.63398393
     82.32746094
     82.40927333
     82.50830469
     82.86284919
     82.76071802
     82.57577612
     82.34773216
     82.34773216
     82.34773216
     82.34773216
     82.12800154
     82.12694890
     82.15922491
     82.05099073
     82.17772818
     82.50522706
     82.38155215
     82.38155215
     82.82493627
     82.79576544
     82.79576544
     82.28693492
     82.67168196
     82.67168196
     82.88433637
     82.88433637
     82.88433637
     82.88433637
     82.85221300
     82.85221300
     82.85800921
