    934.81860788
    935.02035695
    934.51287507
    934.78915404
    935.00259362
    934.02766252
    934.29664426
    935.21962146
    935.10819550
    935.55059840
    935.28560726
    935.28560726
    935.28560726
    935.28560726
    935.28560726
    935.28560726
    935.65456718
    935.65456718
    935.65456718
    935.64472952
    935.82759123
    935.74917518
    935.74917518
    935.81588105
    935.86938686
    935.87260397
    935.80772918
    935.59967155
    935.41168474
    935.41168474
    935.59037164
    935.48919610
    935.36828847
    934.27806542
    934.73982529
    934.73982529
    934.73982529
    935.86948562
    935.51471063
    935.51471063
    934.81590985
    934.81590985
    934.77743877
    934.76683525
    934.76683525
    934.35667665
    934.35667665
    934.67540515
    934.67540515
    934.67540515
    934.72460497
    934.72460497
    934.77431967
    934.77431967
    934.77431967
    935.55676983
    935.41486539
    935.47633819
    935.47633819
    935.00125738
    935.27086184
    935.33454256
    935.33454256
    935.44250591
    935.49786096
    935.49786096
    935.79028832
    935.72073940
    935.72073940
    935.44313777
    935.44313777
    935.44313777
    935.44313777
    935.44313777
    935.68251493
    935.68251493
    935.73282960
    935.73282960
    935.58580645
    935.58580645
    934.98466561
    935.07946959
    935.07946959
    935.07946959
    935.07946959
    934.24993658
    934.24993658
    934.73157579
    935.28307039
    935.58580010
    935.69812061
    935.70956143
    935.36511209
    935.36511209
    934.92996700
    933.86488140
    934.58551969
    933.97954672
    933.97954672
    933.97954672
    935.72087821
    935.34423764
    935.34423764
    935.40460192
    935.36208964
    935.36208964
    935.40842225
    935.37898332
    935.60218020
    935.44109615
    935.59744008
    934.48973599
    934.79401761
    934.72667792
    934.54099625
    934.54099625
    935.39310445
    933.99035165
    933.84897029
    933.81351676
    935.56583348
    935.52363629
    935.04952497
    935.04952497
    935.10800915
    934.84073072
    934.84073072
    933.49506988
    933.49506988
    934.09990666
    933.71659789
    933.71659789
    933.71659789
    934.89929031
    934.85879051
    935.00848392
    935.25845573
    935.25845573
    935.60302109
    935.60302109
    935.84560929
    935.80316116
    931.78117847
    931.78117847
    931.78117847
    931.78117847
    931.78117847
    932.26421507
    932.26421507
    932.26421507
    935.16946094
    935.16946094
    935.19864603
    935.19864603
    935.47593125
    935.63901098
    935.73181985
    935.85308649
    934.99997669
    935.10011448
    934.98153752
    935.03461595
    934.84679553
    934.74837962
    934.74837962
    935.14019703
    935.00352280
    935.00352280
    935.00352280
    935.00352280
    935.00352280
    935.00352280
    935.00352280
    935.04143677
    935.04143677
    935.09726232
    935.82724202
    935.67938653
    935.67938653
    935.67938653
    935.58973592
    935.58973592
    935.58973592
    933.97863452
    933.97863452
    933.97863452
    933.24950711
    933.78189971
    933.78189971
    933.78189971
    933.67428045
    933.30953441
    933.54826469
    933.58668681
    933.58668681
    933.80224136
    933.80224136
    933.80224136
    933.80224136
    931.89483005
    935.11249870
    933.97676261
    933.97676261
    933.97676261
    933.97676261
    933.97676261
    933.97676261
    933.97676261
    935.11819320
    935.11819320
    935.11819320
    934.89135519
    934.89135519
    934.83006452
    934.84817927
    935.79884824
    935.82920552
    935.62514026
    935.71503626
    935.82339370
    935.82339370
    935.83069432
    935.83069432
    935.21886178
    935.21886178
    935.21886178
    934.19879084
    934.19879084
    934.19879084
    934.90575303
    934.75402240
    934.75402240
    934.35710401
    934.60432360
    934.60432360
    934.87870259
    935.07070307
    935.07070307
    935.07070307
    935.25524712
    934.71427094
    934.71427094
    935.37552155
    935.37552155
    935.37552155
    934.26018871
    932.47780153
    932.78935131
    932.78935131
    932.99685523
    934.09042971
    934.09042971
    934.09042971
    934.72035170
    934.72035170
    935.61533441
    935.43520593
    935.08718144
    935.08718144
    935.80766810
    935.73412078
    935.72102570
    934.54641809
    935.54492297
    935.85432165
    935.49761919
    935.49761919
    935.49761919
    935.20707475
    935.25003102
    935.25003102
    934.56766149
    934.56766149
    934.56766149
    934.56766149
    934.56766149
    934.56766149
    935.36985619
    935.20880390
    932.53247543
    934.61744852
    934.61744852
    933.82535648
    933.82535648
    934.76680373
    935.64687495
    935.61030702
    934.95220315
    935.21298954
    934.83075769
    934.83075769
    932.62666040
    931.64321678
    933.90687626
    935.74541273
    934.82696089
    934.82696089
    935.26432996
    935.26432996
    935.26432996
    935.36315701
    935.36315701
    935.39599269
    935.59817749
    935.59817749
    935.54105591
    935.11328084
    934.10106167
    934.80426923
    934.80426923
    934.00478517
    934.43314305
    935.86549037
    935.87271465
    935.70672407
    935.43918738
    935.82841986
    935.82841986
    935.81998849
    935.80194022
    935.84009186
    935.82037989
    935.82037989
    935.53194699
    935.44705746
    935.62142398
    935.62596665
    935.72824574
    935.72824574
    935.75070852
    935.74060807
    935.78149625
    935.47865873
    935.47865873
    935.47865873
    934.90060188
    935.17829823
    935.19813597
    935.63997346
    935.08448389
    935.08816025
    935.08816025
    935.08816025
    935.08816025
    935.18028497
    935.18028497
    935.13441343
    935.41133987
    935.52634884
    935.52634884
    933.40137903
    933.28513572
    934.37034668
    933.92621246
    933.92621246
    933.92621246
    935.15289257
    934.48007034
    934.19090591
    935.24984102
    934.02925638
    933.98235520
    933.47294559
    933.47294559
    933.67547718
    933.67547718
    934.99167660
    935.12030222
    935.42316143
    935.23900681
    935.60047843
    935.79769966
    935.79769966
    935.61385787
    935.64433319
    935.35656545
    935.48212021
    935.07626879
    934.70973423
    933.81987418
    933.54517580
    933.32282823
    932.13010493
    929.71048506
    929.71048506
    929.71048506
    930.93700749
    933.67767348
    933.03094350
    934.13897851
    934.60834345
    934.60834345
    934.60834345
    935.31013367
    935.31013367
    935.58884868
    935.58884868
    935.69818189
    935.72978015
    935.78019017
    934.30917652
    934.30917652
    935.28897394
    935.07159606
    935.07159606
    935.05121423
    935.18471373
    934.97098429
    935.35812603
    935.16860522
    935.50723980
    935.47527541
    935.60604816
    935.35561227
    935.23595064
    934.99174873
    935.24219793
    935.63092204
    935.83072502
    935.83072502
    935.79559369
    935.79559369
    935.79559369
    935.79559369
    935.75422950
    935.67263997
    935.75573229
    935.75573229
    935.18757712
    935.18757712
    935.42637983
    935.23622039
    935.83550089
    935.83283831
    935.68441810
    935.75170340
    935.25307426
    935.51439299
    934.72991058
    934.82388740
    935.20452306
    935.49582525
    935.49582525
    935.37006505
    935.40206335
    935.47143352
    935.18365375
    935.36448587
    935.36448587
    935.37898832
    935.69565593
    935.69565593
    935.76218128
    935.66351791
    935.44461285
    935.44461285
    935.76038510
    935.79872214
    935.57797257
    935.59234436
    934.44844823
    934.44844823
    934.44844823
    935.03352564
    935.05168941
    935.05168941
    935.05168941
    935.26305979
    934.98125412
    934.17424849
    934.17424849
    934.26192411
    934.26606234
    934.28681086
    934.28681086
    934.28681086
    934.28681086
    934.58838585
    934.58838585
    935.68429526
    935.33323065
    935.81960673
    935.77068026
    935.67403854
    935.66639017
    934.99517929
    934.37746949
    934.94165202
    934.94165202
    935.44213674
    935.15280073
    935.15280073
    935.46858257
    933.53968728
    933.53968728
    933.53968728
    934.64535090
    934.67836566
    934.67836566
    935.04292570
    933.33434488
    933.33434488
    933.33434488
    933.66858139
    935.12186186
    935.48674831
    933.93225970
    933.59672572
    933.63868347
    933.63868347
    934.01303442
    933.68523560
    934.19853901
    934.12376932
    934.15314804
    934.32367067
    934.80089101
    935.60743029
    935.09307494
    935.73752594
    935.87295242
    935.84043812
    935.60814948
    935.72802979
    935.72392925
    935.50884760
    935.50884760
    935.65328942
    935.57660009
    935.33558274
    935.37553139
    935.29000172
    935.29000172
    935.63991029
    935.64147850
    935.64147850
    935.30402596
    935.78350034
    935.04474727
    935.36873960
    935.36863856
    935.75027117
    935.61064091
    935.61064091
    935.55518893
    935.86947516
    935.84064808
    935.80736969
    935.75649163
    935.63089027
    935.71920955
    935.71920955
    935.70308883
    935.86348570
    935.72076724
    935.84232618
    935.77292923
    935.83259975
    935.77289685
    935.70527414
    935.67502877
    935.67502877
    935.30556349
    935.63072213
    935.46961626
    935.68839568
    935.78472246
    935.78472246
    935.78472246
    935.78472246
    935.83213954
    935.87720540
    935.78816564
    935.80646528
    935.78485678
    935.28641326
    935.63116284
    935.83781861
    934.42870325
    934.36806946
    934.36806946
    934.36806946
    934.36806946
    933.38694693
    934.14350905
    934.25797536
    934.28943678
    934.28943678
    934.28943678
    934.28943678
    934.29905052
    933.46450935
    934.37866294
    933.59123315
    933.59123315
    933.59123315
    931.53382481
    931.53382481
    931.53382481
    931.53382481
    935.11575546
    935.15328372
    935.47553355
    935.40361467
    935.74838155
    935.65837349
    935.65837349
    935.63083173
    935.62576100
    935.69233749
    935.50103006
    935.42468218
    935.35929293
    935.38099838
    935.38099838
    935.38099838
    935.37373995
    935.49361475
    934.62945524
    934.07681675
    934.89719893
    934.80237906
    934.23928320
    930.92939345
    930.00759823
    930.00759823
    932.85542488
    932.85542488
    932.85542488
    933.24107767
    933.53213603
    933.53213603
    933.53213603
    933.53213603
    933.65078308
    933.65078308
    933.65078308
    931.24303537
    934.91457352
    934.82923883
    934.82923883
    935.18708443
    935.44165216
    935.86231749
    935.86526417
    935.74558168
    935.50186581
    934.19314846
    935.68194021
    935.83330832
    935.70503005
    935.77574678
    935.84539758
    935.85497024
    935.72168481
    935.66257928
    935.83256284
    935.60167383
    935.54139805
    935.47807183
    935.59219855
    935.56129828
    935.68440164
    935.50865214
    935.50865214
    935.48468740
    935.48468740
    935.29678393
    935.15574665
    934.74093643
    934.83703697
    934.56570873
    934.56570873
    934.84089353
    934.77777907
    935.70937556
    935.80873215
    935.84755246
    935.80822688
    935.73955368
    935.65017990
    935.04869005
    934.93584955
    933.62926492
    933.00555301
    932.92599415
    934.94662901
    934.78156976
    935.06539132
    935.73635847
    935.72438323
    935.77241495
    935.60416709
    935.86687818
    935.86911751
    935.83831167
    935.84180949
    935.81899460
    935.81899460
    935.02281319
    935.87505954
    935.87505954
    935.85817605
    935.86099658
    935.65848120
    935.65848120
    935.34359563
    935.33920014
    935.56837655
    935.32147272
    934.83997342
    935.07477487
    935.07477487
    935.07477487
    935.50139634
    935.50139634
    935.50139634
    934.37185438
    934.37185438
    934.48388801
    933.74797410
    933.74797410
    932.41814183
    933.69535308
    933.69535308
    933.69535308
    933.69535308
    935.53290040
    935.53290040
    935.68477126
    935.77799568
    935.77799568
    935.85058130
    935.84976657
    935.63328030
    934.84544588
    934.97529696
    935.00977625
    934.82232968
    935.55585649
    935.55585649
    935.55585649
    935.39448214
    935.05342683
    935.23261800
    935.23261800
    933.53651066
    934.34683633
    934.34683633
    934.34683633
    935.59005189
    935.55647888
    933.76641245
    933.76641245
    934.50261766
    934.17953657
    934.17953657
    934.05926644
    932.73826313
    932.73826313
    932.73826313
    932.73826313
    934.33407341
    934.92590933
    934.55093197
    934.55093197
    933.87381304
    933.87381304
    933.61274409
    934.16025727
    934.16025727
    934.16025727
    932.96307903
    932.80645927
    932.16530370
    932.16530370
    932.69975566
    934.74202993
    934.74202993
    934.74202993
    934.84804911
    935.48520316
    935.48520316
    935.59047103
    935.66391918
    935.79547812
    935.87029002
    935.52523548
    935.62976741
    935.37153612
    935.16635007
    935.06372460
    933.71531737
    935.52677739
    935.36685136
    935.36685136
    935.19030444
    935.04192207
    932.87783155
    932.87783155
    933.03058596
    932.59474693
    932.91085799
    932.91085799
    932.93552629
    932.93552629
    935.55217255
    935.53939176
    935.53939176
    935.53939176
    935.53583939
    935.19365311
    935.65173119
    935.62138063
    935.62138063
    935.62138063
    935.62138063
    935.62138063
    935.61330060
    935.82691755
    935.85742714
    935.60583098
    935.60583098
    935.56099002
    935.56099002
    935.34150047
    935.47472760
    935.47472760
    934.36759496
    934.19880616
    935.44128160
    935.44128160
    935.44128160
    934.73914699
    934.63286078
    935.58399098
    935.58399098
    935.40662470
    935.39616258
    934.87922992
    934.87922992
    934.91630242
    934.90989675
    935.00825596
    935.31977191
    935.25265306
    935.17235683
    935.19074792
    935.19074792
    935.19074792
    932.66516963
    934.55314100
    933.84401498
    934.30691974
    934.32348683
    933.81942184
    933.81942184
    935.29132693
    935.43028297
    934.78573729
    934.78573729
    935.64920735
    935.71417978
    935.74505928
    935.86008700
    935.86008700
    935.86008700
    935.82548278
    935.82548278
    935.79739008
    935.81034117
    935.81034117
    935.82452193
    935.83889375
    935.59637554
    935.56295625
    935.56295625
    935.61710962
    935.10148748
    934.64296338
    934.57017554
    934.72307802
    934.72307802
    935.53773049
    935.56432622
    935.66359663
    935.74225373
    935.77107873
    935.57748363
    935.04093231
    933.88245968
    935.72751840
    935.72751840
    935.49484978
    935.50509101
    935.50448764
    935.34097217
    935.34097217
    934.93620761
    934.89324435
    935.70206828
    935.80960894
    935.81541605
    935.82439158
    935.75604960
    935.66524374
    935.64187465
    935.81172811
    935.65509025
    935.69300354
    934.02861037
    934.02861037
    934.86053835
    934.89895236
    934.89895236
    934.89895236
    935.63494049
    935.13862958
    935.13862958
    934.28972085
    934.28972085
    934.28972085
    934.28972085
    934.28972085
    935.14861632
    934.96657516
    935.24524330
    935.14884542
    935.72344090
    934.65677701
    934.65677701
    933.05399084
    933.05399084
    933.05399084
    933.05399084
    933.05399084
    933.05399084
    933.05399084
    934.81147155
    934.96664001
    934.96664001
    935.52418463
    935.57140217
    935.27362615
    934.62327827
    935.20626633
    934.85270722
    934.03562588
    934.76076810
    934.28055160
    933.69357876
    934.99094505
    934.99094505
    934.73578080
    934.73578080
    931.71714946
    930.63585974
    928.58934259
    928.58934259
    928.58934259
    928.58934259
    928.58934259
    933.05748397
    933.05748397
    933.05748397
    933.04396529
    933.04396529
    933.04396529
    932.65359333
    932.65359333
    932.65359333
    932.65359333
    932.65359333
    932.65359333
    933.12851753
    933.12851753
    935.48401815
    935.48401815
    935.73007631
    934.88227054
    934.88227054
    935.43861082
    935.43861082
    935.43861082
    935.30594049
    935.75668048
    933.55493944
    933.52590853
    933.52590853
    932.58055687
    931.63754007
    933.55789518
    933.55789518
    933.55789518
    933.55789518
    933.55789518
    934.14793515
    934.14793515
    934.55298228
    934.55298228
    935.51444809
    935.55794757
    935.55794757
    935.58253180
    935.58253180
    935.56495799
    934.91123201
    934.58705509
    934.64686276
    934.64997473
    934.25031109
    933.93845098
    935.62643286
    935.38755304
    935.68092042
    935.70581321
    935.38627072
    935.55576243
    935.05575623
    934.86639295
    935.23262260
    935.87477525
    935.63990816
    935.42043509
    935.42043509
    935.84605265
    935.66156432
    935.66156432
    935.73880164
    935.69071588
    934.98244557
    934.42248773
    934.82757819
    933.76918656
    935.44558581
    935.44558581
    935.72377665
    935.72377665
    935.72252279
    935.77475185
    934.58458097
    933.03105043
    932.40204815
    932.40204815
    932.40204815
    933.32882638
    933.32882638
    933.32882638
    932.99397830
    932.99397830
    935.54476885
    935.45144902
    935.51500987
    935.51500987
    934.20885568
    932.95421214
    935.01091616
    935.27230650
    934.43679037
    933.90320113
    933.90320113
    934.97213467
    935.67780821
    935.68583387
    935.64163725
    935.64081317
    932.64589788
    934.86477662
    934.86477662
    934.87146324
    934.05958868
    933.87488504
    935.17573639
    935.45224629
    935.45224629
    934.25159335
    934.33935117
    934.33935117
    934.33935117
    934.48233545
    935.08902894
    933.99351863
    934.83223174
    934.83223174
    935.36360793
    935.36360793
    934.85908673
    935.50754251
    935.66432962
    935.66432962
    935.66432962
    935.66432962
    935.66432962
    935.04667331
    934.69870133
    935.83463460
    935.78938749
    935.78938749
    935.78938749
    935.43067492
    934.48367772
    933.89870482
    933.89870482
    933.83698613
    934.56619896
    934.56619896
    934.56619896
    934.75462505
    934.75462505
    934.59191414
    934.55164660
    933.66435688
    933.46592766
    933.87874957
    935.36665144
    935.54478456
    935.73409799
    935.73409799
    935.73409799
    935.65377942
    935.59859406
    934.31270808
    932.08682279
    934.99464377
    934.96172537
    935.26726610
    935.26726610
    935.77937907
    935.70002923
    935.74606925
    935.73106927
    935.74637789
    935.61855813
    935.61855813
    935.61855813
    935.55382420
    935.19061207
    935.50661901
    935.51413451
    935.50170228
    935.17594464
    934.83281055
    933.95847023
    933.95847023
    935.04948743
    935.04948743
    934.54617175
    935.39657947
    935.26092616
    935.26092616
    933.39514700
    934.49504238
    934.49504238
    934.49504238
    934.24846232
    934.57933641
    934.63416444
    934.63416444
    934.26880514
    934.70402897
    934.24825406
    935.60131799
    935.60131799
    935.80777132
    935.67276560
    935.46368604
    935.54918479
    935.01566518
    935.01566518
    935.01566518
    934.73784795
    934.73784795
    934.73784795
    934.73784795
    934.26494576
    935.08400294
    935.58126395
    935.36277263
    935.41709355
    934.97835789
    934.97835789
    935.35431938
    935.35431938
    935.13417703
    935.13417703
    935.13702116
    935.13702116
    934.60743386
    935.52266145
    935.45415071
    935.37347372
    935.37347372
    933.98874435
    934.03727919
    934.03727919
    933.78804251
    934.12029075
    934.12029075
    934.12029075
    932.29170645
    934.84687483
    934.80134194
    934.80134194
    934.80134194
    935.42656487
    934.91097810
    934.86242519
    935.82832390
    935.81508754
    935.77827467
    935.86795233
    935.58661549
    935.73890242
    935.73890242
    935.45668940
    935.45668940
    935.23937276
    934.72092420
    934.65025450
    935.13112656
    935.75637686
    934.90244436
    934.62461684
    934.93953723
    934.64879959
    934.64879959
    935.24998782
    935.63821951
    935.71270762
    935.65241787
    935.65241787
    935.65241787
    935.58923873
    935.36514961
    935.36249791
    935.41846992
    935.48753775
    935.50125647
    935.50125647
    935.41044744
    934.68702630
    935.62488641
    935.35056593
    934.78189477
    934.79007467
    934.55184353
    934.80936360
    935.08614990
    935.20714242
    934.85710560
    934.49479630
    935.44610695
    935.63370556
    935.59422037
    935.21523069
    935.54614613
    934.78252870
    935.27354117
    935.35871224
    935.35871224
    935.35611156
    935.40439167
    935.51884121
    935.51884121
    935.79123266
    935.72184475
    935.71864732
    935.73577344
    935.77421629
    935.53326006
    935.54456354
    935.54456354
    935.54456354
    935.80132247
    935.80132247
    935.78971345
    935.78971345
    935.55172147
    935.55172147
    935.56949551
    935.56949551
    935.56949551
    935.56949551
    935.55602966
    934.93415119
    934.93415119
    935.11344885
    934.74453010
    933.34376726
    931.72381171
    933.27967895
    933.81846812
    933.43463140
    933.68920526
    935.38131381
    935.39269287
    935.14016401
    935.17384374
    934.29010900
    934.70247950
    934.63444506
    934.63444506
    934.63444506
    934.66174898
    934.66174898
    934.91412516
    935.05313359
    934.50181148
    934.50181148
    935.19235699
    935.42222343
    935.46775608
    935.44372882
    933.73873131
    934.99500825
    933.89806886
    933.89806886
    930.71655938
    932.56176984
    930.02242151
    931.26699304
    932.49231294
    932.49231294
    932.49231294
    932.96857983
    933.24805919
    933.24805919
    933.24805919
    933.80840082
    933.80840082
    933.57544078
    933.34826487
    934.89623797
    933.53360397
    933.77767529
    930.62369971
    931.79941721
    931.79941721
    931.79941721
    931.79941721
    931.79941721
    930.82506116
    930.82506116
    930.82506116
    930.82506116
    930.82506116
    930.82506116
    930.82506116
    930.82506116
    930.82506116
    935.58108407
    935.54147745
    935.54147745
    935.72977910
    935.72977910
    935.76902464
    935.58361439
    935.69084035
    935.84528265
    935.82039383
    935.77630830
    934.92141221
    934.29203511
    934.29203511
    933.71135505
    933.71135505
    932.05906657
    932.05906657
    932.05906657
    933.42693449
    933.42693449
    934.21024788
    933.83737376
    935.82380635
    935.34339844
    934.87107832
    934.87107832
    935.39156440
    935.39156440
    935.45105088
    935.51257527
    935.53219245
    935.53219245
    935.59561507
    935.65821961
    935.76684389
    935.80463086
    935.76741069
    935.76039126
    935.76039126
    935.48075103
    935.64865771
    935.53991765
    935.31880649
    935.31880649
    935.66430779
    935.10176267
    935.17054184
    935.17054184
    934.96609958
    935.03306956
    935.23180028
    934.82268759
    935.42496230
    935.52749900
    934.89110781
    934.89110781
    934.01126790
    935.40678863
    935.40678863
    935.66124297
    935.33323958
    935.72041668
    935.72041668
    935.72041668
    935.54040967
    935.57586789
    935.84530721
    935.84530721
    935.84530721
    935.40738371
    935.12423939
    934.98185324
    934.98185324
    935.37058214
    935.48089899
    935.51478915
    935.51478915
    935.51478915
    935.61934853
    935.44135127
    935.44135127
    935.72587223
    934.37498563
    934.56212204
    933.63023573
    933.63023573
    933.63023573
    933.57361522
    934.04921953
    934.04921953
    934.04921953
    933.75186753
    933.35561006
    933.50553603
    934.80160945
    935.68776017
    935.80888768
    935.72052143
    935.22468308
    935.49089997
    935.42331738
    935.47376868
    935.47376868
    935.48345116
    935.48345116
    935.48345116
    935.61640488
    935.29211749
    935.29211749
    935.29211749
    934.33677883
    934.27255629
    933.64914148
    933.64914148
    932.97984364
    930.46941462
    930.46941462
    930.46941462
    933.85399066
    935.23007734
    935.23375957
    935.23375957
    935.74255072
    935.74255072
    935.59659909
    935.59659909
    935.31074380
    935.31074380
    935.31711963
    935.33665282
    935.83205935
    935.69898448
    935.06715242
    934.17182773
    933.95659058
    933.52887166
    933.94769202
    933.94769202
    934.13875640
    934.13875640
    934.05036581
    933.93958740
    934.24082434
    934.23994198
    934.48141624
    934.48141624
    934.48141624
    934.48141624
    934.90308286
    934.03208100
    934.13714898
    935.20033951
    935.20033951
    935.04545924
    934.96155351
    934.96192491
    934.65152257
    934.66014724
    935.20490585
    935.19153847
    935.19153847
    935.22435406
    935.22435406
    935.23186746
    935.54799173
    935.18842891
    935.18842891
    935.58256713
    935.31205431
    935.50931078
    934.20987002
    932.69189408
    935.07222208
    935.10896941
    935.27136100
    935.30775736
    934.99902933
    932.88066978
    933.68865249
    933.68865249
    933.68865249
    933.68865249
    935.25851062
    935.08034197
    935.08034197
    935.08034197
    934.35665498
    934.82411919
    934.82411919
    935.22649719
    935.40504268
    935.75083324
    935.75211135
    935.62090650
    935.62090650
    935.63095321
    935.39623410
    935.41225992
    934.04070569
    931.73692208
    933.75998468
    932.78515863
    932.78515863
    932.78515863
    932.78515863
    933.60815884
    935.82579203
    935.79039296
    934.94148465
    934.94148465
    935.18781171
    935.18781171
    935.22895922
    934.66599455
    934.01352634
    934.01352634
    934.18893921
    934.02787960
    934.02787960
    933.87411221
    933.87411221
    935.80080187
    935.80080187
    935.83947452
    935.83947452
    935.84332619
    935.81303553
    935.82537178
    935.82537178
    935.83330817
    935.55025825
    935.52499772
    935.71701490
    934.68679935
    934.26830551
    934.26830551
    934.31273493
    935.03833419
    933.41392650
    934.89457471
    934.89457471
    934.89457471
    934.73677112
    934.74686269
    934.51919558
    934.51919558
    934.51919558
    934.99331998
    935.32746477
    935.27261998
    935.18944297
    935.17341634
    935.61247683
    934.11473669
    934.11473669
    934.11473669
    934.35731174
    931.98038036
    933.67171477
    934.52098239
    934.52098239
    932.59967934
    933.11031398
    933.11031398
    933.11031398
    934.19171213
    933.83880370
    933.83880370
    932.52950538
    932.52950538
    934.38276194
    934.50294695
    934.50294695
    934.50294695
    934.44299899
    934.38449358
    934.38449358
    935.01562822
    935.01562822
    933.86461495
    934.24054248
    934.73970528
    933.82810726
    933.46184798
    933.46184798
    933.46184798
    933.46184798
    933.46184798
    933.46184798
    933.46184798
    933.46184798
    933.56291188
    933.56291188
    933.56291188
    935.01833950
    935.01833950
    935.01833950
    933.05023617
    933.46657297
    934.28972251
    934.20109020
    933.87711459
    934.57043034
    934.57043034
    934.57043034
    933.37414230
    935.33812774
    935.33812774
    935.49664021
    935.49664021
    935.39625175
    934.92905424
    934.92905424
    935.42886788
    934.61068654
    934.61068654
    935.22492029
    933.76308294
    934.00375873
    934.56795488
    934.00243219
    934.51482991
    934.49049405
    934.61063530
    935.29842768
    935.29842768
    935.29842768
    935.29842768
    935.29842768
    935.49038110
    935.31371001
    935.27967224
    934.85043147
    935.57056763
    935.59024296
    935.55813589
    935.49841305
    935.60990386
    935.52711871
    935.52711871
    935.52711871
    935.18902580
    934.50738997
    935.45634429
    935.45634429
    935.67564807
    935.67564807
    935.85104072
    935.85266395
    932.72142545
    932.72142545
    935.31642672
    935.04478152
    935.24269706
    935.23255435
    935.23255435
    935.00374271
    933.11171369
    935.14620735
    935.14620735
    935.14620735
    935.35978664
    935.27199082
    935.75933709
    935.57553458
    935.57553458
    935.73770622
    935.73770622
    935.71250670
    935.71250670
    935.71250670
    935.71250670
    935.71250670
    935.71250670
    935.71250670
    935.71988397
    935.71988397
    935.21087180
    935.63786547
    935.55078401
    935.48034951
    934.93313081
    934.93313081
    934.98269501
    935.10945703
    935.63127138
    934.66879617
    935.05436432
    935.27241459
    934.33077930
    934.33077930
    933.56118652
    933.69152537
    933.69152537
    933.69152537
    932.53677561
    932.53677561
    933.00796607
    933.74580265
    933.22803392
    934.83815944
    934.64515849
    933.17720615
    935.15457159
    935.10225609
    935.11296463
    935.66361561
    935.81432834
    935.50686107
    935.11326647
    935.11326647
    935.12092296
    935.84324904
    935.62059047
    935.58717264
    935.28338731
    935.28338731
    935.72199175
    935.49092188
    935.33454954
    935.33454954
    935.36927063
    935.34344757
    935.07075727
    935.07075727
    934.75691142
    934.75691142
    933.98796569
    933.98796569
    933.98796569
    933.98796569
    934.55255032
    934.55255032
    934.55255032
    934.55255032
    934.91380280
    934.91928257
    935.37065479
    935.12208553
    935.12208553
    935.33872665
    935.33872665
    935.04948010
    935.04004605
    935.76657793
    935.69513558
    934.86274405
    934.86274405
    934.63385851
    931.38555804
    931.38555804
    933.41374471
    933.41374471
    934.52020569
    934.52020569
    934.52020569
    934.72894601
    934.72894601
    934.63557686
    935.45785807
    935.45785807
    935.51451486
    935.56311987
    935.82229042
    935.86565365
    935.86565365
    935.65622419
    935.55169018
    935.55169018
    935.61835670
    935.59866417
    935.68054145
    935.68874990
    935.68874990
    935.68874990
    935.69209647
    935.69209647
    935.43271152
    935.24262246
    935.42143743
    935.42143743
    935.42143743
    935.42143743
    935.42143743
    935.69323904
    935.72518054
    935.76639317
    935.72522212
    935.71128039
    935.41088761
    935.62395193
    935.86567615
    935.68557431
    935.68557431
    935.19114434
    935.52692720
    934.64412240
    934.89478699
    935.47821559
    935.04309499
    935.04309499
    935.04309499
    935.04309499
    935.02606520
    935.44506958
    935.44506958
    935.33715578
    935.82944420
    935.71376225
    935.32525890
    934.87276863
    935.06640616
    932.93692003
    932.93692003
    932.10451666
    933.88398234
    933.41036371
    934.08114581
    935.61134521
    935.61134521
    933.87974324
    933.87974324
    934.45262873
    934.45262873
    934.45262873
    934.74021909
    934.74021909
    933.95625344
    933.95625344
    935.00264399
    935.38429314
    935.63472511
    935.52078931
    935.73408039
    934.74607376
    934.81552395
    934.51160713
    934.51160713
    934.99314161
    935.51230811
    935.70286145
    935.68365579
    935.55911748
    935.55911748
    935.28861403
    934.44808395
    934.63610513
    934.56708447
    934.56708447
    935.46771910
    935.46067553
    935.46067553
    935.46067553
    935.46067553
    935.46067553
    935.30992306
    935.30992306
    935.30992306
    935.30992306
    935.67580584
    934.87314554
    935.29688015
    935.29688015
    935.29688015
    935.29688015
    935.14977558
    935.19987978
    935.19987978
    935.25687192
    935.25687192
    935.25687192
    935.25687192
    934.11668184
    934.11668184
    934.11668184
    934.20691121
    934.43664222
    934.26947058
    934.26947058
    935.22514696
    935.40790303
    935.40790303
    935.28662372
    935.31599367
    935.37676471
    935.42564595
    935.46838084
    935.26145213
    935.29382608
    935.44233869
    935.44233869
    935.62596402
    934.89114702
    935.38677140
    935.54420474
    935.37915945
    935.28322807
    935.28322807
    935.39015394
    935.54809262
    935.57257178
    935.58322068
    935.58322068
    935.58322068
    935.69698813
    935.17902797
    935.49756905
    933.31309322
    933.31309322
    933.31309322
    933.31309322
    933.31309322
    932.52336956
    933.00056113
    931.75249020
    933.55103470
    933.64930965
    934.31377949
    934.34620766
    935.69757290
    935.69757290
    935.69757290
    935.78749928
    935.44079339
    935.48669642
    935.32901286
    935.67177339
    935.73669950
    935.62408203
    935.62408203
    935.62408203
    935.67499999
    935.81235032
    935.80986410
    935.79974774
    935.79974774
    935.65877050
    935.38296677
    935.66055773
    934.77224942
    935.57347628
    935.12956905
    935.37242442
    935.37242442
    935.04685861
    935.04685861
    935.81159113
    934.15703804
    934.20582235
    935.87621693
    935.33754329
    935.39240239
    935.35046506
    934.38523636
    934.01869470
    934.00629160
    934.36434000
    934.36434000
    934.36434000
    934.08224634
    933.28979222
    933.70829585
    935.16691570
    934.47951597
    933.04030215
    930.65685498
    933.79309359
    933.79309359
    934.22452438
    934.68690974
    934.68690974
    934.40680732
    934.30886266
    934.30886266
    934.61581582
    934.61581582
    933.19639961
    933.19639961
    934.93991073
    934.81155148
    934.81155148
    934.81155148
    934.65576659
    934.65576659
    934.65576659
    934.36763584
    934.50122034
    934.50122034
    934.73742354
    934.73742354
    934.50717286
    932.57480079
    932.57480079
    932.57480079
    932.57480079
    932.74855424
    933.20040781
    933.20040781
    933.20040781
    935.56928697
    935.56928697
    935.83368854
    935.83368854
    935.67118172
    935.72088490
    935.72843524
    935.66602319
    935.23078218
    935.23078218
    934.84808120
    933.75803089
    933.75803089
    933.75803089
    933.75803089
    934.75342385
    933.84217394
    933.84217394
    933.84217394
    933.38618763
    933.38618763
    932.19070039
    932.19070039
    932.19070039
    932.19070039
    933.91295401
    934.29199536
    934.74903510
    935.00035945
    935.20318087
    935.19380437
    935.27245351
    935.30670568
    935.30670568
    935.72717462
    935.39979728
    935.69639287
    935.31509996
    935.45469715
    935.02578157
    935.02578157
    934.69676199
    935.16868142
    934.96244784
    934.90374361
    935.07093523
    933.71417562
    933.71417562
    933.71417562
    931.37907759
    935.76292761
    935.73870175
    935.73957771
    934.95695907
    934.97034192
    935.24786553
    935.24786553
    935.71623230
    935.66440379
    935.41477070
    935.38670969
    935.11748246
    935.24810862
    935.08960214
    934.41229019
    933.70119142
    933.68079361
    933.81394480
    933.81394480
    933.81394480
    933.81394480
    933.81394480
    934.24858587
    934.24858587
    934.39040138
    934.39040138
    933.57106944
    932.61386821
    932.61386821
    933.47082309
    933.47082309
    935.37788491
    935.35812747
    934.74126581
    933.76736457
    933.76736457
    934.21802424
    934.66552544
    933.68515671
    934.65287833
    934.65287833
    934.76408872
    933.62594731
    934.79667211
    934.79667211
    935.00721838
    934.99700844
    934.99700844
    934.99700844
    934.98473765
    935.62981472
    935.75752190
    935.75752190
    934.49639930
    934.44552126
    934.44552126
    934.41783236
    934.97016488
    934.97016488
    934.54252571
    934.02334366
    931.31195302
    934.16075640
    935.18210179
    935.18210179
    935.18210179
    935.29309919
    934.72866669
    934.72866669
    935.20918227
    935.15573857
    935.15573857
    935.15573857
    934.98226006
    931.38642483
    931.38642483
    931.99346724
    932.27663842
    932.27663842
    931.87884904
    931.87884904
    932.91368654
    933.30276800
    934.03389255
    934.01700047
    934.10980518
    934.10980518
    934.10980518
    933.58664384
    934.97493384
    935.71364577
    935.71364577
    935.28875417
    935.46176053
    935.39971714
    935.39971714
    935.39971714
    934.77776581
    935.10236461
    935.04040530
    935.36521325
    935.71630624
    935.71630624
    935.71630624
    935.18221139
    935.62423395
    935.62423395
    935.00086314
    935.17375245
    934.13261964
    935.42719647
    934.85684044
    934.85684044
    934.99449972
    935.43777250
    935.43777250
    935.48211110
    935.48211110
    935.53141258
    935.53141258
    935.70452529
    935.73509284
    935.73509284
    935.86243239
    935.30103727
    935.38918360
    935.75226949
    935.63614958
    935.74038285
    935.52769275
    935.52769275
    935.48251487
    935.47768863
    935.03901753
    935.29986928
    934.73536848
    934.73536848
    934.80548413
    934.05290502
    934.01776060
    933.25219806
    933.25219806
    933.94974978
    935.84919539
    935.87330766
    935.87320012
    935.79287487
    935.80141784
    935.83103657
    935.48573747
    935.03731247
    935.03731247
    935.03731247
    935.08658645
    935.08658645
    935.08658645
    935.08658645
    935.08658645
    935.08658645
    935.45513136
    935.52849667
    935.59159063
    935.42609951
    935.20612586
    934.81674257
    934.71308923
    934.40463108
    934.22377673
    934.22377673
    934.22377673
    935.05134572
    935.05134572
    935.02110943
    935.02110943
    934.90581674
    935.32280472
    935.32280472
    935.73657349
    935.80797225
    935.80797225
    935.70873482
    935.54934725
    935.20617969
    934.09002031
    934.09002031
    934.20805138
    934.40134403
    932.82565764
    932.91972379
    932.91972379
    933.71018838
    933.71018838
    933.71018838
    934.31102501
    935.52903437
    934.47304956
    935.25985994
    934.50553726
    933.71665253
    932.98278770
    934.29855287
    934.29855287
    934.29855287
    934.29855287
    934.29855287
    933.82628374
    933.82628374
    933.82628374
    934.08281666
    934.08281666
    930.95041918
    930.95041918
    930.95041918
    930.95041918
    930.95041918
    932.68828368
    934.54308518
    935.66336404
    934.65451713
    934.65451713
    935.09898860
    935.09898860
    935.09898860
    933.76113868
    932.62725100
    934.89880526
    934.89880526
    934.89880526
    935.59542609
    935.59542609
    935.59542609
    935.04434804
    933.55008440
    933.31558582
    933.31558582
    933.31558582
    933.31555017
    933.31555017
    933.31555017
    933.31555017
    933.31555017
    933.31555017
    933.31555017
    934.04345742
    934.43028194
    934.43028194
    934.74712699
    934.74712699
    934.83385955
    934.83385955
    935.73457775
    935.74882574
    935.55825352
    935.16210108
    935.17189532
    935.16731634
    935.16731634
    935.42714827
    934.96823986
    934.80271341
    934.97159870
    934.49663032
    934.65090805
    934.65090805
    934.65090805
    934.65090805
    934.81470589
    934.04650077
    934.95573032
    934.72092151
    933.41765307
    933.41765307
    933.41765307
    933.41765307
    932.87561729
    933.39423445
    933.38524389
    933.38524389
    932.79552751
    931.06302742
    931.06302742
    930.86093668
    930.86093668
    930.86093668
    930.86093668
    930.86093668
    930.86093668
    931.65378577
    931.65378577
    931.88020361
    931.88020361
    930.55776094
    930.55776094
    933.33826600
    933.33826600
    933.33826600
    933.33826600
    935.59690906
    934.58517414
    933.61239053
    933.88252181
    935.55386978
    935.60612142
    935.60612142
    935.28268794
    935.43604151
    935.46268552
    935.55369007
    935.55369007
    935.70504435
    935.69589807
    935.66945960
    935.73037839
    935.72739902
    935.41272675
    935.41272675
    935.40839786
    935.40839786
    935.48522544
    935.48522544
    935.33210544
    935.33210544
    935.41229911
    935.35530486
    933.22316681
    933.22316681
    935.03745781
    935.03745781
    933.97036049
    933.97036049
    932.37296287
    932.37296287
    932.37296287
    929.63729228
    933.75118832
    933.75118832
    934.20632662
    933.50480699
    933.01301905
    933.13869785
    933.67360842
    934.56473231
    933.54004164
    933.38739304
    932.63216743
    932.63216743
    934.75803814
    932.69489271
    932.69489271
    932.69489271
    935.32462517
    935.31254792
    935.07774416
    933.07632982
    933.07632982
    932.11125016
    932.11125016
    934.94718464
    934.94718464
    934.94718464
    935.68552951
    935.64908615
    934.55900756
    934.55900756
    934.55900756
    934.45515965
    933.36310515
    932.01940935
    931.85106141
    931.85106141
    931.85106141
    931.85106141
    931.85106141
    931.85106141
    931.85106141
    933.70386076
    932.30947702
    932.30947702
    932.30947702
    932.30947702
    934.16495214
    934.78971027
    934.64960248
    935.76050030
    935.76050030
    935.76050030
    935.77516893
    935.75101355
    935.75101355
    935.75379423
    935.75379423
    935.75379423
    935.01387645
    935.12477097
    935.12477097
    935.22251905
    935.18255550
    935.14876745
    935.14876745
    935.29760330
    935.36799462
    935.85719301
    935.85719301
    935.85719301
    935.75464756
    935.56493426
    935.56493426
    935.56493426
    934.62220698
    934.37415156
    935.04889786
    935.34130940
    935.34130940
    935.34130940
    935.74276121
    935.68789167
    935.58937522
    935.58937522
    935.05225944
    934.79130845
    934.72752017
    934.39843977
    934.29312569
    934.29312569
    934.61473239
    935.49664227
    935.49664227
    935.21707459
    935.53789806
    935.78146203
    935.78146203
    935.78146203
    934.97349820
    935.10054681
    935.12849163
    934.85187203
    933.86445391
    933.86445391
    934.11123812
    934.42139210
    934.81752147
    934.66818829
    934.81594007
    934.81594007
    934.73319524
    934.70150930
    934.52507240
    933.71220876
    933.71220876
    933.99255645
    934.90000815
    935.17696911
    935.17696911
    935.72752748
    935.65295685
    935.65295685
    935.47971127
    935.62620564
    935.64750217
    935.69907303
    935.28248934
    935.26134778
    935.12784091
    934.69900451
    934.80466085
    934.87841520
    935.08954765
    935.08954765
    935.51049198
    935.82414793
    935.80717338
    935.82722821
    935.82722821
    935.82722821
    935.79487259
    935.80734577
    935.83988090
    935.85043609
    935.85043609
    935.81371821
    935.81371821
    935.81371821
    935.81371821
    935.78845318
    935.78845318
    935.57461515
    935.85546480
    935.19464994
    934.34305320
    935.15463408
    933.90912373
    933.78381491
    933.78381491
    933.78381491
    933.78381491
    933.78381491
    933.78381491
    932.24338082
    931.06471833
    934.43842492
    934.66087974
    934.66087974
    935.69680788
    935.69680788
    935.69680788
    935.60250247
    935.60250247
    935.60250247
    935.05393715
    935.59296484
    934.58317583
    935.09538891
    935.32484105
    935.32484105
    935.52014903
    935.18676338
    935.18676338
    935.44057362
    935.13258682
    935.49699375
    935.33478814
    935.04925796
    934.41646658
    935.80999248
    935.86880663
    935.84033765
    935.82501599
    935.81190029
    935.81190029
    935.87700976
    935.82636987
    935.82636987
    935.66187564
    935.74703567
    935.77960283
    935.81456911
    935.71760990
    935.71760990
    935.54607096
    935.64778576
    934.96647631
    934.96647631
    934.96647631
    934.96647631
    934.96647631
    935.28677158
    933.14045432
    933.14045432
    932.33281079
    932.33281079
    935.87526732
    935.74274646
    934.63496888
    934.13457153
    934.13457153
    935.55980824
    935.83003859
    935.63634216
    935.58452965
    935.25619728
    935.05881511
    935.39345894
    935.46159153
    935.87238405
    935.75704037
    935.51631145
    935.73791400
    935.75510075
    935.69708536
    935.67060602
    935.67060602
    935.50049102
    935.19164694
    935.19164694
    935.19164694
    935.80921231
    935.86427526
    935.86427526
    935.77924002
    935.77924002
    935.04828182
    935.04828182
    935.04828182
    935.81312739
    935.86928510
    935.87223718
    935.86111199
    935.86111199
    935.56877328
    935.49414721
    935.49414721
    935.49414721
    935.85105925
    935.84437762
    935.83869604
    935.85780426
    935.85780426
    935.87149505
    935.85040643
    935.68991749
    935.40620433
    935.40620433
    935.87377718
    935.79919542
    935.64589342
    935.78956407
    935.36076697
    935.37895994
    935.45325230
    935.66881975
    935.62321446
    935.45962057
    935.23563971
    935.18826241
    934.82176606
    934.82435416
    934.82435416
    934.32677226
    934.32677226
    934.32677226
    935.00573890
    935.11586757
    935.11586757
    935.11586757
    935.18222562
    935.18623099
    935.51611932
    935.40386269
    935.40386269
    935.79953856
    935.79953856
    935.79953856
    935.64001018
    935.64001018
    935.01071276
    934.98210419
    934.98210419
    934.98210419
    934.67255658
    934.79375424
    933.56098387
    935.47624198
    935.48373541
    935.23696795
    935.85471053
    935.85120535
    935.85120535
    935.62390580
    935.45805103
    935.74720703
    935.26476038
    935.57970126
    934.95372612
    934.95372612
    933.92933503
    933.92933503
    933.36716814
    933.36716814
    934.85958899
    934.85958899
    934.85958899
    935.70948986
    935.71619582
    935.71075454
    935.58930848
    935.74677396
    935.81026078
    935.86108204
    935.63960435
    935.69295965
    934.95076459
    934.24531063
    934.24531063
    934.43877692
    935.00498688
    935.64557573
    935.57521865
    935.56733796
    935.56733796
    935.71018163
    935.71018163
    935.85780727
    935.59431804
    935.57519253
    935.43758240
    935.09322656
    935.15117022
    934.09365342
    934.72162878
    934.44937438
    934.60026598
    934.60026598
    934.60026598
    934.84484470
    935.25960314
    934.88608205
    934.97545100
    935.03164970
    934.35443733
    934.39251929
    935.87569314
    935.32686114
    935.63634091
    935.64243441
    935.70913774
    935.48845827
    935.06249573
    935.06249573
    935.64873977
    935.48445177
    935.49490720
    935.49490720
    935.49490720
    935.73598335
    935.77477115
    935.77477115
    935.86044239
    935.82318477
    935.81372157
    935.81372157
    935.73477883
    935.75696130
    934.89665131
    933.73565102
    934.72779188
    934.61411856
    934.97329864
    934.97329864
    934.53390074
    933.40113608
    933.40113608
    933.40113608
    933.40113608
    933.10745776
    935.13439646
    935.13439646
    935.13439646
    934.78867003
    933.56531326
    933.36150391
    933.36150391
    933.36150391
    932.83058688
    933.05662464
    932.93589966
    932.93589966
    932.26900761
    932.26900761
    932.26900761
    932.26900761
    933.88266486
    933.65615043
    933.65615043
    933.65615043
    933.24029748
    933.24029748
    933.24029748
    933.24029748
    933.24029748
    932.79142392
    933.66579963
    933.66579963
    933.52966932
    933.57951985
    934.75647776
    935.17118813
    935.30143727
    935.30143727
    935.67674704
    935.70211741
    935.57212925
    935.57212925
    935.27273027
    935.07564019
    935.49518541
    935.49518541
    935.49518541
    935.05580790
    935.66083450
    935.85810891
    935.85719020
    935.85719020
    935.85719020
    935.84152553
    935.76553782
    935.77452667
    935.41141334
    935.55399671
    934.69934256
    934.69934256
    934.69934256
    935.39056541
    935.28143697
    935.28143697
    934.77020979
    934.77020979
    934.77020979
    934.77020979
    934.38149786
    934.38149786
    934.32157308
    934.32157308
    933.72987807
    934.67924486
    935.22435216
    934.83119810
    934.83119810
    934.01074535
    933.94532579
    933.67631342
    933.51223190
    933.96987153
    933.96987153
    935.08525998
    935.04230629
    935.69277989
    935.46236664
    934.56588565
    934.56588565
    934.55161850
    934.29241434
    933.93965094
    934.65009237
    935.50627988
    935.24636477
    935.25189158
    935.44065430
    935.15861789
    935.72790890
    935.59092859
    935.53697941
    935.37804571
    935.64902183
    935.64902183
    935.64902183
    935.55039839
    935.69977704
    935.69977704
    935.69304777
    935.81009366
    935.79259806
    935.79259806
    935.79259806
    935.65979108
    935.58730612
    935.74442837
    935.83502530
    935.83014355
    934.79883295
    935.24891782
    935.20390826
    935.20390826
    935.40252964
    935.30092571
    934.51990956
    934.51990956
    933.40363285
    934.38761421
    934.38761421
    934.33649267
    933.97854489
    934.94785422
    935.09090461
    934.66064183
    934.07941677
    934.32531951
    934.68598470
    934.60800505
    934.37079410
    934.00545082
    933.28885516
    933.28885516
    935.16679615
    935.25254066
    935.54738081
    934.93627159
    935.27140368
    935.35811293
    935.35811293
    935.38302423
    935.38302423
    935.45503824
    935.84446830
    935.84446830
    935.86887408
    935.17227633
    935.21405209
    935.45061857
    935.45061857
    935.48424277
    935.48424277
    935.42309246
    935.45420050
    935.45420050
    935.18449558
    935.18449558
    935.64389306
    935.58049936
    935.58049936
    935.58049936
    934.82536632
    935.64511435
    935.64511435
    935.27802735
    935.15378377
    935.86174624
    935.22087419
    935.22087419
    935.22087419
    935.60150101
    935.73561235
    935.39194073
    934.42203206
    934.42203206
    934.42536752
    934.60925741
    934.60925741
    934.60925741
    934.60925741
    933.37741152
    933.40133266
    933.47401726
    934.44224974
    934.44224974
    934.30958518
    934.30958518
    934.90582148
    934.90582148
    934.36465042
    933.44458192
    933.44458192
    933.44458192
    933.44458192
    934.64017510
    935.45340895
    935.87120629
    935.87120629
    935.78734090
    935.74729902
    935.74729902
    935.72111975
    935.73590556
    935.83725702
    935.70707359
    935.70707359
    935.70707359
    935.35335654
    933.94801176
    933.94801176
    934.44776658
    933.24744062
    933.24744062
    933.50593010
    933.38903657
    933.48945160
    932.99013957
    932.99013957
    932.70687619
    932.68860802
    933.28642593
    934.02887147
    934.02887147
    934.42610129
    934.42610129
    934.46934806
    934.93175423
    935.43696305
    935.85919081
    935.53833838
    934.57284054
    934.87184955
    935.54034051
    935.65230471
    935.65230471
    935.81488344
    935.54428410
    935.70757230
    935.56402314
    935.80989901
    935.11894853
    934.26973507
    934.94225072
    935.35583430
    935.21177778
    935.26734282
    935.26734282
    935.36311647
    935.81807011
    935.86157338
    935.85768375
    935.85768375
    935.09053632
    935.41250872
    935.52132005
    935.53949972
    935.65345228
    935.66407879
    935.59948361
    935.40723278
    935.40723278
    934.43574092
    933.04934603
    933.04934603
    933.24015745
    934.74906533
    934.67271118
    934.62109081
    934.62109081
    934.62109081
    934.61774009
    933.07965048
    934.08805607
    934.26764842
    935.09942012
    934.64806803
    934.52232382
    934.52232382
    934.44682825
    933.94599033
    933.21313326
    933.21313326
    933.51272077
    935.25293689
    935.39404552
    935.16495878
    933.93575042
    933.93575042
    933.93575042
    933.93575042
    934.53880561
    934.53880561
    934.53880561
    934.36226685
    934.39838052
    934.39838052
    934.39838052
    935.43059570
    935.43059570
    935.53695280
    934.75380769
    934.90573801
    935.84110677
    935.70392686
    935.45511922
    935.85765787
    935.79279121
    935.54266625
    935.53174596
    934.52405432
    934.52405432
    933.90374984
    934.15563816
    934.67371942
    935.04290650
    935.49624713
    935.43475865
    933.92688538
    933.92688538
    935.73704135
    935.73704135
    935.66848056
    935.81136685
    935.83742985
    935.86410575
    935.68009390
    935.68037760
    935.46235793
    934.30493505
    933.87954946
    935.15239302
    935.71595923
    935.10293513
    935.78275647
    934.75725405
    933.87985226
    935.59991996
    935.10204053
    935.10204053
    934.83312551
    935.41498075
    935.46946003
    935.27516252
    934.18993955
    934.18993955
    934.24734855
    934.57118020
    935.22974628
    935.72332988
    935.75445548
    935.19730564
    934.94324688
    934.74296825
    934.74296825
    935.38365973
    935.45220158
    935.37028707
    935.44916679
    935.44916679
    935.21189103
    934.37102665
    935.19298351
    935.19298351
    934.82183021
    932.49630518
    932.82976593
    932.82976593
    934.64061093
    934.81160016
    933.03217173
    933.03217173
    933.03217173
    933.91869991
    932.57948630
    932.57948630
    934.69789613
    935.46584587
    935.41026812
    935.41026812
    935.00441717
    935.00441717
    934.06396376
    933.33697386
    934.98672110
    935.78253896
    935.78253896
    935.78253896
    935.78444552
    935.80221354
    935.80767842
    935.80767842
    935.50187342
    935.59927384
    935.57686131
    935.57686131
    935.51928097
    935.17592453
    935.17592453
    934.91012853
    934.95581427
    933.41869542
    933.41869542
    935.35531194
    935.45768397
    935.14033363
    935.67224208
    935.42407957
    935.39373687
    934.76699437
    934.81118745
    935.23907670
    930.60893568
    933.39665914
    933.91049889
    935.03941704
    934.82097597
    931.94994848
    931.94994848
    931.94994848
    930.89181597
    930.89181597
    932.89897494
    934.96124306
    934.54625837
    934.50277444
    934.47539344
    934.47539344
    934.47539344
    933.31240035
    933.31240035
    931.02897719
    931.75268727
    930.85372442
    929.36864895
    929.36864895
    933.68887340
    933.09317012
    933.66781467
    933.66781467
    932.71326091
    932.64834806
    934.00664534
    934.00664534
    935.35276754
    935.52227935
    935.52227935
    935.11540285
    935.00122843
    935.00122843
    935.00122843
    935.52683175
    935.09125785
    935.08593962
    935.03358589
    932.72145926
    932.72145926
    935.25465843
    935.52271801
    935.25932310
    934.98945960
    935.50722135
    935.17226985
    935.17226985
    935.17226985
    935.40522499
    935.40522499
    935.56559496
    934.95726445
    934.32135405
    934.26428133
    934.59529137
    933.97529027
    934.59291636
    934.66631670
    934.47725258
    934.15366399
    933.97561353
    934.34624811
    934.34624811
    933.91226297
    934.52392967
    934.52392967
    934.52392967
    934.48518029
    934.48518029
    934.48518029
    934.07517333
    934.32462027
    935.11516637
    934.84253788
    934.84253788
    934.22911784
    934.26196922
    935.21509470
    935.63599019
    935.56129742
    935.30283688
    934.00240195
    934.00240195
    933.36137651
    934.66492117
    935.09555464
    935.55139340
    935.55139340
    935.76112145
    935.76175813
    935.81702102
    935.77415744
    935.78979513
    934.97621053
    934.97621053
    935.27305130
    934.89636979
    934.77920245
    934.77920245
    935.38055140
    935.06154818
    935.23173365
    935.23173365
    935.52557477
    935.27201430
    934.36401598
    934.36401598
    934.35645706
    934.35645706
    933.01977057
    933.01977057
    933.12545880
    933.63672458
    934.66308339
    934.51101766
    934.51101766
    934.65458553
    934.58942352
    934.65260769
    933.91310953
    934.93631125
    934.69244782
    932.51402660
    932.83512509
    933.89164458
    933.63936292
    933.95556130
    933.78536719
    932.34079724
    932.34079724
    932.34079724
    934.51609654
    934.24216556
    934.08357947
    933.70131659
    933.70131659
    933.33282281
    933.33282281
    933.53494169
    933.96598925
    934.94702750
    935.45948399
    935.64548960
    935.42578639
    935.42578639
    934.74756759
    934.32322576
    934.41633062
    935.48717337
    935.48717337
    935.48717337
    935.22598685
    935.22598685
    934.04969462
    934.04969462
    934.04969462
    934.04969462
    934.66953792
    934.45465776
    934.99882987
    934.45740045
    934.45740045
    934.45740045
    934.45740045
    934.71686884
    934.71686884
    934.71686884
    934.71686884
    932.89332870
    932.89332870
    934.16283764
    934.16283764
    934.16283764
    935.80274263
    935.50060069
    935.49703428
    935.46438806
    935.42057136
    935.67536932
    935.80195145
    934.75598798
    935.01256109
    933.94664577
    933.94664577
    933.94664577
    933.94664577
    933.94664577
    935.61057772
    935.60220758
    934.92498227
    933.98800246
    934.01516074
    934.01516074
    934.01516074
    934.97387868
    934.32493131
    934.32493131
    935.41486878
    935.56070867
    934.36067989
    935.49600783
    935.49600783
    935.56093231
    935.56093231
    934.84185624
    935.83594088
    935.86750145
    935.85582269
    935.86407457
    935.56379273
    935.56379273
    935.86584231
    935.05573257
    935.41925315
    935.42687638
    935.58881005
    935.53462048
    935.53244327
    935.53244327
    935.53244327
    935.68454267
    935.68454267
    935.68454267
    935.86912836
    935.86518495
    935.75313249
    935.70423258
    935.77355657
    935.84059630
    935.84059630
    935.86524885
    935.55746755
    934.87537460
    935.56917630
    935.56917630
    935.68707710
    935.76527626
    935.80853419
    935.79355100
    935.80418208
    935.34072053
    935.84241870
    935.53020788
    934.78199857
    935.39274862
    935.67717636
    935.29297338
    935.11370282
    935.11370282
    935.66525116
    935.31050271
    935.30871373
    935.30871373
    935.09992343
    935.84781506
    935.73122102
    935.65411252
    935.40531243
    935.40531243
    935.41650124
    935.86442813
    935.85226132
    935.71046028
    935.62194209
    935.55253319
    935.52515178
    935.52495776
    934.86943920
    935.12182213
    935.27689503
    935.42620076
    935.70720392
    935.70720392
    935.71691940
    935.72015417
    935.78903182
    935.78941735
    935.53169536
    934.23993732
    934.23993732
    933.79361265
    934.96858488
    934.96858488
    935.76154481
    935.40801839
    935.40801839
    935.40801839
    934.79899713
    933.78129110
    935.11021864
    934.95269456
    934.54143528
    934.79395406
    934.79395406
    935.05049105
    935.50493429
    935.45973186
    935.69127453
    935.16943974
    934.81227382
    935.18247861
    935.18247861
    935.18247861
    935.18247861
    934.87951091
    935.42220007
    935.38428539
    935.38428539
    935.23783400
    935.31223740
    935.22594522
    935.80386813
    935.82411977
    935.85337430
    935.87422681
    935.87422681
    935.48868076
    935.48868076
    934.77013127
    933.80954135
    935.80372463
    935.79236610
    935.79236610
    935.58353455
    935.42259029
    935.20993757
    935.81044549
    935.81511325
    935.83505321
    935.82444427
    935.81834592
    935.81834592
    935.80278196
    935.80278196
    935.80278196
    935.78019683
    935.38987975
    935.63802158
    935.12124551
    935.12124551
    934.32588952
    932.39652800
    932.39652800
    935.01967979
    935.01967979
    933.68797417
    933.68797417
    935.25652134
    935.64815595
    934.12839746
    932.42294660
    933.34786724
    933.24028155
    932.27637496
    932.27637496
    932.27637496
    930.29940582
    928.88381001
    928.64695300
    928.64695300
    930.66152875
    929.19558012
    929.19558012
    929.19558012
    929.73515805
    929.73515805
    929.73515805
    931.10779115
    934.61073647
    935.77520758
    935.78674374
    935.09037210
    935.37598143
    935.50450425
    935.43643217
    935.43643217
    935.43643217
    935.43643217
    935.43643217
    935.52809128
    935.71811074
    934.77646004
    934.77646004
    934.93067224
    934.34116116
    934.34116116
    934.34116116
    934.34116116
    935.02434704
    934.35180795
    934.35180795
    934.35180795
    935.16357309
    934.81411612
    933.86497073
    934.24407774
    934.24407774
    934.71559987
    935.18812633
    935.26723318
    935.25067435
    935.25067435
    934.40843587
    934.71374911
    934.84325488
    934.29455047
    934.73665505
    934.31343006
    935.46986890
    935.19681465
    934.81939107
    934.81939107
    935.41508592
    935.41508592
    935.56848136
    935.56848136
    935.31992622
    934.76155430
    935.11495639
    935.11495639
    933.69261636
    934.48988053
    933.90410227
    933.90410227
    933.90410227
    933.90410227
    933.90410227
    934.12476171
    934.12476171
    934.12476171
    934.12476171
    934.10589633
    934.99003476
    935.16062701
    935.16062701
    933.74128521
    933.74128521
    932.08023957
    932.08023957
    932.08023957
    932.60743038
    933.72275387
    931.65692747
    931.65692747
    931.65692747
    930.66974469
    932.71459048
    932.73386256
    932.73386256
    933.38689751
    933.38689751
    933.38689751
    933.38689751
    931.40170588
    931.40170588
    931.40170588
    931.40170588
    933.32276469
    933.85859520
    932.13923716
    931.89556421
    931.89556421
    933.37629095
    933.01813917
    933.51879107
    933.90969969
    933.90969969
    932.10315100
    932.10315100
    932.10315100
    933.52730327
    933.45020209
    934.41896959
    934.79955213
    934.79955213
    935.24251005
    935.36697451
    935.49378407
    935.51618175
    935.35805365
    935.62017470
    935.33781272
    935.33781272
    935.34100010
    934.16380310
    933.84617885
    933.85109868
    933.79293157
    933.79293157
    934.70903223
    934.70903223
    934.70903223
    934.70903223
    934.70903223
    934.49361251
    934.29621021
    934.97198774
    935.04317491
    935.58109065
    935.09521933
    935.09521933
    935.14914064
    935.11814352
    934.01833742
    934.74885125
    935.06928126
    935.33239045
    935.50098047
    935.50098047
    935.29932138
    935.29932138
    935.50152422
    935.36974859
    935.53592425
    935.31696570
    935.54483929
    934.69920385
    935.06551414
    935.06551414
    935.29440335
    934.90318583
    934.47437852
    934.19074631
    933.81952821
    933.27824198
    933.67363592
    933.67363592
    931.79742151
    934.10304897
    934.01229946
    934.01229946
    934.01229946
    934.40270141
    934.43012534
    931.17832776
    931.17832776
    931.17832776
    931.17832776
    931.17832776
    933.02956613
    933.02956613
    933.02956613
    933.60283022
    933.60283022
    933.60283022
    935.71927065
    935.47644539
    935.47644539
    935.45889376
    935.19009122
    935.45276043
    935.46077701
    935.50891140
    935.86461299
    935.76190762
    935.68443096
    935.35458236
    935.51068833
    935.51068833
    935.50801045
    935.41593422
    935.36833337
    934.33386144
    934.40807911
    934.59060434
    935.47122736
    935.15478382
    935.14840559
    934.78847953
    931.86353164
    932.26766427
    932.26766427
    932.13747818
    932.13747818
    934.29469697
    935.62805061
    935.67508778
    935.67508778
    935.66126636
    935.66126636
    935.13935507
    935.23338812
    935.20979789
    934.42333284
    934.42333284
    934.42333284
    934.27737252
    935.42798018
    935.32633546
    935.32633546
    935.42749998
    935.68633663
    935.86876566
    935.55195977
    935.55195977
    935.46951649
    935.46951649
    935.46951649
    935.64953241
    935.64953241
    935.78031537
    935.84883714
    935.86899873
    935.86562636
    935.53904231
    935.04473406
    935.04473406
    935.32857107
    935.32857107
    935.27050267
    935.74643386
    935.09546735
    935.48716680
    935.31609028
    935.31609028
    933.75160365
    934.26530213
    934.42658141
    933.77300622
    933.77300622
    935.87663817
    935.75325841
    935.82242089
    935.74230723
    935.64771247
    935.61743827
    935.78834352
    934.74606688
    934.04659226
    934.04659226
    931.80998792
    931.80998792
    930.99171612
    932.94748943
    931.90803424
    933.88528883
    933.88528883
    933.88528883
    935.10312297
    935.46823319
    935.71303614
    935.67828740
    935.67920642
    935.73127568
    935.68156368
    931.39701806
    931.39701806
    934.35528808
    934.72075116
    934.72075116
    934.72075116
    934.72075116
    934.49367043
    932.16287632
    932.16287632
    932.44741789
    932.45761630
    932.45761630
    932.45761630
    934.42709211
    934.42709211
    934.42709211
    934.69287343
    933.89976192
    933.89976192
    934.76107608
    932.24899330
    933.81164027
    934.12019101
    934.95466598
    934.95466598
    935.36089528
    935.36865987
    935.52591981
    935.52677430
    935.18792384
    934.93300579
    935.56583352
    935.56583352
    935.86120245
    935.86304767
    935.86612833
    935.86612833
    935.86577626
    935.82225852
    934.98855364
    935.00350205
    934.81438123
    934.71890219
    934.61783415
    934.61783415
    934.61783415
    934.56034719
    934.55328753
    931.41369898
    933.74886062
    933.74886062
    933.74886062
    933.74886062
    932.69167303
    932.69167303
    933.27738011
    933.65846838
    933.65846838
    933.65846838
    933.65846838
    935.60663472
    935.68658942
    935.78903312
    935.77683199
    935.45649211
    935.45649211
    935.39096517
    935.39096517
    935.32305856
    935.48180432
    934.11117015
    934.20951201
    934.20951201
    934.20951201
    934.33525196
    934.33525196
    934.29248248
    934.29248248
    933.55290869
    934.40042090
    934.40042090
    934.26714068
    933.93553244
    933.93553244
    933.93553244
    934.63645412
    934.73506167
    935.75396342
    935.75396342
    935.75384688
    935.75384688
    935.32307230
    935.06036161
    935.06036161
    935.06036161
    934.77122791
    934.78875990
    935.57219863
    935.57219863
    932.63469852
    932.63469852
    932.63469852
    933.52699234
    932.13023938
    932.13023938
    932.13023938
    932.13023938
    932.13023938
    932.13023938
    932.13023938
    931.23229472
    931.23229472
    932.11736793
    929.52589091
    932.44093370
    933.60027468
    934.90126538
    934.90126538
    934.55216139
    934.55216139
    935.63454731
    935.63454731
    935.56167762
    935.81325569
    935.71967234
    935.72709441
    935.79802469
    935.87397514
    935.87397514
    935.87397514
    935.87407600
    935.87509381
    935.87329755
    935.87329755
    935.87381983
    934.90691538
    935.66077769
    935.66077769
    935.66131472
    935.66131472
    934.38942520
    934.38942520
    935.17267161
    935.60038140
    935.31985158
    935.56572817
    935.56572817
    935.55960647
    935.53399817
    934.21080102
    935.72447841
    935.68562447
    935.75220675
    935.78842284
    935.79970055
    935.80581506
    935.75551059
    935.75551059
    935.59464843
    935.59464843
    935.59464843
    935.51800348
    935.51800348
    935.09155242
    934.80358463
    934.02149891
    934.08365916
    934.70417839
    934.26025105
    934.16051458
    932.68394537
    934.08690568
    933.81374248
    934.52160463
    935.27100325
    935.49338372
    935.40367828
    933.88473089
    934.31907225
    934.11544033
    933.60446909
    932.75909303
    934.33391024
    934.33391024
    935.19240635
    935.54548880
    935.07006569
    935.07006569
    934.40489206
    934.78385973
    934.75931198
    933.46951906
    933.46951906
    933.83776073
    933.56165879
    933.56165879
    933.56165879
    932.59668734
    932.59668734
    935.13269730
    935.13269730
    935.13269730
    935.83533765
    935.67663041
    935.67663041
    935.60558166
    935.67571584
    934.98942668
    934.92833088
    935.31241003
    935.09332494
    935.09332494
    934.81627793
    934.20833624
    934.20833624
    934.20833624
    935.39712887
    935.39712887
    935.30657282
    935.30657282
    935.24952003
    935.31634142
    935.67018171
    935.67018171
    935.67018171
    935.71078189
    935.43650529
    935.43650529
    935.49560585
    935.49560585
    935.49560585
    934.94179042
    935.79754323
    935.82285389
    935.82285389
    935.39786068
    935.71674136
    935.63951233
    935.75276083
    935.78519098
    935.78900981
    935.78900981
    935.78900981
    935.75718001
    934.98387270
    935.21991957
    935.21991957
    935.21991957
    935.86135527
    935.61214843
    935.54968394
    935.43937372
    935.43937372
    935.51261519
    935.51261519
    935.51261519
    934.85441055
    934.85441055
    935.56888851
    934.67848105
    934.56854628
    934.56854628
    934.56854628
    934.56854628
    934.56854628
    934.28346199
    934.12299145
    935.15024143
    935.58791918
    935.51350877
    935.46447476
    935.46447476
    935.44748197
    935.44748197
    934.68412228
    934.73442254
    933.11950879
    934.98992100
    935.54185138
    935.44369213
    935.79219407
    935.64960949
    935.87639971
    935.87639971
    935.85141723
    935.76426619
    935.66029103
    935.73579895
    935.73579895
    935.73579895
    935.73579895
    935.78452300
    935.79374730
    935.65174006
    935.57368998
    934.35517244
    934.35517244
    935.24321189
    935.52029048
    935.67692539
    935.67692539
    935.11363925
    935.11363925
    935.11363925
    934.21745279
    934.23027051
    934.03532169
    934.03532169
    934.36145894
    934.29304527
    934.29304527
    934.71444878
    934.41786503
    934.32875807
    934.31500593
    934.31500593
    933.40923366
    932.21528628
    932.21528628
    929.04203122
    931.43545363
    931.43545363
    934.32300004
    934.32300004
    933.23973095
    933.86666071
    935.38574700
    935.32828483
    935.32828483
    935.25672543
    934.77734986
    934.77202624
    935.17348929
    935.09397243
    934.80993150
    935.32323502
    934.95297973
    935.06550359
    935.03361366
    934.73511674
    934.74570601
    932.82834478
    932.82834478
    932.82834478
    932.82834478
    932.45487880
    933.13332498
    933.84454166
    933.55325319
    935.19343614
    935.29432042
    935.29432042
    935.29432042
    935.29432042
    935.29432042
    935.73466847
    935.76169822
    935.76169822
    935.79681284
    935.86213156
    935.85033659
    934.51691120
    934.51691120
    933.81127640
    933.81127640
    934.01096545
    934.01096545
    934.01096545
    934.94311180
    934.67851713
    935.34488894
    934.88742446
    934.88427918
    934.28050551
    934.23972446
    934.23972446
    933.75267519
    934.09377073
    934.18792201
    934.77226458
    935.27717001
    935.27717001
    935.25712195
    935.07882690
    935.07882690
    935.16260848
    933.97205810
    933.97205810
    934.94713705
    935.02768950
    935.02768950
    935.21296194
    935.05038237
    933.07708974
    933.83052163
    933.83052163
    934.93061779
    934.93061779
    934.49071908
    934.88026422
    934.92506364
    935.45523159
    935.47570140
    935.49893438
    935.49893438
    935.38418007
    935.10805221
    935.10805221
    934.41598042
    935.23019824
    935.23019824
    935.18195223
    933.48704899
    933.48704899
    933.48704899
    933.48704899
    933.48704899
    935.83228041
    935.81496676
    935.58578555
    935.85499334
    935.86898419
    935.86898419
    935.19137591
    935.32087910
    935.41521070
    935.41521070
    935.41521070
    935.52329133
    935.21505127
    935.16975755
    934.60497303
    934.60497303
    934.60497303
    934.63728795
    935.14205156
    935.50607916
    935.84365641
    935.57837433
    933.99531424
    933.99531424
    933.99531424
    934.33948097
    934.33948097
    934.33948097
    934.61136489
    935.85376084
    935.87451199
    935.87451199
    931.44563794
    931.44563794
    932.77625159
    932.77625159
    934.13044778
    933.93680980
    935.15229387
    935.74415314
    935.74415314
    935.72364513
    935.72703502
    935.67501950
    935.65010984
    934.80632284
    934.80632284
    934.75456114
    935.11155081
    935.15001799
    934.61686225
    935.03062697
    934.55726834
    933.81764866
    933.74088265
    933.84482387
    933.84482387
    934.62505676
    934.89869269
    934.99495413
    934.99495413
    934.80026580
    934.80026580
    934.80026580
    933.83247751
    935.36972825
    934.78519728
    934.78519728
    934.96181105
    934.10228895
    935.44154507
    935.07431393
    935.67749128
    935.25396941
    934.67166298
    934.67166298
    934.47225222
    934.71893836
    935.11428391
    935.11428391
    935.11428391
    934.85198609
    935.52666356
    935.59538129
    935.78847865
    935.81187087
    935.66804904
    935.66804904
    935.60016296
    935.62170543
    935.69456859
    935.71313650
    935.54827452
    935.31088546
    935.36138519
    935.32414786
    935.04602384
    934.67517414
    934.26342225
    934.07589460
    934.07589460
    934.16014480
    934.95496260
    934.95496260
    935.49472603
    935.45283978
    935.11675165
    935.11675165
    934.63074423
    934.98928769
    935.02550776
    935.15772548
    935.73917912
    935.84786221
    935.84786221
    935.71250474
    935.68886090
    935.49745071
    935.49745071
    935.65740749
    935.02457672
    935.02457672
    935.02457672
    935.20825437
    935.14407849
    933.87050247
    933.87050247
    933.87050247
    934.31119606
    934.89766772
    934.85015206
    934.60332677
    934.73433100
    934.87176906
    934.59053957
    935.05461180
    934.75259726
    934.62991224
    934.86886887
    934.86886887
    934.04314502
    934.04314502
    932.55006486
    932.87974761
    932.87974761
    933.78604825
    933.87581071
    933.87581071
    933.49858920
    933.49858920
    933.49858920
    933.94750775
    934.11346478
    933.04250110
    933.04250110
    933.04250110
    932.70241647
    933.12776376
    933.26043517
    933.26043517
    933.40268915
    933.42925907
    932.21399528
    932.21399528
    932.21399528
    934.74987234
    934.74987234
    934.74987234
    934.35589034
    934.35589034
    934.50232427
    934.51165773
    934.16072966
    934.32053879
    934.32053879
    934.32053879
    934.70093549
    934.88377643
    935.38171147
    935.06725499
    934.88025088
    934.88025088
    935.67935996
    935.67935996
    935.67935996
    935.67935996
    935.75108726
    935.74229912
    935.76434352
    935.67714351
    935.83384540
    935.80264552
    935.71539549
    935.72384326
    935.72384326
    935.65345035
    935.87109279
    935.87109279
    935.43352988
    935.41489453
    935.82620550
    935.27562648
    935.22398429
    935.29552401
    934.60709252
    934.77786567
    934.32201669
    934.43128326
    934.77110416
    934.77110416
    935.27113019
    935.27113019
    935.06030409
    934.85411870
    934.94345678
    934.94345678
    934.71762861
    934.68923182
    935.60357557
    935.60357557
    935.60357557
    935.15143476
    935.22178607
    934.26947061
    934.26947061
    933.94661009
    933.94661009
    934.50395726
    934.36409322
    933.47918139
    932.62207093
    933.32530027
    934.46530958
    934.46530958
    934.46530958
    934.63369765
    934.77470034
    934.51962359
    934.51962359
    934.51962359
    934.78146567
    934.78146567
    934.78146567
    934.76275348
    934.49693821
    934.49693821
    934.80493887
    934.82112169
    934.45306185
    934.52756585
    934.21126247
    934.71842402
    934.40768329
    934.40768329
    934.16852647
    935.17944309
    935.74143270
    935.30230976
    935.27328832
    935.20669562
    935.20669562
    935.20669562
    935.62753367
    935.07084583
    934.62593593
    935.06560166
    935.50035802
    935.50035802
    935.40950936
    935.52511504
    935.56165049
    935.56165049
    935.87650436
    935.86620917
    935.86620917
    935.78988082
    935.46418955
    935.63810518
    935.64704105
    935.64704105
    935.64704105
    935.66866587
    935.72807337
    935.84996671
    935.86408184
    935.80359293
    935.77460194
    935.64622154
    935.64622154
    935.63111707
    935.58612645
    935.63573278
    935.63573278
    935.63603332
    934.99410823
    934.57644999
    934.84698779
    935.74335499
    935.74335499
    935.77445768
    935.78079152
    935.56252239
    935.56252239
    934.67753963
    934.67753963
    934.67753963
    933.99119728
    933.99119728
    935.76125946
    935.76125946
    935.38054650
    935.28868253
    935.36753748
    934.34527110
    934.28330544
    934.28330544
    934.28330544
    935.50008209
    935.40117915
    934.88475372
    935.71565405
    934.59098631
    932.83316018
    932.83316018
    932.83316018
    933.85169599
    933.85169599
    933.85169599
    933.85169599
    933.85169599
    933.40232811
    933.40232811
    934.66846994
    934.66846994
    934.66846994
    934.73692648
    934.73692648
    935.10100904
    934.64686886
    934.77607845
    933.85594701
    933.80913778
    933.68209175
    933.68209175
    933.59961548
    933.59961548
    933.59961548
    933.29780377
    933.29780377
    933.79231722
    932.02705423
    931.27831667
    933.79007753
    933.18796032
    933.18796032
    932.88545622
    932.88545622
    931.27463070
    931.27463070
    930.66748467
    928.43391895
    931.20381256
    931.20381256
    933.21363963
    933.69038322
    933.62898896
    933.40802904
    934.28270763
    934.55579950
    934.55579950
    934.55579950
    934.55579950
    935.62360925
    935.47273794
    934.96615292
    934.96615292
    934.96615292
    934.46136925
    934.46136925
    934.46136925
    935.65072735
    935.29561640
    935.72817006
    935.59090671
    935.59090671
    935.47335216
    935.49579922
    935.49531739
    935.76723437
    935.76127476
    935.76127476
    935.82194052
    935.65140010
    935.65140010
    935.65140010
    935.64689821
    935.72272160
    935.66636889
    935.70456334
    935.04090370
    935.23025511
    934.56286506
    933.92830384
    933.92830384
    933.92830384
    933.92830384
    934.28560355
    934.28560355
    934.32864997
    934.32864997
    934.69455838
    934.94914607
    934.94914607
    934.94914607
    934.94914607
    935.55758222
    935.55758222
    934.37238637
    934.37238637
    935.12412507
    934.89800606
    934.73911877
    934.73911877
    935.15701592
    935.34206527
    935.13765279
    935.13765279
    935.47222596
    935.53526912
    935.82938445
    935.48245986
    935.83951110
    935.69381551
    935.82246684
    935.82246684
    935.81352431
    935.10629021
    934.09039725
    934.09039725
    933.36099780
    934.97528391
    934.97353730
    934.96062281
    934.96062281
    934.43701789
    934.57607485
    935.18600684
    934.52871908
    934.52871908
    935.37321953
    935.37321953
    935.28781584
    935.13642820
    935.12924550
    934.92471805
    934.39831729
    934.08150995
    933.94200447
    932.42224437
    932.42224437
    932.42224437
    933.23224847
    933.23224847
    933.23224847
    933.23224847
    933.23224847
    935.12661470
    935.12661470
    934.06564943
    934.73541657
    935.03452319
    935.03452319
    934.39076502
    934.38346643
    934.36840764
    934.78098137
    935.68376661
    935.73597329
    935.76172809
    935.79391213
    935.74819429
    935.47134221
    933.56475778
    934.77641552
    934.77641552
    934.77641552
    934.77641552
    935.40517977
    935.31503478
    933.82698516
    931.56960824
    931.56960824
    931.56960824
    931.56960824
    931.56960824
    932.51000327
    932.39864284
    932.39864284
    931.64761992
    931.93559279
    931.93559279
    931.93559279
    931.80467791
    931.55717767
    931.55717767
    931.55717767
    931.55717767
    931.59744816
    931.59744816
    931.59744816
    932.33088989
    931.94520614
    931.94520614
    931.94520614
    932.51249133
    932.51249133
    934.84669788
    934.33547979
    935.05810193
    933.54961743
    934.48839703
    935.09394271
    935.05213392
    935.18803639
    935.24809262
    935.41424123
    935.44960994
    934.39918386
    934.27932706
    931.59077417
    931.94441619
    931.80659370
    934.26030322
    934.26030322
    934.26030322
    934.59557158
    934.59557158
    934.49841256
    934.19086295
    934.05057037
    934.05057037
    934.42949730
    935.29210999
    935.29210999
    935.29210999
    935.35170481
    935.35170481
    935.34175809
    935.08493984
    935.08493984
    935.51782205
    935.51782205
    935.47264650
    935.47264650
    934.34774227
    934.90190757
    934.73571308
    934.66554080
    934.66554080
    934.66554080
    934.90613233
    934.66894742
    934.66894742
    934.66894742
    934.66894742
    935.56579087
    935.56579087
    935.56579087
    935.53323976
    935.53323976
    935.51647465
    935.74884117
    935.82287381
    935.54064967
    934.92644944
    933.94368629
    933.94368629
    935.86488204
    935.70782225
    935.43197439
    935.45880947
    935.69706740
    935.49170700
    935.12536015
    935.69743362
    935.81741427
    935.78770795
    935.77598485
    935.67760361
    935.67760361
    935.76320003
    935.76320003
    935.76320003
    935.58868410
    935.25218620
    935.25626224
    935.84049490
    935.84049490
    935.79869105
    935.33858857
    935.33858857
    935.49656643
    935.62324062
    935.85778780
    935.85292973
    935.85292973
    935.68884713
    935.51799843
    935.46118094
    935.32000878
    935.33525827
    935.47214191
    935.56054391
    935.70333952
    935.63299980
    935.68523708
    935.68523708
    935.68523708
    935.35964137
    934.37201515
    934.37201515
    930.36441032
    930.36441032
    931.56477538
    931.56477538
    932.82596237
    934.33114036
    934.92374854
    935.29156636
    932.78290012
    934.31973610
    935.13356409
    934.70128079
    934.25615135
    935.20268160
    935.20268160
    935.30794176
    935.39812871
    935.25802879
    935.74102592
    935.74102592
    935.49447130
    935.85620666
    935.64605473
    935.65529708
    935.21938511
    935.71091245
    934.13667294
    933.64826883
    933.40950250
    935.05878366
    934.62134639
    933.89949172
    933.89949172
    933.89949172
    932.98003768
    935.73650134
    935.73650134
    935.10369879
    935.19401893
    935.13199493
    935.08808446
    935.27383352
    935.69511806
    935.41377073
    935.56976310
    935.71123131
    935.69146251
    935.48495905
    935.41373734
    935.38752934
    935.23414961
    934.91013020
    935.10423978
    934.93684609
    935.13445442
    935.13445442
    935.27958208
    935.23021284
    934.28910314
    935.27191881
    935.61672140
