     57.53544605
     59.36766766
     59.36766766
     59.35258788
     58.31334476
     58.87128833
     59.72769651
     59.72769651
     58.96626288
     58.96626288
     57.40539751
     58.16067729
     59.32392351
     59.95977922
     58.79711150
     59.15509675
     59.15509675
     59.65553335
     59.70833180
     59.70833180
     60.14923796
     58.83199032
     58.83199032
     57.19702586
     56.41733839
     55.95652385
     56.57096274
     56.57096274
     58.40928832
     59.11272740
     59.11272740
     57.56008809
     58.12901604
     59.73697362
     60.66063778
     60.66483031
     60.60930051
     60.60930051
     60.60930051
     60.81458831
     61.06402030
     61.11859657
     61.11859657
     61.38700683
     61.39655799
     61.32576190
     61.32576190
     61.32576190
     61.32576190
     61.37770063
     60.53162722
     60.53162722
     60.53162722
     59.98747806
     59.98747806
     61.01222544
     61.01222544
     61.01222544
     60.40820107
     60.45706989
     60.45706989
     60.49500868
     60.58981350
     60.77077474
     60.76496564
     60.83860146
     60.83860146
     60.58588125
     60.63123045
     60.63123045
     60.62457263
     60.81554787
     60.40462083
     60.40344846
     60.58075658
     60.50639809
     60.50639809
     60.35734218
     60.44099806
     60.72523618
     60.72523618
     60.60344169
     59.21927827
     59.21927827
     59.80972245
     60.58433302
     59.87442810
     60.39893170
     60.37183329
     60.22997540
     60.22839368
     58.95388959
     59.16808214
     59.16808214
     59.16808214
     59.16808214
     58.14248352
     58.14248352
     58.68485738
     57.44731746
     59.81756776
     60.17120720
     60.60024001
     60.60024001
     60.73159429
     60.34154490
     60.28952618
     60.28952618
     60.28825186
     60.28825186
     60.28825186
     60.27519464
     60.45473376
     60.45473376
     60.20912728
     59.57688637
     58.44822331
     58.18835556
     57.75460309
     59.86927161
     60.61035516
     61.35541511
     60.99734081
     60.99734081
     60.87900838
     60.93158435
     60.64322960
     61.22212393
     61.22212393
     61.22212393
     61.22212393
     60.91947129
     60.60929136
     60.36181643
     60.08560146
     60.35281055
     60.46579000
     60.27156782
     59.34973406
     59.44978790
     60.14927805
     60.28066575
     60.30419312
     60.04059123
     59.70470715
     59.93590951
     60.29983212
     60.41127083
     60.37109773
     60.37109773
     61.24750079
     61.26788811
     60.81282182
     60.81282182
     60.80136984
     60.39974125
     60.81409214
     61.07901086
     61.09617462
     60.94320428
     60.92808758
     60.93161994
     60.93161994
     60.93161994
     60.93161994
     60.92697940
     60.92697940
     60.00518489
     60.68024643
     60.68024643
     60.68024643
     60.68323368
     60.46156974
     60.46156974
     60.47963947
     60.01032605
     60.34212928
     60.49847891
     60.44435174
     60.81338697
     60.65149645
     60.65149645
     60.64721416
     60.64721416
     60.64721416
     60.64741953
     60.64741953
     60.90602978
     60.90602978
     60.81997008
     60.30785582
     60.39820034
     59.74569974
     59.74569974
     60.77330428
     60.87157860
     60.64014097
     60.88215833
     61.12380392
     61.12380392
     60.15317203
     60.15317203
     60.37465267
     60.08805539
     60.08805539
     59.88641538
     59.88641538
     59.95990735
     59.95990735
     57.68625355
     57.68625355
     57.68625355
     57.68625355
     58.67124447
     58.67124447
     58.67124447
     59.69246514
     59.29131956
     59.33070268
     59.16312828
     59.21389859
     59.21389859
     58.85284592
     60.57531016
     60.59075453
     61.20158690
     61.20158690
     61.12382570
     61.12646657
     61.06813689
     61.06813689
     60.94801966
     60.95426376
     60.79220955
     60.79220955
     60.79220955
     60.79220955
     60.79220955
     60.88303216
     60.85784230
     60.88724202
     60.86358434
     60.86358434
     60.74486864
     60.71319934
     60.83043671
     60.90133572
     60.90133572
     61.13220836
     61.02214778
     59.40923430
     59.53554026
     58.95815154
     58.33476923
     58.14933582
     57.36785861
     58.10837735
     58.37226079
     58.68946110
     58.76947792
     59.41471147
     59.80231059
     59.80767474
     60.11524799
     60.11611912
     60.16276001
     60.45987854
     60.45987854
     60.44808723
     60.46177384
     60.45071006
     60.18985841
     60.19973257
     60.24935634
     60.24935634
     60.24935634
     59.46379658
     60.28684785
     60.55448136
     60.90989966
     60.87335569
     60.72296084
     61.22714102
     61.17052498
     61.17052498
     61.17052498
     61.17052498
     61.18362316
     61.18362316
     61.35642825
     61.43367644
     61.43367644
     61.43367644
     61.43367644
     61.39931761
     61.38451111
     61.38451111
     61.15868385
     61.02902810
     61.03031276
     56.72165268
     56.72165268
     58.40395145
     58.40395145
     58.07458618
     58.46094692
     58.53761619
     59.35914987
     57.74186916
     57.74186916
     57.74186916
     59.79940284
     58.95343252
     59.98895820
     59.85927516
     59.87129465
     59.87129465
     60.49958667
     60.52569361
     60.56309502
     60.56309502
     60.63832572
     60.53160149
     60.51668612
     60.51668612
     60.57003315
     60.48571850
     59.99668491
     60.10175423
     59.16637786
     59.16637786
     59.17500164
     59.80019956
     58.35115207
     58.35115207
     59.26767624
     60.46690425
     60.49378324
     60.94424952
     60.42304559
     60.42304559
     60.36773952
     60.36425237
     60.93529135
     60.99152135
     60.97803201
     60.97803201
     60.97803201
     60.77372889
     60.77372889
     58.38893135
     58.38893135
     59.13467113
     59.06891106
     57.57195222
     57.57195222
     56.94110157
     57.66826767
     57.66826767
     58.15460713
     58.22111351
     58.22111351
     59.03717249
     59.03717249
     58.98911768
     58.80514810
     58.94930780
     58.80024941
     59.51549401
     59.74649681
     59.30690788
     59.74072677
     59.63157572
     59.78099189
     59.51099750
     58.63869033
     58.63869033
     58.63869033
     60.01425558
     59.73436240
     59.42169062
     59.68478403
     59.61005551
     59.61005551
     59.61005551
     59.69305870
     59.69305870
     59.22424769
     59.13488009
     60.15391554
     60.15391554
     59.93828638
     59.93828638
     59.52011876
     58.14962621
     58.14962621
     57.10001120
     57.65580678
     58.32209637
     57.28276941
     61.43692976
     61.43692976
     61.43692976
     61.43692976
     61.43123134
     61.43123134
     61.43123134
     61.43123134
     61.43123134
     61.54162464
     61.54162464
     61.54162464
     61.54162464
     61.54162464
     61.54162464
     61.54162464
     61.54162464
     61.54162464
     61.54162464
     61.54162464
     61.54162464
     61.54162464
     61.54162464
     61.54162464
     61.48292367
     61.48768560
     61.48768560
     61.48768560
     61.48768560
     61.48768560
     61.47332526
     61.47332526
     61.47332526
     61.47332526
     61.27555332
     61.16751140
     61.36290686
     61.38962057
     61.32506382
     61.16788057
     61.36189515
     61.41006936
     61.21750771
     61.18381330
     61.14217649
     61.14028446
     61.31685663
     61.29395398
     61.29395398
     61.29395398
     58.19237246
     56.20191727
     56.20191727
     56.20191727
     56.20191727
     56.20191727
     56.20191727
     56.20191727
     56.20191727
     56.72487682
     57.54359549
     60.57462746
     60.57462746
     60.57462746
     60.57462746
     60.33529678
     60.33529678
     60.33529678
     60.34213558
     60.22611234
     60.37257973
     60.17759805
     60.17759805
     60.17759805
     60.11378936
     60.11378936
     60.36660851
     60.53767973
     60.53767973
     60.53767973
     60.54028601
     61.35245023
     61.35245023
     61.22355004
     61.22355004
     61.22355004
     61.22014278
     61.29692813
     61.29692813
     61.29692813
     61.29171431
     61.22838720
     61.22338073
     61.15234685
     61.15234685
     61.15234685
     61.15564457
     61.06576196
     61.12628741
     61.12188543
     57.40616771
     55.87468588
     57.44781941
     59.47277972
     59.47277972
     59.84440636
     59.72496224
     59.56367023
     60.21160295
     60.21831819
     59.53176550
     59.63815523
     59.92438367
     60.22123739
     60.22123739
     60.26427081
     60.19201063
     60.40434083
     60.92115342
     61.06062017
     61.06062017
     61.26653250
     61.26653250
     61.26653250
     61.19543033
     61.19543033
     61.18470218
     61.16483649
     61.17305732
     61.17305732
     61.41283170
     61.23035166
     61.26091569
     61.26091569
     61.22122216
     61.16172844
     61.17628774
     61.17628774
     61.17628774
     61.15971070
     61.15971070
     61.15971070
     61.15610184
     61.15610184
     61.05148242
     60.55793763
     60.55793763
     60.64552731
     60.58388939
     60.21622898
     59.89504644
     59.89343650
     59.90406363
     59.90406363
     59.90093615
     59.97751949
     60.04736718
     60.04736718
     60.49192238
     60.70308248
     59.57704483
     59.57704483
     60.45373846
     60.45373846
     60.45373846
     60.45373846
     60.00133198
     60.00133198
     60.00133198
     60.23572578
     60.23572578
     59.39126717
     59.75237799
     60.36427688
     60.51290615
     60.71774930
     59.60312474
     58.74937483
     58.74937483
     58.74937483
     60.31963284
     60.31963284
     59.89787854
     60.00120777
     59.72523684
     60.68941502
     61.00192306
     61.01094909
     58.90459169
     58.90459169
     59.00072718
     59.16027080
     59.68046048
     60.12463524
     60.19682629
     60.16881412
     60.16881412
     60.16825646
     60.11051898
     60.28807702
     59.99644947
     60.38432057
     60.79794713
     60.96228564
     61.50320170
     61.50320170
     61.50320170
     61.47626691
     60.71777175
     60.59302910
     60.59302910
     60.59302910
     60.90469302
     60.91802627
     60.91802627
     60.91882877
     60.64528374
     60.64528374
     60.65069462
     60.65069462
     60.51819759
     60.66511452
     60.90526269
     61.09652107
     61.02346869
     60.96701167
     61.00517058
     61.29229625
     60.47605057
     60.59145578
     60.81938521
     60.81938521
     60.50912593
     60.50912593
     60.50912593
     60.06747955
     60.06747955
     60.06747955
     60.22771903
     58.96611066
     58.96611066
     59.43354486
     60.76791725
     60.56915986
     60.48506433
     60.63691114
     60.57085663
     60.60560895
     59.98915619
     60.42396509
     60.00045351
     60.22367985
     61.17222834
     61.17222834
     60.81100824
     60.81100824
     61.07146285
     61.26327430
     61.03571915
     61.12018615
     61.12018615
     61.12018615
     61.12018615
     61.12018615
     61.12018615
     60.66395374
     60.66395374
     60.98142631
     61.05780460
     61.07704071
     61.07704071
     61.07443976
     61.07443976
     61.07443976
     61.07443976
     60.85115194
     60.06929206
     60.85538785
     60.85538785
     61.15378972
     61.09680897
     61.13854425
     61.13854425
     61.17292582
     60.64321626
     60.41423090
     60.41423090
     60.57700928
     60.57700928
     60.57700928
     60.57700928
     60.48553443
     61.04662877
     61.30528962
     61.27685732
     61.28018453
     61.25422057
     61.20675786
     61.01820288
     61.06470789
     60.92673346
     60.92673346
     60.77465167
     60.77152795
     60.66904758
     60.66904758
     60.61323070
     60.42153623
     60.53951134
     60.53951134
     60.31047225
     60.44166103
     60.55893868
     60.19289571
     60.31433490
     60.33942895
     59.75616781
     59.51571390
     59.51571390
     59.51571390
     59.76436560
     60.34170498
     60.16601672
     59.66832632
     59.66832632
     59.66832632
     59.57216065
     60.28385317
     60.77484453
     60.84075900
     60.82494008
     60.82494008
     60.82494008
     60.81089180
     60.79895437
     60.79895437
     60.76572561
     60.76572561
     60.83879616
     60.84464855
     60.84464855
     60.82738885
     60.60333896
     59.57260339
     60.71046744
     60.72690898
     60.32094361
     60.30206334
     60.02160853
     59.81143238
     59.75243754
     60.01532696
     60.01532696
     60.41689610
     60.07290962
     60.58019305
     60.42519343
     60.74986747
     60.62774262
     60.66943158
     60.66034468
     60.24381142
     60.77367478
     60.77367478
     60.77294897
     60.37802552
     60.37802552
     59.48112707
     59.37338517
     59.18961337
     59.18961337
     59.53556586
     59.53556586
     57.93668832
     59.85639288
     59.16132744
     59.16132744
     59.37832920
     59.37832920
     59.37832920
     60.29933748
     60.29933748
     59.21857488
     58.89880268
     58.67616533
     58.67616533
     59.55654157
     59.16841187
     59.94108658
     60.58802730
     60.58802730
     60.62644034
     60.39989433
     60.39989433
     60.44283053
     60.79670791
     60.91901032
     61.01498870
     61.07632252
     61.04866385
     60.19241854
     60.19241854
     60.22294244
     60.22294244
     60.22294244
     59.19486769
     59.02139787
     59.02139787
     60.11554582
     59.83831610
     59.83831610
     59.88489168
     59.88489168
     59.45638353
     59.90882828
     59.90882828
     60.21133026
     59.44312605
     59.44312605
     59.44312605
     59.44894329
     59.44894329
     59.45801846
     59.30288574
     58.54053562
     55.20242460
     59.28807440
     59.28807440
     59.17203127
     59.17203127
     60.07515366
     60.07515366
     60.30866100
     60.30866100
     60.42938763
     60.42938763
     59.94975148
     59.74479508
     59.81328132
     59.81328132
     59.93968703
     60.20078528
     60.37074635
     60.37074635
     59.14601934
     60.13525457
     58.92787324
     59.39425656
     59.39425656
     60.30364416
     60.64233147
     60.64233147
     60.61175435
     60.60489630
     61.01205938
     61.12073740
     61.12073740
     61.24441943
     61.24441943
     61.30373808
     61.30178047
     61.30178047
     61.30178047
     61.30178047
     61.38051055
     61.38051055
     61.38051055
     61.11703746
     60.24111779
     60.01813168
     60.01813168
     60.01813168
     58.11118073
     58.81469984
     59.12310380
     59.12310380
     59.64256820
     60.93314590
     60.90281639
     60.88533618
     60.84769432
     60.84769432
     60.98383073
     61.14417331
     61.33428117
     61.33428117
     61.33428117
     61.31207813
     61.31207813
     61.31207813
     61.31371672
     60.71118061
     60.76821728
     60.76821728
     60.74931515
     60.74931515
     60.47355954
     60.60786653
     60.26540079
     60.26540079
     58.74325830
     58.74325830
     58.74325830
     58.34059807
     59.05986931
     58.75907171
     59.40965712
     59.40965712
     60.11676598
     60.25368453
     60.27666764
     60.07991324
     60.07991324
     60.33583274
     59.94032652
     60.60372582
     60.74354009
     60.64801347
     60.19487598
     59.93124580
     59.95178958
     59.13787221
     59.13787221
     59.40173278
     59.50927856
     59.50927856
     59.70376868
     59.70376868
     58.37958489
     58.37958489
     58.58269773
     58.87332395
     59.60665944
     59.60665944
     59.60665944
     59.60665944
     59.06288632
     60.55394425
     60.73920120
     60.21365971
     60.21365971
     60.58459203
     60.59687209
     60.53048825
     60.14804634
     59.81200053
     59.81200053
     58.46568663
     58.74259739
     58.76874254
     59.40834457
     59.40834457
     59.40834457
     59.40834457
     59.40834457
     58.92539008
     59.36211059
     59.75675299
     59.75675299
     59.75675299
     58.28616810
     58.28616810
     58.53663605
     58.53663605
     58.68194707
     60.07622543
     60.50969055
     60.71029665
     60.55333574
     60.55333574
     60.53833752
     61.32016669
     61.32016669
     61.32016669
     61.22980902
     61.22980902
     61.51693743
     61.51693743
     61.48262376
     61.03230392
     61.18312589
     61.18312589
     61.20387026
     61.25519052
     61.12907066
     61.29803346
     61.26228995
     61.41510855
     61.41510855
     61.51493289
     61.51493289
     61.51493289
     61.51493289
     61.51493289
     61.51493289
     61.51493289
     61.51493289
     61.51493289
     61.17287898
     61.17287898
     59.88281862
     60.25382583
     60.84443650
     60.36474388
     60.03131808
     60.58160357
     60.78151490
     60.47117144
     60.62066703
     60.58405461
     60.95073597
     61.07855763
     61.12653809
     60.97534577
     60.52645026
     60.53231514
     59.39726743
     59.39726743
     59.31123018
     59.05164856
     59.71948458
     59.08988492
     57.98861967
     57.94063541
     57.94063541
     57.78742132
     58.18714987
     58.18714987
     57.67541152
     55.97182285
     55.97182285
     57.11847411
     57.11847411
     58.31136300
     60.72200645
     61.27053306
     61.27453409
     61.27453409
     61.42309333
     61.42309333
     61.49270966
     61.49270966
     61.49270966
     61.48884540
     61.48884540
     61.48884540
     61.48884540
     61.38175896
     61.41679843
     61.36758331
     60.64986954
     61.05459438
     60.98683545
     61.27965830
     61.27965830
     61.27965830
     61.27965830
     61.30935251
     61.30935251
     61.35052612
     61.35052612
     61.26407690
     61.26407690
     61.26407690
     61.28027398
     61.28027398
     61.23662798
     61.23662798
     61.23662798
     61.26865725
     61.26805804
     61.26805804
     61.26805804
     61.20718105
     61.19547952
     61.22939253
     61.22939253
     61.15121415
     61.20895774
     61.03056385
     61.02868212
     60.91903587
     60.67446466
     60.71433774
     59.90674739
     59.85394879
     59.85394879
     58.34309449
     58.35991679
     58.89574254
     58.89574254
     59.02160454
     59.01876468
     59.68583614
     60.31673542
     60.31673542
     60.31673542
     59.86257935
     59.75780726
     59.75780726
     55.69833264
     55.69833264
     56.72567873
     54.41583114
     53.75606643
     54.47936434
     54.47936434
     55.79438098
     56.25951714
     54.13498606
     54.13498606
     54.13498606
     54.57281748
     54.57281748
     57.10706452
     57.10706452
     56.81877782
     56.81877782
     56.88997510
     57.29533997
     57.29533997
     57.87825452
     59.01198120
     58.37439058
     59.71568210
     60.15420942
     60.20099802
     60.29933003
     60.43741749
     60.09691118
     60.12001375
     60.35525154
     60.35525154
     60.37596968
     60.57268729
     60.57770846
     60.61524173
     60.61524173
     60.41161629
     60.47610671
     60.47263936
     60.47263936
     60.30658245
     60.16010549
     60.17756257
     60.30884378
     60.31646008
     60.21056552
     60.21056552
     60.12039720
     60.47200569
     60.47200569
     61.04165852
     61.04165852
     61.04165852
     61.00836298
     61.00836298
     60.82430156
     60.82430156
     60.82430156
     60.85358427
     61.10105185
     61.36105780
     61.32619560
     61.32619560
     61.20279100
     61.20279100
     61.20279100
     61.26378114
     61.26378114
     61.26378114
     60.88743085
     60.93981241
     60.91922438
     60.88800709
     60.88800709
     60.64462394
     60.64462394
     60.64462394
     60.58125124
     60.58125124
     60.47038911
     59.44303811
     59.44303811
     59.47205985
     59.47205985
     58.09362080
     58.09362080
     59.50067272
     59.73008755
     59.73008755
     60.26155110
     60.26155110
     60.26155110
     60.43219276
     60.61598873
     60.39590505
     60.53981036
     60.90151195
     60.90229967
     59.36262594
     59.36262594
     59.84111529
     60.57180943
     61.30839242
     61.30839242
     61.13969946
     60.91135475
     60.91135475
     60.91135475
     60.91135475
     60.91135475
     60.78703149
     60.33533993
     60.14506577
     59.81582964
     60.36774861
     60.36774861
     60.55247492
     60.59379735
     60.68521061
     60.94736286
     60.94736286
     60.94736286
     60.90192330
     60.55646499
     59.94402276
     60.69548466
     61.22111803
     61.25742358
     61.25742358
     61.06013126
     61.27542839
     61.27542839
     61.27542839
     61.13485750
     60.17027240
     60.05239150
     60.05239150
     60.05239150
     60.05239150
     60.90113572
     60.90113572
     60.93512975
     61.11780895
     61.11761761
     61.11957875
     61.11957875
     60.69864583
     60.35343397
     58.92196276
     59.41309947
     59.41309947
     60.23565608
     60.23565608
     59.31241285
     59.17413137
     59.94021744
     59.75495918
     59.37000431
     59.98437225
     59.98437225
     59.94668980
     59.89557491
     59.89557491
     59.89557491
     60.22171425
     60.42558066
     60.42558066
     59.85957705
     59.80265516
     59.53106516
     59.51377828
     59.65261405
     59.65409207
     59.81218592
     59.93246670
     59.96787915
     59.90404000
     60.53642211
     60.53309498
     60.98810920
     60.98810920
     61.03222325
     61.17085771
     61.17085771
     61.17085771
     61.17085771
     60.95995718
     60.35081365
     59.08884546
     59.08884546
     59.24506011
     58.09885443
     60.30589586
     60.35883200
     60.35883200
     60.35883200
     60.42620442
     60.68802816
     58.58111430
     56.34900299
     56.34900299
     56.34900299
     55.89227271
     55.89227271
     56.54878272
     56.54878272
     56.54878272
     56.39083252
     57.48666874
     58.88881100
     58.88881100
     58.78470443
     58.78470443
     57.90824549
     57.90824549
     57.90824549
     59.59585470
     59.43788402
     59.33994622
     59.41683088
     59.98785240
     60.45505093
     59.98772288
     59.28587052
     59.28587052
     59.20713045
     58.27455374
     57.44986704
     57.44986704
     57.29094894
     57.69319554
     58.83051479
     59.54126785
     59.54126785
     59.54126785
     59.54126785
     60.27292316
     60.21479944
     58.34324178
     58.34324178
     58.38423033
     58.65500215
     59.90163129
     60.22986129
     60.58963108
     60.32710086
     60.52191915
     60.15836971
     59.80392906
     59.99401644
     59.99401644
     60.02066833
     60.02066833
     58.70335280
     58.82955000
     58.01793135
     58.01793135
     59.61204996
     59.50610653
     58.60036903
     58.78827602
     58.78827602
     58.72973996
     58.72973996
     59.77796884
     59.31298148
     60.27048302
     60.23176357
     60.59101693
     60.45068224
     60.38715324
     60.36814062
     60.36814062
     60.47406140
     60.47406140
     60.13920435
     59.83684586
     59.83684586
     59.97524791
     60.12958242
     59.87341177
     60.19357215
     60.12271099
     60.12271099
     60.12271099
     60.12271099
     60.35041787
     60.26110808
     60.22236162
     60.09851731
     60.16492625
     59.71707267
     59.66631114
     60.22977668
     60.33718603
     60.23353213
     60.23353213
     60.19683573
     60.21392921
     60.21392921
     60.21392921
     59.64937827
     59.64937827
     59.64937827
     59.64937827
     60.40601263
     59.70759654
     59.70759654
     59.63058362
     59.61924430
     60.37585563
     61.06767825
     61.06767825
     61.16152285
     61.17536405
     61.10584855
     61.09832068
     61.09832068
     61.27115929
     61.27115929
     61.15585156
     61.15585156
     61.15585156
     61.18066699
     61.32230274
     61.17058832
     61.17058832
     61.17058832
     61.17058832
     61.17058832
     61.05132513
     61.05132513
     61.02600931
     61.02600931
     61.02600931
     61.02600931
     60.95955783
     60.95955783
     61.15411882
     61.26915108
     61.26915108
     61.13581314
     61.13581314
     61.13581314
     61.13581314
     60.96091297
     61.13860698
     60.66018890
     61.38062487
     61.38062487
     61.48404644
     61.48404644
     61.50771812
     61.50771812
     61.50771812
     61.50771812
     61.50542937
     61.50542937
     61.50542937
     61.50542937
     61.50542937
     61.50542937
     61.52143011
     61.52143011
     61.52143011
     61.52143011
     61.46796212
     61.46796212
     61.46796212
     61.46796212
     61.23449035
     61.15807957
     60.72580160
     60.77192254
     61.14946394
     61.11895037
     61.11895037
     61.07716530
     61.07716530
     60.99200061
     60.56698919
     60.45935665
     60.42374374
     60.38348144
     60.87409933
     60.79612920
     60.81329911
     60.77930519
     60.85917665
     60.85917665
     60.76651977
     60.92669561
     60.80267150
     60.80267150
     60.80267150
     60.61033456
     60.61033456
     61.03299436
     60.64972015
     59.88419682
     58.80683275
     58.80683275
     59.04485652
     60.26588173
     60.24951666
     61.05998333
     60.74336660
     60.70257836
     60.70257836
     60.70257836
     61.01498374
     61.01498374
     61.01498374
     61.01498374
     61.01498374
     61.01498374
     61.01498374
     61.01498374
     61.13855907
     61.13855907
     61.55140415
     61.55140415
     61.55140415
     61.47075128
     61.46603621
     61.53660037
     61.53254204
     61.53254204
     61.53254204
     61.53257792
     61.53257792
     61.53069544
     61.53069544
     60.90857616
     60.90523314
     59.91933762
     59.91933762
     59.84740674
     59.84740674
     60.07871351
     60.38303183
     60.38303183
     60.38303183
     60.56327454
     60.55476130
     60.55476130
     60.22486499
     60.22486499
     53.87554295
     55.49795689
     55.49795689
     58.26354871
     60.10589974
     60.10589974
     60.10589974
     59.46279562
     59.46279562
     59.46279562
     59.76597048
     59.76597048
     60.24365364
     60.24365364
     60.16683471
     60.23349005
     60.23349005
     60.23349005
     59.94062096
     60.11986180
     60.33606937
     59.95176961
     60.70739672
     60.04109727
     58.51948177
     59.26524759
     58.33913283
     58.33913283
     58.91518023
     58.91518023
     57.72970760
     57.72970760
     57.72970760
     57.72970760
     59.42456213
     59.27193969
     59.45939477
     59.45939477
     60.11318956
     60.25479309
     60.26946161
     60.64433809
     60.69519655
     60.23068598
     60.38974716
     60.35748530
     60.30296353
     55.40561915
     54.46983730
     54.46983730
     55.09072527
     54.36316550
     53.41790599
     53.41790599
     53.41790599
     53.41790599
     56.47415969
     56.47415969
     56.47415969
     56.44277773
     57.09269304
     57.09269304
     56.88776794
     54.28189726
     54.28189726
     54.28189726
     54.28189726
     54.28189726
     54.28189726
     57.05299026
     57.05299026
     57.05299026
     56.89407153
     56.89407153
     56.89407153
     56.89407153
     56.89407153
     57.20404074
     57.20404074
     57.21857751
     56.42379760
     57.10148819
     57.10148819
     57.93580630
     57.93580630
     60.68535857
     60.49385489
     60.54416145
     60.54416145
     60.89181093
     60.90279175
     58.95585056
     58.94292174
     60.55695209
     60.55695209
     60.73568437
     60.73568437
     60.64526963
     60.64691122
     59.47523796
     60.49654538
     60.49654538
     60.64948536
     60.75817292
     60.75817292
     60.73877590
     60.60551742
     60.99007457
     60.99007457
     61.46682426
     61.51093794
     61.53553324
     61.39761568
     61.34153244
     61.05119722
     60.97452102
     60.97452102
     60.95819611
     60.59243603
     60.59243603
     60.72446459
     60.72446459
     60.62835908
     60.61725712
     60.61725712
     60.61725712
     61.32514815
     61.25113618
     61.25113618
     61.25113618
     61.25113618
     61.23484129
     61.23484129
     61.22014172
     61.04305300
     61.04305300
     61.04305300
     60.96523527
     60.96523527
     60.96523527
     60.96523527
     60.95872454
     60.95872454
     60.95872454
     61.03707708
     61.03707708
     61.12359880
     61.12359880
     61.38998227
     61.38998227
     60.19696272
     60.36409172
     60.36409172
     60.09912948
     61.05160563
     61.05160563
     61.08184493
     61.06905994
     60.88394576
     60.90445000
     60.66997472
     60.60971075
     60.95494911
     60.90941994
     60.66087945
     61.17780687
     61.16809429
     61.16809429
     61.32007597
     61.30976875
     61.29311354
     61.29394472
     61.30066896
     61.31127930
     61.18964604
     61.33216164
     61.34839227
     61.34839227
     61.30041463
     61.29942939
     61.10835024
     61.10835024
     61.10835024
     61.10835024
     61.10835024
     61.10835024
     61.10835024
     61.25968724
     61.25968724
     61.25968724
     61.25968724
     61.18618265
     61.18618265
     61.37656884
     61.38139957
     61.38139957
     61.33963348
     61.33963348
     61.33963348
     61.34933432
     57.53758597
     57.53758597
     57.53758597
     57.53758597
     59.17383314
     59.00878240
     59.00878240
     59.27379509
     59.77614023
     60.08945697
     60.08945697
     59.22376329
     59.22376329
     59.13585047
     59.92435815
     60.38178379
     60.39657952
     60.16823906
     59.44105878
     58.91141270
     58.99712603
     58.99712603
     58.99712603
     57.69315487
     59.44197456
     59.00492719
     59.05807884
     59.02589813
     59.94214153
     58.60874824
     58.60874824
     58.60874824
     58.61023915
     59.62220336
     60.00893143
     59.47929704
     59.47929704
     59.47929704
     59.47929704
     60.02196477
     59.18848518
     59.87103990
     59.93848016
     59.86875901
     59.93787701
     60.06010525
     60.14170545
     59.45947706
     59.15269625
     60.26638582
     61.35163404
     61.35163404
     61.35163404
     61.35163404
     61.35163404
     61.35163404
     61.35163404
     61.35163404
     61.07186648
     60.95246668
     60.95246668
     60.99578603
     60.99578603
     60.39290338
     60.42875056
     60.32434304
     60.32434304
     60.96741980
     60.73638048
     60.64489148
     60.64489148
     60.45171879
     60.75405253
     60.22057447
     59.94230681
     60.22794873
     60.22794873
     59.84924030
     59.84924030
     59.66576377
     59.66576377
     59.88242623
     59.99968579
     59.81884374
     59.90368172
     59.10440299
     59.10440299
     59.10440299
     59.56751285
     58.09410182
     59.92622351
     60.04422077
     59.60242000
     59.80459277
     60.22064550
     60.20203521
     60.42873542
     60.50214132
     60.66082513
     60.44352955
     60.23672666
     60.12155267
     60.77136928
     61.22460208
     61.22460208
     61.19160348
     61.19160348
     61.21813699
     61.18512002
     60.86702579
     60.97688355
     60.97688355
     60.38843704
     60.38843704
     60.57207168
     61.05526539
     61.03985286
     61.03985286
     61.03985286
     61.12219094
     61.04030584
     61.47175685
     61.47175685
     61.47175685
     61.45223469
     61.25162185
     60.75343709
     60.73519461
     60.58454721
     60.78116241
     60.78116241
     60.86085260
     60.98303722
     60.69971061
     60.67668015
     60.62894463
     60.08781226
     59.58517490
     59.97976920
     60.20420396
     59.72860746
     57.50937722
     57.50937722
     57.58585880
     56.84873276
     56.84873276
     54.27973810
     55.20713586
     55.37037195
     55.37037195
     60.57824781
     60.57824781
     60.30322294
     60.30322294
     60.31547710
     59.81709266
     59.81709266
     59.60426980
     60.44061461
     60.70087490
     60.79953014
     61.11323169
     61.07629791
     60.35438965
     60.26052956
     60.43129431
     60.43129431
     60.43129431
     60.80596273
     60.37403502
     60.33094963
     59.88413941
     59.88413941
     59.88413941
     60.06292475
     60.06292475
     61.37306504
     61.42500626
     61.42500626
     61.42500626
     61.42500626
     61.42500626
     61.42500626
     61.42500626
     61.42500626
     61.42500626
     61.42500626
     61.29137235
     61.17290855
     61.25777239
     61.25777239
     61.37836008
     61.42647934
     61.13742854
     61.13742854
     61.13479622
     61.13479622
     61.08430252
     61.01278256
     61.01278256
     59.83212554
     59.83212554
     59.83212554
     58.93551217
     59.22810931
     59.22810931
     59.40645763
     59.86182461
     59.70544744
     59.70544744
     59.70544744
     59.20651264
     60.29752918
     60.29752918
     60.29752918
     60.23422311
     60.23422311
     60.23422311
     59.14253504
     59.70082765
     59.70082765
     59.70082765
     60.04249932
     60.31739799
     60.01357938
     59.30328558
     59.14012706
     59.14012706
     58.89331677
     58.89331677
     59.74168536
     60.29194490
     60.29194490
     60.29194490
     60.29194490
     59.89930206
     59.89930206
     59.89930206
     59.89930206
     59.89930206
     60.10382037
     60.10382037
     60.10382037
     60.10382037
     60.10382037
     60.72627284
     60.72627284
     60.72931261
     61.51516813
     61.46429619
     56.68485018
     58.62835210
     58.46511541
     58.97742843
     57.75113801
     57.75113801
     57.97446733
     57.31555119
     58.50415215
     58.37510030
     58.33209556
     59.66122270
     60.53181747
     61.01702103
     61.04100024
     61.02572731
     61.02572731
     61.02572731
     61.02572731
     61.02572731
     60.91939276
     60.84429254
     60.84429254
     60.84429254
     61.42917228
     61.42917228
     61.42917228
     61.43783378
     61.43916103
     61.43916103
     61.41431802
     61.41431802
     61.41431802
     61.31947113
     61.28653953
     59.71129318
     59.71129318
     60.08364119
     60.08364119
     60.49961097
     60.49961097
     60.49961097
     61.28205909
     61.41252836
     61.41252836
     61.41327294
     61.41327294
     61.41327294
     61.41327294
     61.30379607
     58.41190245
     58.41190245
     59.79220994
     60.04532567
     59.21731856
     59.38599806
     59.38599806
     58.94184356
     58.65612838
     58.65612838
     58.86514697
     58.63856440
     58.63856440
     58.33923755
     56.71104317
     58.56976847
     57.71465966
     57.73736513
     56.65705154
     57.39362170
     57.39362170
     59.52620755
     59.82278583
     60.12125056
     59.75825027
     59.75825027
     59.71309784
     59.61534490
     59.64389533
     60.15200167
     59.55393473
     59.49848459
     59.49848459
     59.49848459
     59.71875857
     60.22653114
     60.22653114
     60.19865633
     60.73190145
     60.73190145
     60.67865033
     60.79457102
     60.28510646
     59.55186044
     60.18929493
     59.88682464
     59.49299863
     58.63319791
     59.81057517
     59.81057517
     61.13865460
     61.17057706
     60.50008350
     60.50008350
     60.56382684
     61.13296897
     61.13296897
     61.13473417
     61.29414269
     61.48027992
     61.48027992
     61.42103816
     61.42103816
     61.45040064
     61.45040064
     61.36963921
     60.99710223
     60.62640748
     60.46429296
     60.46429296
     60.45267810
     59.83932196
     59.83932196
     59.83932196
     60.75554695
     60.75078538
     61.17648564
     60.90525504
     60.12330792
     60.06904384
     60.47811918
     60.50664678
     59.81359821
     59.92833856
     60.17868101
     61.08022476
     61.08022476
     60.95050152
     61.06998019
     60.94003003
     60.80872565
     60.88298477
     60.88298477
     60.66474586
     60.91691823
     60.91691823
     61.11230738
     60.78566521
     60.23599150
     59.76286166
     57.26653589
     55.81926130
     54.39799402
     55.17076435
     54.56814561
     57.64852324
     58.05865195
     58.73216342
     58.69791860
     59.12169762
     58.49418124
     57.86538229
     57.86538229
     58.56135824
     58.56135824
     57.03408024
     58.96990080
     59.20186717
     59.20186717
     58.79033645
     59.28526367
     59.29561929
     59.29561929
     59.55869517
     59.27133194
     58.28188602
     58.28188602
     55.81950606
     55.81950606
     54.81153763
     54.81153763
     54.81153763
     54.81153763
     58.22772677
     59.45189810
     58.65342494
     60.15030082
     60.59427617
     60.98806472
     60.98806472
     60.98806472
     61.02211532
     61.02211532
     61.01569435
     61.01569435
     61.08830958
     61.02059980
     60.84998576
     61.05772544
     60.95108343
     57.83916842
     57.04586603
     57.04586603
     57.99005566
     58.59311856
     57.66885688
     58.20184515
     58.56445978
     58.56445978
     58.56445978
     58.56445978
     58.54454789
     58.54454789
     58.54454789
     59.48421328
     60.06433759
     60.06433759
     60.34780567
     60.34780567
     60.07332537
     60.07332537
     60.34069381
     60.07137435
     60.17650146
     60.18162747
     60.18162747
     59.62082858
     60.24531841
     60.24531841
     59.97320392
     59.39253464
     59.39253464
     59.38770765
     59.64343315
     59.87022604
     59.87022604
     59.82090927
     60.07446896
     60.56541521
     60.56541521
     60.62816105
     60.63497950
     60.48460990
     60.77975363
     60.77975363
     60.44556714
     59.54504529
     59.54504529
     58.00167608
     58.00167608
     60.32479970
     60.22084269
     60.22565893
     60.22565893
     60.44062828
     60.64300334
     60.77735564
     60.78060416
     60.78060416
     60.77208546
     60.77208546
     60.67388760
     60.70809695
     60.70809695
     60.84772450
     60.84772450
     61.04151882
     61.04151882
     61.05782750
     59.95255904
     60.45602974
     60.83608642
     60.87964598
     60.81383154
     60.66562842
     60.62448697
     60.72371732
     60.72371732
     60.70771622
     60.65633604
     60.32593059
     60.14276613
     60.14276613
     60.26388686
     60.28264089
     60.29822274
     60.29822274
     60.12377160
     58.33914502
     58.33914502
     59.57805103
     59.57805103
     59.57805103
     59.57805103
     59.57805103
     59.57805103
     60.30899044
     60.30899044
     59.77884114
     60.62037007
     58.59925054
     59.56893200
     59.80292635
     60.43733454
     60.12482508
     60.13473447
     60.38849713
     60.38849713
     60.20970797
     60.21287144
     60.33938850
     60.70583313
     60.74865819
     60.74865819
     60.52875295
     60.52875295
     60.39040476
     60.37005837
     60.37005837
     60.56227173
     60.30070159
     60.12532372
     60.38862901
     60.38862901
     60.38862901
     60.38421919
     60.43589029
     60.50328127
     60.19323734
     60.48758424
     60.48758424
     60.61276998
     60.61276998
     60.73407582
     60.73407582
     60.83805124
     60.83805124
     60.83805124
     60.87912379
     60.87912379
     60.87912379
     61.51341819
     61.51341819
     61.51341819
     61.51341819
     61.51341819
     61.43757879
     61.00383205
     61.02569449
     60.95291059
     61.13424515
     61.41789792
     61.39753199
     61.39753199
     61.17326331
     61.16489409
     60.93843342
     61.19127776
     60.90737561
     60.90737561
     60.16834846
     60.16834846
     60.38119531
     60.17740639
     60.24304165
     60.08906789
     60.79364905
     60.79364905
     60.84573680
     60.48507454
     60.62429685
     60.36683276
     60.91654839
     60.91654839
     60.91677361
     60.76607280
     60.76607280
     60.97622256
     60.92130866
     61.08932143
     61.16189389
     60.63539308
     60.63539308
     61.01755771
     60.95299040
     61.25371255
     60.75342247
     60.76011496
     60.46482870
     60.46482870
     60.46482870
     60.51594268
     60.45662163
     60.45662163
     60.43755193
     60.28575570
     60.38320436
     60.29052080
     60.29052080
     60.44324720
     59.38479911
     60.26325637
     60.58389409
     61.11477531
     61.21217693
     61.21217693
     61.21217693
     61.21217693
     60.73046954
     60.73046954
     60.73046954
     60.73046954
     60.73046954
     60.73046954
     60.74110843
     60.41310103
     60.78010304
     59.93419699
     59.93419699
     58.26773533
     59.74774160
     60.05242502
     58.98811235
     58.99818644
     60.15570269
     58.72834332
     59.37997959
     59.24382855
     59.24382855
     59.24382855
     59.24382855
     59.49168186
     59.20362632
     59.65051997
     58.25090895
     58.25090895
     57.64467593
     58.73759748
     57.48270664
     56.81491759
     57.35061661
     57.80385148
     57.76928089
     58.59797864
     58.59797864
     59.99390054
     59.99390054
     58.13173783
     57.75952048
     59.84903801
     61.11961407
     61.41331579
     61.36326043
     61.36326043
     61.36326043
     61.36326043
     60.79785620
     60.47205892
     60.47205892
     59.98010600
     59.98010600
     60.17903425
     60.65048776
     61.00791974
     61.00791974
     61.00791974
     60.65581930
     60.81646271
     58.10743101
     59.23912741
     60.87205403
     60.87205403
     60.84666138
     61.02752514
     61.02424466
     60.98795138
     60.98795138
     60.97630767
     60.65888213
     60.84723795
     60.84326611
     60.69172353
     60.69172353
     60.87277469
     60.86743273
     61.08163478
     61.26988467
     61.26434531
     60.87586007
     60.87586007
     60.95165648
     60.93352935
     60.93352935
     60.93071181
     60.93071181
     60.64707162
     60.67971868
     61.14455512
     61.14455512
     60.91556876
     59.17121553
     59.50785937
     58.79862517
     58.79862517
     58.90155216
     58.90155216
     58.90155216
     58.85899812
     58.85899812
     58.85899812
     58.85899812
     59.12876752
     59.12876752
     59.12876752
     59.87790315
     59.88475796
     59.88475796
     59.83738088
     58.05228785
     58.05228785
     59.54744707
     59.54744707
     59.34374285
     59.34374285
     59.54034434
     59.54034434
     59.52406774
     59.99402927
     58.18817912
     58.12088349
     59.19769706
     59.44631859
     59.52221195
     59.91908830
     57.46845807
     57.46845807
     57.65860504
     57.65860504
     57.65860504
     57.69700636
     56.33060633
     55.29491284
     57.84784594
     59.79268251
     59.79268251
     59.79268251
     60.36463468
     60.58039143
     59.14636551
     59.14636551
     61.09652536
     61.05769053
     61.05769053
     61.05769053
     61.22075726
     61.02856883
     61.02856883
     60.89984151
     60.89984151
     60.90406197
     60.83189907
     60.95147268
     60.52012069
     60.04424267
     60.04900384
     60.04900384
     59.40586743
     59.40586743
     59.02236806
     59.31844065
     59.22781050
     59.30403728
     59.64117142
     57.94656197
     57.94656197
     59.19311162
     59.18904568
     59.19337704
     57.97834060
     58.28805390
     58.28805390
     58.07085458
     58.07085458
     58.07085458
     58.72135871
     58.72135871
     58.78707012
     58.78707012
     58.72124872
     59.67725228
     60.01606197
     60.01606197
     60.11255638
     60.50182902
     60.12753224
     60.09120155
     60.20929551
     59.85809973
     60.39380148
     60.39380148
     52.17696771
     52.17696771
     50.12989361
     50.12989361
     50.12989361
     50.12989361
     53.52716187
     53.52716187
     54.21669039
     54.33115185
     54.33115185
     54.33115185
     56.38576325
     56.38576325
     56.38576325
     57.39536694
     58.21214230
     58.20128583
     57.28216154
     56.95044925
     57.37461974
     57.37461974
     57.37461974
     57.37461974
     58.31915707
     59.19449562
     59.24516280
     59.48437520
     58.98993865
     59.91610190
     60.35223194
     60.35223194
     60.35223194
     60.35223194
     60.54016485
     60.51641637
     60.49552497
     60.62286713
     60.28216245
     60.07318624
     58.68719587
     59.46118382
     59.46118382
     59.46118382
     59.46118382
     60.99470783
     61.00699982
     60.74848772
     60.74848772
     60.92068429
     60.16575634
     60.16575634
     60.16575634
     60.16575634
     60.16575634
     60.16575634
     59.99726453
     59.99726453
     59.99726453
     60.03210454
     60.03210454
     60.52055989
     60.09649190
     59.87145509
     60.86808493
     60.59944246
     60.59944246
     60.60190982
     60.65941543
     60.57921504
     60.50402559
     60.50402559
     60.50402559
     60.57164030
     60.38659546
     60.40303159
     60.40303159
     60.40303159
     60.55114266
     60.55114266
     61.41835170
     61.42884647
     61.42884647
     61.28513033
     61.28513033
     61.28513033
     61.28513033
     61.34199773
     61.31795693
     61.34686474
     61.34686474
     61.16557723
     61.16557723
     60.67374646
     60.67374646
     60.98391168
     60.98391168
     60.79904050
     60.79904050
     60.79904050
     59.38624841
     59.38624841
     59.49430459
     59.20604400
     58.87880747
     58.87880747
     58.87880747
     57.36852416
     55.25899338
     55.25899338
     55.50035889
     55.50035889
     51.99828182
     55.84895479
     55.84895479
     55.84895479
     58.31253426
     58.31253426
     57.77437298
     59.82340375
     59.15426014
     58.91177610
     58.91177610
     58.80377149
     58.80377149
     59.24515674
     59.76945530
     59.76945530
     59.76945530
     60.06378176
     59.74393831
     60.41354777
     61.00514753
     60.97247204
     60.10266371
     59.73821750
     59.87148368
     59.87148368
     60.35527179
     60.35527179
     60.35527179
     59.88857046
     60.43555786
     59.12733255
     59.12733255
     58.78653041
     58.78653041
     58.81221184
     58.81221184
     60.25073617
     59.67725708
     59.98556764
     57.55466063
     58.67104136
     60.09685983
     59.21627276
     59.21627276
     59.21627276
     59.77824241
     59.08857210
     58.22758347
     58.22758347
     58.22758347
     59.67203110
     59.60353106
     60.00551164
     59.93075804
     59.91882772
     59.84612036
     59.00845068
     59.74299102
     60.13332599
     60.03995205
     60.03995205
     59.63325716
     59.18521270
     59.76990263
     59.89753921
     59.89753921
     59.89753921
     59.89753921
     59.05398703
     59.74253199
     59.74253199
     60.68411121
     60.23492800
     59.83605619
     59.52459998
     58.42593269
     58.54627607
     58.54627607
     58.86304025
     59.13383209
     59.85106487
     59.85106487
     60.38217248
     60.42638424
     60.66160655
     60.66676581
     60.21467808
     55.97380217
     55.97380217
     59.06877494
     59.06877494
     59.01122383
     59.01122383
     58.15475656
     58.15475656
     57.96234791
     56.43053537
     56.66935450
     56.66935450
     58.65362543
     58.65362543
     59.38005534
     59.43880544
     59.92661567
     59.95679039
     60.37662142
     60.27379185
     59.25326625
     58.60637928
     58.60637928
     59.02054197
     59.02054197
     59.37327855
     59.61843397
     59.00279943
     57.62426387
     58.36208624
     58.56868316
     58.56868316
     58.56868316
     57.83378272
     57.95099004
     57.44865381
     57.44865381
     56.97957383
     56.38831839
     56.28259903
     54.64803146
     54.64803146
     55.98988152
     57.66265633
     57.30704201
     58.64549478
     59.38231046
     60.06327466
     59.58705414
     60.08297450
     57.98458190
     57.98458190
     57.98458190
     57.98458190
     57.94131459
     58.43652884
     59.04270225
     60.02377640
     59.64482990
     59.56116709
     59.56116709
     59.56116709
     59.49948649
     59.49948649
     59.49948649
     59.49948649
     59.49948649
     59.49948649
     60.49277913
     60.49277913
     60.68921278
     60.68921278
     60.63225852
     60.62312536
     60.61625944
     60.81425898
     60.81425898
     59.89436643
     59.83944252
     60.64279009
     60.64435213
     60.55844147
     60.52693612
     60.52693612
     60.17476329
     60.11075910
     60.00515582
     59.70984166
     59.87175861
     59.86343503
     60.35712499
     60.07933739
     60.27842364
     60.20643756
     60.49677300
     60.76934544
     59.84311760
     59.75400959
     59.75400959
     60.45710704
     57.57613442
     57.75532572
     57.75532572
     57.68043531
     57.68043531
     58.04274360
     58.84905181
     58.84905181
     58.11622925
     58.26557308
     58.51834109
     58.53511642
     58.72282897
     59.50740492
     59.75496139
     58.96186847
     59.29503142
     60.13215140
     60.19193656
     59.39168703
     59.39168703
     60.40733655
     59.59205363
     59.59205363
     59.59205363
     58.93810092
     58.93810092
     59.39163673
     59.30289836
     59.99131114
     59.80388727
     59.80381153
     59.76575323
     60.57272366
     60.26649073
     60.26649073
     59.24731570
     59.24731570
     58.01343600
     58.13824367
     58.55470723
     58.73494725
     59.19203635
     59.95767657
     59.34234052
     58.71396962
     60.32228053
     60.64093339
     60.84856938
     60.84856938
     58.85563671
     58.85563671
     58.79806077
     58.79806077
     59.69754267
     59.42748467
     59.38967974
     59.38967974
     59.38967974
     60.17896156
     59.97959796
     59.91737731
     59.56173003
     59.65833831
     58.92205928
     58.92205928
     59.06402233
     59.87431244
     60.04724206
     59.97250905
     59.66285057
     59.84444436
     59.84444436
     59.56544622
     59.63590454
     60.59943294
     60.38018864
     60.63316368
     60.62768231
     60.62768231
     60.56494608
     59.43440592
     59.49550741
     59.93931593
     59.93931593
     60.92254888
     60.90225781
     61.12813735
     61.09166434
     60.92871749
     60.65204964
     61.13348719
     61.13348719
     61.13348719
     61.13348719
     61.13348719
     61.16526325
     61.14532879
     60.99942369
     60.69725361
     59.73035254
     59.85240994
     59.30608515
     58.99604653
     60.34987460
     60.69766364
     60.55042431
     60.63214238
     60.64605890
     61.03269594
     60.77188757
     60.77188757
     60.68137259
     60.39595588
     60.06262354
     60.15622731
     60.19778265
     60.28167303
     59.10054212
     59.32918168
     57.53333110
     57.53333110
     60.01762590
     60.01762590
     60.56793900
     60.08417254
     59.42154284
     59.42154284
     59.42154284
     59.42154284
     59.42154284
     59.42154284
     60.17040287
     60.55041063
     60.55229092
     60.58684860
     60.58684860
     60.39244043
     60.52054366
     60.84531297
     60.80078003
     60.23024212
     59.35401878
     59.35401878
     58.55246986
     56.94032959
     57.54046474
     59.46236230
     59.46236230
     59.62006514
     59.16212893
     59.07240888
     60.07892809
     60.07859841
     59.74326286
     59.74326286
     60.44550071
     60.44550071
     60.76528765
     60.69974955
     60.72602275
     60.15547332
     60.67877184
     60.85628757
     60.24491077
     60.24491077
     60.21114652
     59.96631115
     59.96631115
     59.96631115
     59.89528437
     59.89528437
     59.75117107
     59.75117107
     60.29523525
     60.62609036
     61.05825275
     61.26074308
     61.26074308
     60.97663390
     60.97663390
     60.93104535
     60.68816255
     58.95574957
     58.98463592
     60.80342706
     59.95094299
     60.00510464
     60.00510464
     60.00510464
     58.89436752
     59.37833385
     59.61856499
     59.61856499
     59.61856499
     59.22575886
     59.22575886
     59.92039448
     60.19955073
     60.19955073
     58.64574392
     58.76245677
     58.76245677
     59.28827301
     59.67066921
     59.67066921
     60.25211151
     60.25211151
     60.29518033
     60.33691968
     60.33691968
     60.73127775
     61.18283151
     61.18283151
     61.18283151
     61.06221186
     61.06062120
     60.73243387
     61.26382893
     61.38217289
     61.25497260
     61.16996052
     61.16996052
     60.28938372
     59.78662434
     60.14474012
     60.58429834
     60.93520405
     60.92547190
     60.83512784
     60.76058412
     60.76058412
     60.47735474
     60.38194079
     58.35292695
     58.17030787
     59.92256761
     60.12725356
     60.12725356
     60.08656491
     60.13808556
     58.85986241
     59.11720857
     59.11720857
     59.11720857
     58.84811068
     59.56879608
     59.56879608
     59.32055351
     59.32055351
     59.44271288
     60.24140886
     59.70793088
     59.70793088
     59.70793088
     58.65919060
     58.65919060
     59.95933927
     60.76924501
     60.70640910
     61.25224214
     61.20008708
     61.19913519
     61.19913519
     61.19209046
     61.19635000
     60.98492485
     60.98492485
     60.96056165
     61.06530355
     60.84029792
     61.00925469
     60.95298343
     60.22308224
     60.08562763
     60.08562763
     60.50484456
     60.94033469
     60.98763105
     60.99100327
     60.96091569
     61.11950172
     61.11950172
     61.13054623
     60.87467862
     61.02432031
     60.99980904
     60.99980904
     60.99217702
     60.69696320
     60.69696320
     61.03774707
     60.87948899
     60.43353683
     60.43353683
     60.09090487
     60.16005101
     60.65078824
     60.67043933
     60.54291827
     57.89627621
     58.69523349
     58.91224697
     58.07673304
     57.60432655
     57.61273859
     57.34674332
     58.90650704
     58.68129897
     58.68129897
     60.71326812
     61.32635678
     61.46516861
     61.46516861
     61.50100608
     61.50100608
     61.45588326
     61.41641417
     61.41641417
     61.48299073
     61.37269914
     61.44920854
     61.44920854
     61.42661590
     61.43932694
     61.43932694
     61.31250896
     61.31250896
     61.31250896
     61.31250896
     61.29251275
     61.28907297
     61.23973258
     61.23973258
     61.23973258
     61.24721567
     61.18027807
     61.18027807
     61.04447845
     60.68659854
     60.68659854
     60.64609650
     60.64609650
     60.64609650
     60.64035688
     60.57574400
     60.97065375
     60.98243298
     60.98243298
     60.82680581
     57.56291413
     58.58114554
     58.58114554
     58.20106910
     58.20106910
     58.20106910
     59.24054531
     60.25431770
     59.85100856
     60.12521639
     59.96580791
     59.99944829
     60.12183359
     60.31634836
     60.31634836
     60.96677799
     61.16702725
     60.94013015
     60.94013015
     60.94013015
     61.05815742
     61.05815742
     61.10470693
     61.10508542
     59.05034762
     58.66516640
     55.97574168
     57.21043763
     57.21043763
     57.21043763
     58.45502497
     58.45502497
     58.45502497
     58.57675801
     58.51608420
     59.00229071
     59.00229071
     58.46787748
     58.46787748
     58.46787748
     58.95314186
     58.95314186
     59.85116698
     59.84921525
     61.06533839
     60.07684328
     60.03840423
     60.03840423
     60.54382401
     60.21554333
     60.37838723
     60.37838723
     60.37838723
     60.37741606
     60.15327290
     60.15327290
     60.15327290
     60.19477355
     59.16965723
     58.70177234
     58.70177234
     58.67079879
     58.67079879
     58.67079879
     59.45487450
     59.45487450
     59.45487450
     57.86044422
     58.76381457
     59.06591211
     59.06591211
     59.22026064
     59.22026064
     60.18417255
     60.20599784
     60.18994312
     60.18994312
     60.90007319
     60.75417206
     60.71550834
     60.32728974
     59.59159540
     59.59159540
     59.59159540
     59.59159540
     59.59159540
     59.59159540
     59.59159540
     59.59159540
     59.59159540
     58.57102349
     58.57102349
     58.57102349
     59.57739024
     59.88197034
     59.88197034
     59.88197034
     60.00982406
     60.00982406
     60.00982406
     56.86009948
     57.77030019
     57.77030019
     57.77030019
     58.55021956
     58.55021956
     59.33615345
     59.43833285
     58.57658905
     58.34250341
     59.62756129
     59.69198256
     59.52398490
     59.52398490
     59.52398490
     59.21543160
     57.35375756
     57.35375756
     57.46711281
     57.46711281
     58.04624400
     58.04624400
     58.46806784
     59.74018212
     60.01152305
     60.01152305
     59.90468308
     59.99649431
     60.64420347
     60.89384211
     60.62191938
     60.48334715
     60.48334715
     60.50938074
     59.59238838
     59.59238838
     59.63407830
     60.60241749
     60.60241749
     60.51670848
     60.48385378
     60.91019947
     60.78555009
     60.78555009
     60.79922076
     60.86156329
     61.00949960
     61.00949960
     60.69035232
     60.77327763
     59.46884816
     59.71116106
     60.01040728
     59.97182922
     60.01638615
     59.49662511
     59.60596856
     59.68801048
     58.78372119
     59.13761396
     59.36314031
     59.19961586
     59.57085501
     60.22105040
     59.61729277
     59.80559220
     59.72626530
     58.38386810
     58.38386810
     59.23796765
     60.11342477
     60.39991836
     60.89391106
     61.29482580
     61.29482580
     61.29482580
     61.29482580
     61.45551816
     61.45551816
     61.42761393
     61.42761393
     61.42761393
     60.32305711
     60.32305711
     60.32305711
     61.41263758
     61.40598954
     61.40598954
     61.39845710
     61.39845710
     61.20908743
     61.20751764
     61.21996172
     61.11046649
     61.04302354
     60.49328522
     60.49328522
     60.49328522
     60.49328522
     60.49328522
     60.21111147
     60.69219723
     60.67218514
     60.67218514
     60.67218514
     60.67218514
     60.27163087
     60.27163087
     60.57867308
     60.54319682
     60.54319682
     60.55951840
     60.21387618
     60.21387618
     60.24416913
     60.33012265
     60.38866500
     59.82125904
     59.80088298
     59.81447294
     60.22263174
     60.22231077
     60.21433241
     58.88134368
     58.88134368
     59.87298071
     59.84574120
     59.82881712
     60.03287514
     60.51596847
     59.88181065
     59.58857785
     59.58857785
     60.11605310
     59.59576944
     60.02533336
     59.57065498
     58.11859388
     58.11859388
     58.11859388
     58.11859388
     58.11859388
     56.92449004
     59.30537766
     59.30537766
     59.30537766
     57.51162536
     58.55814906
     58.39111705
     58.39111705
     60.34942362
     60.34942362
     60.34942362
     60.34942362
     60.34942362
     60.34942362
     60.34942362
     59.46498586
     59.22096102
     58.15605749
     58.15605749
     58.37288113
     58.37288113
     57.44359409
     57.44359409
     57.44359409
     58.96263318
     59.63703800
     59.63703800
     59.52367444
     59.49513828
     60.78752263
     60.78752263
     60.78752263
     60.58122196
     60.65108373
     60.72115437
     60.39880877
     60.63041385
     60.63041385
     60.61963985
     60.11653581
     59.49205455
     58.62833995
     58.62833995
     60.38592626
     59.90897825
     60.06461319
     60.12443610
     60.39144586
     60.39144586
     60.93534378
     60.89882932
     61.09195622
     61.01388800
     61.04535501
     61.13327886
     61.05554729
     61.07695247
     61.07695247
     56.01289830
     56.91449724
     58.75270141
     59.45969122
     58.88532041
     59.59636436
     59.43498955
     59.91826435
     59.94607318
     60.01777831
     59.97292062
     59.68977542
     59.68977542
     60.25907262
     60.40123321
     60.40123321
     60.49056247
     60.51538673
     60.51538673
     60.97623752
     60.91201536
     61.02300306
     61.00361026
     61.03341108
     60.62963055
     60.74598280
     60.80321538
     61.08645157
     61.08645157
     61.08645157
     60.94414421
     60.94414421
     60.94414421
     60.84937223
     60.90020854
     60.90020854
     61.35842806
     61.35842806
     61.32665425
     61.32913926
     61.32913926
     61.32962005
     61.32962005
     61.31815521
     61.30635951
     61.33831186
     61.33831186
     61.33831186
     61.33831186
     61.34930483
     61.34336246
     61.34336246
     61.34336246
     61.38359008
     61.38359008
     61.38359008
     61.51485354
     61.51485354
     61.51485354
     61.51485354
     61.51485354
     61.51485354
     61.53193201
     61.53193201
     61.53193201
     61.53193201
     61.53193201
     61.53193201
     61.51646512
     61.46371778
     61.46371778
     61.46308433
     61.46308433
     61.44928223
     61.44928223
     61.44928223
     61.44928223
     61.44928223
     61.52661424
     61.52661424
     61.45714561
     61.55274811
     61.55274811
     61.55274811
     61.55274811
     61.55274811
     61.55274811
     61.55274811
     61.55274811
     61.55274811
     61.55274811
     61.55274811
     61.55274811
     61.38916196
     61.38916196
     61.38259275
     61.38259275
     61.38259275
     60.42972062
     60.42972062
     60.93330810
     60.77543158
     61.27531616
     61.48386785
     61.48386785
     61.48386785
     61.48386785
     61.53853569
     61.18843426
     61.18843426
     61.15178469
     60.98022266
     60.77189113
     60.94286451
     60.93357099
     60.93357099
     60.99490176
     61.02869171
     60.83476014
     60.70693169
     60.74772510
     60.74772510
     60.76969594
     60.72446539
     60.73047894
     60.30382064
     60.33145742
     60.38213628
     60.38213628
     60.38213628
     59.71866659
     60.45689774
     60.38095828
     60.38095828
     60.46214669
     60.46214669
     60.43464905
     60.63941515
     59.62768351
     59.14797553
     59.14797553
     59.14797553
     59.86772633
     59.03594454
     59.03594454
     59.03594454
     59.61544858
     60.15686135
     60.02487097
     59.39254823
     60.25542976
     60.20637190
     60.20637190
     59.47532916
     59.65831055
     58.51682997
     58.51682997
     59.59414648
     59.59414648
     60.13599001
     60.13599001
     60.09434864
     60.65166629
     60.65176094
     60.69183869
     60.58989764
     60.58989764
     60.61834887
     60.13610244
     59.62067345
     57.91101469
     58.82078554
     58.82078554
     58.82078554
     59.51346914
     59.51346914
     59.51346914
     59.51346914
     59.51210670
     59.51210670
     59.63436126
     57.96312255
     57.96312255
     57.96312255
     57.96312255
     57.96312255
     58.25291054
     58.25291054
     58.25291054
     58.67580879
     58.67580879
     58.74370513
     59.04037326
     59.04625006
     59.04625006
     59.11261036
     59.11261036
     59.11261036
     59.11261036
     59.11261036
     60.71232603
     61.13828401
     61.43394976
     60.92574152
     60.92574152
     60.95146019
     60.95987065
     61.35327274
     61.49780226
     61.49780226
     61.49780226
     61.48999807
     61.48999807
     61.37429990
     61.31439891
     61.42284300
     61.42284300
     61.39690030
     61.39690030
     61.39690030
     61.39690030
     61.39690030
     61.39690030
     61.39690030
     60.96353606
     60.98477741
     60.98477741
     60.62406605
     60.62406605
     60.67152061
     60.67152061
     60.28946091
     60.28946091
     60.29009163
     61.10278247
     61.12480861
     61.11046602
     61.11046602
     61.30477041
     61.45109592
     61.41952318
     61.41952318
     61.15335007
     61.14985046
     61.14985046
     61.14985046
     60.89339114
     60.87789535
     60.87789535
     60.87789535
     57.53825325
     57.49918618
     58.70451539
     59.19515928
     59.15205422
     57.45052001
     57.45052001
     57.45052001
     57.45052001
     58.68176500
     58.68176500
     58.68176500
     58.03433575
     56.60724208
     57.91476615
     56.27769991
     56.71781498
     56.71781498
     56.71781498
     56.85309365
     58.24217056
     58.29597676
     58.39783607
     58.39783607
     59.74711564
     59.55736575
     59.61931254
     60.40653752
     60.15512021
     60.66446008
     60.20806991
     60.05408929
     61.01437704
     61.05216096
     61.21066077
     61.21066077
     60.91458355
     61.12197305
     61.14754849
     61.07919415
     60.51123467
     60.51123467
     59.41088953
     59.40309090
     59.40309090
     59.77488211
     60.54233027
     60.44265208
     59.81655747
     59.37976479
     59.95254644
     59.94735010
     59.93834135
     59.98146223
     59.92837088
     59.92837088
     59.92837088
     58.87571478
     59.96956736
     59.95777388
     59.27110392
     59.27110392
     59.80428684
     60.28747639
     60.41427119
     59.97723202
     59.97723202
     59.97723202
     59.97723202
     59.97723202
     59.97411048
     59.97411048
     59.97411048
     59.97411048
     60.03662536
     60.38415388
     60.97945929
     60.98004079
     61.37231575
     61.32702118
     61.08085220
     61.08085220
     60.60949830
     60.31558332
     60.63966232
     60.63966232
     60.63966232
     60.53463102
     60.25511473
     60.47951398
     60.83551579
     60.83551579
     57.33215942
     58.11244140
     59.16691509
     60.26111273
     60.89379543
     60.89379543
     60.69654072
     60.98269179
     60.22042929
     60.24724145
     59.67539889
     59.17288780
     59.17288780
     60.74339143
     61.26797563
     61.26797563
     61.26797563
     60.25301423
     60.98028172
     60.98028172
     60.97873614
     61.02710035
     61.08208974
     60.90140202
     59.49157636
     59.54730302
     59.54730302
     59.54730302
     59.67077928
     60.98139009
     61.00149233
     61.00149233
     61.12373521
     61.12373521
     61.12373521
     61.12373521
     61.41036472
     61.41036472
     61.41036472
     61.41036472
     61.41036472
     61.41036472
     61.45487941
     61.45487941
     61.37630676
     61.37630676
     61.37630676
     61.39842997
     61.39842997
     61.39842997
     61.28730023
     61.28730023
     61.28730023
     61.24685440
     61.30163400
     61.31496351
     61.15520827
     61.15520827
     60.31309535
     60.31309535
     59.78423687
     59.91126907
     59.91190019
     59.00060615
     59.00060615
     59.23861385
     59.23861385
     56.71329836
     56.71329836
     58.64712803
     58.70600084
     58.19505852
     58.87389186
     57.39443209
     57.24217674
     56.86686249
     56.52372784
     55.49339056
     55.49339056
     55.49339056
     55.49339056
     57.27116397
     58.24808177
     58.24808177
     58.89762365
     58.90267560
     58.94494749
     58.91651910
     58.32270639
     58.47225845
     58.31727117
     59.04045123
     59.04045123
     59.12256015
     58.48262204
     59.22215405
     59.74829608
     59.55862526
     58.87464417
     58.87464417
     58.83590149
     58.77856014
     58.94814967
     58.22901074
     58.43097430
     57.61518498
     57.61518498
     58.00492435
     59.31632841
     60.41465812
     60.41465812
     60.37279002
     60.37279002
     60.48993126
     60.61002749
     60.74282972
     60.74282972
     60.80862535
     60.80862535
     60.52513690
     60.52513690
     60.58155891
     60.59613973
     60.42679391
     60.27600870
     58.19427713
     58.19427713
     57.42093815
     59.27901408
     59.16291043
     57.53527476
     57.73127352
     57.68267844
     57.68267844
     57.98307861
     57.98307861
     57.98307861
     59.10420093
     59.10420093
     59.10420093
     58.77688971
     58.77688971
     59.49868662
     59.49868662
     60.11865239
     60.11865239
     60.20249270
     59.74469696
     59.74469696
     60.17431928
     59.76090212
     59.40755935
     59.34009080
     61.02046863
     60.65188002
     61.02921197
     61.02921197
     61.07889368
     59.92384418
     59.33288516
     59.33288516
     59.33288516
     59.33288516
     59.01839732
     59.01839732
     59.01839732
     60.46335299
     60.46335299
     60.50258538
     60.50258538
     60.76722582
     60.76722582
     59.91867073
     58.76584557
     58.76584557
     58.76584557
     58.76584557
     58.76584557
     56.60845545
     57.63324618
     57.63324618
     57.63324618
     57.63324618
     57.63324618
     57.63324618
     57.78447457
     57.78447457
     57.78447457
     60.86704157
     60.86704157
     60.86704157
     61.26697676
     61.26697676
     61.24809091
     61.19993483
     61.19993483
     61.16688420
     60.89961972
     60.91539544
     60.91539544
     60.98497610
     60.73680661
     60.58149729
     60.56914819
     60.33516029
     60.47984988
     60.47984988
     60.87279404
     61.01474301
     61.01474301
     61.01474301
     60.67092299
     61.02807077
     61.02807077
     60.90361609
     61.01811332
     60.81523890
     60.81523890
     60.81523890
     60.81523890
     60.73374992
     60.63137559
     60.63137559
     60.84496957
     60.15174957
     59.96459219
     59.97722579
     60.27622075
     58.31764706
     58.31764706
     59.29762031
     59.24859073
     59.83137099
     59.94132349
     60.71534211
     60.34673401
     59.38072060
     60.05123295
     58.85949024
     59.24142344
     58.31386028
     59.00994332
     59.00994332
     59.00994332
     59.66259429
     59.66464557
     59.79357192
     59.80602638
     59.86333374
     60.86856616
     60.86856616
     60.68548215
     60.44402345
     60.58436553
     60.82579134
     60.81058206
     61.04310413
     61.04310413
     59.31378357
     58.78162375
     58.78162375
     59.72814968
     59.95016901
     59.29386407
     58.57756294
     56.13781950
     56.13781950
     56.13781950
     56.13781950
     56.18264196
     57.29963135
     57.29963135
     57.29963135
     58.20082045
     59.18193930
     59.18193930
     59.18193930
     59.18157098
     59.70394886
     59.70394886
     59.93153441
     59.93153441
     58.31076591
     57.97849788
     58.92094658
     58.92094658
     58.92094658
     58.92094658
     58.92094658
     58.92094658
     59.32114983
     59.83619048
     59.91713353
     60.63458782
     60.63458782
     60.63458782
     61.18822473
     61.18822473
     61.18822473
     61.08620612
     61.08432371
     61.04695394
     61.04695394
     60.64980205
     60.78033961
     61.19327722
     61.13739463
     61.34488190
     59.80079319
     57.91396900
     58.62122150
     58.76145463
     58.76145463
     58.76145463
     59.36696116
     59.65854883
     58.46170453
     60.11219908
     59.90355091
     59.90355091
     60.65292449
     60.65292449
     60.55453313
     60.72284985
     60.72284985
     60.72284985
     60.98513888
     61.10932109
     61.26409607
     61.26409607
     60.82404106
     60.82404106
     60.82634720
     60.82634720
     60.76578702
     60.79765770
     60.79765770
     60.62101790
     60.53405027
     60.53405027
     60.73151730
     60.93713346
     60.93713346
     60.83269270
     60.95557826
     60.91272196
     60.48815337
     60.46326688
     60.39979232
     60.64408270
     60.74806658
     59.94889130
     59.94889130
     59.94889130
     59.91310510
     60.72509529
     60.91048927
     60.91048927
     58.94533297
     59.80057891
     59.80057891
     60.42775200
     60.69165939
     60.26621046
     59.06780548
     59.20368694
     59.20368694
     59.60825783
     59.87063734
     59.87063734
     59.87063734
     59.93330619
     60.06813225
     60.06813225
     60.32542460
     60.17432011
     60.17432011
     60.50514836
     59.15097210
     59.04821171
     58.01915544
     58.28015381
     59.27711689
     59.26818868
     59.54000075
     59.95908969
     59.95908969
     59.95908969
     60.41569285
     60.48839391
     60.48839391
     60.11873533
     60.11873533
     60.11873533
     60.12516589
     60.12130713
     59.04002972
     59.04002972
     59.59639211
     59.59639211
     60.19027753
     60.19027753
     60.48341155
     60.67043245
     60.80841281
     60.80841281
     60.84493411
     61.07178756
     59.30724427
     59.67275462
     59.67275462
     59.67790275
     59.67790275
     59.71772438
     58.40108419
     58.40108419
     58.40108419
     59.50928868
     59.50928868
     59.01915570
     59.01915570
     59.01915570
     59.01915570
     59.01915570
     59.29564076
     59.14497751
     59.14497751
     59.67226383
     59.67226383
     59.67226383
     60.01177314
     60.67226970
     60.67226970
     60.74119630
     60.74119630
     59.70972498
     59.46835426
     59.46835426
     59.56225555
     59.56225555
     59.77251842
     59.77251842
     59.77395854
     60.16248077
     60.16248077
     60.13098418
     60.20399163
     60.06673319
     59.75308666
     59.49118620
     59.57730103
     58.44298658
     59.32643375
     59.80131140
     59.37225644
     59.48403889
     60.00655459
     60.27916091
     60.54594260
     60.48821488
     60.74200018
     60.87553952
     60.95662831
     60.95662831
     60.95662831
     60.89043137
     60.00940353
     59.43650838
     59.48586770
     60.19524973
     58.73624431
     58.73624431
     57.95350669
     58.93479501
     59.95321156
     60.34541361
     60.46675859
     60.26609340
     60.78876688
     60.97715872
     61.34281590
     61.34281590
     61.34281590
     61.12552420
     61.16969388
     61.16969388
     61.16969388
     61.16969388
     61.16969388
     61.50184829
     61.50184829
     61.46309007
     61.47405376
     61.46859302
     61.46859302
     61.46859302
     61.46859302
     61.46859302
     61.46859302
     61.41106114
     61.41106114
     61.41106114
     61.41106114
     61.00687103
     60.95821978
     60.95821978
     61.40237369
     61.40237369
     58.64770002
     59.00221594
     59.30378070
     60.10955421
     60.10955421
     59.52569492
     59.50813734
     59.50813734
     59.93477676
     59.02570537
     58.59542775
     57.97748081
     59.77362509
     59.89764609
     59.83478321
     60.68432443
     60.73398488
     60.73398488
     61.05514473
     61.05514473
     61.05514473
     61.05514473
     61.32323591
     61.46534862
     61.46534862
     61.46534862
     61.46534862
     61.46455305
     61.36538379
     61.30540728
     61.30540728
     60.39778785
     60.19664593
     60.94146285
     60.94146285
     60.94146285
     60.94146285
     60.94146285
     61.00434718
     61.23454408
     60.98872373
     61.16683162
     61.09309255
     61.09309255
     61.09309255
     60.90194117
     60.88682933
     60.96863161
     60.58725112
     60.63488860
     61.38252947
     61.38252947
     60.91372544
     60.91372544
     60.91372544
     61.37495794
     61.41746413
     61.41746413
     61.46319404
     61.47376024
     61.47376024
     61.47376024
     61.47376024
     61.47376024
     61.47376024
     61.14064644
     61.13166749
     61.15385855
     60.98694541
     60.83384805
     60.55789417
     60.55789417
     60.93684374
     60.93684374
     60.93684374
     60.93684374
     61.32646839
     61.32646839
     61.32646839
     60.20853354
     61.33927941
     61.32403871
     60.43583351
     60.70393514
     60.69637949
     60.83216108
     60.88798432
     60.99927727
     61.05873988
     61.43255818
     61.43255818
     61.43151630
     61.43335163
     61.43335163
     61.43335163
     61.50281999
     61.43907658
     61.43907658
     61.43907658
     61.43907658
     59.85632493
     59.85632493
     59.16812830
     58.80899298
     59.42859491
     59.83575390
     59.83575390
     60.49519439
     60.48394002
     60.48394002
     60.51764632
     60.35187655
     60.25029884
     60.25029884
     60.67594508
     60.68456484
     60.79611394
     60.65216169
     60.56921390
     60.06914591
     60.50419285
     60.30801435
     59.91199059
     58.76604187
     58.26011605
     57.69456209
     57.18923422
     57.18923422
     57.18923422
     57.18923422
     59.00500920
     59.39002669
     59.39002669
     58.47718102
     58.47718102
     58.47718102
     58.47718102
     58.01945456
     58.01945456
     58.80075345
     59.41302444
     59.41302444
     59.41302444
     60.06375235
     60.49697533
     60.50799999
     60.48362105
     60.37028470
     60.42198216
     60.14735335
     58.20006484
     58.20006484
     59.25265862
     59.26630094
     59.34414553
     59.80510926
     60.05304898
     60.05304898
     59.57524983
     59.62132769
     59.62132769
     59.62132769
     60.71418310
     60.71418310
     60.97596745
     60.97596745
     60.97596745
     60.97173000
     60.46871048
     59.65201372
     59.65201372
     60.46734996
     61.30508859
     61.30508859
     60.90832527
     60.90832527
     61.06784913
     61.06784913
     60.84490563
     60.86927484
     60.59055121
     60.59055121
     60.59055121
     60.59055121
     60.92892385
     60.46885207
     60.10286458
     59.59918493
     59.67183133
     59.67183133
     60.04481004
     60.19391222
     59.08412421
     58.83013241
     58.77107337
     59.41504193
     59.30320466
     57.72905302
     57.72905302
     57.72905302
     60.55667514
     60.45091223
     60.33822465
     59.90259049
     59.77263055
     59.78396491
     60.38517272
     59.27790573
     59.27790573
     59.04101981
     57.99364652
     57.99364652
     59.34360416
     59.34360416
     57.32372419
     59.89859369
     59.89859369
     59.89859369
     59.83076458
     60.78387194
     60.78387194
     60.78387194
     60.61246977
     60.31022109
     60.37544132
     60.77215181
     60.77215181
     60.56051897
     60.12144855
     60.12144855
     60.12144855
     60.12144855
     59.21985288
     57.30761432
     59.09295165
     59.38213642
     59.50232526
     60.20139370
     60.20139370
     60.20139370
     60.33791967
     60.33791967
     60.33791967
     60.33791967
     60.33791967
     60.33791967
     60.42165002
     60.42165002
     60.42165002
     60.42165002
     61.50399548
     61.50399548
     61.50399548
     61.50399548
     61.50399548
     61.54769306
     61.54769306
     61.54769306
     61.54769306
     61.54769306
     61.54769306
     61.32322516
     61.31083717
     61.31083717
     61.05504264
     61.05504264
     61.22379764
     61.21186272
     61.35032376
     61.36884169
     61.18229143
     61.52518895
     61.34590362
     61.34590362
     61.35155224
     61.51285690
     61.51791274
     61.51791274
     61.51791274
     61.51791274
     61.51791274
     61.51791274
     61.51791274
     61.51791274
     61.51791274
     61.33548380
     61.34958129
     61.37985361
     61.35569353
     61.35569353
     61.35339834
     61.13408607
     61.13408607
     61.13408607
     60.49844392
     61.06290144
     60.76785713
     60.98250925
     61.00912385
     60.43106248
     61.35795222
     61.35795222
     61.35795222
     61.35795222
     61.35795222
     60.86221896
     60.86221896
     60.86221896
     60.86221896
     61.11621529
     60.86102760
     61.48893800
     61.49720736
     61.49720736
     61.49720736
     61.22346164
     61.21432621
     61.28434952
     61.13008851
     61.13008851
     61.13886659
     61.16577206
     60.81573219
     60.81573219
     60.56276212
     60.28548917
     60.33591916
     60.75848746
     60.75848746
     60.76029588
     60.43746685
     60.49785303
     60.49824838
     60.49824838
     60.22833231
     59.77960679
     60.08287399
     60.08287399
     58.82622076
     59.62588348
     59.21339602
     58.05903362
     58.05903362
     58.05903362
     58.05903362
     58.05903362
     57.65368837
     57.72106094
     57.72106094
     56.37498899
     60.73369202
     59.98334611
     60.10249798
     60.46521516
     60.35283769
     60.35283769
     60.31172947
     60.50925206
     60.38858424
     60.32026571
     60.36662387
     60.37230612
     60.37230612
     60.47546761
     60.51037498
     60.44856676
     60.45756204
     60.45756204
     60.53698135
     60.12564130
     60.50579650
     60.44717048
     60.44717048
     60.02855189
     59.72352340
     59.72352340
     60.43471540
     60.62436286
     60.99874428
     60.94763716
     61.24188725
     61.40710714
     61.38338321
     61.38338321
     61.38338321
     61.04035266
     61.04035266
     60.87938242
     60.89232164
     60.89232164
     60.89232164
     60.83105076
     60.84846779
     60.92028295
     60.92484445
     61.04404218
     61.03966654
     61.03966654
     61.19734935
     61.19734935
     61.34432396
     61.34432396
     61.34432396
     60.85470575
     60.96774425
     60.96774425
     61.39444771
     61.39444771
     61.39444771
     61.32072959
     61.30991355
     60.70255514
     60.70255514
     60.40952957
     60.40952957
     60.40952957
     60.40952957
     61.11019289
     61.11019289
     61.17206805
     61.14734662
     61.14734662
     61.30620625
     61.25085517
     60.30191197
     60.80889976
     60.80889976
     60.80889976
     60.79242189
     60.79242189
     60.79242189
     60.79242189
     60.79242189
     60.79242189
     60.79242189
     60.79242189
     61.50703657
     61.50703657
     61.50703657
     61.50703657
     61.50703657
     61.50703657
     61.50703657
     61.48773778
     61.48773778
     61.49229424
     61.40947344
     61.28590211
     61.26724712
     61.26724712
     60.23489527
     59.78580928
     59.78580928
     59.78580928
     59.83271942
     59.70921387
     59.70921387
     59.45950065
     60.11465920
     60.04387181
     60.02141284
     60.21158395
     60.95446718
     60.95446718
     60.98150443
     61.17898545
     61.17898545
     61.33061412
     61.19627884
     60.94243711
     60.94243711
     60.97151098
     61.18068858
     61.18068858
     61.18068858
     61.18068858
     61.18068858
     61.32819442
     61.32819442
     61.42092781
     61.42092781
     61.42092781
     61.46254071
     61.35452452
     61.36053015
     61.19907936
     61.19907936
     61.19907936
     61.19907936
     61.19907936
     61.19907936
     61.19907936
     61.19907936
     61.19907936
     61.01854339
     61.23743941
     61.10369898
     61.09176744
     61.08216286
     60.69633344
     59.51175935
     59.90903951
     60.44529133
     60.31538949
     60.31538949
     60.77001105
     60.80484312
     61.37985916
     61.37985916
     61.37985916
     61.43902390
     61.43902390
     61.43902390
     61.43902390
     61.41640272
     61.42883111
     61.42883111
     61.42883111
     61.42883111
     61.42883111
     61.42883111
     61.42883111
     61.42883111
     61.42883111
     61.41742370
     61.24046366
     61.24046366
     61.24046366
     60.85879296
     60.88289771
     60.88289771
     61.04089714
     61.28574448
     61.14398622
     61.19240671
     61.16569701
     61.11396472
     61.10899425
     61.10899425
     61.10899425
     61.10899425
     61.10899425
     61.20139904
     61.33486282
     61.29467853
     61.29467853
     61.29467853
     61.29467853
     61.29467853
     61.29467853
     61.07365111
     61.09273095
     61.27396531
     61.09426159
     61.26814089
     61.27159641
     61.28015213
     61.28015213
     61.22197504
     61.22197504
     61.09435064
     61.14527334
     61.14527334
     61.12538782
     61.12538782
     61.12538782
     61.12538782
     61.12538782
     61.00877289
     61.00877289
     61.01444823
     61.01444823
     61.01444823
     61.10371530
     61.10371530
     61.27564589
     61.27564589
     61.27564589
     61.31321938
     61.31321938
     61.35980766
     61.03131364
     61.04651504
     60.43488092
     60.87525741
     60.69174551
     60.69818641
     61.12411850
     61.01733278
     61.01733278
     60.84050033
     60.84050033
     60.49162322
     60.46846028
     60.84031149
     60.55160261
     60.56292367
     60.17164565
     60.43746565
     59.69149772
