     81.57062631
     81.81893716
     82.24049780
     82.24049780
     82.59935054
     82.59935054
     82.61595074
     82.61595074
     82.35584477
     82.35584477
     82.35584477
     81.13116907
     80.39165335
     80.39165335
     82.07504594
     80.87868654
     81.72204179
     81.70452903
     81.81609593
     81.78468065
     81.85822043
     81.83177376
     81.83177376
     81.92275288
     81.45453946
     80.20780303
     80.88387676
     80.88387676
     80.47325005
     80.28622207
     80.57960153
     80.57960153
     79.43384073
     79.80789564
     79.80789564
     80.94861526
     80.94861526
     80.94861526
     80.94861526
     80.83469560
     80.67719641
     81.33732789
     81.63369485
     81.63369485
     80.33154943
     80.83639124
     81.14074605
     81.30910711
     81.30910711
     81.14788957
     82.74208797
     82.74208797
     82.74208797
     82.74208797
     82.74208797
     82.66370632
     82.67539734
     82.18970716
     82.19870443
     82.19870443
     82.21056836
     82.25048039
     82.25048039
     81.94668714
     81.77362570
     81.77362570
     81.77362570
     81.77512605
     81.77512605
     81.77512605
     82.23224269
     82.06920801
     82.28007978
     82.44210519
     82.54789374
     81.93780309
     80.03933134
     79.74302635
     82.52081261
     82.37994688
     82.32919871
     82.34202729
     82.34094552
     82.34094552
     81.35525970
     81.70989733
     81.69920325
     81.83563652
     81.53261713
     81.53261713
     82.02749402
     82.09746432
     80.48864424
     81.12914060
     81.12914060
     79.92605382
     81.35740688
     81.35082401
     81.35082401
     81.23772610
     81.97750213
     81.97750213
     82.14107925
     82.11705764
     82.20035297
     82.16862162
     82.11044391
     82.11044391
     81.55771653
     80.89368071
     80.89368071
     80.92832265
     81.69104660
     81.28931028
     81.28931028
     81.28931028
     81.30088027
     80.86694735
     80.98222583
     81.88812926
     81.51989305
     81.33349516
     81.33349516
     80.95888544
     80.95888544
     81.51498110
     81.86047053
     80.72680998
     80.73363828
     80.65222121
     80.65222121
     80.65304864
     80.65304864
     81.13322905
     81.13031714
     80.67938168
     80.89146173
     81.66112775
     81.24215435
     81.24215435
     81.24215435
     81.24215435
     81.24215435
     81.76025804
     81.76025804
     81.58943115
     81.58943115
     80.65573477
     80.86746926
     81.07731389
     81.54993428
     81.56082737
     82.08120939
     82.08120939
     82.08120939
     82.08120939
     82.40006919
     82.41276740
     82.33813677
     82.33813677
     82.68752896
     82.70393229
     82.70393229
     82.70220313
     82.17654209
     82.17654209
     82.17654209
     82.17654209
     82.15611565
     82.15611565
     82.15611565
     82.40267704
     82.40267704
     82.40267704
     82.40267704
     82.40267704
     82.41043723
     82.41043723
     82.41043723
     82.49255643
     82.67355128
     82.67355128
     82.67355128
     82.67355128
     82.67355128
     82.67355128
     82.67355128
     82.16210288
     81.99036320
     81.99036320
     82.29019446
     82.27535767
     81.95271429
     82.06058134
     80.96308017
     80.96308017
     80.96308017
     82.28085651
     82.28085651
     82.26928542
     82.19981311
     82.18634892
     82.18634892
     82.39949143
     82.39949143
     82.35028105
     82.23289816
     81.82394787
     81.82394787
     78.00828524
     80.82949387
     80.82949387
     80.82949387
     81.78197526
     79.67314057
     79.67314057
     79.67314057
     79.67314057
     79.67314057
     78.41837029
     78.41837029
     78.41837029
     78.41837029
     78.41837029
     78.41837029
     78.41837029
     78.41837029
     78.41837029
     78.41837029
     78.41837029
     77.61640444
     77.61640444
     77.61640444
     76.94347097
     81.92395205
     82.51634725
     82.63968056
     82.50620069
     82.20340263
     82.20340263
     82.20340263
     82.19537347
     82.19537347
     82.19537347
     82.19537347
     82.19537347
     82.19537347
     82.19537347
     82.19537347
     82.19537347
     81.31202811
     81.70744115
     81.36537823
     81.44959585
     80.61463701
     80.61463701
     81.12465396
     80.83249145
     80.77886448
     80.77886448
     80.77886448
     80.98516146
     80.98516146
     80.91775740
     80.91775740
     80.93630295
     80.91076533
     81.31593110
     81.31593110
     81.64071648
     81.66074896
     81.60300179
     81.61941699
     81.61941699
     81.55917359
     81.67728270
     81.65756319
     81.56783868
     81.42743308
     81.09836192
     80.65318733
     80.79259713
     80.79259713
     80.79259713
     80.79259713
     79.65744611
     79.65744611
     79.65744611
     79.66775135
     79.88333136
     80.30384285
     80.30384285
     80.30384285
     79.50372633
     80.82143034
     80.38139335
     81.15810727
     80.87560638
     80.87560638
     80.87560638
     82.10868822
     82.10868822
     82.10868822
     82.14135911
     82.14135911
     82.14135911
     82.14031100
     82.57308289
     82.57308289
     82.70135299
     82.70135299
     82.69205060
     82.69205060
     82.69205060
     82.62077795
     82.61935574
     82.61163745
     82.61227482
     82.61227482
     82.61227482
     82.64008398
     82.68391260
     82.68391260
     82.66299593
     82.66299593
     82.66299593
     82.63877682
     82.63877682
     82.63877682
     82.63877682
     82.62733906
     82.62733906
     82.60630635
     82.60630635
     82.60630635
     82.60630635
     82.60630635
     82.37830049
     82.37830049
     82.60008338
     82.60008338
     82.60008338
     82.19665170
     82.06056324
     80.66000948
     80.66000948
     80.66000948
     80.67408581
     80.67408581
     81.53266803
     82.68400894
     82.68400894
     82.61842250
     82.61842250
     82.61842250
     82.61842250
     82.50974195
     81.89112284
     82.33923875
     82.51855079
     82.46847003
     82.46847003
     82.49154527
     82.49154527
     82.48805114
     82.20567438
     82.15134183
     81.42474766
     81.42474766
     80.96342535
     81.47594429
     81.58285917
     79.76819276
     79.76819276
     79.76819276
     79.23563772
     80.26318163
     79.85533600
     79.98909671
     80.54450888
     80.75042020
     80.88370796
     81.40448172
     81.72861066
     82.19281990
     81.77368418
     82.19282902
     82.19282902
     81.88976600
     81.85331747
     81.85331747
     82.11542560
     81.93643936
     81.80262537
     81.99893155
     82.06984052
     82.06984052
     82.06984052
     82.45312895
     82.52225572
     82.32049183
     82.34050259
     82.34050259
     82.34050259
     82.34050259
     82.64746681
     82.51235181
     82.34660627
     82.32149132
     82.49721545
     82.49721545
     82.43701632
     82.46652842
     82.46652842
     82.37765209
     82.09530074
     82.20917794
     82.20580954
     82.11448664
     82.59327720
     81.76766460
     82.18774027
     81.77109137
     81.77109137
     81.44270395
     81.89442263
     81.27422629
     78.34356764
     78.10377827
     79.26329386
     80.35558709
     80.59034151
     80.69708258
     80.69708258
     80.69708258
     79.91291677
     79.85249589
     79.85249589
     80.33808975
     81.26260709
     81.26408003
     81.73615989
     81.46703397
     81.22088477
     81.80398384
     82.05574043
     82.39309383
     82.39309383
     82.45600487
     82.45600487
     82.55688245
     82.37225845
     82.37225845
     82.58748027
     82.64558505
     82.67166624
     82.68129078
     82.68129078
     82.60410328
     82.64533985
     82.58171965
     82.55581658
     82.55581658
     82.25793259
     81.99731077
     81.67275798
     81.89895374
     81.89895374
     81.78468483
     81.85120509
     81.85120509
     81.85120509
     82.21348303
     82.41606801
     82.41606801
     82.41606801
     82.41606801
     81.99044959
     81.84985539
     82.24875213
     82.24875213
     81.86990639
     81.87427973
     82.55572667
     82.54445261
     82.41679685
     82.14154462
     82.02022767
     82.02022767
     82.02022767
     82.53678262
     82.53678262
     82.74392778
     82.74392778
     82.74392778
     82.74392778
     82.74392778
     82.74392778
     82.71083820
     82.64492177
     82.57234590
     82.57234590
     82.57234590
     82.57234590
     82.57234590
     82.56329516
     82.56329516
     82.48472593
     82.53965998
     82.53965998
     82.40827778
     82.42377937
     82.35367211
     82.59978613
     82.48375268
     82.48816449
     82.47254737
     82.46949131
     82.62494276
     82.60967884
     82.60967884
     82.73943665
     82.73943665
     82.73943665
     82.74540357
     82.29885841
     82.35200573
     82.07527798
     82.07527798
     81.82385929
     81.85919076
     81.06900380
     82.28565927
     82.28565927
     82.44916401
     81.31320714
     81.31320714
     81.41453465
     81.41453465
     81.41453465
     81.41453465
     80.48903961
     80.48903961
     80.20585919
     80.20585919
     80.17108594
     80.17108594
     81.02488242
     81.02488242
     81.26846237
     80.71031502
     80.86111095
     80.86111095
     80.70027146
     80.70027146
     80.99464067
     81.40492995
     81.40492995
     81.40492995
     81.40492995
     81.40492995
     81.40492995
     81.40492995
     82.08477451
     82.02801297
     81.79810578
     81.45645677
     81.45645677
     79.78082838
     80.79450051
     80.79450051
     81.22619116
     81.62523647
     81.65498488
     80.78598868
     80.62420602
     78.23178731
     78.23178731
     78.23178731
     78.23178731
     78.32835478
     79.10577981
     81.22595222
     81.22595222
     81.22595222
     80.71109084
     79.56024745
     79.56454267
     80.07053590
     80.07053590
     79.19141357
     81.38539157
     81.38879364
     81.35772955
     81.31183362
     81.48662045
     81.50711739
     81.75749186
     81.75749186
     80.92419114
     77.43199240
     79.16683388
     79.16683388
     80.10537248
     80.02577909
     79.19599957
     79.19599957
     79.19599957
     80.76204228
     80.76204228
     80.80816201
     81.64108374
     82.17022126
     81.80465152
     82.01558985
     81.80297500
     81.28342421
     81.77925787
     81.69089229
     81.80610919
     81.81481346
     82.22861755
     82.25753472
     82.25753472
     82.14801519
     82.14801519
     82.14801519
     82.66805827
     82.66805827
     82.66805827
     82.66805827
     82.66805827
     82.69032188
     82.69252968
     82.46406601
     82.05558860
     81.94366060
     82.47417612
     82.44142790
     82.44142790
     82.39471094
     82.39471094
     82.69212716
     82.69212716
     82.71643742
     82.71643742
     82.71807585
     82.59223329
     82.41858900
     82.24850570
     81.76864360
     81.50459374
     81.82293261
     81.82293261
     81.82293261
     81.70747518
     81.70747518
     81.82850799
     82.17858613
     82.45587185
     82.49657865
     81.93042508
     81.93042508
     81.93042508
     81.93042508
     82.02944826
     80.74412600
     80.73995059
     80.71507625
     80.45527713
     80.59026337
     79.54484515
     79.54484515
     79.21512459
     79.21512459
     79.72522202
     76.79512980
     76.79512980
     76.79512980
     77.78261555
     77.78261555
     77.78261555
     78.84470182
     78.84470182
     81.42033514
     81.65447951
     81.60914435
     81.49745919
     81.79728108
     81.79728108
     81.79728108
     81.64661028
     80.92402897
     81.31312391
     81.28132900
     81.34745814
     81.34745814
     80.98258042
     81.36221460
     81.22625138
     81.83676955
     81.83299140
     82.08599085
     82.08599085
     82.70789339
     82.70789339
     82.70789339
     82.70789339
     82.70789339
     82.58910677
     82.56187925
     82.02544290
     82.03213450
     82.58403780
     82.55881580
     82.55903739
     82.55088171
     82.55088171
     82.55837122
     82.55837122
     82.56111682
     82.56111682
     82.50857789
     82.60123593
     82.60123593
     82.58663646
     82.58663646
     82.59646109
     81.74130898
     81.70156052
     81.36555614
     81.74784555
     81.46450201
     80.80274891
     80.80274891
     79.87178902
     80.66949939
     81.36984158
     81.36970119
     81.06861346
     81.02764407
     81.11276356
     80.66985778
     81.07618786
     81.07618786
     79.87762411
     80.60896319
     80.18374582
     80.18374582
     80.18374582
     81.70179259
     82.13738378
     82.13738378
     82.08830242
     82.03989762
     82.03989762
     82.08666955
     81.69234680
     82.06249069
     81.94388471
     81.49075198
     81.73216389
     81.71371221
     81.45020268
     81.45890971
     81.36289510
     81.36289510
     81.23206245
     81.28735158
     81.20889910
     81.23776756
     80.67137443
     80.67650999
     80.67650999
     80.78870846
     80.92810751
     81.10529076
     81.40507770
     81.58476306
     81.55516556
     81.55516556
     81.55516556
     81.55516556
     81.41391393
     81.41391393
     81.15349393
     81.15349393
     81.15349393
     81.37056114
     81.37914839
     81.37914839
     81.37914839
     81.74285461
     81.74285461
     82.28341779
     82.46282146
     82.42809465
     82.44984648
     82.37506336
     82.50680011
     82.59535830
     82.59535830
     82.59535830
     82.59535830
     82.65599018
     82.59365542
     82.60362028
     82.60362028
     82.61040838
     82.61040838
     82.61040838
     82.61040838
     82.00241918
     81.99873914
     81.99873914
     82.34796385
     82.19328685
     82.19328685
     82.68196448
     82.68196448
     82.68196448
     82.63027659
     82.63027693
     82.66020546
     82.61483125
     82.73924439
     82.73924439
     82.72092306
     82.72092306
     82.72092306
     82.40511411
     82.40511411
     82.40511411
     82.40511411
     82.12003352
     81.79949637
     81.79949637
     81.50580079
     81.50580079
     81.50580079
     82.23885798
     82.37066694
     82.36330990
     82.17774937
     82.19516846
     82.53815723
     82.69649878
     82.69649878
     82.68990053
     82.67019362
     82.69800709
     82.68569939
     82.36549063
     82.36550719
     82.36550719
     82.67234268
     82.30796500
     82.30796500
     82.30796500
     82.30796500
     82.30796500
     82.30796500
     82.29509098
     82.29509098
     82.29509098
     82.27654142
     82.27654142
     82.27654142
     82.50076672
     82.46906145
     82.50697327
     82.50697327
     82.05190317
     82.15532228
     82.15532228
     82.15532228
     82.15532228
     82.07160212
     82.19533489
     82.18110601
     82.30214904
     82.30214904
     82.30214904
     82.70186464
     82.70348642
     82.73027741
     82.73027741
     82.61602142
     82.61870092
     82.61870092
     82.61870092
     82.62723627
     82.67714470
     82.65578475
     82.58938210
     82.09278031
     82.23778084
     82.23813334
     82.33028201
     82.14834704
     81.84340386
     81.84340386
     82.13687553
     82.11044037
     81.60539532
     81.60539532
     81.60539532
     81.60539532
     81.44684460
     81.44631520
     81.44631520
     81.79580563
     82.37121608
     82.37121608
     82.50294252
     82.35912894
     82.30585375
     82.30585375
     82.30585375
     82.30585375
     82.73728956
     82.73728956
     82.73927546
     82.71719597
     82.71719597
     82.71719597
     82.62770786
     82.62770786
     82.62770786
     82.62770786
     82.62770786
     82.62770786
     82.50774971
     82.50774971
     82.50774971
     82.50774971
     82.53338311
     82.49628745
     82.49628745
     82.31106479
     82.35144717
     82.35723694
     82.25976281
     82.25976281
     82.45464887
     81.99496237
     82.07424098
     82.07424098
     82.06602697
     82.07682097
     80.10100877
     79.99379704
     80.55648267
     79.54702065
     80.71980972
     80.15402384
     79.82680066
     80.38545348
     81.30668296
     80.59417814
     80.90938730
     80.89147873
     80.66041773
     80.66041773
     80.66041773
     81.53097858
     82.18190509
     82.11650404
     81.86216239
     81.86216239
     81.50822292
     81.50822292
     82.08107609
     82.08107609
     81.78891348
     81.78891348
     82.30648486
     82.30648486
     82.27847173
     82.27847173
     82.27847173
     82.27847173
     82.27847173
     82.34524285
     82.39752628
     82.40767277
     82.47905135
     82.32129819
     82.46892699
     82.44310474
     82.45426691
     82.35816719
     82.25771782
     82.25771782
     82.32417092
     82.32417092
     82.28163940
     82.39277151
     82.59631246
     82.59631246
     81.49683474
     80.92961605
     80.92961605
     80.92961605
     80.92961605
     81.51234161
     81.30370617
     78.10866937
     78.10866937
     78.10866937
     77.48916003
     77.48916003
     78.26473985
     78.26473985
     79.16049171
     79.16049171
     80.83134117
     80.10200995
     80.14055331
     77.20399988
     77.84088672
     77.83372266
     77.83372266
     77.83372266
     77.83372266
     78.89677733
     78.89677733
     78.89677733
     78.89677733
     80.78503399
     80.78503399
     82.23779219
     82.33696456
     82.33802218
     82.33802218
     82.35238228
     82.35582818
     82.34593619
     82.43945071
     82.27688028
     82.19194770
     81.66442939
     81.32678094
     81.14025257
     80.90774615
     80.76243242
     80.58804662
     80.58804662
     81.37049378
     81.31086781
     79.18757487
     79.40941826
     79.56518288
     79.78867392
     79.78867392
     81.29986471
     81.15617192
     81.07201906
     81.42404444
     80.36974137
     80.30152209
     80.05312872
     80.05312872
     80.28672656
     80.56686870
     80.78153077
     80.78153077
     81.64603686
     81.55834245
     81.42868845
     81.42868845
     81.47974786
     81.76881093
     81.64943114
     81.64943114
     81.54203287
     81.64474124
     80.77112348
     80.77112348
     80.77112348
     81.11383899
     81.11383899
     81.94855611
     81.71010047
     81.58847534
     81.89615853
     81.89615853
     81.89615853
     81.89321083
     82.51156194
     82.51156194
     82.52790016
     82.56830279
     82.55588288
     82.55588288
     82.54324594
     82.54112005
     82.54112005
     82.61943213
     82.54845000
     82.41788871
     82.57199696
     82.50492254
     82.54232614
     82.54232614
     82.34879806
     82.34879806
     81.51582002
     81.65313658
     81.65339356
     81.11689090
     81.11689090
     80.94884589
     81.67426131
     81.65901575
     81.65901575
     81.98537901
     81.21872250
     80.36482663
     80.36482663
     80.92403994
     82.00720159
     82.00720159
     81.83488752
     81.83488752
     81.83488752
     81.66071640
     81.66071640
     82.21963525
     82.26052869
     82.22729095
     82.43047434
     82.47284465
     82.47284465
     82.47284465
     82.47048813
     81.71354435
     81.71354435
     82.06968460
     82.31974538
     82.16539531
     82.16539531
     81.78548223
     81.78548223
     81.44848300
     81.44848300
     81.44848300
     81.44848300
     82.19597883
     82.05085902
     81.82446640
     81.69930922
     81.69930922
     81.80764840
     80.79062647
     78.87540624
     79.43114737
     80.22905369
     80.22905369
     80.22905369
     80.22905369
     80.95644784
     80.95891190
     81.24192935
     81.11317291
     81.11317291
     79.91330743
     79.88762049
     79.96807498
     79.42546055
     78.29013651
     77.86938018
     77.86938018
     77.86938018
     77.86938018
     76.17682415
     78.00686421
     78.84536402
     78.84536402
     78.84536402
     81.03259282
     80.94281758
     80.94281758
     80.94281758
     79.78538247
     79.71327255
     79.71327255
     79.71327255
     79.71327255
     80.68406947
     82.11387914
     82.08428662
     82.15849240
     82.52697399
     82.52697399
     82.52697399
     82.52650865
     82.38810350
     82.38810350
     82.38810350
     80.86948521
     81.14149716
     81.76231684
     81.81608344
     81.42699521
     81.63514701
     81.25849383
     80.67199741
     79.82899260
     79.82899260
     79.68482321
     79.68482321
     79.42625212
     79.42625212
     79.42625212
     79.42625212
     79.42625212
     80.62647357
     80.55629313
     80.55629313
     81.70218924
     80.91469828
     80.91469828
     81.01260068
     81.12613523
     81.12613523
     81.15795723
     81.64617419
     81.66187878
     82.12694065
     82.25276538
     82.43881397
     82.35029520
     82.18125502
     82.30885187
     82.39257259
     82.39257259
     82.27469844
     81.63475058
     81.65952985
     81.65952985
     81.59877835
     81.64903395
     81.64798447
     80.96194731
     81.12782490
     81.12782490
     80.65293377
     80.65293377
     80.65293377
     82.60940405
     82.60622834
     82.65767810
     82.65767810
     82.40811134
     82.40811134
     82.40811134
     82.37450300
     82.54661263
     82.59954384
     82.48201172
     82.41894189
     82.17814115
     81.99734619
     82.49814664
     82.37577807
     82.32609232
     82.29999232
     82.30169849
     82.58704041
     82.58704041
     82.51562607
     82.51562607
     82.51562607
     82.67667069
     82.67667069
     82.67667069
     82.72086709
     82.70925000
     82.63418475
     82.40482104
     82.40482104
     82.40482104
     82.69976592
     82.66171434
     82.58977605
     82.13622921
     82.10229721
     82.20462605
     82.20462605
     82.26512699
     82.18724510
     82.37621483
     82.55955129
     82.58296617
     82.57943524
     82.37899423
     82.37899423
     82.37899423
     82.41408567
     81.44855050
     80.89100629
     80.61219720
     80.56807391
     80.56807391
     81.07278781
     81.35187157
     81.75370763
     81.94688543
     82.43899939
     81.91830352
     81.92392713
     82.02248710
     82.11582018
     82.19877555
     82.56154160
     82.56154160
     82.05890792
     82.26412879
     82.25079258
     82.28756813
     82.61633534
     82.54930700
     82.54930700
     82.61601326
     82.17942399
     82.34940878
     82.35449682
     82.10700127
     82.06758859
     81.55497231
     81.98504660
     82.21757175
     82.17951039
     81.96789266
     82.11325398
     82.08129584
     81.84392654
     81.84392654
     81.85137054
     81.96217004
     81.96217004
     81.96217004
     81.85775815
     81.74012676
     81.97106820
     81.97338600
     81.83770760
     81.91996695
     82.34259920
     80.39763837
     79.55624411
     79.55624411
     79.64214134
     79.91092394
     79.91092394
     81.12564052
     81.49448936
     81.79117160
     82.20442149
     82.26048897
     82.30070733
     82.11438123
     82.17170632
     82.17170632
     82.17170632
     82.17170632
     81.50335528
     81.89108277
     81.99271174
     81.38574315
     81.34591390
     81.35468614
     80.59167624
     80.09768155
     80.09768155
     80.09768155
     80.36226348
     80.36226348
     80.08541951
     80.04011840
     80.94213001
     80.94213001
     81.67157959
     81.67157959
     81.46433496
     81.46433496
     81.08751387
     80.29168800
     79.34332948
     79.34332948
     80.72212715
     80.72212715
     80.99250346
     81.03180423
     80.96491959
     81.94708125
     81.97915920
     81.97915920
     82.22595086
     78.67176967
     78.67176967
     80.71076137
     80.71076137
     81.85888900
     81.49666862
     81.59657478
     81.52002980
     82.02895163
     81.73825014
     82.03784566
     82.20849736
     81.60291929
     82.26474992
     82.37322818
     82.45700944
     81.78605280
     81.88438582
     81.52016630
     81.60435459
     81.60435459
     82.41102563
     82.41102563
     82.41655478
     82.42065272
     82.45158346
     82.44672489
     82.44672489
     82.44672489
     82.17440898
     82.17440898
     81.99000123
     81.99000123
     81.65845344
     80.55215364
     81.79503866
     81.95969661
     81.95969661
     81.95969661
     81.95969661
     81.85082703
     81.85082703
     81.75349938
     82.06804288
     81.93962634
     81.57689837
     81.63641248
     82.67079081
     82.67079081
     82.66428975
     82.35676699
     81.83422400
     82.11270902
     82.03604297
     81.49188211
     81.53990777
     81.81191705
     81.85952830
     81.99078635
     81.51154586
     82.18199374
     81.29647390
     81.29647390
     81.29647390
     80.97109605
     81.15863496
     81.69509567
     81.78038215
     81.81678238
     82.18794079
     81.98685947
     82.03028559
     81.92056849
     81.45493697
     81.01903441
     80.99088305
     80.99088305
     80.77610109
     80.74454534
     80.72739075
     80.97241104
     80.97241104
     80.97241104
     81.09198978
     81.09198978
     80.51122032
     80.87746957
     80.70459717
     80.70459717
     80.13070970
     80.31025694
     80.35845098
     80.35845098
     80.39662809
     80.41223874
     80.41223874
     78.58448561
     79.41610038
     81.37389576
     81.24355425
     78.31443467
     78.31443467
     78.31443467
     78.31443467
     80.59810516
     80.76414736
     81.35734414
     80.72524435
     81.18983121
     80.31527844
     80.47016841
     80.49544735
     80.49544735
     80.49544735
     80.49544735
     81.65599775
     81.67247479
     81.67247479
     81.60541601
     81.76799639
     81.04716622
     81.14829991
     81.19232103
     81.25615209
     81.25615209
     81.25615209
     81.25615209
     81.01653872
     78.54369514
     79.99302349
     79.99302349
     79.99302349
     79.99302349
     79.71958293
     80.92784606
     80.76580474
     80.76580474
     80.76580474
     80.76580474
     80.90996813
     80.81717203
     80.81381599
     81.24219528
     80.87606765
     81.36196631
     81.37092937
     81.58249467
     81.51272696
     81.56923087
     81.56923087
     82.14292775
     81.11589987
     81.69425415
     81.14959453
     80.91034623
     80.89472914
     80.28638029
     82.20535662
     82.39865179
     82.39114885
     82.39260603
     82.49386374
     82.47469586
     82.47070506
     82.47070506
     82.38365391
     82.42393852
     82.39597299
     82.39597299
     82.39597299
     82.48872000
     82.53470937
     82.50368801
     82.29930067
     82.36798842
     82.36428769
     82.48261206
     82.48083933
     82.48083933
     82.48083933
     82.48811447
     82.53582924
     82.54296075
     82.54713229
     82.61276276
     82.70913748
     82.63211857
     82.61630291
     82.61630291
     82.61630291
     82.61630291
     82.61630291
     82.44629141
     82.44629141
     82.44629141
     82.44629141
     82.44629141
     82.44629141
     82.51640689
     82.51640689
     82.31316571
     82.31316571
     82.31316571
     82.31679990
     81.45160767
     81.19776771
     81.19992675
     80.82659260
     78.82040612
     79.55510374
     79.55510374
     79.55510374
     80.91458899
     80.60388864
     80.60388864
     81.18168341
     81.16724601
     81.49858968
     81.49858968
     81.49858968
     82.06080259
     82.14269909
     82.03738044
     82.44899281
     82.44831586
     82.47305487
     82.50306466
     82.62427645
     82.63725802
     82.59240714
     82.46184565
     82.46184565
     82.56802505
     82.55180182
     82.55180182
     82.59669928
     82.59669928
     82.59669928
     82.59669928
     82.59669928
     82.59669928
     82.52003140
     82.62197044
     82.60943696
     82.52907876
     82.52907876
     82.54795013
     82.54795013
     82.59865328
     82.26214428
     82.54942156
     82.49209809
     82.49209809
     82.60473712
     82.60473712
     82.66094619
     82.66094619
     82.59886187
     82.59886187
     82.61593727
     82.51895799
     82.66931859
     82.66931859
     82.61410063
     82.61410063
     82.61410063
     81.96610439
     81.94741621
     81.92680948
     81.37883459
     81.36042726
     81.07190016
     81.50090727
     81.22011557
     81.19621837
     78.69894516
     78.69894516
     78.69894516
     76.83763448
     76.83763448
     76.83763448
     76.83763448
     76.83763448
     76.83763448
     76.83763448
     76.83763448
     77.43719667
     79.16682274
     79.16682274
     78.90579514
     79.58797814
     80.70681291
     80.70681291
     80.48590579
     81.04164829
     80.97248758
     80.75965225
     80.75965225
     80.75965225
     80.75965225
     81.95850375
     82.04604712
     80.36741081
     80.36741081
     80.36741081
     81.20255059
     81.20255059
     81.19600187
     81.19600187
     81.65194279
     81.96393857
     81.82757029
     81.84672367
     81.82670621
     81.82670621
     81.84735122
     81.64815975
     81.74249305
     81.74006927
     82.08244767
     82.28493455
     82.28493455
     82.20179378
     82.20179378
     81.88668833
     81.73152907
     81.73152907
     81.77954710
     81.77954710
     81.84058505
     81.74834767
     81.74834767
     82.46172123
     82.44022539
     82.43355962
     82.41851874
     82.44062539
     82.43568652
     82.43568652
     82.43568652
     82.43568652
     82.62032862
     82.62032862
     82.62032862
     82.62365424
     82.62365424
     82.62365424
     82.62365424
     82.63968217
     82.63968217
     81.80083834
     81.80083834
     81.80083834
     81.78882238
     81.78882238
     82.55531791
     82.54200266
     82.54200266
     82.54200266
     82.54200266
     82.43523560
     82.44309139
     82.42690443
     82.42690443
     82.42690443
     82.43027291
     82.41124028
     82.41124028
     82.41124028
     82.41124028
     82.41124028
     82.56836866
     82.48226228
     82.48226228
     82.48226228
     82.48226228
     82.48226228
     82.48226228
     82.48158614
     82.48158614
     82.48158614
     82.48158614
     82.66775447
     82.67940135
     82.41467754
     82.41467754
     82.41467754
     82.45152360
     82.45152360
     82.44857653
     82.48994139
     82.48994139
     82.58134714
     82.58134714
     82.59485753
     82.59485753
     82.68609449
     82.72032727
     82.65951141
     82.65951141
     79.76390818
     80.89023487
     81.00772678
     81.00530841
     81.19846382
     81.19846382
     81.25668621
     81.25668621
     81.21418233
     81.37418615
     81.95060567
     80.91364622
     80.98501037
     80.98501037
     81.65900751
     82.69698287
     82.69698287
     82.69698287
     82.69698287
     82.69698287
     82.71734849
     82.53949784
     82.44428962
     82.35375130
     82.53835317
     82.53835317
     82.68971090
     82.68971090
     82.61505367
     82.72209188
     82.72209188
     82.72209188
     82.72951080
     82.72951080
     82.72780648
     82.70978990
     82.70978990
     82.68338235
     82.68338235
     82.68338235
     82.68338235
     82.59083236
     82.62358146
     82.59399119
     82.59399119
     82.70123417
     82.68353956
     82.68353956
     82.68353956
     82.59819997
     81.77762819
     81.70895653
     81.91310509
     81.91310509
     82.21342538
     82.47769078
     82.66193363
     82.66193363
     82.67290451
     82.67290451
     82.67290451
     82.67290451
     82.66327560
     82.68553165
     82.52851917
     82.22251028
     82.02040700
     82.47676039
     82.57656599
     82.52656714
     82.61036003
     82.44916248
     82.44916248
     82.44916248
     82.44916248
     82.44916248
     82.44916248
     82.13624179
     81.42755957
     81.90612539
     80.86292171
     80.80398122
     80.80398122
     80.89486700
     79.59601007
     79.59601007
     79.48042670
     79.48042670
     80.63005439
     81.41720945
     81.04709783
     81.04709783
     79.09101358
     79.09101358
     79.09101358
     79.09101358
     79.09101358
     79.09101358
     79.09101358
     79.09101358
     78.30074463
     74.88106699
     72.57239171
     72.57239171
     72.57239171
     72.57239171
     72.57239171
     72.57239171
     72.57239171
     71.65100293
     71.65100293
     71.65100293
     71.65100293
     71.65100293
     71.65100293
     73.31310891
     75.44196876
     76.79509642
     76.79509642
     76.79509642
     78.08569029
     78.08569029
     77.92079423
     77.92079423
     80.12209670
     80.12209670
     80.57246317
     79.89708093
     79.89708093
     80.37210049
     80.37210049
     80.37210049
     80.97160428
     80.97160428
     80.20035018
     80.20035018
     80.95778464
     81.55157392
     82.04250461
     82.05573677
     82.07464060
     81.99944215
     81.95601291
     81.83314252
     81.67566356
     81.37536326
     81.69216082
     80.97229867
     80.96898594
     81.50666853
     82.69266727
     82.70279967
     82.70279967
     82.53790886
     82.53790886
     82.20397301
     82.20588491
     82.18330695
     82.18657280
     81.56667284
     81.64078866
     81.63958856
     81.60757980
     81.47543095
     81.47543095
     80.64870169
     80.64870169
     80.64870169
     80.64870169
     81.33056299
     81.33056299
     81.33056299
     81.86603771
     81.40807156
     81.40704611
     81.40704611
     79.98210531
     79.98210531
     79.98210531
     82.35656519
     82.35656519
     82.35656519
     81.80418547
     82.24663190
     82.18670553
     82.18670553
     82.33056639
     82.13652603
     81.90143553
     81.73219140
     81.73219140
     81.73957794
     81.73957794
     81.97566531
     81.46096314
     80.64699094
     81.63777715
     81.25776859
     80.90798805
     79.99123014
     80.39881249
     81.27324953
     80.65884105
     79.71322732
     79.71322732
     78.27248071
     78.27248071
     78.27248071
     79.89003930
     79.66825753
     79.90528594
     79.90528594
     79.90528594
     80.66290607
     80.66290607
     80.58185859
     80.43331774
     80.45237310
     81.28073815
     81.26859506
     81.40451995
     81.53709587
     79.69413621
     81.39661523
     81.39661523
     81.51642189
     80.55201729
     80.55201729
     79.85807580
     78.57494212
     78.76805948
     78.51458030
     78.51458030
     78.51458030
     80.18892077
     80.18892077
     81.52341629
     80.89683325
     81.34556348
     81.07917463
     81.07917463
     80.92391067
     80.92391067
     81.14398712
     81.33073447
     80.71489709
     80.71489709
     80.70493225
     81.01114743
     81.01114743
     81.97608764
     81.96120510
     81.98214368
     82.43453902
     82.43453902
     82.50949593
     82.44961475
     82.44961475
     82.44961475
     82.55285175
     82.62124282
     82.62124282
     82.66773644
     82.66773644
     82.10334007
     82.10334007
     82.13269749
     82.13269749
     82.12168017
     82.20275021
     82.04442125
     81.98099208
     81.98099208
     81.98099208
     82.56581910
     82.49463536
     82.49463536
     82.44097055
     82.46957098
     82.45267393
     82.32774518
     82.62139867
     82.42494606
     82.57493282
     82.57453604
     82.62403645
     82.51915553
     82.52707358
     82.52707358
     82.55153526
     82.55153526
     82.38923744
     82.38923744
     82.44544790
     82.44544790
     82.44544790
     82.44544790
     82.59263353
     82.62101286
     82.26000786
     80.57844154
     80.78332430
     80.99105230
     80.87973248
     80.61743844
     80.71035208
     80.86936346
     80.57548023
     80.41797728
     80.99715057
     81.31320841
     80.35628214
     80.31443952
     79.54321814
     77.70022949
     79.10485306
     79.10485306
     80.02406592
     80.02406592
     81.50033260
     81.20660971
     80.99955165
     81.61127733
     81.47201043
     81.78486878
     81.78486878
     81.68247198
     80.99564979
     81.30640275
     81.30640275
     81.78582667
     81.78582667
     81.78582667
     81.59439503
     80.95757075
     80.95757075
     81.60272335
     82.05513032
     82.05513032
     82.05780556
     82.23246833
     82.23246833
     81.07887633
     81.48872114
     81.47805587
     81.66342279
     81.66342279
     80.26781779
     80.26781779
     80.46558822
     78.59478087
     78.43362614
     78.72821755
     77.22516063
     77.22516063
     78.26382476
     78.91660156
     78.91660156
     78.91660156
     78.91660156
     80.70228714
     80.36010142
     80.30314519
     80.20460867
     80.50290063
     80.18269162
     79.63090019
     79.41016995
     81.33328978
     81.93377806
     81.92474174
     82.16931573
     82.03059414
     82.50801075
     82.63279229
     82.55069242
     82.45963707
     82.45963707
     82.45963707
     82.45963707
     82.22249835
     82.22249835
     82.38319824
     82.38319824
     82.47960926
     82.59052087
     82.58824832
     82.58824832
     82.52486310
     82.61965535
     82.61965535
     82.61965535
     82.50312283
     82.54716622
     82.30353626
     82.54752811
     82.44812340
     82.39269267
     82.30684807
     82.32138442
     82.23517228
     81.89144263
     82.26193452
     82.24827398
     82.19936930
     82.19936930
     81.74068099
     82.00545585
     82.07877393
     81.72802535
     81.72802535
     81.72802535
     80.07169540
     80.07169540
     80.07169540
     80.71336950
     80.71336950
     80.71336950
     80.71336950
     80.65257008
     81.00637044
     80.60174665
     81.22371056
     81.18191981
     81.18191981
     81.18191981
     81.46448317
     81.61308832
     81.82276210
     81.82276210
     81.93595198
     82.27426668
     81.97662126
     82.08438024
     82.25131365
     81.46241853
     81.46241853
     81.43201274
     81.43201274
     80.56071559
     80.67866248
     79.97668883
     79.97668883
     79.47971574
     79.68097505
     79.68097505
     78.06767325
     79.68061940
     79.38364650
     79.38364650
     81.42385697
     81.42385697
     81.95834012
     82.05707797
     81.50773754
     81.50773754
     81.67467230
     81.62437800
     81.51555573
     81.84174909
     82.40763003
     81.75723187
     82.16941502
     82.20601704
     82.20601704
     82.54970183
     81.20182132
     81.20182132
     81.20182132
     80.35895652
     80.35895652
     80.35895652
     82.04204318
     82.04204318
     80.48002993
     80.48002993
     80.48002993
     80.61125594
     80.61125594
     80.35791542
     80.35791542
     80.35791542
     81.55062256
     80.91448505
     81.75535117
     81.75535117
     81.33740148
     81.27516902
     81.14855296
     81.14855296
     81.14855296
     81.09219732
     80.11805345
     80.11357163
     81.55382887
     82.18422846
     82.33776528
     82.33776528
     82.33776528
     82.37677288
     82.45615764
     82.36200881
     82.34038846
     82.34038846
     82.14622886
     82.51760433
     82.51112378
     82.51448384
     82.40132102
     82.38687218
     82.07412174
     81.40912746
     81.40912746
     81.48523889
     81.07355856
     80.87794855
     80.61169509
     80.39980656
     80.39980656
     80.39980656
     80.29464270
     80.29464270
     79.74092547
     79.74092547
     79.74092547
     81.13878777
     81.13878777
     81.26425766
     81.24619736
     80.80155384
     80.79245337
     80.79245337
     80.79245337
     80.79245337
     79.79854310
     81.32854976
     81.76349903
     81.33027820
     80.24227730
     80.32826842
     80.32826842
     80.51666522
     78.99335806
     78.69688728
     79.06895490
     77.86205879
     77.97806534
     77.97806534
     77.97806534
     79.29611489
     81.65519846
     81.69661632
     81.60776150
     81.83100626
     81.45151755
     82.27852606
     81.76167580
     81.88615036
     81.75516652
     81.75516652
     81.90671328
     81.61613881
     81.66332439
     82.10193228
     82.10193228
     81.45953644
     81.39244993
     81.39244993
     80.91404598
     80.91404598
     80.91404598
     80.51825411
     80.74478614
     81.18686175
     81.62124767
     81.95696408
     81.23645132
     81.66441544
     81.66441544
     81.66441544
     81.73039933
     81.95262668
     82.38828378
     82.41644423
     82.07862568
     81.73581613
     80.85324156
     80.85324156
     81.89004518
     81.94413302
     81.94413302
     82.06029255
     81.80862118
     82.05233994
     82.03762149
     82.28441398
     82.28441398
     82.24828034
     82.24828034
     81.44908612
     80.63523682
     80.63523682
     80.55598462
     80.55598462
     80.97709973
     80.27320031
     80.27320031
     80.39890768
     80.54050212
     80.54050212
     81.17956923
     81.12682508
     81.08994124
     79.12455893
     77.71055964
     78.51637738
     79.72583185
     81.27566164
     81.35390212
     81.35024081
     81.35024081
     81.35024081
     81.08651093
     81.57280438
     81.55660134
     81.78081372
     81.74474417
     81.70495957
     81.55182968
     80.72131868
     80.41469357
     80.41469357
     80.41469357
     80.82239110
     80.82239110
     81.96428611
     81.96428611
     80.70408861
     80.32757258
     81.26393825
     82.14406691
     81.81538808
     81.86392872
     81.87166647
     81.97697843
     81.96379393
     82.20245897
     82.20245897
     81.62125520
     81.75296273
     80.67967509
     80.67967509
     80.76387949
     81.34864989
     80.01886847
     81.04075614
     80.78751021
     80.45166616
     80.47275659
     80.08739651
     80.08739651
     79.66394242
     81.44845298
     81.42714571
     81.73882151
     81.45009053
     81.45009053
     81.91268043
     81.91268043
     81.12615421
     82.40644743
     82.66572627
     82.66572627
     82.49669444
     82.31427506
     82.31427506
     82.30206591
     82.13361152
     82.18193345
     82.02639142
     82.05248887
     81.18180321
     81.08843197
     82.14543335
     82.13055519
     82.42892342
     82.45333252
     82.42260297
     82.42260297
     82.36138750
     82.36138750
     82.32582118
     82.32582118
     82.30919198
     81.12766779
     81.89042762
     81.89042762
     81.89042762
     81.92791860
     81.88753276
     81.19667123
     82.33547688
     82.35594993
     82.35594993
     82.35594993
     82.35821165
     82.35821165
     81.70208070
     82.06172119
     82.15210765
     82.15210765
     82.15210765
     82.28760852
     82.28760852
     82.28760852
     82.45000031
     82.62535360
     82.62535360
     82.62535360
     82.66413200
     82.67422769
     82.68087203
     82.66552913
     82.58383002
     82.58383002
     82.23746390
     82.23746390
     82.58460560
     82.58460560
     82.49973121
     82.49973121
     82.16085126
     81.24454394
     82.13138028
     82.17254107
     82.22267141
     82.48189486
     82.46606237
     81.73909881
     82.27049608
     81.64481209
     81.64481209
     82.08692087
     82.08661014
     81.26569859
     81.88344524
     81.25176069
     81.25176069
     81.30246899
     81.30246899
     81.75085025
     81.80561460
     80.91651113
     80.96763385
     81.27456463
     80.72066094
     80.46501772
     81.35316838
     81.35316838
     81.66761700
     81.12971581
     81.12971581
     81.44023472
     81.50615635
     81.52529628
     81.52529628
     81.39160827
     81.39160827
     81.39160827
     81.39160827
     81.88821162
     82.21284488
     82.21284488
     81.99977102
     81.95826040
     81.97557175
     81.75048425
     81.75048425
     81.89332050
     81.89332050
     81.23529590
     79.75500168
     80.29827173
     80.85489525
     80.85489525
     79.72378196
     79.86821612
     79.67609458
     80.35988396
     79.96839626
     78.43102071
     78.43102071
     79.59650262
     79.80986125
     77.20827176
     80.26296423
     80.26296423
     80.44887490
     80.44887490
     80.42194631
     82.73005076
     82.73005076
     82.60932846
     82.73165834
     82.72233260
     82.72233260
     82.72233260
     82.72233260
     82.72233260
     82.54423952
     82.51013871
     82.51013871
     82.51245624
     82.00065515
     81.70028463
     81.73723690
     81.91819777
     81.87870003
     81.91169423
     82.30771726
     82.30771726
     82.40351965
     82.40351965
     82.40351965
     82.40351965
     82.42612678
     82.45323866
     82.27486278
     81.64686643
     81.64686643
     81.65051197
     81.53227728
     80.33187158
     80.33187158
     82.04682329
     82.04682329
     82.04682329
     82.42931931
     82.43874083
     82.43874083
     81.80030504
     81.80936796
     81.79745526
     81.87239154
     81.87239154
     81.87239154
     82.34930712
     82.34930712
     82.48824819
     82.53459126
     81.83702517
     82.12679876
     82.07697884
     82.25987107
     82.21319130
     82.24380219
     82.24118591
     81.86570169
     81.86570169
     81.86570169
     80.86727021
     80.71080222
     81.29335231
     81.59242054
     81.66969920
     81.94638558
     81.94638558
     81.30651610
     80.88938656
     80.46553019
     80.46553019
     80.46553019
     80.39812421
     82.14681027
     81.88311197
     81.88311197
     81.52049715
     81.74310024
     81.27927129
     81.27927129
     81.33860485
     81.58204922
     82.31102711
     81.93854070
     82.23402512
     82.42578695
     82.28600132
     82.25463884
     81.97301349
     81.82930888
     81.80819702
     81.64606358
     81.55451476
     81.27189171
     81.27189171
     81.27189171
     81.27189171
     80.74977279
     81.16074441
     81.16074441
     81.54524412
     81.54524412
     81.54524412
     81.73550257
     81.56113425
     81.56113425
     81.56113425
     81.56113425
     81.56113425
     82.40808129
     82.26645232
     82.26645232
     82.26645232
     82.39975843
     82.45705262
     82.48720126
     82.53542010
     82.51894399
     82.63554931
     82.61107777
     82.58066680
     82.55901661
     82.54101141
     82.54101141
     82.51196224
     82.50410727
     82.38142963
     82.38731157
     82.32732043
     81.62604361
     81.48552411
     81.94242620
     81.85387260
     81.85387260
     80.55786722
     80.75110919
     80.75110919
     80.11881942
     80.19733137
     80.19733137
     80.05292507
     79.22429574
     79.22429574
     79.22429574
     79.22429574
     79.32518678
     79.08038152
     79.08038152
     79.55306846
     77.03729747
     80.88261782
     81.21901578
     81.21901578
     81.35178647
     80.20920939
     80.95978028
     80.25167074
     80.25167074
     80.25167074
     80.64549451
     81.93830747
     82.02921909
     81.96009558
     81.90433716
     81.90433716
     81.75144590
     81.75144590
     81.25456212
     81.60734507
     81.24516585
     81.03720323
     81.32835393
     81.26801606
     81.25875554
     81.24310837
     81.03250574
     81.03396564
     81.32545918
     79.94426830
     79.94426830
     79.94426830
     79.94426830
     79.94426830
     79.63257769
     79.63257769
     79.63257769
     79.37486266
     81.07849140
     81.17435501
     81.13380949
     81.13380949
     81.30936235
     81.47824639
     81.49891911
     81.41995064
     81.41669411
     81.41669411
     81.57921071
     81.92270404
     81.91611398
     82.24953540
     82.24953540
     82.24953540
     82.24953540
     82.28779294
     82.07746088
     82.03274933
     81.96313086
     81.96313086
     81.86048046
     81.77875084
     82.19885746
     81.63703358
     81.63703358
     81.27526318
     81.78213968
     81.97354500
     81.61655215
     80.79514832
     80.79514832
     80.79514832
     80.79514832
     80.26535383
     80.26535383
     79.88596041
     79.88596041
     79.79529413
     80.07816492
     80.07816492
     80.07816492
     81.34605733
     81.39484693
     81.27585671
     80.34832986
     80.34832986
     80.18549584
     80.18549584
     81.05043621
     80.74871743
     81.29812488
     81.29812488
     81.29812488
     82.07276413
     82.07276413
     82.58104478
     82.55182491
     82.57813397
     82.57622676
     82.26461098
     82.60499654
     80.14058936
     79.92055088
     79.24312413
     80.33064268
     80.11763988
     80.11763988
     80.11763988
     79.90654232
     80.12657689
     80.64027296
     81.58509152
     81.81932859
     81.81932859
     81.52257837
     81.56176159
     82.32832682
     82.01837111
     82.01837111
     82.01837111
     82.31228802
     82.71006106
     82.72385182
     82.68353745
     82.62431818
     82.68509334
     82.68509334
     82.68509334
     82.68509334
     82.69145651
     82.69145651
     82.71493599
     82.60162510
     82.60162510
     82.61261366
     82.74450151
     82.65628701
     82.65628701
     82.65628701
     82.68395846
     82.29776975
     82.23910311
     82.20054462
     82.20054462
     82.49223707
     82.64626016
     82.66805107
     82.71021091
     82.71021091
     82.71021091
     82.71021091
     82.37075157
     81.93939579
     81.93939579
     81.83642010
     81.56170493
     82.24430252
     82.37325664
     82.23696220
     82.60651689
     82.60248561
     82.52130238
     82.52130238
     82.32993819
     80.94977398
     80.55923288
     80.55923288
     80.55923288
     80.55923288
     81.05424696
     80.08218752
     80.08218752
     80.08218752
     80.08218752
     80.08218752
     80.01663960
     79.65015763
     79.65015763
     79.77719375
     81.09545198
     81.09984799
     82.13372715
     82.13372272
     82.44406788
     82.44406788
     82.45748086
     82.23689951
     81.98269646
     80.86240408
     81.12777966
     81.04927421
     80.81070189
     78.78183846
     79.53998377
     79.53998377
     80.57860836
     81.59560212
     81.85826742
     81.85826742
     81.82105262
     81.93105101
     82.14892640
     82.14892640
     82.14892640
     82.14892640
     80.59525554
     80.77973437
     81.17756477
     79.87982093
     80.91893511
     81.63078562
     82.11154186
     82.07765674
     81.72226188
     81.77776921
     81.79399571
     81.92135653
     81.90481924
     82.03841062
     82.03841062
     81.89909894
     81.83698002
     81.89258276
     81.74866803
     81.72926918
     81.72926918
     82.06159103
     82.06159103
     82.08109045
     81.97028136
     81.88664635
     81.81064794
     81.25960190
     80.79866777
     80.79866777
     81.95027889
     81.39031734
     82.36881824
     82.45220958
     82.60376500
     82.60376500
     82.66759846
     82.66759846
     82.56959326
     82.29126326
     82.43032834
     82.43032834
     82.43032834
     81.86083020
     81.86083020
     81.86083020
     81.30615379
     81.33011478
     81.29914434
     81.32634230
     82.14937780
     82.14937780
     82.05988628
     82.05128543
     82.05128543
     82.05128543
     81.87974512
     81.86606956
     81.69995321
     81.69995321
     81.83539869
     82.07360462
     82.07360462
     80.75908706
     80.75908706
     80.75908706
     80.62728411
     80.72470626
     81.03348800
     81.61045868
     82.09369609
     82.10435347
     82.07155344
     81.69146313
     80.88760898
     80.88760898
     81.78421890
     81.39347695
     81.32788114
     81.64861359
     80.29359199
     80.29359199
     80.66908028
     80.57301837
     80.57301837
     80.76900200
     81.15013897
     81.05536320
     79.60077212
     79.37889574
     78.48580188
     78.48580188
     79.70907994
     79.75641909
     80.88852989
     79.37090139
     82.57522551
     82.03459336
     82.03459336
     81.83560149
     82.14353740
     82.14353740
     82.14454523
     82.20951892
     82.17578603
     82.36120529
     82.03166033
     81.86260471
     81.86260471
     81.58740878
     81.58740878
     82.19033515
     82.31377456
     82.31377456
     80.56072558
     80.56072558
     80.56072558
     81.54808305
     81.52133260
     81.33705609
     81.66808207
     81.66808207
     82.36677876
     82.35969407
     80.36456413
     80.36456413
     81.00452758
     81.00452758
     81.00452758
     81.00452758
     81.00452758
     82.23280969
     82.26855701
     82.44012845
     82.62429541
     82.63308383
     82.69170188
     82.70012535
     82.70012535
     82.70430797
     82.68069477
     82.67005711
     82.70563969
     82.70563969
     82.70563969
     82.70563969
     81.63956335
     81.06957291
     80.82879632
     80.95842979
     80.84552576
     82.28781892
     82.06100678
     81.99880974
     82.44800752
     81.86019630
     81.76081554
     81.76081554
     81.76081554
     82.04292053
     81.91350672
     81.91350672
     81.91350672
     81.89654129
     81.89654129
     81.89654129
     81.99748369
     81.98459584
     81.98459584
     81.39706839
     82.26465325
     82.32773346
     82.29982798
     82.07411204
     81.99668074
     81.91382696
     80.83845200
     80.83845200
     81.27881727
     81.05588137
     81.64648963
     81.64648963
     81.65902493
     81.43611318
     81.43611318
     81.57793166
     81.47936828
     81.86341524
     81.58159912
     82.16707243
     82.16707243
     81.85766615
     82.41380034
     82.21012122
     82.21012122
     82.33517758
     80.29368569
     80.40530693
     80.63110143
     80.63046683
     80.53662728
     80.53662728
     79.29969721
     79.92609754
     79.60246479
     80.79622586
     80.86345953
     81.57211260
     81.57211260
     81.36211156
     81.36211156
     81.12828067
     81.12828067
     81.51159263
     81.51159263
     81.83700251
     81.82871563
     81.48363662
     82.09524771
     81.87621876
     81.90710715
     82.16260269
     82.16260269
     81.98205223
     82.04123732
     82.03635188
     80.72050448
     80.72050448
     81.67957251
     80.53229129
     81.90113347
     81.80013105
     81.80013105
     80.96864110
     81.02634670
     81.11424268
     82.10926483
     82.10926483
     80.49917855
     80.13530439
     80.13530439
     80.40341859
     80.09001702
     80.09001702
     80.20215537
     79.60187952
     80.97460125
     81.33771253
     81.01641479
     80.09890494
     80.77567939
     81.23883027
     79.87541200
     79.52937869
     79.52937869
     81.03012084
     81.03012084
     81.02772450
     81.26910064
     79.49878244
     79.95979891
     79.95979891
     79.38765476
     79.38765476
     78.65126499
     80.55806973
     80.93698341
     80.93698341
     80.78937228
     80.98811048
     80.98811048
     80.98811048
     80.84612128
     80.84612128
     81.80940011
     81.81527566
     81.71084478
     81.71084478
     81.70225725
     81.95726843
     80.48562441
     80.36448246
     80.44179778
     80.44179778
     80.42801191
     81.19161723
     81.56543617
     81.56543617
     81.85120009
     82.15642823
     82.54287846
     82.54287846
     82.48249552
     82.47831800
     82.46550848
     82.25890008
     81.55309768
     81.55080241
     81.55080241
     81.59933349
     81.50693648
     81.38919753
     81.38919753
     79.57384732
     79.18989143
     79.82126479
     79.84939479
     81.49007288
     81.54934840
     81.89698721
     81.99836666
     82.06074825
     82.08822550
     82.08822550
     82.59094493
     82.59094493
     82.59094493
     82.62381457
     82.33811135
     82.33811135
     82.37836040
     82.37836040
     82.37836040
     82.41420258
     82.41420258
     82.41420258
     82.34896466
     82.29091188
     82.63804196
     82.63804196
     82.63804196
     82.59703479
     82.59703479
     82.59703479
     82.66100348
     82.66100348
     82.66100348
     82.69564630
     82.72532883
     82.60123721
     82.46051231
     82.41462579
     82.50329095
     82.32972408
     82.32972408
     82.32972408
     80.17609104
     80.17609104
     80.65875298
     80.65875298
     80.63167186
     81.67286486
     81.82294867
     81.83373875
     81.83373875
     82.29214454
     82.16665183
     82.21604252
     81.88212169
     81.77420428
     81.77420428
     82.01762073
     82.12991340
     82.12991340
     82.36770127
     82.36770127
     82.36770127
     82.34352209
     82.34352209
     82.34352209
     82.16747753
     82.08810834
     82.50036016
     82.51091405
     82.51860676
     81.91590757
     82.56302157
     82.56400486
     82.56400486
     82.37455390
     82.47725361
     82.47725361
     82.48554412
     82.48554412
     82.48562539
     82.48562539
     82.48562539
     82.50656757
     82.50656757
     82.50783021
     82.48129412
     82.48938611
     82.68712828
     82.69202900
     82.70879297
     82.48070694
     82.36833335
     82.36833335
     82.01571290
     82.15526504
     82.15526504
     82.26412638
     82.26412638
     82.26412638
     82.41292438
     82.41292438
     82.40492146
     82.02896925
     82.02896925
     82.08982956
     82.44174328
     82.44174328
     82.40595357
     82.40595357
     82.34607520
     82.21121799
     82.21121799
     82.25069254
     82.31212359
     81.97292345
     82.34842318
     82.34842318
     82.34815841
     82.37760711
     81.68416167
     81.50681344
     81.50681344
     81.43306708
     81.24145261
     81.39210010
     80.63611671
     80.65354761
     80.64815999
     80.64815999
     80.64815999
     80.58974344
     81.38890440
     81.99757733
     81.42007881
     81.38972564
     81.38972564
     81.31021043
     81.61791739
     81.24296012
     81.29007621
     79.46422604
     79.34164762
     79.45898071
     76.00509919
     76.00509919
     80.09602622
     80.09602622
     79.85559201
     79.85559201
     79.85559201
     79.85559201
     80.94539233
     80.94539233
     80.06566763
     80.06566763
     80.06566763
     80.15255089
     80.15255089
     80.71944334
     80.45789753
     80.61186694
     80.70051325
     80.15418918
     80.15418918
     80.15418918
     81.86881272
     82.18080530
     82.61910694
     82.36083603
     82.41974940
     82.15435079
     82.24504379
     82.41030561
     82.41030561
     82.41794648
     81.54111076
     81.54111076
     81.55195669
     81.66375819
     81.66375819
     81.66375819
     81.66375819
     81.66375819
     81.66375819
     80.92485697
     80.92485697
     79.61042778
     79.61042778
     79.39979434
     79.39979434
     81.53749341
     81.55860265
     80.51626806
     81.29176928
     81.68925848
     81.68925848
     81.67793119
     81.41244153
     82.21304458
     81.64933526
     81.96598316
     81.72082070
     82.25036682
     82.25036682
     82.25036682
     82.11887368
     81.93158279
     81.74522855
     81.41420592
     81.41420592
     81.52209709
     81.64449945
     81.64449945
     81.65673541
     82.07904800
     82.26107068
     82.26107068
     82.32853507
     82.32853507
     82.55391828
     82.57529135
     82.57529135
     82.57529135
     82.57529135
     82.56955279
     82.57100289
     82.56454194
     82.67457655
     82.63091329
     82.63091329
     82.63091329
     82.04459407
     82.28312436
     81.97138235
     81.97138235
     81.11636743
     81.06284587
     81.06284587
     80.35997134
     80.35997134
     80.82560889
     82.44290805
     82.39436569
     82.41762480
     82.41762480
     82.41586427
     82.40119061
     82.24449656
     82.33098038
     82.33098038
     82.20551180
     82.20551180
     82.20551180
     82.20551180
     82.20551180
     82.20551180
     82.20551180
     82.20551180
     82.20551180
     82.20551180
     82.20551180
     82.25361959
     82.25057743
     81.23431380
     80.61632747
     80.61632747
     80.89759530
     80.89759530
     80.89759530
     80.89759530
     80.89759530
     80.92048029
     82.23980182
     82.27965206
     82.15232813
     82.15232813
     82.43696557
     82.43696557
     82.51714474
     82.48496086
     82.48496086
     82.48496086
     82.53406486
     82.39123003
     82.39123003
     82.33146405
     82.33146405
     82.33146405
     82.41518394
     82.37316484
     82.37316484
     79.98599692
     79.98599692
     79.80941833
     81.07124613
     81.26986267
     81.04955272
     79.19208320
     79.19208320
     77.25735288
     77.25735288
     77.25735288
     77.25735288
     78.92568595
     78.64170577
     78.64170577
     78.64170577
     78.75012272
     79.34609287
     79.21310668
     78.69428043
     78.88135022
     78.88135022
     78.88135022
     78.02801251
     76.83525096
     76.83525096
     76.83525096
     78.53560340
     78.76306672
     79.75675715
     80.89908221
     80.89908221
     81.57479428
     81.49905583
     81.28563823
     81.73466053
     81.57132704
     81.56938822
     81.56938822
     81.75325973
     81.71411427
     81.65621162
     81.65621162
     81.82324694
     81.90485717
     81.89670225
     81.89670225
     81.89670225
     81.70286939
     81.70286939
     81.60317025
     82.23424152
     81.15044644
     81.15044644
     80.91749424
     81.81319345
     81.80737062
     81.89565737
     81.92565331
     81.77013792
     80.30231271
     79.96368242
     80.53057507
     80.53057507
     80.64924067
     80.65043744
     81.59464658
     81.75419528
     82.05881194
     82.05881194
     82.15779784
     82.51957667
     82.50708439
     82.50428029
     82.50428029
     82.47021821
     82.60394549
     82.60394549
     82.60394549
     82.70982206
     82.70982206
     82.70982206
     82.72054723
     82.72033160
     82.60571027
     82.59475697
     82.52037415
     82.52037415
     82.52256393
     82.42064690
     82.19528003
     82.09574551
     82.20896252
     82.03846868
     82.03846868
     82.42510401
     82.42510401
     80.97824800
     80.97824800
     82.09859493
     82.29500734
     82.29421901
     82.15372187
     82.48677155
     82.45968085
     82.17639488
     82.43021113
     82.43021113
     82.43021113
     82.73202763
     82.69707953
     82.61803959
     82.61803959
     82.61803959
     82.61803959
     82.61803959
     82.61803959
     82.59500312
     82.60723662
     82.60723662
     82.60723662
     82.61112648
     82.58489421
     82.49707033
     82.49707033
     82.49707033
     82.49707033
     82.49707033
     82.56130167
     82.63322643
     82.49344976
     82.49344976
     82.49344976
     82.49344976
     82.49344976
     82.53049544
     82.32157310
     82.32157310
     82.32157310
     82.32157310
     82.32157310
     82.32157310
     82.32157310
     82.55907295
     82.55907295
     82.36052224
     82.23643573
     81.58947217
     81.58001867
     81.97842519
     82.32514691
     82.22976430
     81.83663603
     81.83663603
     81.93061473
     82.06650535
     81.89211870
     82.05378635
     82.05378635
     82.05378635
     82.31569052
     82.08240113
     81.24370342
     81.83298168
     81.45490795
     81.45490795
     80.24239498
     80.24239498
     80.97037456
     80.27898544
     80.36796758
     80.36796758
     80.78040880
     80.12582794
     80.12582794
     79.85495125
     79.85495125
     77.53131440
     77.53131440
     77.53131440
     79.79088276
     79.79088276
     78.99916913
     78.99916913
     78.99916913
     81.32160165
     81.35623405
     81.35623405
     81.90627393
     81.90627393
     81.58131464
     81.58131464
     81.58131464
     81.58131464
     81.73393029
     81.65377489
     81.76757507
     82.43320120
     82.41324073
     82.57256602
     82.25439365
     82.60897572
     82.60897572
     82.61382215
     82.61382215
     82.59708625
     82.44608346
     82.64946049
     82.64946049
     82.64244554
     82.27159989
     82.23790668
     82.17007599
     82.01667458
     82.01667458
     82.04089842
     82.08397680
     82.15066458
     82.13661816
     82.10712204
     82.10712204
     81.45996126
     81.05412876
     81.41720539
     81.91205367
     81.91205367
     81.91205367
     82.13815691
     82.19433271
     82.19310078
     81.60334362
     82.04910746
     82.25893915
     82.69652422
     82.65862749
     82.65862749
     82.56688687
     82.35510079
     82.35510079
     82.35510079
     82.35510079
     82.69500243
     82.65769564
     82.66282940
     82.66282940
     82.66282940
     82.58259476
     82.33032961
     82.33032961
     82.33032961
     78.31781187
     77.77559015
     77.77559015
     76.72415818
     79.44837559
     79.44837559
     80.24903945
     80.97376270
     80.97376270
     81.45097310
     80.90078520
     81.66258070
     81.66258070
     81.66258070
     82.23879669
     81.47647087
     80.86392635
     80.86392635
     80.75324121
     80.91968948
     80.55925056
     80.80164188
     80.70417442
     81.27188006
     81.22369262
     81.15201528
     80.22415943
     80.67125397
     80.67125397
     80.48939279
     80.73586012
     82.12232414
     82.17745996
     82.17745996
     82.42615494
     82.42615494
     82.44430605
     81.58847085
     81.58847085
     82.50309659
     80.79268282
     80.89526723
     80.96532983
     81.65467876
     81.56839261
     81.56839261
     81.31077623
     81.31077623
     81.48516845
     81.63780113
     82.62622138
     82.62622138
     82.55987871
     82.48840768
     81.95130290
     81.79589193
     82.15318758
     82.15318758
     82.15318758
     82.15318758
     82.15318758
     82.04452759
     82.00164091
     81.90520984
     82.23252267
     82.25140993
     82.23504146
     82.22252425
     81.96400065
     81.96400065
     80.44171508
     79.59298707
     79.59298707
     80.55820304
     81.15977577
     80.99468107
     80.99468107
     80.32871171
     80.32871171
     80.48395587
     80.38009827
     80.38009827
     81.72668550
     81.58768962
     81.68954759
     81.68954759
     81.68954759
     82.12388337
     82.45299106
     82.16665134
     82.16665134
     82.31931205
     81.45761451
     81.19039889
     81.25867066
     81.16545911
     81.29646340
     81.29646340
     81.29646340
     78.58096299
     78.64123505
     78.19465136
     78.54445212
     78.54445212
     79.53176038
     79.53176038
     79.53176038
     79.53176038
     79.53176038
     81.07462348
     81.07462348
     78.67660991
     79.93774140
     79.52638394
     78.07557290
     78.07557290
     78.32757686
     78.32757686
     77.22565825
     78.99112116
     78.99112116
     78.99112116
     78.99112116
     78.99112116
     78.99112116
     78.99112116
     79.21034618
     78.27747583
     80.52562253
     80.52562253
     79.65166014
     81.67115625
     81.37612236
     80.54343766
     80.64533998
     80.64533998
     80.29527001
     80.18090531
     80.30229590
     80.30229590
     81.09608507
     80.47322514
     80.47322514
     81.79668742
     81.71069198
     81.45226894
     81.45226894
     81.28913563
     81.27461888
     81.27461888
     81.89742345
     81.36295184
     81.91657395
     81.22161134
     81.22161134
     81.86605384
     81.52986846
     81.52986846
     81.61963460
     81.61963460
     81.61963460
     81.37312252
     80.87347246
     81.19572356
     81.19572356
     81.19572356
     81.24652267
     81.90377353
     81.90470723
     80.43237308
     80.43237308
     80.43237308
     80.43237308
     81.51275997
     81.82652428
     81.21968698
     80.83613209
     80.84915134
     80.84915134
     81.60701379
     81.33510340
     81.16696903
     81.16696903
     81.16251859
     81.16251859
     81.16251859
     81.16251859
     81.16251859
     81.16251859
     81.91652748
     81.15680164
     81.15680164
     81.15680164
     81.18891526
     81.18891526
     81.81770396
     81.67257651
     81.96578779
     81.47357697
     81.92678501
     81.75603462
     81.42552067
     81.42552067
     81.09773300
     81.22805300
     81.58577649
     81.58577649
     81.58577649
     81.58577649
     82.37672108
     82.37672108
     82.41210506
     82.41210506
     82.54348540
     82.30263768
     82.71774444
     82.71597024
     82.71597024
     82.71597024
     82.71597024
     82.71597024
     82.71532027
     82.71532027
     82.71532027
     82.71532027
     82.71532027
     82.71532027
     82.71070699
     82.71070699
     82.71070699
     82.71070699
     82.70969099
     82.70969099
     82.54857565
     82.54857565
     82.54857565
     82.56341037
     82.56341037
     82.56341037
     82.56738241
     82.56738241
     82.55965681
     82.04824177
     82.07491548
     82.52627251
     82.47254606
     82.43020117
     82.25664051
     82.25664051
     82.05359543
     80.71419634
     80.71419634
     80.79145605
     81.85706442
     81.85706442
     81.87111283
     81.20558682
     80.90248342
     81.15199754
     81.15199754
     81.43142618
     81.43142618
     81.43142618
     81.43142618
     81.56669961
     80.85382372
     81.13457237
     81.13457237
     81.28097807
     81.52476314
     82.14606924
     82.11911248
     81.87719152
     81.89141802
     81.25234872
     81.60581753
     81.60581753
     81.60581753
     81.60490752
     81.12555518
     81.60075129
     80.87173203
     80.92582251
     80.33406918
     78.46895134
     78.46895134
     76.49407491
     76.49407491
     78.09074743
     77.64927736
     77.64927736
     80.77001983
     81.46000779
     81.46000779
     81.30499016
     81.30499016
     81.29967401
     81.29967401
     81.55021978
     81.55021978
     82.09931690
     82.09931690
     82.03919979
     82.03919979
     81.84670099
     81.84670099
     81.84670099
     81.32480831
     81.33901881
     82.32611913
     82.32611913
     82.30272740
     82.33592921
     82.33592921
     82.00732371
     82.00732371
     82.00732371
     81.02661513
     81.96013875
     82.01843940
     81.98772833
     81.98772833
     81.52538338
     81.52538338
     81.60295284
     81.06685451
     81.06685451
     80.59245246
     80.56516352
     80.21416184
     80.21416184
     81.32742704
     81.44895900
     81.44895900
     82.54968158
     82.54968158
     82.58914479
     82.58914479
     82.52173959
     82.47285597
     82.47591996
     82.55316625
     82.45910151
     82.63314250
     82.63314250
     82.64567451
     82.62194578
     82.54340164
     82.05846621
     81.36558520
     79.16717937
     79.16717937
     79.16717937
     78.74067929
     78.74067929
     78.74067929
     77.22581837
     78.33428585
     78.33428585
     78.33428585
     78.22053371
     81.71109660
     81.66462529
     81.66462529
     81.66462529
     81.74730507
     81.27043556
     81.27466515
     81.58074075
     81.58074075
     81.52013402
     81.43850974
     81.43850974
     80.61709685
     80.14020935
     80.45024541
     80.66249067
     81.22577476
     81.22577476
     81.02089557
     81.64432342
     81.54636216
     81.27758807
     81.46723205
     80.89732404
     80.91460777
     80.15026685
     80.07699675
     78.82671265
     78.82671265
     80.09808382
     80.09808382
     80.05921037
     79.81228290
     79.81228290
     80.00699808
     81.05649914
     81.05649914
     80.75013263
     80.75013263
     82.31960313
     82.31960313
     82.20825164
     82.20825164
     82.20825164
     81.79563101
     81.79563101
     81.12840620
     80.87143779
     80.87143779
     79.83047762
     79.83047762
     81.19975005
     81.49016810
     81.44976986
     81.86824539
     81.68962028
     81.68962028
     82.21441966
     82.36732624
     82.25382292
     81.91257545
     81.91257545
     80.73189190
     81.45670881
     81.81395228
     81.81395228
     82.05060701
     82.05060701
     82.49184245
     82.53316623
     82.53316623
     82.58338261
     82.58395074
     82.65090590
     82.55299848
     82.39220124
     82.39220124
     82.39220124
     82.39220124
     82.39220124
     82.05702634
     82.05702634
     82.41712049
     82.26391063
     82.46041383
     82.36558057
     82.36558057
     82.43951502
     82.43951502
     82.55705286
     82.65050866
     82.73619969
     82.73619969
     82.73619969
     82.35162143
     82.39146079
     82.39146079
     82.33062195
     82.22462670
     82.40638155
     82.37225443
     82.39490559
     82.28879442
     81.90411389
     81.88360605
     81.66192139
     80.86986990
     80.93366467
     80.93366467
     80.37497425
     82.53911004
     82.53911004
     82.53911004
     82.53911004
     81.91402594
     80.80089067
     81.83239635
     82.08957360
     82.07345335
     82.58071312
     82.62542711
     82.62542711
     82.64016166
     82.46437163
     82.04336697
     82.04336697
     82.04336697
     82.18262346
     82.18262346
     81.94345947
     81.97188911
     81.97188911
     81.97188911
     81.97188911
     81.68350776
     82.07317981
     82.07317981
     82.07317981
     82.06494007
     81.50744884
     81.50744884
     81.87833945
     81.87833945
     81.85541665
     81.90520898
     82.17117860
     82.42583760
     81.85067373
     81.85067373
     81.41089317
     80.10531029
     81.18485953
     81.18485953
     80.51153489
     80.96083128
     80.89417863
     80.89417863
     80.89417863
     81.38026365
     81.83321685
     81.85950393
     81.41248844
     80.68223885
     80.68223885
     80.68145496
     80.68145496
     81.27248254
     80.81299016
     80.94190342
     80.92503149
     81.17151530
     81.17151530
     81.21512227
     81.30540309
     81.30540309
     81.75290642
     81.72706665
     80.63475555
     80.56062595
     80.56062595
     81.32556829
     81.41437207
     81.43275814
     81.03394189
     80.86258000
     81.60477048
     81.60477048
     81.63097309
     80.57356537
     79.59858720
     79.99243815
     79.99243815
     79.99243815
     81.32119857
     82.38555454
     82.50605722
     82.00838629
     81.23214670
     81.23214670
     81.58017917
     81.58017917
     81.58017917
     81.03580216
     80.72948575
     80.86921936
     79.28757894
     80.06426485
     80.06426485
     81.60919123
     81.11356372
     81.08063564
     80.83736837
     80.83736837
     80.83736837
     79.88739670
     79.88739670
     80.07348767
     80.07348767
     80.42234704
     80.17115319
     80.17115319
     80.17115319
     80.17115319
     80.77226575
     80.72751971
     81.30709831
     81.91409942
     81.38794704
     80.66662726
     79.59738523
     81.21049082
     82.08259130
     81.64284045
     81.79465545
     81.11456975
     81.81977811
     81.81977811
     80.81272779
     80.81272779
     81.87394717
     81.21737190
     79.67547188
     79.67547188
     79.67547188
     81.25085692
     80.54056962
     81.61295073
     81.88755596
     81.88755596
     81.57318132
     81.57318132
     81.57318132
     82.26506488
     82.26506488
     82.31629910
     82.30719545
     81.27901273
     81.45994106
     82.16786420
     81.91229019
     81.91229019
     81.91229019
     82.22777201
     82.31877139
     82.45434193
     82.45434193
     82.48940730
     82.47784746
     82.36602745
     82.36602745
     82.50993750
     82.00639406
     81.73026300
     81.73026300
     82.65098853
     82.70496149
     82.70496149
     82.49505352
     82.50910005
     82.50910005
     82.43404391
     82.43404391
     82.44057689
     82.44057689
     82.37661688
     82.49678135
     82.60703444
     82.63236434
     82.38068307
     82.26669062
     81.92031908
     81.92031908
     81.88850694
     82.05023869
     82.44383074
     82.44383074
     82.47249440
     82.47249440
     82.47249440
     82.27682232
     82.26893362
     82.26893362
     79.31289995
     80.23722238
     80.23722238
     80.23722238
     80.23111212
     80.23111212
     80.23111212
     80.23111212
     80.27856244
     80.27856244
     80.27856244
     80.27856244
     80.27856244
     80.27856244
     80.27856244
     82.03119791
     82.13897705
     82.60546978
     82.74048217
     82.72997440
     82.72997440
     82.72997440
     82.53598503
     82.53598503
     82.53598503
     82.54089728
     82.39164657
     82.39164657
     82.39164657
     82.24284314
     82.42998385
     82.71691368
     82.70905990
     82.70905990
     82.70905990
     82.43369925
     82.52508437
     82.36170320
     82.44777000
     82.49295632
     82.49295632
     82.20304450
     81.92362727
     81.87088197
     81.87088197
     82.46079815
     82.46638005
     82.45782326
     82.38571737
     82.38571737
     82.38571737
     82.47667450
     82.47667450
     82.58728846
     82.56224372
     82.56224372
     82.59717900
     82.46523351
     81.59735581
     82.50016198
     82.21672378
     82.21672378
     82.42010127
     82.42010127
     81.92122834
     81.11021804
     81.38107321
     81.81915277
     81.81915277
     81.81915277
     81.81915277
     81.85619761
     81.93256882
     81.73361174
     81.73361174
     81.73361174
     81.31960598
     82.36940957
     82.32588890
     82.30892557
     82.30892557
     82.61135225
     82.61135225
     82.61135225
     82.60134576
     82.60134576
     82.70399221
     80.67805290
     78.78642071
     78.88826430
     78.88826430
     79.33516818
     78.83296776
     78.12393295
     78.76434661
     78.76434661
     78.76434661
     81.22071002
     80.91265654
     82.06952854
     81.91117549
     82.01126907
     81.64436509
     81.64436509
     81.64675120
     81.60536691
     81.12961143
     81.12961143
     81.73182398
     80.30064784
     80.99039706
     82.20020723
     82.00801061
     82.09849385
     82.18051026
     82.22899694
     81.57784446
     79.85927527
     79.85927527
     79.70280695
     79.70280695
     79.70280695
     79.70280695
     79.70280695
     79.70280695
     79.70280695
     79.87473851
     78.86470637
     79.93154511
     79.93154511
     79.93154511
     79.93154511
     79.64119018
     79.64119018
     79.64119018
     80.94388675
     81.62476463
     81.70443016
     81.70443016
     81.44573460
     81.81230754
     82.26427439
     82.26427439
     82.13808464
     82.13808464
     82.13123317
     80.46356135
     80.16327969
     80.16327969
     81.21326181
     80.62897346
     80.62897346
     80.62897346
     80.62897346
     80.62897346
     80.93577600
     80.93577600
     80.43310729
     80.09968066
     78.76033180
     78.76033180
     79.74678598
     79.74678598
     81.31790637
     81.14422421
     81.14422421
     81.23579666
     80.91888962
     80.54107009
     81.17953581
     81.17953581
     81.71997957
     81.55880550
     81.55880550
     81.55880550
     81.44149687
     82.21689510
     82.06922023
     81.71831518
     81.71831518
     81.29070268
     81.29819187
     82.04378312
     82.23357111
     81.70171474
     81.70171474
     81.62103165
     82.14384705
     81.97989105
     81.95761280
     81.95761280
     81.66407910
     81.51214645
     81.51214645
     81.55131937
     81.27606440
     81.31670998
     80.99628217
     79.60331102
     79.60331102
     78.99968243
     78.83709301
     80.34050240
     80.38630101
     80.38630101
     80.56412329
     80.39315972
     81.01020713
     80.89747716
     80.94006454
     81.84995415
     81.91528433
     81.95345692
     81.96356740
     81.96356740
     81.96709857
     81.66823775
     81.53018989
     81.55778070
     81.48713542
     81.48713542
     81.98092114
     81.96278643
     81.96278643
     81.79612607
     82.10968482
     82.10968482
     81.91102904
     81.87720329
     81.91114694
     81.88569825
     82.04304995
     82.07297148
     82.05487870
     81.78915699
     81.96612013
     81.96781265
     82.18666094
     82.18666094
     82.11790089
     82.11790089
     82.11790089
     82.11790089
     82.11790089
     81.50219179
     81.45417375
     82.05278582
     82.05278582
     82.05278582
     82.05278582
     82.57648574
     82.55735864
     82.55735864
     82.60051506
     82.60051506
     82.63817491
     82.63817491
     82.60918627
     82.60297098
     82.58058410
     82.36138593
     82.39387115
     82.46140794
     82.46140794
     82.62061318
     82.42064759
     82.42064759
     82.50106649
     82.65967129
     82.65967129
     82.67536919
     82.67536919
     82.60518213
     82.60518213
     82.60518213
     82.70216061
     82.70216061
     82.70216061
     82.65111033
     82.58904523
     82.57978745
     82.57978745
     82.57978745
     82.57978745
     82.60530000
     82.60530000
     82.64588513
     81.75378124
     81.70625252
     80.92574781
     80.92574781
     79.81000720
     80.94943312
     79.85420426
     79.76283354
     81.17641387
     81.11158083
     81.04071078
     81.78152498
     81.21103477
     81.23814705
     81.04820267
     80.89717443
     80.06568050
     80.43085586
     80.14737723
     80.36492257
     80.93695628
     80.31648372
     80.40336048
     80.40336048
     80.40336048
     81.15934569
     81.02251065
     81.15404964
     80.72945860
     81.19040010
     81.19040010
     78.71586981
     78.71586981
     78.71586981
     78.71586981
     81.07743755
     79.99581215
     79.41417389
     79.41417389
     79.41417389
     81.05893115
     81.75960687
     81.75960687
     82.17325640
     82.17325640
     82.15698003
     82.45846500
     82.42253740
     82.19032389
     82.18361074
     82.12916846
     82.12916846
     82.21110040
     82.34855680
     82.40602062
     82.65973108
     82.65973108
     82.58076477
     82.58076477
     82.58076477
     82.16591222
     82.11266941
     82.24157963
     82.33807782
     82.63481188
     82.46334545
     82.46334545
     82.13714811
     81.20656271
     81.20656271
     82.18132710
     82.47957712
     82.47957712
     82.47957712
     82.47789208
     81.39058559
     82.06272162
     82.06272162
     82.06272162
     82.02528395
     82.02528395
     82.16489471
     82.34061343
     82.13482835
     82.12118523
     82.12118523
     82.12118523
     82.14871583
     82.14871583
     82.06176707
     81.94922961
     81.94922961
     81.94922961
     81.94922961
     81.94922961
     82.19926457
     79.67023841
     79.67023841
     79.88809917
     79.88809917
     81.74415182
     81.74415182
     81.75225354
     81.39935273
     81.27884928
     81.27884928
     81.30289366
     81.30289366
     80.87131726
     80.80133590
     81.93950779
     81.93950779
     82.08046976
     82.02369722
     82.02369722
     82.46625631
     82.46625631
     82.46625631
     82.46625631
     82.20313617
     82.17130196
     82.23737157
     82.23737157
     82.23737157
     82.23737157
     82.18798008
     82.16427356
     82.16427356
     82.16693698
     81.59368729
     81.15780719
     81.42909806
     81.48427408
     81.48427408
     79.80055540
     80.64784055
     81.28877242
     81.28877242
     81.28877242
     81.28877242
     81.28877242
     81.28877242
     81.97663083
     81.20865872
     82.00573050
     81.20057796
     81.70963597
     81.70963597
     81.57467288
     82.11958634
     81.44096140
     81.57486655
     81.57486655
     81.57486655
     81.32722610
     82.23755749
     82.28448389
     82.37963114
     82.32735802
     82.32366763
     81.60647531
     81.86511034
     81.89078571
     81.71158078
     81.71158078
     81.61929457
     81.42193957
     81.66661570
     81.84437328
     82.47490226
     82.63977697
     82.63977697
     82.63977697
     82.63977697
     82.48282483
     82.48282483
     82.48282483
     82.45060058
     82.45060058
     82.38246239
     82.38246239
     82.36268573
     82.23163204
     82.27598906
     82.08797740
     81.32995929
     81.32995929
     81.32456401
     81.93242273
     81.86754828
     81.59178980
     81.59178980
     81.97587764
     82.33967851
     82.55068878
     82.69491774
     82.69491774
     82.69491774
     82.63817513
     82.66769167
     81.51275506
     81.50525332
     81.50011868
     80.89341967
     80.89341967
     81.13716931
     81.20602240
     80.84169557
     80.81540413
     80.78926491
     81.60265242
     82.25696274
     81.76512367
     81.84265648
     81.97854597
     81.97854597
     82.01272324
     82.36631882
     82.36631882
     81.47352740
     82.01303584
     82.01303584
     81.95753597
     80.16587769
     79.67845131
     79.67845131
     79.67845131
     78.51817224
     80.67666095
     81.36947409
     81.36947409
     81.18040612
     81.02864816
     80.84814799
     81.74539197
     80.63908080
     80.63908080
     81.34945953
     81.22129446
     80.68165836
     81.04799048
     81.04799048
     80.47802751
     79.91328242
     80.45857672
     80.73311043
     81.62715045
     81.62710611
     81.62710611
     82.27582587
