    112.23760351
    112.23361815
    112.23283991
    112.23283991
    112.07487131
    112.07487131
    112.26864824
    112.26698612
    111.89336899
    111.93992348
    111.93992348
    110.14195181
    110.14195181
    111.89923421
    111.37344520
    111.81547479
    111.75177230
    111.17011216
    110.93350576
    110.93350576
    110.93350576
    112.10600674
    112.10600674
    112.09226314
    112.09226314
    112.13173259
    112.19593031
    112.16065979
    112.16065979
    111.81545147
    111.81545147
    111.87535406
    110.45814510
    111.49850512
    111.49850512
    111.44030165
    111.99126920
    111.99126920
    111.94495574
    111.67938650
    111.69273779
    111.69273779
    111.69273779
    111.69273779
    111.69273779
    111.46521253
    111.56751835
    111.04587017
    111.04587017
    111.04587017
    109.73789718
    110.12887629
    110.12887629
    111.52495909
    111.58803307
    111.21028168
    110.21753040
    111.12224506
    111.12224506
    111.12224506
    111.12224506
    110.22435390
    110.22435390
    110.70733303
    110.70498678
    110.70498678
    110.70498678
    110.70498678
    110.70498678
    110.70498678
    110.90796994
    110.16695830
    111.12850950
    111.12850950
    110.17416288
    110.17416288
    110.17416288
    111.34623685
    112.14141831
    112.05719680
    112.05911327
    112.13401115
    111.97100688
    110.11365055
    111.69154441
    112.19019829
    112.07143627
    112.07143627
    112.03621311
    112.11492966
    111.30299692
    111.30299692
    111.67930143
    111.58539492
    111.58539492
    111.58539492
    111.58539492
    112.11428074
    111.89246183
    112.19569525
    111.38590430
    111.38590430
    110.56567625
    110.92663522
    110.93095775
    110.93095775
    110.93095775
    111.23097986
    109.73498717
    108.47538489
    108.45597844
    108.45597844
    108.45597844
    108.45597844
    108.66648720
    108.66648720
    108.66648720
    108.66648720
    108.66648720
    108.99005685
    109.07024228
    110.89303689
    110.89303689
    111.11342075
    110.23412057
    110.23412057
    110.31719556
    110.39000026
    110.39000026
    110.54409999
    110.54409999
    110.55411126
    109.96404241
    109.96404241
    111.56550889
    110.90501557
    111.12019539
    111.12019539
    111.85543357
    111.85543357
    111.85543357
    111.84983788
    111.84983788
    111.97438034
    111.93607395
    111.93607395
    111.73745367
    111.72198458
    111.76550040
    112.11726866
    110.04043302
    110.04043302
    110.04043302
    110.17006651
    110.17006651
    109.90193387
    109.65367815
    109.37148616
    109.28359774
    109.28359774
    109.28359774
    108.38619766
    108.38619766
    108.38619766
    109.74972467
    109.33602467
    109.02478132
    109.45784882
    110.97538536
    110.97538536
    110.97538536
    111.03785679
    109.85781348
    109.87001194
    109.32297042
    109.75404106
    110.40897482
    111.58000238
    111.74154325
    112.13926272
    111.67826510
    111.64282601
    111.68297027
    111.31377185
    111.73501594
    111.73501594
    111.03088264
    109.97554836
    111.18518460
    110.02490097
    109.88366415
    111.21991313
    111.31668875
    111.31668875
    111.61177373
    111.61177373
    111.61177373
    111.61177373
    111.49276888
    111.49198095
    111.72233922
    111.38177814
    111.38177814
    111.41373426
    111.04558106
    110.91289266
    110.13025349
    110.13025349
    110.13025349
    110.91409237
    110.91409237
    111.48701408
    112.13567177
    112.03404793
    112.18338667
    112.18338667
    112.08194054
    111.84646060
    111.41094994
    111.75976950
    110.60819632
    110.60819632
    109.53121775
    109.53121775
    110.59026632
    109.29185987
    109.29185987
    109.06339978
    107.92199666
    107.92199666
    107.92199666
    107.92199666
    107.92199666
    109.19940025
    109.19940025
    109.19940025
    110.29530380
    110.41316996
    110.35555378
    108.40443254
    109.38475772
    109.38475772
    109.38475772
    110.35215573
    107.96604085
    107.96604085
    107.72664390
    107.72664390
    108.14803997
    107.26005240
    111.33451838
    111.45230342
    111.45230342
    111.43363139
    111.23460364
    110.22914194
    111.05121389
    110.94357055
    109.17682621
    110.40254720
    110.42585450
    110.42585450
    110.42585450
    110.42585450
    110.42585450
    110.36522560
    110.36522560
    110.91258696
    111.10389798
    111.33468130
    111.33871905
    111.31843539
    111.28111631
    111.64971931
    111.71784519
    111.71784519
    110.73240631
    110.73240631
    110.73240631
    110.73240631
    110.43074139
    110.43074139
    110.43074139
    111.23699222
    111.50575624
    111.24844170
    111.05415553
    111.05415553
    111.33852883
    111.36137872
    111.36137872
    111.88285375
    112.02343906
    112.03101594
    111.54399275
    109.84824476
    110.73827268
    110.73827268
    110.78936790
    111.18967453
    112.15374816
    110.51745670
    109.99516204
    109.99516204
    109.69520663
    109.69520663
    109.69520663
    110.30549340
    109.39107003
    109.92596880
    109.92596880
    109.57294611
    109.37404539
    108.03458509
    110.56242459
    110.65129277
    110.65129277
    110.65129277
    111.41456364
    111.41456364
    111.57544148
    111.53337430
    111.53337430
    111.61235096
    111.18042589
    111.18042589
    111.18042589
    111.75802913
    112.06964282
    112.12412936
    110.75423730
    110.47873544
    110.70140272
    110.70140272
    110.66599538
    108.77185606
    108.95993894
    108.95993894
    108.95993894
    108.41435674
    108.41435674
    107.86970978
    107.86970978
    108.45087821
    108.45087821
    108.45087821
    109.28792681
    110.39357699
    111.58151600
    111.58151600
    111.23564225
    111.23564225
    111.74782104
    111.74782104
    111.74782104
    111.70587779
    111.41822962
    111.77545794
    111.75415782
    111.28900519
    111.28900519
    111.81172370
    111.81172370
    111.75788348
    111.75788348
    111.01171663
    110.53195180
    110.53195180
    110.53195180
    111.81701107
    111.74163480
    111.88611565
    111.88611565
    111.88611565
    111.88611565
    111.91722821
    111.59591251
    111.57593469
    110.95981687
    110.65029420
    109.73858479
    111.45468384
    111.45468384
    111.79796115
    111.90813398
    110.59986785
    110.59986785
    110.48783332
    110.51465656
    111.02994392
    109.01093691
    108.66704361
    110.62943296
    110.71523736
    110.94161460
    110.98105605
    111.16453717
    110.78502106
    110.74835883
    109.96809769
    111.17108208
    111.64743366
    109.57327721
    106.49731734
    106.49731734
    107.27897544
    109.58788124
    109.58788124
    109.58788124
    109.05484485
    110.63963015
    110.90157595
    110.90157595
    110.92075899
    110.89029204
    110.89029204
    109.10406418
    110.43526337
    110.43526337
    109.80323926
    109.75656178
    109.75656178
    109.75656178
    108.97097138
    110.01337694
    110.01337694
    110.01337694
    110.01337694
    109.59949483
    109.59949483
    109.59949483
    109.59949483
    111.07956451
    111.07956451
    110.91620013
    111.23035979
    110.98856050
    110.26687247
    110.26687247
    108.97976344
    108.97976344
    108.19921417
    110.98582564
    110.91030054
    111.44315901
    111.21268655
    111.21268655
    111.30573947
    110.22683012
    111.47114375
    112.09298935
    112.13521212
    111.97782249
    110.94848254
    110.93336065
    111.88708202
    111.78937491
    110.96340677
    110.97256688
    110.89072215
    110.89072215
    110.76152872
    110.76152872
    111.91523627
    111.93147255
    111.88921471
    111.48419525
    112.17311895
    112.17311895
    112.14597509
    112.14597509
    112.21233182
    112.21233182
    112.21403869
    112.11888051
    112.08985890
    112.08985890
    111.68747602
    111.68747602
    111.61887951
    111.19546406
    111.19546406
    111.35387404
    111.85660599
    111.71463012
    112.02810561
    112.19888875
    112.22602643
    112.03621622
    111.91565008
    111.81113882
    111.84042553
    111.88332462
    111.96566167
    111.96566167
    112.09220151
    111.19646534
    110.99252214
    111.01872534
    111.06106714
    111.69562960
    111.47236340
    111.63409164
    111.63409164
    112.01076375
    112.01076375
    111.67370826
    111.01501417
    111.54314139
    112.26996579
    112.09988832
    111.77145355
    111.77145355
    111.77652443
    112.20782233
    111.60711788
    111.60711788
    111.87339086
    111.91887083
    111.85991504
    111.67203299
    111.67203299
    110.75107305
    110.75107305
    110.75107305
    110.75107305
    110.75107305
    111.77538351
    112.23855962
    112.28608971
    112.28608971
    112.24104696
    112.24104696
    112.18771635
    111.89373490
    111.79233061
    111.80329131
    111.89770915
    111.85903551
    112.15702570
    112.11557230
    112.11557230
    111.90504145
    112.26354716
    112.26354716
    111.04340354
    111.04340354
    111.04340354
    111.04340354
    111.47177880
    111.61530880
    111.77794461
    111.77794461
    111.78659067
    111.78659067
    111.86411865
    111.68584075
    112.01702685
    112.01702685
    112.22595994
    112.22595994
    112.17277777
    112.24340136
    112.11971949
    112.08490276
    112.08490276
    112.08490276
    111.14711144
    111.14711144
    112.09869301
    112.09869301
    112.24713339
    112.09698617
    111.52526661
    111.57787979
    111.33473395
    111.33473395
    111.33473395
    111.41157374
    111.63970110
    112.26509287
    111.97535904
    111.97535904
    112.23934124
    112.18401512
    112.20327238
    111.24670515
    111.02697189
    111.02697189
    111.02697189
    111.02697189
    110.56101472
    110.56101472
    110.56101472
    111.22175581
    111.87112749
    111.98787717
    111.95669429
    111.94454422
    111.65831168
    109.22361550
    111.24103633
    111.30317676
    111.35167022
    111.35167022
    111.65287050
    112.02080949
    111.70621089
    111.64585308
    111.68056836
    111.68056836
    110.53935739
    111.50142950
    111.50142950
    111.50142950
    111.37411166
    111.81089851
    111.73672684
    111.93191297
    111.85250519
    111.67212486
    111.67212486
    112.19767046
    112.24707833
    112.14478367
    112.24026255
    111.81607091
    111.02416429
    111.31137111
    111.31137111
    111.31137111
    111.41236164
    110.69128591
    109.95515822
    112.24292873
    112.15017561
    111.78342114
    111.79660472
    111.40723031
    111.15963308
    111.13877029
    111.13877029
    111.24854387
    111.24854387
    111.12328722
    111.12328722
    111.12328722
    111.12328722
    111.12328722
    111.44378656
    111.19149600
    111.19149600
    111.19149600
    111.35225017
    111.17662909
    111.19164263
    112.10275570
    112.26114386
    112.26242420
    112.26242420
    112.25330178
    111.84862949
    111.83512292
    112.14416143
    112.14416143
    112.14416143
    112.14416143
    112.17834116
    112.17834116
    111.90734379
    112.22648320
    112.22701497
    112.24276972
    112.17612553
    111.88401679
    111.91695244
    111.53260959
    111.53260959
    111.56552207
    111.43270988
    110.64171706
    104.90918699
    106.37565714
    106.37565714
    106.37565714
    106.94478308
    106.94478308
    109.28499667
    111.15160473
    111.15160473
    111.48123745
    111.48123745
    112.11255479
    112.11255479
    112.09126329
    111.67640051
    111.67640051
    111.52357800
    111.52357800
    111.55873787
    111.71536371
    111.71536371
    111.88266320
    111.89027480
    111.89027480
    111.66295269
    111.03493916
    110.72116331
    110.72116331
    110.72116331
    109.89382286
    109.89382286
    111.21533513
    111.76675149
    111.70050033
    111.33470968
    111.33470968
    110.78834273
    111.67480113
    111.91094646
    111.39845118
    111.39845118
    110.72416700
    111.72286601
    112.18741791
    112.18741791
    112.15694843
    112.18422276
    112.01068065
    112.01068065
    112.25755667
    112.05706755
    112.15364933
    112.20335377
    111.69618750
    111.27292635
    111.51799399
    111.33485300
    111.33485300
    111.39228781
    110.91638740
    110.91638740
    110.91638740
    110.91638740
    110.91638740
    111.30100896
    111.30100896
    111.58382311
    111.58382311
    111.68666353
    112.11144482
    112.12695478
    112.11923660
    112.11923660
    112.15112329
    112.27258855
    112.27258855
    112.09948646
    112.24104470
    112.00403314
    111.91191446
    111.89674622
    112.10615436
    112.07906787
    112.11451073
    112.13099471
    111.70194543
    111.70194543
    111.59995347
    109.23362507
    111.04412010
    109.36644995
    109.36644995
    108.81692127
    108.81692127
    108.81692127
    109.77298950
    108.02878495
    108.02878495
    109.74510215
    111.36083506
    111.13758565
    111.13758565
    111.13758565
    111.89210741
    111.90309905
    111.90309905
    111.58374595
    111.69772990
    112.18027991
    111.96830095
    111.95272723
    111.95272723
    112.22416830
    112.22243963
    112.15371759
    112.26470537
    112.26517405
    112.26517405
    112.21780543
    111.27341282
    111.27341282
    111.17869824
    111.16764108
    111.16764108
    111.34122263
    111.36677461
    111.36677461
    110.55857854
    110.55857854
    110.55857854
    110.55857854
    110.55857854
    111.10104647
    111.10104647
    111.32622779
    111.48362481
    111.55599589
    111.55352362
    112.13299487
    112.15476385
    112.21718862
    112.20890444
    112.24625183
    112.26070500
    112.14342414
    112.21559534
    112.27475274
    112.27475274
    112.27475274
    112.27475274
    112.19425481
    112.23937381
    112.04030420
    112.04030420
    112.04030420
    112.02286220
    111.29913071
    111.29913071
    110.29748668
    110.29748668
    111.02658534
    111.40745312
    111.00291551
    110.98651232
    110.61836959
    111.64147623
    111.64147623
    111.64147623
    111.86375648
    110.48687378
    110.48687378
    111.87938115
    112.24424151
    112.14499997
    112.12273687
    112.19283032
    112.19283032
    112.21811654
    112.25332682
    112.28599971
    112.28843820
    112.28924005
    111.91852588
    111.93217341
    111.90678264
    111.90678264
    109.46664798
    109.46664798
    109.46664798
    108.64574119
    108.95261795
    108.63862229
    108.63862229
    110.14333132
    110.09201131
    109.68299245
    110.63212097
    110.67007736
    110.59008697
    110.30040407
    108.44427042
    108.44427042
    109.32405091
    109.70054654
    109.86586079
    109.86586079
    109.04450845
    110.29086978
    110.50981253
    111.23973747
    108.89801983
    108.89801983
    109.57321842
    109.83393050
    109.81767453
    111.15144994
    111.99094034
    112.27112463
    111.46168911
    109.58072090
    109.58072090
    109.58072090
    110.73578802
    110.93125984
    110.76442556
    110.51262806
    110.51262806
    110.51262806
    110.07721949
    110.05801164
    111.71744740
    111.71744740
    111.29512918
    111.29512918
    111.77135667
    111.77135667
    111.77135667
    111.77135667
    111.13995842
    111.13995842
    111.84044195
    111.70144148
    111.70144148
    111.85960233
    111.85589472
    111.87007234
    111.96195962
    111.98161596
    112.03566034
    112.09601050
    111.26439122
    111.60997460
    111.90106014
    111.90106014
    112.17188980
    111.56199665
    112.12784523
    112.12784523
    112.12784523
    112.02009443
    112.07178430
    111.67159322
    111.81717369
    111.81717369
    111.81717369
    111.81717369
    111.81717369
    111.81717369
    110.04795220
    111.59444093
    111.83784171
    111.86705632
    112.00081937
    111.60158345
    111.73826488
    111.73826488
    111.68376048
    111.68234309
    112.06621984
    111.88939611
    111.88939611
    110.93806563
    111.07114363
    111.07114363
    110.94393406
    111.64232244
    111.64232244
    110.88440894
    110.96574942
    111.00804169
    111.90537479
    111.67091449
    111.46429374
    111.50215488
    111.19260748
    111.19260748
    110.76984964
    110.85613807
    111.14995023
    111.14995023
    111.14995023
    111.22235054
    111.22235054
    111.03715872
    111.09521009
    111.10760573
    111.10760573
    111.56923126
    111.63324030
    111.64450895
    111.42592148
    111.42592148
    111.42592148
    111.07649515
    111.07649515
    111.07649515
    111.38131331
    111.72437018
    111.66061645
    111.22649383
    111.44209536
    111.35708864
    111.35708864
    111.83795196
    111.92198445
    111.69696947
    111.69696947
    111.70319691
    111.84765569
    111.84765569
    111.84765569
    111.81479929
    110.84655374
    110.84655374
    109.92090032
    110.94406602
    111.27303373
    111.49609685
    110.39621018
    110.39621018
    111.74141330
    111.72272027
    110.56169976
    110.76627925
    110.63634100
    110.63634100
    111.11457878
    110.35142591
    110.58374812
    110.58374812
    111.40220026
    111.40220026
    110.76793126
    111.87017237
    112.03357298
    112.08080573
    112.08080573
    111.95477948
    111.95477948
    111.95477948
    111.79146992
    111.94115260
    111.94115260
    111.94115260
    111.47533597
    111.47533597
    111.31969720
    111.31969720
    111.31969720
    112.03380332
    112.00742187
    112.00742187
    112.08495338
    112.26397682
    112.02446910
    112.02446910
    111.61411924
    111.62616878
    111.63427412
    111.96881865
    111.96311251
    111.95141577
    111.95141577
    112.05119869
    110.66491242
    110.66491242
    110.66491242
    110.66491242
    111.40318457
    111.40318457
    111.40318457
    111.40318457
    111.90993101
    110.61583474
    112.15728625
    112.15728625
    112.15728625
    112.16875803
    112.16875803
    112.16875803
    111.26334489
    111.49798537
    111.90829264
    111.90829264
    111.90829264
    111.89868476
    111.89868476
    111.89868476
    111.89868476
    111.86617453
    111.86617453
    111.86617453
    111.89216389
    112.07721322
    112.05594288
    111.77848728
    111.83307287
    111.41759531
    110.79793681
    112.02387003
    111.87721099
    111.86293918
    111.86293918
    111.86293918
    111.86293918
    111.86293918
    111.86293918
    111.84723971
    112.10724051
    110.75005208
    110.75005208
    110.75005208
    110.58583629
    111.04058220
    111.04130806
    111.04130806
    112.03129236
    111.81233892
    111.83720831
    111.83720831
    111.68926780
    111.68926780
    112.03717395
    112.00248222
    112.16525039
    112.16163779
    112.20019492
    112.14469651
    112.14469651
    112.24990950
    111.57062197
    111.20185657
    109.83081660
    111.03076016
    111.74026102
    112.27073322
    112.19908428
    112.28456608
    112.25031876
    112.13026720
    112.09816803
    112.20012785
    112.14204842
    111.28667388
    110.99506111
    111.04018554
    111.17500206
    110.82136936
    110.82136936
    111.32303156
    111.32303156
    111.32700166
    111.78411418
    111.04090300
    109.99402253
    109.99402253
    109.32894178
    108.55057301
    108.55057301
    108.55057301
    110.31147062
    109.85421266
    107.91152944
    106.19515724
    106.84248604
    106.84248604
    106.84248604
    109.59876436
    111.42500673
    111.14102169
    109.52203865
    109.52203865
    110.11474526
    111.71896096
    111.71896096
    111.74934979
    111.71592409
    111.96012053
    112.09500885
    112.10720716
    112.08209626
    112.02316856
    112.02316856
    112.05617289
    112.05617289
    112.22318445
    112.22318445
    112.10830822
    112.17319021
    112.19408926
    112.19084788
    112.19084788
    112.11753385
    112.11753385
    111.95256288
    111.57370059
    111.33028772
    111.87115586
    111.84622835
    110.33126522
    110.33126522
    111.03881824
    110.98334581
    110.57061851
    110.57061851
    110.57061851
    109.63697175
    110.55261937
    111.75728295
    111.73674348
    111.12407093
    111.33116932
    111.33116932
    110.44142109
    111.26531744
    112.20641903
    112.20641903
    112.25579921
    112.23865664
    112.23865664
    112.11389518
    112.11389518
    111.96563207
    111.68580728
    111.38620539
    111.08626310
    110.25387335
    110.05693653
    110.05693653
    109.46803950
    109.41015153
    111.17619595
    111.57948707
    111.34985880
    111.34985880
    109.93614321
    110.19638818
    110.19638818
    110.19638818
    111.63413972
    112.10221535
    112.28954138
    112.28954138
    112.23373936
    112.23373936
    112.20652657
    112.11938167
    112.17780487
    112.08782611
    112.09284720
    112.09284720
    111.63748265
    111.87983308
    111.91947325
    112.02484154
    111.34623789
    111.34623789
    111.34623789
    111.34623789
    111.34623789
    111.69975633
    111.91441770
    111.93429777
    111.93429777
    110.41666934
    110.41666934
    110.69276929
    110.63914780
    110.22578288
    110.22578288
    110.68143952
    110.68143952
    109.43845760
    109.43845760
    109.43845760
    109.43845760
    109.19912354
    109.19912354
    107.86260734
    107.86260734
    107.74932252
    110.86168679
    111.04180760
    111.04180760
    111.04180760
    111.04180760
    111.70265575
    112.07942170
    112.07942170
    112.10208155
    112.10208155
    112.16730314
    112.14572937
    112.23511642
    111.08230766
    110.05883322
    110.40351763
    109.17062303
    109.17062303
    111.63722094
    111.64817883
    111.71979591
    111.36973226
    111.54747543
    111.64177380
    111.64177380
    111.64177380
    110.78092154
    110.78092154
    110.78092154
    110.70130137
    110.70130137
    111.35763611
    110.31853605
    110.31853605
    110.56591067
    110.56591067
    110.56591067
    110.56591067
    110.56591067
    110.64493392
    110.00401555
    111.43457602
    112.15029861
    112.23373908
    112.12322573
    112.04583093
    112.04385472
    112.19096202
    112.14608865
    112.22049319
    112.22049319
    112.22049319
    112.26280845
    112.16164441
    112.22105439
    112.23469711
    112.23469711
    112.22301549
    112.09424653
    112.24217506
    112.01277164
    112.18866028
    112.19017227
    112.19244648
    112.19569798
    112.12687849
    112.08614048
    112.20564025
    112.04949485
    112.15366346
    112.15366346
    112.12322779
    112.10755976
    112.06255574
    112.16353029
    112.02041682
    111.86432144
    111.62772991
    111.12001391
    111.12001391
    111.82955126
    111.80002153
    111.56677425
    110.60024403
    110.60024403
    111.12793258
    111.38177858
    111.30765666
    111.38726695
    111.38726695
    110.93530824
    111.66255749
    111.93093328
    112.11607530
    112.11607530
    112.04983865
    112.13047717
    112.10670184
    111.99062097
    112.24293017
    112.02784256
    112.01844382
    112.01844382
    112.17062505
    112.17062505
    111.70964722
    111.70964722
    110.69894035
    111.34116946
    111.34116946
    111.35050163
    111.35050163
    111.67961028
    111.67961028
    108.70156797
    108.01262116
    108.01262116
    110.47409529
    111.29207745
    111.29207745
    112.14999128
    112.09475083
    112.09475083
    111.74995021
    111.65608443
    111.65608443
    111.65608443
    112.00851519
    112.00851519
    111.74455251
    111.74455251
    111.65859346
    111.46737019
    111.77575232
    111.77575232
    111.70659265
    111.85145079
    111.87393668
    111.62531720
    111.62534436
    111.59684642
    111.63455850
    111.63455850
    111.03061289
    111.00797371
    110.65134264
    110.65134264
    109.53680302
    111.44287767
    111.44287767
    111.44287767
    111.43795229
    112.23611298
    112.28543496
    112.28543496
    112.28839385
    111.94668708
    111.94668708
    111.94668708
    111.82749681
    111.95299486
    111.57899335
    111.57899335
    111.57899335
    111.81456640
    111.81456640
    111.81456640
    112.15685715
    110.54732944
    110.54732944
    109.99387074
    110.05150762
    110.05150762
    110.05150762
    110.05783538
    110.05783538
    111.57468087
    111.88720625
    111.88720625
    111.06401145
    111.51351877
    109.42990327
    110.02238195
    110.02238195
    110.02238195
    112.02506757
    112.26376416
    112.26376416
    112.11744160
    112.03126277
    112.03126277
    112.03126277
    112.19181864
    111.95348006
    111.75526792
    111.60055473
    111.60055473
    111.36216810
    111.36216810
    111.36216810
    112.25750420
    112.25374087
    112.10611406
    112.25150763
    112.24998699
    112.24998699
    112.27122044
    112.19399188
    112.28609558
    112.28609558
    111.96504533
    111.99248408
    110.50648489
    110.33318447
    110.33318447
    111.01746171
    111.01746171
    112.07090952
    112.04311158
    112.14070806
    111.98482179
    112.01697388
    111.58193524
    111.08721963
    110.79473673
    111.33725757
    112.07460114
    112.07460114
    112.19379824
    111.34454363
    111.34454363
    111.11812298
    111.11812298
    111.81646365
    111.45519794
    111.63735820
    111.29742650
    111.29742650
    111.29742650
    111.87723644
    110.30270119
    110.30270119
    110.30270119
    110.30270119
    110.30270119
    110.30270119
    110.69805867
    110.66392228
    109.86510480
    110.12473367
    110.12473367
    111.00547937
    110.71265236
    111.02119962
    111.02119962
    111.29735287
    111.29735287
    111.29735287
    111.42837119
    111.63415562
    109.91041729
    109.56997023
    109.56997023
    109.56997023
    112.02489488
    112.19600858
    112.19600858
    112.26540061
    112.09480590
    112.09480590
    112.08246827
    112.04287964
    111.32283799
    111.32282488
    110.91952882
    109.90404830
    109.40446023
    109.42801039
    109.37184097
    109.38379392
    106.94887680
    106.97276947
    104.85768288
    104.85768288
    108.12765380
    108.12765380
    109.79272879
    109.79272879
    109.76754777
    110.95666431
    110.95666431
    109.79593177
    110.25553616
    110.91535357
    110.88040366
    110.88040366
    110.04743449
    109.95563928
    110.46483606
    110.45714513
    110.96108827
    111.43925863
    111.48770151
    111.15833359
    112.04023852
    112.28736591
    112.28728884
    112.26265729
    112.25808139
    112.25808139
    112.25808139
    112.25916820
    112.20973253
    111.97402002
    111.89779586
    112.20838940
    111.70952350
    111.70952350
    111.36442432
    111.87515308
    111.87515308
    111.86328809
    111.98599444
    111.98599444
    111.84598734
    111.84598734
    111.46181226
    111.40338942
    111.40338942
    111.59423455
    110.81270666
    110.81270666
    111.28600534
    111.41317706
    111.41317706
    111.41317706
    111.90409641
    111.90409641
    112.12420029
    111.16353828
    111.33428367
    111.46453762
    111.96243427
    112.05860519
    112.03376903
    112.03376903
    112.03376903
    112.03376903
    112.13709003
    111.78154976
    111.78154976
    111.41329249
    111.41329249
    111.41329249
    112.16509093
    112.21670037
    112.15029604
    112.15029604
    112.20670409
    111.84365779
    112.11108111
    111.74069945
    111.98218143
    112.14605759
    112.14605759
    112.21866828
    112.22644525
    111.96063195
    112.00979264
    111.50122499
    112.02757396
    112.24823407
    111.93963759
    111.94932499
    112.00445096
    111.70512752
    111.62958429
    111.64579223
    111.74261136
    111.92214294
    111.92214294
    111.88199909
    111.88199909
    111.82913788
    112.09923618
    111.65208200
    112.01655987
    112.23663395
    112.26973106
    112.26973106
    112.27407957
    112.22775918
    112.16681278
    112.15480029
    112.17618741
    111.95665101
    111.40884384
    111.28583010
    111.65829889
    111.82298947
    112.01639624
    112.23931657
    112.24137191
    112.23129812
    112.23319647
    112.27076051
    112.29067494
    112.05152094
    111.96286692
    111.71208433
    112.11467810
    112.00733655
    111.95911617
    111.84383020
    111.83141901
    111.59816909
    111.59816909
    112.04907010
    111.76276006
    111.76276006
    112.23514669
    112.24968755
    112.24968755
    112.24968755
    112.24968755
    112.23763877
    112.23763877
    111.45494960
    111.59281007
    111.75619572
    111.31241727
    109.58335321
    111.68513079
    111.24969820
    111.24969820
    111.07211094
    111.00001990
    110.76116597
    108.91717559
    107.80036877
    107.77763963
    107.94151808
    110.97559482
    110.97559482
    110.97559482
    110.83906656
    107.85192234
    107.78903887
    107.78903887
    107.78903887
    109.67077027
    109.67077027
    109.67077027
    110.09851478
    109.99018828
    111.78940017
    111.79940140
    111.77023816
    111.88679124
    112.23792956
    112.27212086
    112.18899386
    111.99067958
    112.05359893
    112.05444723
    112.06286796
    112.06286796
    112.06211050
    109.02151708
    109.61070295
    105.80261122
    107.99742790
    107.99742790
    107.99742790
    107.80283969
    106.45430285
    108.54481241
    107.73631007
    107.73631007
    107.73631007
    107.73631007
    107.73631007
    108.10267530
    108.95911519
    109.51029157
    110.23142729
    110.23142729
    110.99149589
    111.04630651
    111.04630651
    111.04630651
    111.04630651
    111.84601273
    111.74573576
    111.46145461
    111.89987651
    111.95757568
    111.14031231
    111.02372781
    110.31828364
    109.59152990
    111.48653174
    111.76727783
    111.76727783
    111.76727783
    111.82328979
    111.73746379
    111.74577153
    109.93661512
    109.93661512
    109.93661512
    109.77494750
    109.77494750
    109.86219565
    111.43264060
    111.43264060
    111.43264060
    111.00854928
    110.10526469
    110.98719979
    112.11115824
    112.11115824
    112.12724811
    111.95402390
    110.72499441
    110.72499441
    110.91821180
    110.43118816
    111.23963035
    111.23963035
    111.75430142
    111.75430142
    110.90948902
    110.90948902
    111.48982459
    111.06470240
    110.92805657
    110.30704235
    110.30704235
    111.26215705
    111.26215705
    112.06211970
    111.96757191
    111.62915739
    111.62915739
    111.77915325
    109.87147536
    110.61146248
    110.63371310
    110.27507486
    111.07219207
    111.07219207
    109.70210330
    109.70210330
    109.70210330
    109.77137010
    109.12204587
    109.12204587
    110.11770372
    111.56725313
    112.08830838
    112.02582723
    112.05789459
    112.14725775
    112.14684662
    112.13839049
    112.11984049
    112.06551569
    111.55907303
    111.37813641
    111.95410283
    112.05037152
    111.51122659
    112.22807737
    112.27403348
    112.24679099
    112.22462986
    112.23192130
    112.28202157
    112.28202157
    112.28202157
    112.28202157
    112.16274874
    112.16274874
    112.07462955
    112.07462955
    112.07462955
    111.64598883
    111.64598883
    111.71667736
    111.48514678
    110.80071509
    110.80071509
    110.04808097
    111.81367438
    111.82072966
    111.29198362
    111.58973772
    111.75158339
    111.70923298
    111.70923298
    111.75661951
    111.61355323
    111.65155664
    111.13070333
    111.09030891
    111.09030891
    110.85467331
    110.85467331
    110.27289197
    110.27289197
    110.28989337
    111.05186502
    111.01848048
    111.53086587
    111.53086587
    110.87218999
    111.25216862
    112.12501142
    112.21247161
    112.21164364
    112.18865229
    111.96645296
    111.63147349
    111.63147349
    110.75867138
    110.75867138
    110.75867138
    109.22982523
    109.63841339
    109.63841339
    109.63841339
    109.63841339
    109.63841339
    109.63841339
    109.63841339
    111.09017489
    111.09017489
    111.20005422
    111.16502911
    111.22454655
    110.99508278
    110.99508278
    110.99508278
    111.57333972
    111.50714491
    111.54067946
    111.54067946
    110.75335386
    110.75335386
    110.91455041
    110.85387359
    109.69284202
    111.57950464
    111.49985229
    112.04518168
    112.04518168
    111.93166858
    111.93166858
    111.93166858
    111.93166858
    111.93166858
    112.14207693
    111.92999916
    111.92999916
    111.92999916
    111.31749829
    111.70121368
    111.97303210
    112.15923221
    112.25824517
    112.25834056
    112.25029996
    112.12798143
    112.14302927
    112.14302927
    112.04024713
    111.95503491
    111.91937496
    112.00813918
    112.00813918
    112.01803264
    111.99899336
    111.92798626
    112.22618962
    110.31347886
    110.95434330
    110.98190533
    111.05095019
    111.04574149
    111.04574149
    110.08985889
    110.51597567
    110.64258983
    110.64258983
    110.46132677
    110.46132677
    110.46132677
    109.38570407
    109.38570407
    109.71374701
    109.71374701
    110.68554537
    110.68554537
    112.25128339
    112.21976496
    112.19006460
    112.19006460
    112.19006460
    112.20723981
    111.84827168
    111.83598089
    111.83598089
    111.99884576
    111.93268160
    111.27737729
    110.41548338
    110.41548338
    107.30412828
    110.54142245
    110.66479038
    110.71656053
    111.68273556
    111.70149451
    111.30979781
    111.30457187
    111.30717444
    111.57814437
    111.96433197
    112.05201968
    112.05201968
    111.67075955
    111.67600599
    111.67600599
    110.99881434
    110.99881434
    110.99881434
    110.99881434
    111.23791808
    111.07943378
    111.40619254
    109.81263943
    109.81263943
    108.62816249
    108.73809756
    110.37478178
    110.37478178
    107.53213102
    106.93638271
    108.22713403
    108.22713403
    108.22713403
    108.22713403
    108.22713403
    106.29614828
    103.53357461
    103.53357461
    103.53357461
    103.53357461
    103.53357461
    107.93633409
    110.98340533
    107.97290727
    106.15734767
    105.79233415
    107.15173078
    107.15173078
    107.15173078
    110.72607852
    110.72607852
    109.76356963
    109.76356963
    110.00456316
    110.00456316
    109.40532177
    110.28299790
    110.32072872
    109.39331381
    111.20951635
    111.43935099
    111.43935099
    111.70799512
    111.70113744
    111.70113744
    111.92068317
    111.65432445
    111.65432445
    111.38267875
    110.95587046
    109.54905585
    109.54905585
    109.54905585
    108.87265200
    109.58462919
    109.58462919
    109.34013014
    109.34013014
    109.34013014
    109.34013014
    109.34013014
    110.09715574
    111.31531163
    111.82622771
    112.07669146
    111.94338181
    110.73027347
    111.17464442
    111.50546620
    111.69320135
    111.39969705
    111.93731369
    111.93731369
    111.93731369
    111.53478746
    111.42117334
    111.51060018
    111.95475493
    111.94740218
    110.70757268
    110.93596090
    111.65382091
    110.89896230
    110.89896230
    110.89896230
    111.24468177
    111.71026559
    112.18174002
    112.18174002
    112.02395681
    112.02395681
    112.02394967
    112.12253678
    112.12253678
    112.12253678
    112.17541508
    112.06432393
    112.06432393
    112.28484311
    112.27195170
    112.13839551
    111.92950350
    111.88744874
    111.52495884
    110.91002790
    110.67220056
    110.71416428
    111.11226196
    111.81266385
    112.03928419
    112.22169220
    112.22202025
    112.22202025
    112.13719380
    112.04444777
    111.87938276
    112.26084847
    111.09762388
    110.58461408
    110.58461408
    111.46148147
    111.85609075
    111.85609075
    110.41513052
    110.41513052
    111.42155244
    111.42155244
    111.57735507
    111.51023940
    110.71655345
    110.71655345
    107.74491266
    107.74491266
    107.74491266
    107.74491266
    108.05357293
    108.05357293
    108.05357293
    108.05357293
    108.05357293
    108.05357293
    108.05357293
    108.05357293
    109.02505307
    109.02505307
    109.02505307
    109.02505307
    109.02505307
    109.68222511
    109.68222511
    109.68222511
    109.68222511
    109.16358057
    108.57029387
    108.57029387
    108.57029387
    108.57029387
    110.70108027
    110.70108027
    110.70108027
    107.61358536
    107.61358536
    107.61358536
    107.61358536
    107.61358536
    110.79914327
    111.16516159
    111.61878875
    112.20584859
    112.16749459
    112.17856891
    112.26457085
    112.26371516
    111.61314387
    111.55590535
    111.73164446
    112.14475658
    112.14475658
    111.60313086
    111.88053302
    111.88053302
    110.36889298
    110.36889298
    111.50222704
    111.98535033
    112.08510224
    111.38647277
    111.64116955
    111.92538399
    110.86545901
    111.79850080
    111.79850080
    112.07872029
    112.01118192
    111.96426625
    111.96426625
    111.96426625
    111.96426625
    112.11306957
    112.08245946
    112.08245946
    112.08245946
    112.10121125
    111.53251504
    112.15003659
    112.07658101
    112.05446852
    112.08316402
    112.14301073
    112.07940513
    112.07841356
    111.99001335
    112.00119121
    111.83302859
    111.78739006
    112.04507838
    112.08792469
    111.83408297
    111.30636812
    109.49167287
    108.02033125
    108.99724842
    110.51483734
    110.62086984
    110.48621614
    110.88795752
    110.88795752
    110.88795752
    110.88795752
    109.09230970
    108.97422754
    108.97422754
    108.97422754
    108.97422754
    110.20456683
    109.57002263
    109.57002263
    109.57002263
    111.31345132
    112.19314792
    111.90815345
    111.90793642
    111.42694883
    111.42694883
    112.21954533
    112.19654360
    112.19654360
    112.19654360
    111.29507347
    110.99376100
    110.99376100
    112.28767841
    112.29010807
    112.21567288
    112.21099019
    112.15714371
    112.26047274
    112.25788643
    112.27392052
    112.27392052
    112.11050486
    111.65337908
    110.66042842
    111.30728193
    111.36438125
    110.98759547
    110.98759547
    111.38237999
    111.69153669
    111.72946180
    112.18386769
    112.25260381
    112.28188435
    112.28188435
    112.27365280
    112.28935683
    112.18282260
    112.18282260
    111.72506264
    111.87425962
    111.97277516
    112.04053655
    111.39209294
    111.33627052
    111.54094425
    111.54094425
    111.71368026
    111.71368026
    111.51095476
    111.10769721
    111.33245571
    111.38490165
    110.49600422
    110.49600422
    110.49600422
    109.88511145
    109.16671453
    109.16671453
    109.16671453
    109.16671453
    110.42482127
    112.09298600
    111.92952653
    111.77008566
    111.79020156
    111.85715718
    111.85862648
    111.58314275
    111.59370485
    111.33394039
    110.81808878
    110.81808878
    110.99234919
    111.26784225
    111.26784225
    111.26784225
    111.20860647
    110.68733385
    110.33302886
    110.33302886
    110.58917267
    111.07545499
    112.24015229
    112.24789623
    111.86561655
    111.32310754
    110.39966678
    110.32895101
    110.74036945
    108.26409150
    108.26409150
    107.21754321
    108.73864437
    109.74307631
    109.74307631
    109.74307631
    109.22046755
    109.22046755
    109.22046755
    109.22046755
    110.57034673
    110.57034673
    110.68267682
    110.06638957
    110.06638957
    110.06638957
    110.06638957
    111.33372414
    111.33372414
    111.37931812
    111.58444653
    111.58444653
    112.15618132
    112.15618132
    111.75705051
    111.60869015
    112.21949309
    112.20980849
    112.04306534
    112.04306534
    111.81709035
    112.28200475
    112.28200475
    112.28200475
    112.13785530
    112.03288289
    112.18455502
    112.03968706
    112.03968706
    112.03878571
    112.03878571
    112.03878571
    112.02223455
    112.10750263
    111.59650859
    112.19447315
    112.19447315
    112.20863439
    112.20863439
    112.23930858
    112.24539772
    112.17899986
    112.17899986
    112.14238082
    112.13968411
    111.60170728
    111.47734398
    111.62726250
    110.64190431
    110.47256131
    110.09423844
    110.82989495
    111.06029408
    111.04583948
    111.39296905
    110.56093384
    110.56093384
    110.56093384
    110.56093384
    111.80505277
    111.96957165
    111.96133720
    111.96252128
    111.86157906
    112.23003833
    112.20274917
    112.17759763
    111.97989944
    112.14776297
    111.39598761
    111.63901570
    111.77903163
    111.85105024
    111.43971522
    111.43971522
    111.73449943
    111.48948151
    111.45643423
    110.96822701
    110.96822701
    110.96822701
    110.80370729
    110.80370729
    110.80370729
    110.80370729
    111.74648395
    111.69529601
    111.69529601
    111.70486732
    108.72072313
    108.72072313
    107.86699519
    108.33568589
    108.27271988
    109.04042171
    109.64340215
    110.02164857
    110.49855670
    110.61804339
    110.61804339
    110.75675667
    110.75675667
    110.78945185
    111.48412062
    111.48412062
    112.09486404
    112.23058937
    112.23058937
    112.25484924
    112.24401857
    112.06509595
    111.51505784
    111.50852819
    111.50677708
    111.50677708
    111.50677708
    111.74846110
    111.64237851
    111.25261697
    110.74446599
    111.20812116
    111.07702696
    111.07702696
    111.40906580
    111.32878955
    110.44171304
    110.59165947
    111.45116465
    111.47863588
    111.47863588
    111.42854593
    110.95485231
    112.03915720
    111.96940863
    111.37613701
    111.37613701
    111.57087203
    111.51044200
    110.61591728
    111.57218940
    111.84298436
    111.84298436
    111.83969291
    111.83969291
    111.83969291
    111.75878411
    111.54820803
    111.54820803
    111.54820803
    111.54820803
    111.54820803
    111.56281626
    111.04075287
    111.04075287
    110.07130800
    110.14996707
    110.94532958
    110.53669429
    110.51813618
    110.51813618
    111.17912488
    111.17912488
    110.32289675
    111.26299752
    111.26299752
    108.44287628
    108.44287628
    108.44287628
    109.19896526
    109.19896526
    109.19896526
    110.11161351
    109.98864532
    111.29199386
    111.29199386
    111.27949939
    111.01159566
    111.62419428
    111.48354771
    111.48354771
    111.33866197
    111.36303117
    112.12860066
    112.16953464
    112.16395066
    112.22590333
    111.99637501
    111.99637501
    111.97603524
    111.93926091
    111.92215529
    112.10869699
    111.86280295
    111.04803129
    112.04748748
    112.03031033
    111.47134179
    111.32169046
    111.32169046
    111.70047656
    111.70047656
    112.24559391
    112.08157232
    112.08157232
    112.08157232
    112.08157232
    112.08157232
    112.08157232
    112.12928989
    112.12928989
    111.47977693
    111.79009003
    111.64376747
    110.84327354
    110.49675854
    111.34843344
    111.34843344
    111.34843344
    110.52858142
    110.52858142
    108.04260216
    109.04654306
    109.04654306
    109.04654306
    109.40090131
    110.30622026
    110.20514838
    110.26739355
    110.26739355
    110.50724238
    112.25122883
    112.18484048
    112.14410799
    112.15091128
    112.15091128
    112.03024261
    112.03434897
    111.85616950
    111.85616950
    111.49452136
    112.14210677
    112.14371090
    111.80947858
    111.24362977
    111.57998824
    111.56549132
    110.53850227
    111.02064414
    110.81848021
    110.17774188
    110.24829633
    110.23164220
    110.69231082
    109.74257585
    108.56455810
    108.56455810
    107.79373094
    107.79373094
    108.44725945
    108.44725945
    108.44725945
    108.44725945
    109.28751402
    109.28751402
    109.28751402
    108.69665683
    108.69665683
    110.71597506
    110.98839225
    110.98755222
    111.49167663
    111.52979084
    112.11978600
    111.81423875
    111.67347638
    111.61990542
    111.61990542
    111.14344943
    111.14344943
    111.33852502
    109.81528174
    109.92357843
    110.00220103
    110.84690556
    110.84690556
    111.70110002
    111.92693479
    110.89253034
    111.32235460
    110.68179286
    110.58007455
    110.53775592
    110.53775592
    110.53775592
    110.53775592
    110.60861319
    110.89581543
    110.89581543
    110.88002248
    111.90056843
    111.54693027
    111.54693027
    111.48174734
    110.78680709
    110.08789991
    111.25226230
    111.43947444
    111.51309514
    111.51309514
    111.51309514
    109.97951659
    110.18406914
    110.18406914
    110.90423326
    110.90423326
    110.03192153
    111.37051220
    111.37051220
    111.37051220
    110.76016782
    110.76016782
    111.82526540
    110.56259582
    110.77560892
    111.38739229
    111.38847132
    111.99072551
    111.97600399
    111.97600399
    111.97600399
    111.88576943
    111.88576943
    111.50162659
    111.24622287
    111.27390049
    111.48114863
    111.48114863
    111.78764184
    111.79032011
    112.03752259
    112.04018731
    112.04018731
    112.04018731
    112.04018731
    111.94093141
    112.10138662
    111.56686760
    111.35879137
    111.07567148
    111.07567148
    111.07567148
    110.29297898
    110.95399262
    110.93048564
    111.77169087
    111.77169087
    111.77169087
    111.98784666
    111.96547018
    112.20122345
    112.19396099
    112.11179488
    112.18013674
    112.24164551
    111.84244795
    111.84244795
    111.84244795
    111.84244795
    111.84244795
    111.59299162
    111.53694333
    111.64052437
    111.52076447
    111.48044119
    112.01528513
    112.00310883
    112.00310883
    112.14688399
    112.15041476
    112.18107274
    112.18107274
    112.24502669
    112.21560538
    111.65364654
    111.65364654
    111.65364654
    111.65364654
    111.58058866
    111.81586912
    111.54991521
    111.54991521
    111.54991521
    111.54991521
    111.54991521
    111.54991521
    111.73489605
    111.73489605
    111.73489605
    111.73489605
    111.73489605
    112.15543785
    111.52863217
    111.12428705
    111.12782139
    111.12782139
    111.12782139
    111.04725097
    112.08822020
    111.94150158
    111.96650166
    111.97629234
    111.97629234
    112.17483951
    111.82767178
    111.95490394
    111.95490394
    112.15176547
    112.11750779
    112.00353638
    111.92938764
    111.92938764
    112.00627035
    112.26011430
    112.20474435
    112.21020481
    112.16461685
    111.72233311
    111.54899120
    110.23103050
    111.00350002
    110.56664378
    110.56664378
    111.20134078
    111.20134078
    111.20134078
    110.07629943
    110.07629943
    109.20032884
    109.20032884
    112.03866258
    111.25908663
    109.71019339
    109.71019339
    108.26415399
    111.72367530
    111.99699913
    112.13707229
    112.19020721
    112.11381624
    111.65661136
    111.91626095
    111.91626095
    111.89623620
    111.86876655
    111.86876655
    111.52020593
    111.61880992
    111.61880992
    110.72315065
    111.17531856
    110.91945441
    110.91945441
    106.24097254
    106.51699441
    106.51699441
    108.36162327
    108.36162327
    108.36162327
    108.36162327
    107.33808756
    109.22153913
    111.01380107
    111.01380107
    111.01380107
    110.83629499
    111.22469834
    110.97161940
    111.89165769
    111.89165769
    112.02685581
    111.73026632
    112.12905448
    112.10858767
    112.11643418
    112.21152017
    112.23270176
    112.25649761
    112.25649761
    112.06652443
    109.42621462
    108.66701354
    109.52703278
    109.52703278
    110.51315445
    111.12182006
    111.24165435
    111.24165435
    110.51130993
    111.55919194
    111.55919194
    110.61515167
    110.61515167
    111.37194977
    110.09330075
    110.14313047
    109.52491701
    109.30904906
    109.77089149
    109.94812119
    109.94812119
    110.54832356
    110.54832356
    110.46436446
    110.46436446
    110.46436446
    111.26016281
    111.93824701
    111.84135042
    111.66536229
    111.80381130
    111.79613382
    111.79613382
    111.85203882
    111.81171876
    111.81171876
    111.46906920
    111.46906920
    111.84436959
    109.42011590
    109.42011590
    110.36722296
    112.27495329
    112.28408680
    112.28787752
    112.26611148
    112.24797402
    112.18118285
    112.18118285
    112.16823237
    106.58612517
    106.58612517
    106.58612517
    108.36806526
    108.64775672
    108.72650339
    108.02665487
    108.02665487
    108.02665487
    108.02665487
    109.49094898
    109.49094898
    110.37160163
    110.23593386
    109.92448230
    108.29154596
    108.62906161
    108.62906161
    108.62906161
    109.28628990
    109.28628990
    110.26970272
    110.04015276
    110.04015276
    111.01036132
    111.01036132
    110.98866629
    110.98656368
    110.98656368
    110.02722955
    111.33650586
    111.33650586
    110.78580267
    111.36688955
    111.12400984
    111.83851620
    111.80899994
    111.80899994
    112.13860119
    112.26624225
    112.26624225
    112.19919417
    112.10942932
    112.08975370
    112.08975370
    112.08975370
    112.07173032
    111.95969056
    111.95969056
    111.58306212
    109.15235945
    108.24405350
    109.16923224
    108.35657288
    108.35657288
    108.35625480
    109.00680990
    108.96205137
    109.59472442
    109.59472442
    109.77427842
    109.10848974
    109.22413230
    109.57948175
    110.43693538
    111.52193494
    111.57072013
    111.60770155
    112.28115789
    112.28115789
    112.24194402
    112.27461672
    112.27461672
    112.27461672
    112.27607600
    112.27747077
    111.94209240
    111.41047601
    111.41047601
    111.10640840
    111.62210586
    111.49492135
    111.49492135
    111.49492135
    111.49492135
    111.47308972
    111.45343081
    110.85764358
    110.85764358
    110.66010176
    109.65296918
    110.84761052
    111.67211052
    111.61895486
    111.28709285
    110.32299382
    110.32299382
    110.61309127
    110.77641459
    110.77641459
    112.08554357
    111.83237177
    111.87682083
    111.84350284
    111.22573804
    111.27852963
    111.27852963
    112.22205331
    112.22205331
    112.20999015
    112.20967984
    112.15852036
    112.15852036
    111.91368247
    111.86796596
    111.87697910
    112.04484605
    112.04484605
    111.89953669
    111.62534069
    111.54994163
    111.75608117
    110.92285050
    111.47630095
    111.47630095
    111.34587700
    110.68150830
    109.97945093
    110.04783144
    110.04783144
    109.76653166
    110.64608194
    110.66454190
    110.66454190
    110.66454190
    110.66454190
    109.94146401
    110.81007825
    110.79985326
    110.80115715
    110.80115715
    111.04176278
    111.18623118
    112.17894187
    112.19483477
    112.19483477
    112.15167725
    112.07376623
    112.20530216
    112.20530216
    111.92085980
    112.07350603
    110.99598999
    110.99598999
    111.09100512
    111.09100512
    111.09100512
    111.34359251
    110.83500893
    111.55672409
    111.50182850
    111.50182850
    112.21703301
    111.51534725
    112.04197470
    112.18771452
    112.18771452
    111.49259172
    110.93715704
    111.19274097
    110.13359195
    110.97296257
    110.89341320
    109.76207175
    111.37770772
    111.48127658
    110.88574099
    110.49578492
    110.59377706
    109.37395704
    109.82627487
    109.29128431
    109.29128431
    108.33285339
    109.12113672
    107.75638975
    107.75638975
    107.75638975
    107.75638975
    107.75638975
    107.75638975
    109.67199307
    110.36799363
    110.36799363
    110.05002642
    110.05002642
    109.76797462
    109.76797462
    109.22852360
    107.49067367
    112.04179855
    112.23186191
    112.23650151
    112.14148024
    112.14148024
    112.21559115
    111.92445939
    112.11272105
    110.95579455
    111.34229092
    111.30262890
    111.30262890
    111.00917755
    109.84010742
    109.83338967
    110.79536388
    110.60088462
    111.19465050
    111.54640334
    111.95171040
    111.89823507
    112.22919035
    111.99992826
    112.24886233
    112.19360152
    112.21565928
    112.25986250
    112.26078098
    112.22116867
    112.27455918
    111.90953980
    111.90781518
    111.90781518
    111.90781518
    111.04059816
    110.29669886
    111.05628236
    111.05628236
    111.05628236
    111.05628236
    111.24531425
    111.24531425
    111.57435854
    111.41254035
    111.15259661
    109.93282642
    110.67145396
    109.51179104
    110.22742337
    110.22742337
    110.49108542
    110.49108542
    109.47007496
    109.47007496
    109.40744949
    109.26137955
    109.26137955
    109.26137955
    109.60033683
    109.60033683
    111.08665969
    111.08665969
    111.08665969
    111.82962547
    110.68868912
    111.95494691
    110.70556600
    110.40156825
    110.40156825
    110.40156825
    110.40156825
    110.40156825
    111.05694021
    111.76127742
    111.76127742
    112.18804203
    112.02188726
    112.02188726
    112.26952900
    112.23553764
    111.86475962
    112.14878286
    111.68015329
    112.02842698
    112.02621248
    112.10916308
    112.23877516
    111.98165292
    111.82990401
    111.82990401
    111.77289861
    111.91475500
    111.87285290
    111.82074765
    111.51578956
    112.15658764
    112.20696907
    111.77613454
    111.76942145
    111.76942145
    111.58652189
    111.56145155
    111.56145155
    111.61525426
    110.79803372
    110.81366008
    111.30139431
    111.19274771
    111.55243773
    111.51086504
    111.51086504
    112.19153666
    111.19115314
    111.44553816
    111.70650816
    111.70650816
    111.70434734
    111.09905883
    111.09905883
    111.24945279
    111.88274407
    111.88274407
    111.91255707
    111.77875251
    111.98390534
    111.98390534
    111.98390534
    111.94257512
    111.98359942
    111.98359942
    111.97460265
    109.23286049
    109.34791440
    109.34791440
    109.34791440
    110.70742339
    110.70742339
    111.79913137
    111.88622216
    111.88622216
    111.82758979
    112.16869167
    112.16869167
    112.16869167
    112.27749277
    111.52839730
    112.28127406
    112.14986541
    112.14986541
    111.49176401
    111.56119415
    110.99565285
    111.13360632
    110.97815109
    109.89884696
    109.89884696
    109.10669029
    109.10669029
    107.04595961
    107.04595961
    107.04595961
    107.04595961
    108.74529196
    108.74529196
    108.74529196
    108.06711103
    108.01333098
    109.98891439
    109.98891439
    109.22642266
    109.22642266
    110.00710239
    109.59369286
    110.95887278
    110.95887278
    110.62292356
    110.62292356
    111.10773776
    109.46186641
    111.23128974
    111.23128974
    111.23128974
    110.64219031
    110.91213574
    109.94121040
    109.94121040
    110.56355883
    110.41694944
    111.25173823
    111.05190646
    110.69456031
    110.69456031
    110.61365200
    110.61550714
    110.61550714
    111.49192732
    111.45194851
    111.63652100
    110.70802797
    110.70802797
    111.17907422
    111.17907422
    111.17907422
    112.25138097
    111.23977304
    111.31310547
    111.31310547
    111.19484377
    111.65281440
    111.53637269
    111.53637269
    111.55640494
    111.78708048
    111.67265717
    111.93402307
    111.93402307
    111.93724735
    112.04195118
    112.21723643
    112.17804142
    111.89930136
    111.32693242
    111.33251752
    110.85921655
    110.85921655
    110.85921655
    110.23256593
    110.23256593
    110.97346072
    110.97346072
    112.17322023
    112.23062373
    112.23062373
    112.28646440
    112.28646440
    112.28370697
    112.14089791
    112.28267848
    112.26835244
    111.14610017
    111.14610017
    111.14610017
    109.72858740
    110.52263723
    110.52973097
    108.84771543
    108.84771543
    108.84771543
    108.84771543
    108.84771543
    109.89978233
    110.26462594
    110.59094355
    110.59094355
    111.09645817
    111.13278441
    110.34839338
    110.34839338
    110.74391218
    109.83914779
    110.60053275
    110.60053275
    110.60053275
    110.52941894
    110.52941894
    110.32595908
    109.14542852
    111.06984113
    110.47512257
    110.45857735
    110.89972068
    110.89972068
    110.86086230
    110.86086230
    110.52598854
    110.52598854
    110.89853577
    110.35575817
    110.35575817
    110.07284766
    110.77273244
    110.44557742
    110.89403605
    110.89403605
    110.89403605
    110.06905997
    110.34457845
    110.10509311
    110.10509311
    111.50413778
    111.87696973
    111.88188078
    111.28799610
    111.28799610
    111.28814077
    111.80100027
    112.14355661
    111.69096788
    112.05287527
    112.19358064
    111.32319872
    111.32319872
    110.55276796
    110.58545598
    110.58545598
    111.46641345
    111.43980048
    111.43980048
    111.49435179
    111.49079122
    110.34510295
    110.35387939
    110.75370648
    110.33481562
    110.33481562
    109.50358528
    109.30102818
    109.30102818
    110.29857155
    111.20598588
    111.12262828
    111.54161870
    111.74308387
    111.42678989
    111.88859608
    111.88859608
    112.06348907
    112.06348907
    112.11871388
    112.10820735
    112.15409477
    112.14512851
    112.12795517
    111.26761698
    111.26761698
    111.26761698
    111.66633053
    111.66633053
    111.98303872
    112.05399436
    111.40296793
    112.23528636
    112.23528636
    112.10853720
    111.96562026
    111.95972680
    112.21438004
    111.11199267
    111.88442783
    111.88442783
    112.16429399
    111.91399944
    111.91399944
    111.82820495
    111.81691679
    112.03867020
    111.87490248
    111.93352681
    112.13897918
    112.11296106
    112.21869097
    112.12564655
    112.17485370
    108.73021579
    108.73021579
    111.21130760
    111.00714585
    111.81426791
    111.42035669
    111.41894345
    111.56620397
    111.56620397
    111.99872348
    111.80254794
    112.27582168
    112.23003081
    112.20616615
    112.15959093
    111.84525236
    111.84525236
    112.04357078
    112.17078929
    112.22871677
    111.93574154
    111.93281185
    111.93281185
    111.86868901
    112.17390723
    112.17390723
    112.22288153
    112.22288153
    112.01906679
    112.01906679
    112.15782328
    112.15782328
    112.21171779
    112.13445744
    112.24280591
    112.23279441
    112.23279441
    111.96929126
    111.96929126
    111.24465885
    111.24465885
    111.21350119
    111.85284258
    111.19988383
    111.45741396
    111.89088310
    111.32222174
    111.48919983
    111.90327102
    111.85251140
    112.00595355
    112.00595355
    112.03521228
    112.26671761
    112.16303883
    111.61292051
    112.26453616
    112.26453616
    112.23741552
    111.56148035
    110.54823059
    111.25064346
    111.50335047
    111.50335047
    111.50335047
    111.99452997
    111.76408435
    111.76408435
    111.76408435
    108.96363885
    112.13403320
    112.25161166
    112.10467168
    112.28484218
    112.25838298
    112.25838298
    112.25838298
    111.88315786
    111.66120110
    111.60881187
    112.03704557
    112.05536759
    112.15273635
    112.01722114
    110.64426657
    110.45338091
    110.99025336
    112.12757659
    111.83977096
    111.97253254
    111.97253254
    112.06264063
    112.11420810
    112.26706432
    112.27353464
    112.20786145
    112.05341930
    112.05765486
    112.05765486
    112.12553280
    112.12553280
    112.12553280
    112.15500562
    112.15500562
    112.26067654
    112.23869839
    111.97447903
    112.08912057
    112.02097337
    111.20682102
    111.20682102
    111.20682102
    111.20682102
    111.20682102
    111.27520525
    111.81596654
    111.69918687
    111.69918687
    111.82691110
    111.82691110
    111.86282812
    111.86282812
    111.86282812
    112.00286985
    112.07082121
    111.45057271
    111.19830949
    111.34138163
    111.45294680
    111.45294680
    111.33438698
    111.09839064
    111.09839064
    111.27647000
    111.89967801
    111.90313362
    111.90313362
    110.33442030
    110.33442030
    109.82859239
    111.05621051
    111.55508438
    111.81231260
    112.00136867
    112.19300315
    112.06052857
    110.76595189
    111.12911503
    111.27833340
    111.27833340
    108.66332105
    108.66345565
    108.53918373
    108.60237090
    108.72499664
    110.77665718
    110.77665718
    111.63683648
    112.04329062
    112.13026298
    112.13026298
    112.11130940
    112.11130940
    111.09684828
    111.09684828
    111.55553671
    112.06520846
    112.28686442
    112.24130665
    111.68861554
    111.69723664
    111.68930366
    111.65700824
    111.40049283
    111.45888775
    111.45888775
    111.45888775
    111.45888775
    111.60818163
    111.60825619
    111.60825619
    112.14331610
    112.06583428
    111.76782516
    111.75574813
    112.18009484
    112.02217929
    109.82864881
    112.11651909
    112.15423791
    111.97573773
    111.43422269
    111.48406592
    111.32595170
    111.84238637
    111.38225510
    111.85050097
    112.05958469
    112.00762896
    111.97596422
    112.03282817
    111.97064360
    111.14102501
    111.37839411
    112.00933704
    112.00933704
    111.23351161
    111.23351161
    111.30767060
    111.66512388
    111.33498848
    110.91671012
    110.91671012
    111.62647569
    111.62673549
    111.47257699
    111.47257699
    111.16569680
    111.09356693
    111.09356693
    111.65143728
    111.46026989
    111.06067262
    111.06450651
    111.85486500
    111.85486500
    111.83878529
    111.73543503
    111.73543503
    111.15313208
    110.35930481
    110.35930481
    110.35930481
    110.93834173
    110.72248588
    110.72248588
    110.72248588
    110.79879882
    109.55891068
    109.55891068
    108.68984970
    109.68389265
    109.68389265
    109.68389265
    109.32363208
    108.63354776
    108.63354776
    109.45455723
    111.01216977
    111.77537439
    111.96629523
    111.89759296
    111.80041446
    111.80041446
    111.80041446
    111.80300176
    111.75476016
    111.75476016
    111.75476016
    111.80769286
    112.12604484
    112.12604484
    111.76860028
    111.50675920
    111.87222335
    111.87222335
    111.94929065
    111.94929065
    111.89256637
    111.99184403
    111.99184403
    112.24260269
    112.27789743
    112.27789743
    112.02545737
    111.99387716
    111.68372010
    111.68372010
    111.89343184
    111.89343184
    111.92180402
    111.89676771
    111.46816841
    111.17460452
    109.73681840
    109.73681840
    111.07827130
    111.68139877
    111.50966844
    111.48124172
    111.45509190
    111.45509190
    110.86910835
    110.86910835
    108.52791141
    108.52791141
    108.75642019
    108.75642019
    110.71564127
    112.18684001
    112.18684001
    111.82752309
    111.82752309
    111.71755391
    111.82364162
    111.77961477
    111.42585101
    111.42585101
    111.88600778
    110.98595564
    110.98595564
    110.98595564
    110.96535405
    110.96535405
    110.97427652
    111.23244322
    111.23244322
    111.83456983
    111.37052021
    111.53872193
    111.72845755
    111.72845755
    111.81390319
    111.90593754
    111.82975558
    111.82975558
    111.79219594
    110.93280107
    111.04020455
    110.28424188
    110.31282993
    111.41968837
    111.11541719
    111.11541719
    111.95780148
    111.61615441
    111.61589832
    111.10726723
    110.94063476
    110.69007576
    110.69007576
    110.69007576
    110.69007576
    110.69007576
    110.69007576
    110.02153569
    110.86890968
    111.29788691
    111.19836652
    110.19821939
    109.34962062
    109.34962062
    107.82981018
    110.27982626
    110.27982626
    110.27982626
    110.27982626
    111.34701535
    111.52510485
    112.09644631
    110.49878651
    111.52179807
    111.52179807
    111.76861764
    111.86801368
    111.86801368
    111.86801368
    110.70669582
    111.35543015
    111.35543015
    111.35971063
    111.35971063
    111.77482215
    111.62724978
    110.54997077
    110.54997077
    110.54997077
    111.43215722
    111.20526222
    111.20526222
    112.13239408
    112.07719274
    112.14554307
    111.86568046
    110.86474055
    111.37398346
    111.52806865
    111.97358864
    111.52480349
    112.01675793
    112.01675793
    111.92969780
    110.95851885
    110.95851885
    110.76702678
    110.18588531
    110.18588531
    109.88970163
    109.89156393
    109.89156393
    111.66861011
    111.71424271
    111.82569060
    111.82569060
    111.82333420
    111.82333420
    111.82333420
    111.97957504
    111.90747772
    111.95692113
    112.25887669
    112.08935686
    111.61767375
    111.32513469
    111.85783719
    112.25731883
    112.25731883
    112.28045868
    112.27672064
    112.17203838
    112.22664628
    112.22725959
    111.98603481
    111.69350065
    111.55378540
    111.55378540
    111.55378540
    111.55378540
    111.55378540
    111.21990967
    109.82229698
    110.03521504
    110.03521504
    110.39620278
    110.39620278
    109.50006059
    107.44289305
    110.78525628
    110.68349464
    110.68856939
    108.84063788
    108.84063788
    108.84063788
    108.84063788
    108.22721627
    110.75085973
    109.41500580
    109.41500580
    109.79332683
    110.07507725
    111.51503876
    111.51503876
    111.51503876
    111.07153342
    111.07000671
    109.27825893
    108.84644956
    109.66117936
    111.22276839
    111.14147528
    111.32275667
    111.36934157
    111.10454387
    111.10454387
    110.55810910
    111.49469167
    111.55344680
    111.51342261
    111.95600507
    112.02325814
    111.91445385
    112.00973205
    112.24845271
    112.22635138
    112.14677414
    112.14050832
    112.14811287
    112.12540800
    111.96711507
    110.98590376
    110.98590376
    110.86015065
    111.39056028
    111.39056028
    111.41411110
    111.47479791
    111.47479791
    110.88487024
    110.88487024
    110.87733413
    110.87733413
    111.13540831
    111.13540831
    111.13540831
    112.06657908
    112.08160433
    112.19950583
    111.84456570
    112.20554174
    112.26723696
    111.71369219
    111.71369219
    111.71369219
    111.71369219
    110.34346598
    110.34346598
    110.34346598
    110.90605019
    111.87703744
    111.87703744
    111.98679093
    111.85502817
    111.95722186
    111.45267847
    111.37057318
    111.74733078
    111.74733078
    111.65931359
    111.66606271
    111.64890517
    110.10007499
    110.10007499
    110.08793943
    110.17409976
    110.17409976
    110.17409976
    110.90073159
    111.60019911
    111.72741554
    111.72741554
    111.72741554
    111.14718111
    111.14718111
    110.15370841
    110.15370841
    110.57423841
    110.32795807
    110.66918954
    109.60305421
    109.60305421
    110.95609324
    110.76872494
    111.50344591
    111.50344591
    111.50344591
    112.07748539
    112.10375143
    112.10056553
    112.10056553
    112.00161067
    112.22274903
    112.17335857
    112.17335857
    112.17335857
    112.17335857
    112.18324031
    111.90806074
    111.90806074
    111.90806074
    111.86330279
    111.86330279
    111.73168816
    111.75553330
    111.75553330
    111.64907331
    111.95847951
    111.30801272
    110.89658350
    111.14428613
    111.14428613
    111.28583760
    111.29274642
    111.57747117
    111.82195774
    112.01159399
    112.20564793
    112.25748389
    112.24039586
    112.24140807
    112.26472418
    112.26338191
    111.99819342
    111.72264990
    112.27412530
    112.27412530
    112.21103795
    112.21103795
    110.20130630
    110.45426241
    110.94204821
    111.43724625
    112.19281815
    112.08506272
    112.16445252
    112.22726883
    112.27850876
    111.27557001
    112.17636940
    112.17636940
    112.17908522
    111.79050564
    110.81167690
    110.63789561
    110.63789561
    110.63789561
    110.63789561
    110.63789561
    110.96460917
    110.96460917
    111.64684302
    111.34695134
    111.70300183
    111.95881650
    112.25671627
    112.26979340
    112.26979340
    112.26979340
    112.09955422
    110.35094487
    111.33485012
    111.95568523
    111.95568523
    111.95568523
    111.98444667
    112.10442847
    112.10442847
    111.39415422
    111.39415422
    111.55909504
    111.33357460
    111.33357460
    110.49047189
    110.49047189
    110.49047189
    110.49047189
    112.17488495
    112.29041601
    111.53800134
    111.88196674
    111.88196674
    111.56872171
    111.58672808
    111.57524968
    111.34308834
    109.93535258
    110.65896046
    111.41646026
    111.23778551
    109.95220188
    108.34461535
    108.34461535
    108.34461535
    108.89490496
    108.89490496
    108.89490496
    108.89490496
    108.89490496
    108.89490496
    111.23502039
    111.39441130
    111.39441130
    111.67453783
    111.63628560
    111.83925655
    112.07994042
    112.26235123
    112.26235123
    112.25517342
    112.25517342
    112.08537800
    111.45100309
    111.45100309
    110.91258454
    111.43527329
    111.48749997
    111.10547048
    111.10547048
    111.49395480
    111.61845994
    111.15373431
    110.20300172
    110.90432477
    110.90432477
    110.90432477
    111.39009858
    111.69299636
    111.69299636
    111.88088802
    111.88088802
    111.98599350
    111.88512698
    112.01164143
    112.01164143
    112.00408002
    111.09249344
    111.42224476
    111.07597409
    111.97497792
    111.64279088
    111.30992261
    110.69344079
    110.69344079
    110.69344079
    110.89376586
    110.97942231
    110.97760221
    111.11123205
    111.33157720
    111.33157720
    111.58060211
    111.58060211
    111.58060211
    111.64883393
    111.21629696
    110.76739899
    110.47910130
    109.33646200
    109.33646200
    109.33646200
    109.09193845
    109.09193845
    109.18201158
    110.04144575
    109.49410277
    109.05022003
    107.18934447
    108.60299245
    108.60299245
    108.93222115
    107.71688528
    107.50042445
    108.83745043
    107.80373195
    108.45631436
    108.61652046
    106.41349664
    106.41349664
    112.22077040
    112.19665752
    112.19665752
    112.08174767
    112.03096240
    112.11916014
    112.18661156
    112.08897327
    112.17200867
    111.42524170
    111.32140742
    111.32140742
    111.80313490
    111.66577468
    112.21955029
    112.18447723
    112.18447723
    112.15513830
    112.19647052
    112.19647052
    112.28396103
    112.28396103
    112.21760041
    111.98195642
    112.11249567
    111.77973368
    111.04249765
    111.04249765
    111.01327467
    111.01327467
    110.85390784
    111.68752435
    111.68752435
    111.98822183
    112.20666967
    111.87696449
    111.87696449
    111.87696449
    111.88488207
    111.91843226
    111.91843226
    111.97340229
    111.97340229
    111.97340229
    111.66399446
    111.40279547
    111.59305787
    111.72937002
    111.72937002
    112.04090348
    111.71432698
    110.88422278
    110.88422278
    110.88422278
    109.98109208
    111.92402723
    111.92402723
    111.31987823
    111.31987823
    111.35226544
    111.94851336
    111.33847264
    111.66858912
    111.66858912
    111.66858912
    111.72648607
    111.73498312
    111.78261500
    111.61079742
    111.66452294
    111.06769545
    111.03309914
    111.23844361
    110.69842036
    110.69842036
    111.95659768
    111.85644810
    111.11073901
    111.42546868
    111.34075472
    111.34075472
    111.47805424
    111.51703205
    111.51703205
    111.51703205
    110.91262262
    111.53105699
    111.53105699
    111.69930279
    111.07409781
    111.83689831
    112.13447125
    112.14396261
    111.90275024
    111.90697323
    111.94893858
    111.73777471
    112.11141274
    112.23779289
    112.17542052
    112.12364831
    112.15677359
    112.15677359
    112.23685908
    111.86745155
    111.86745155
    111.50101959
    111.52254912
    111.62347904
    111.98206663
    112.14513067
    112.17745673
    111.93699930
    111.69589372
    111.96013393
    111.96013393
    111.99339345
    112.00719825
    112.00719825
    112.00719825
    112.06191013
    112.05469892
    111.89227656
    111.84639828
    111.85709639
    110.69078523
    108.42987212
    110.81293788
    106.30548556
    105.18255373
    105.18255373
    107.83655128
    107.83655128
    107.83655128
    106.80024610
    109.42958822
    109.42958822
    109.42958822
    111.12045622
    109.01172045
    109.01172045
    109.01172045
    108.70743876
    108.70743876
    110.00099890
    111.68779319
    111.63809521
    111.67494923
    111.67494923
    111.67494923
    112.17780468
    112.26483164
    112.25675569
    112.28409114
    112.27806309
    112.08157582
    112.08157582
    112.14350229
    112.10890346
    112.10890346
    112.14931876
    112.09875545
    112.09875545
    112.00964648
    112.11156692
    112.11762446
    112.03872423
    112.26298168
    112.15913387
    112.15913387
    112.16401462
    112.16401462
    112.16401462
    111.76932357
    111.76932357
    111.71807677
    111.71807677
    111.42441144
    112.09392876
    112.21546822
    112.20687187
    112.20687187
    112.28223252
    111.61885005
    111.81038958
    111.41581272
    111.41581272
    111.34983894
    110.56955254
    111.32971439
    111.32308712
    111.28081481
    111.31313116
    109.85973818
    111.25093376
    110.58070420
    110.88911020
    111.34991132
    111.24885903
    111.24885903
    111.95034070
    112.09533264
    112.09453253
    111.80923184
    112.28410856
    112.28849211
    112.23200311
    112.23200311
    112.02317268
    112.21253138
    112.21253138
    112.21253138
    112.22746144
    112.27431718
    112.01392876
    112.01392876
    111.34685234
    111.34685234
    111.34685234
    111.75319564
    111.57942139
    111.53937367
    111.98289939
    111.98289939
    111.98289939
    111.98289939
    111.78063974
    112.04835786
    112.04835786
    112.21195522
    112.27471378
    111.91243654
    111.91243654
    111.91243654
    111.61961226
    112.03212513
    111.87829019
    111.43041495
    111.31761367
    112.25947490
    112.26289330
    112.23894746
    112.28563751
    112.28563751
    112.28792392
    112.28792392
    112.28478650
    112.28478650
    112.28478650
    112.28478650
    111.87189239
    111.33822951
    111.63673340
    111.36887094
    111.76325433
    111.76863400
    111.74033564
    111.81509223
    111.81509223
    111.81509223
    112.03673274
    112.11498936
    111.71723807
    111.60714320
    111.60714320
    111.38325138
    111.66780217
    112.04070987
    111.94779976
    112.05347258
    112.13551278
    112.11565199
    111.71491401
    111.89736265
    111.89736265
    111.89736265
    111.86684512
    111.95715210
    112.22428568
    112.27039527
    112.26990783
    112.01122225
    111.86456330
    111.79617423
    110.63018208
    109.51329673
    110.39519975
    109.81938536
    110.89153445
    110.90901868
    110.70128400
    111.43054083
    111.03659750
    111.63563117
    111.88533772
    111.82674828
    111.63548111
    111.27447563
    111.27447563
    111.03864910
    110.58997550
    111.45914360
    111.33150516
    111.36423582
    110.83436064
    111.75672537
    111.76324644
    111.76324644
    111.55362624
    111.72493862
    111.72493862
    111.89290702
    111.66598448
    111.25237828
    111.47802953
    111.34461150
    111.34461150
    111.07934905
    111.07934905
    110.89071506
    110.87438256
    110.87438256
    110.87438256
    110.24594341
    110.24594341
    111.37526256
    110.58618890
    111.44025928
    110.95584821
    110.95584821
    111.43596952
    111.43596952
    111.43596952
    111.29589831
    110.83325030
    111.36817215
    111.92124699
    111.92124699
    111.92124699
    111.25872000
    111.69080247
    111.73913775
    111.32695803
    111.15051941
    111.38768883
    111.37832344
    111.27970790
    111.27970790
    111.68390394
    111.68390394
    110.93713071
    110.46218920
    109.48403135
    109.48403135
    109.73321112
    110.72009475
    110.77505749
    111.91343034
    111.91343034
    111.82564775
    112.16744338
    112.06039928
    112.02428683
    112.03765264
    112.03765264
    112.04203113
    112.13280955
    112.16476383
    110.95823293
    110.95823293
    111.15942778
    111.59249322
    111.93304389
    111.93304389
    111.93304389
    111.90462133
    111.81126191
    111.81126191
    111.81126191
    112.15647346
    112.19288544
    112.27340920
    111.87596133
    112.11529480
    112.11529480
    112.08337228
    111.87686820
    111.46365317
    110.49662326
    110.49662326
    111.43038069
    111.43038069
    111.83235987
    111.83235987
    112.13719265
    112.19865604
    112.21330174
    112.18845640
    111.99029959
    111.99029959
    111.08192562
    112.14338009
    112.27094380
    112.15446500
    112.15446500
    111.91842990
    111.50448346
    112.07375604
    111.66518226
    111.99199947
    112.10443116
    112.10443116
    111.89864645
    109.70137214
    109.70137214
    111.53330224
    111.53330224
    110.77258176
    108.70064828
    109.21275222
    109.21275222
    109.21275222
    111.17928194
    112.00675245
    112.05059995
    111.87755197
    111.87755197
    111.87755197
    111.87755197
    111.89051880
    111.64921779
    111.37960428
    111.37960428
    110.62001802
    110.62001802
    110.97704047
    110.97704047
    109.63583595
    109.63583595
    109.63583595
    109.63583595
    109.63583595
    109.63583595
    109.63583595
    111.38945574
    110.87882004
    109.80101824
    108.36041297
    108.36041297
    110.81094845
    111.43743471
    111.09882729
    108.67504649
    108.67504649
    108.67504649
    108.67504649
    107.18003201
    108.72094036
    107.63948356
    107.63948356
    108.24177395
    108.24177395
    109.46048788
    109.70599726
    111.72902332
    111.72902332
    111.83653381
    111.38914024
    111.38914024
    110.80262005
    110.80262005
    111.40892969
    110.45981786
    110.99176475
    111.07172558
    111.42865567
    111.60282690
    111.88497399
    111.88497399
    112.11537846
    111.66725291
    111.67275688
    112.17235581
    112.19358851
    111.61330892
    111.61330892
    111.97374762
    112.12203590
    112.14626849
    112.03496263
    112.24842233
    112.19993465
    112.20475426
    112.21499166
    112.20787338
    112.20480809
    112.20475514
    112.20009170
    112.27651902
    112.07914796
    109.34543559
    109.34543559
    109.34543559
    109.18626046
    109.18626046
    108.54491467
    108.54491467
    107.66392339
    107.66392339
    107.66392339
    107.66392339
    107.66392339
    107.66392339
    108.80701774
    108.80701774
    106.74667160
    106.74667160
    111.44870218
    112.00852634
    112.01689937
    112.01689937
    112.09630605
    112.19950244
    112.23046344
    110.92129650
    111.72793840
    111.31757174
    111.78625989
    111.78625989
    110.54773339
    110.36803208
    110.36803208
    110.42585088
    111.92807313
    111.92807313
    111.74634273
    111.00717051
    111.10185398
    111.10185398
    112.00292972
    112.00292972
    112.10131285
    112.10131285
    111.92805760
    112.00303526
    111.87264594
    111.80539092
    111.80539092
    111.81184558
    111.77640805
    111.10673953
    111.09922675
    111.63427790
    111.63427790
    111.63427790
    111.84069117
    111.98844628
    111.98844628
    112.21585817
    112.21585817
    112.20968610
    112.25431254
    112.17418349
    111.83217099
    111.91749761
    111.81721907
    111.81721907
    111.94071946
    111.62882159
    111.62882159
    111.35372510
    110.88184451
    111.34074549
    111.38796941
    111.55533159
    111.68058364
    111.68058364
    111.35998493
    111.52872064
    111.52872064
    111.71157735
    111.17135706
    111.17135706
    111.18761177
    111.09056744
    112.12316650
    111.88001982
    111.78979298
    111.75057097
    111.67886555
    111.44563685
    109.39130341
    108.65172642
    111.22986760
    111.55647515
    111.55647515
    111.55647515
    111.67764184
    111.45212228
    110.32395154
    110.47102250
    110.06130888
    109.69750991
    109.54818578
    109.66174568
    109.66174568
    108.38900441
    108.38900441
    108.86224094
    108.86224094
    108.86224094
    108.62158050
    108.62158050
    108.62158050
    108.62158050
    108.62158050
    110.39073882
    110.45528289
    110.67672113
    106.85404211
    109.27968078
    109.27968078
    109.93660878
    109.09028887
    109.03029076
    111.50003165
    111.62189800
    111.62189800
    109.82831081
    109.36918264
    111.20948029
    111.62516104
    111.62516104
    112.22294675
    111.59527653
    111.33473878
    110.30673168
    109.38977236
    110.46036259
    110.32004165
    109.99561625
    110.48685563
    109.56225223
    109.56225223
    109.50139707
    110.35306288
    111.46079698
    111.46079698
    111.27956361
    111.27956361
    111.90762532
    111.87017986
    111.45119169
    111.64598868
    111.70560378
    111.70560378
    111.66735379
    111.72236475
    111.22848470
    111.54284763
    111.54284763
    111.54284763
    111.46812791
    111.53715463
    111.35932435
    111.18670107
    111.18670107
    111.18670107
    111.18670107
    111.18670107
    111.61959853
    111.10046711
    111.10046711
    111.10046711
    111.10046711
    112.16581793
    112.16581793
    112.21943628
    112.27008572
    112.22972424
    112.22972424
    111.47227493
    111.72203574
    110.27433204
    110.46852319
    110.80523793
    111.23568881
    111.24331123
    110.53464692
    110.72182769
    112.11775626
    112.00467499
    111.96303738
    112.07626719
    112.01543366
    111.71106472
    111.71106472
    111.95464770
    112.04853424
    112.04853424
    109.81078726
    110.27251313
    109.75617547
    109.75617547
    109.75617547
    108.55166184
    108.55166184
    109.30610752
    111.30641887
    111.89121932
    111.89121932
    112.02807335
    112.02807335
    111.92584042
    111.78384953
    110.58910184
    110.58910184
    111.47314916
    111.82395937
    111.45701898
    111.35162007
    111.87728078
    111.67669844
    111.67669844
    111.97115151
    112.27356490
    112.15083531
    112.15083531
    112.15083531
    110.17136289
    110.17136289
    111.22249667
    111.76389853
    111.76389853
    110.98294317
    111.48233612
    112.28840959
    112.29094566
    112.29094566
    112.29094566
    112.29094566
    112.28126337
    111.75436534
    112.25521496
    112.25535514
    112.22123589
    111.79067327
    110.74218603
    110.74218603
    110.74218603
    110.93963938
    110.93963938
    110.54076662
    110.54076662
    110.54076662
    110.54076662
    109.42045917
    111.41996718
    112.08509506
    110.96429202
    110.86782659
    111.64498422
    110.87634504
    111.03886633
    111.03886633
    111.80784679
    111.87553197
    112.02647303
    111.97899733
    111.97627510
    111.76151126
    111.71506524
    111.77401364
    111.85561366
    111.85561366
    112.15271564
    112.12176199
    111.97898397
    112.00837221
    111.93182465
    112.07061896
    112.08239428
    111.61944594
    110.08102258
    110.69815848
    110.73038791
    109.58008795
    107.89060946
    107.89060946
    107.89060946
    109.48144244
    109.48144244
    109.48144244
    110.81625701
    110.40368651
    111.31115254
    111.31115254
    111.31115254
    111.01140469
    107.78731442
